62
   0    0    -10.746     -6.867     -5.387
   1    1    -11.049     -3.682     -3.520
  32   -2      9.520     -9.123      0.834
  -1   -2     16.613     -4.636    -10.241
  46   -2    -10.243     -6.931     -6.042
  -1   29      9.493    -10.106      9.543
  10   42      9.154     -7.236      7.972
  -1    9      1.496    -10.771     -6.554
  12   -2     -0.889     -8.857      0.757
  29   34      0.618     -9.740      7.706
  -1   -2     -6.328    -11.005     -5.414
  31    3     18.283     -6.058     -2.449
  11   -2     -9.077      0.772     -1.203
  58   -2     -2.429     -6.113     -0.784
  41   31      4.738     -8.302      7.256
  -1   -2     -0.622     -7.800     -5.439
  37    6      6.638    -10.635      4.809
  -1   32     14.072      3.076     -3.643
  -1   56     15.772     -1.260      1.912
  15   -2     -0.373    -10.820     -9.099
   2   48      8.950     -2.929     11.881
  -1    7     10.513     -9.012      9.506
  -1    5     13.137     -9.699    -10.960
  -1    4    -11.217     -9.945     -9.418
  35   -2    -10.887     -5.572     -7.545
  27   24      7.345    -10.373      8.799
  14   -2     -2.962     -0.678      1.870
   9   -2     10.713     -8.393      0.526
  19   -2     16.460     -3.964     -9.896
  26   51      8.197      6.215     10.881
  -1   -2     10.840     -7.955     10.077
   5   23      8.526     -8.538     -4.196
  57    2     18.056     -7.036    -10.696
  -1   -2     -4.857    -10.539      3.275
  51   38     12.685     -5.503      5.775
  13   -2     17.230     -5.428     -5.853
  39   30     -0.603     -1.670     -0.299
  -1   -2     12.367     -9.604     -7.793
  -1   -2     -1.419      5.438     -7.267
   8   -2     10.613     -9.900     -1.285
  -1   39      1.635     -9.301      9.103
  52   -2      5.390     -8.072      7.402
  34   11      4.916     -6.650      4.964
  -1   53     -2.788     -4.610      2.030
  17   -2     12.803     -8.678     -5.678
  42   10     -3.349     -9.633      7.500
  24   -2      9.826     -3.591      6.725
  -1   37     17.927     -9.024    -12.528
  50   45     -4.456     -6.753    -10.805
  -1   12      6.417     -6.239      8.219
  38   55     -5.382     -7.596     -5.843
  -1   40      8.282     -5.916      6.116
  -1   33     -4.367      2.249      6.936
  28   46     -1.597    -10.555      5.605
  -1   -2     -3.841     -8.699    -10.044
  49   -2     10.657     -1.478      4.778
  16   -2      5.721     -5.259      9.179
  45   27     -3.759      1.136      9.728
  -1   49    -10.290    -10.344      0.484
  -1   15     -7.730     -8.295      4.538
  -1   -2     -0.622     -7.800     -5.439
  59   -2     15.772     -1.260      1.912
