427
 144   32     15.864     -4.537     -0.366
   2  361     14.163     -5.795     -2.481
   0  112     -5.790     -9.590     -9.169
 425    2     -0.684     -7.594     -5.894
 206   -2      5.708     -6.261     -7.677
   5   -2     -7.813     -9.078     -6.497
  20    3      3.909     -8.914     -0.814
 257   -2     -8.555     -9.236      0.783
  -1   -2     -8.314     -6.914      0.073
  -1   41      5.871     -8.848      2.430
  11   13      7.817     -6.285      6.620
  12   11      6.890     -6.530      6.518
 186   -2     -1.509     -8.964      9.296
  18    7     -4.547     -2.522     -4.055
  14   -2     -7.900     -6.857     -0.786
  -1    4     -3.665     -2.621      1.144
  13   15     10.218     -6.408      3.089
  10    9      2.272     -9.793     -1.395
  -1  400     14.509      2.572     -0.199
 329   -2     -6.783     -7.980     -3.118
  49  263      1.624     -9.206     -4.491
  -1   28     18.043     -7.412     -5.531
 149   52      4.432    -10.233     -2.310
  -1  363      0.790      2.560     -8.456
  24   22      8.121     -6.935     -5.200
 286   -2     -6.786     -4.674     -1.614
  15  221     10.738     -9.508     -7.769
  27  190      4.769     -3.133      9.886
 201   -2     15.076    -10.198     -7.214
   6   -2     17.650     -6.077     -9.277
  -1  250     -5.428     -8.812     -2.306
  -1  308      1.345     -5.494     -4.712
 296  126     17.210    -10.341     -6.404
  -1   -2     -6.978      1.210     -4.526
  33   39     11.949     -6.862      5.281
 215  183     16.475     -8.668      5.827
  51   -2     -8.783     -9.638     -8.770
  46  115     -5.946     -1.776     -5.648
 116  282     -5.102     -7.557      1.817
  74   -2     14.989     -5.509     -6.448
  60   34      4.782     -7.730     -0.784
  55   86      2.215     -1.186     10.192
 136    1     -8.227     -8.568     -5.659
  44   42      5.812     -7.538      5.398
  -1   25      3.874     -8.872      1.245
  -1  290     12.680     -4.473     -3.959
 310   -2     19.542     -9.760     -3.644
  45  156     -0.905     -9.000      4.139
 305   -2     13.089     -8.016      3.151
 287    5     11.665     -5.563      2.429
  -1   -2     -0.687     -2.299      1.819
  73  211      1.215     -7.522     -6.145
  -1   91     18.377     -5.173     -7.172
  -1   29      3.657     -8.573      3.479
 225   50     14.964     -5.536      9.210
  30  188     13.614     -6.484     -6.638
  54   46      2.336     -1.055      3.809
  70   53     -0.223     -1.563      1.423
 347   84     19.536     -3.098     -5.811
 200   -2     -0.037     -8.077      2.430
 135   55     18.017     -7.859     -8.514
  -1   20     -6.688     -9.018     -2.514
 178   -2     -9.784    -10.215     -1.139
  68   54     14.762     -6.805      8.152
 254  103     17.291     -9.981     -6.767
 327  301     11.167     -8.563      2.024
 328   -2      5.548     -6.311     -5.337
  95  168      5.122     -5.202      7.828
  -1   40     14.660     -9.916     -5.091
  84   56     -5.802     -4.864     -9.123
   9   93     -6.559     -8.053      5.663
  93   74     -8.810     -6.988     -8.720
  32   14     17.864     -6.181     -6.917
  64   61     19.770     -2.578     -3.235
  -1   -2      3.151      0.610     -1.892
 199  144     12.843     -1.856     -0.982
  91   64      9.194     -1.804      1.015
 119   -2      1.113     -7.527      5.091
  85   30      1.068     -6.981     -1.842
  -1   -2     -1.549     -8.183     -3.685
  88   33      1.099     -9.588     -2.450
  62  283      5.189     -9.014      9.509
  -1   92    -12.318     -9.287     -9.782
  82  252      1.147     -0.993     10.036
  99   68      4.427     -7.860      4.770
  -1  311     -3.146     -5.726     -7.736
  -1   -2      3.817     -7.833     -4.753
  92   59      4.330     -1.815     -0.874
  76   62      4.811     -8.648      4.057
 252   12     -7.876     -7.171      5.488
 238   -2     16.574     -8.514     -2.769
  -1   -2     -0.176     -1.029      0.971
 134  150     -2.519     -6.230      7.015
 277  238      9.176     -2.473      5.284
 232   -2     20.304     -8.337     -2.198
  -1   -2     -3.202     -7.072      4.849
  31  251      3.525     -8.133     10.539
  87   -2      4.885     -8.874      1.960
 124   83      5.927     -2.095     -7.419
 160   -2     16.307    -10.324     -0.170
 421   -2     17.072     -8.038      4.561
 203   -2     17.302     -3.873      3.524
 139   -2      2.938     -9.133      2.989
 384   -2    -12.789     -5.476     -6.306
 109  228     15.826     -1.691      8.300
 164  270     19.241     -3.344     -4.294
 250  285     -7.391     -9.944      2.520
 129   89     -3.519     -4.220      9.114
  -1   -2     14.955     -8.200      8.462
 272   81     19.307     -6.964     -5.586
  56  129     19.264     -6.836     -2.927
 342  235     10.899     -8.145     -2.628
 123   76     -4.847     -5.775      2.588
 374   31      7.268     -4.274     -5.129
  -1   -2     16.078     -5.780      4.050
 316  105     -1.273     -6.155      1.057
 192  212     17.169    -10.196     -1.823
 334   -2      4.329     -6.549      3.767
 121   82      0.535     -4.926      7.209
 218  213      1.978     -7.798      8.357
   7   98     -6.990     -6.409     -7.242
  -1  249      2.504     -8.499     -9.224
  39  176     -9.687     -7.844     -5.764
  -1  272      9.671     -2.814      6.426
 332   -2     12.065     -6.986      2.307
 152   71     16.239     -9.491     -1.008
  -1  273     -5.484     -6.379      4.873
  47  164     -9.421     -6.684     -9.550
  61  151     -9.604     -9.891     -7.217
 304   -2     -7.193     -7.629     -4.259
  -1  349      3.274     -5.346      9.103
 241  159      1.296     -5.078      1.744
  83  152      9.777     -2.797      8.266
  -1   -2     -2.831     -3.849     -4.535
 270  121    -10.832    -10.616     -4.280
  77   44     -2.341     -9.043     -5.978
 274    0     15.102     -4.423     -2.620
  67   -2      7.207    -10.481     -8.815
 173   -2      7.582    -10.542     -3.107
 239  225     -3.475     -6.548     -8.285
 383  234     -9.832     -2.815     -9.589
 205   -2    -11.123     -6.154     -1.234
 146  117     17.263     -3.790     -3.031
  -1   -2     12.378     -2.148      3.573
  -1   -2      9.198     -0.781     -8.918
  -1   -2     -7.936    -10.724     -5.482
  -1   16     10.164     -9.812      2.782
 255   77     18.842     -8.211     -8.382
 193   99      0.664     -7.338      7.993
 141   72     11.927     -6.222      4.357
 196  174     15.764     -1.296      1.953
 300   -2     12.108     -3.061      1.114
  -1   73      3.765     -9.719      4.522
 320  299     -1.596     -5.137     -1.711
 295  255    -11.206     -8.497      0.645
  66   -2     -2.657     -8.380     -9.080
 311  163      7.866     -8.878      8.725
  25   -2     11.243     -9.786     -7.714
  69  142     12.649     -0.691      4.017
  52   -2      6.083     -3.000     -3.306
  -1   -2     -6.648     -5.458     -7.621
 331  118     -1.108     -8.608      3.009
 172  369     -8.250      1.662     -5.123
  -1   -2     17.205     -5.603      2.670
 404  304     -8.909     -1.140     -0.182
  -1   -2     11.416     -9.358      8.375
 147   -2     13.257     -2.233     -1.991
 181   60     10.872     -1.286     -9.615
  -1   -2     12.650     -6.335     -4.825
  -1   -2      1.797     -8.787      9.823
 285   -2      0.474     -9.723      8.603
  -1  179     14.003     -4.667      6.129
 315   -2    -12.266     -6.084     -3.707
 131   -2     18.624     -8.869     -4.492
  -1  136      2.357    -10.066    -10.496
 224  199     -2.256     -9.711      4.034
 390   -2     11.930     -5.128      1.282
  96  193      5.936     -7.831    -10.309
 344   26     16.536     -2.813     -9.101
  -1   -2      1.904    -10.551     -4.741
  -1   27     -1.536    -10.057      0.360
  -1   79     10.518     -8.889     -3.844
 166   97     18.014     -5.493      0.471
  86  303      8.463     -6.288      2.086
  98   -2     15.959    -10.178    -10.465
 338  139      3.839     -5.117      5.899
  -1  307      4.617     -6.725      6.111
 175   -2     14.171      0.527     -3.955
 228  380     13.855     -1.159      2.368
 195   -2     18.530     -4.359     -1.606
  -1   -2    -10.131     -4.298     -8.928
 227  130      9.950    -10.120     -3.603
 385   -2      4.749    -10.528     -5.692
  -1   58     16.025     -2.470     -3.342
  -1   -2     10.460    -10.365     -3.309
  -1  332     -6.343    -10.908    -10.228
  -1   -2     18.784    -10.573     -4.151
 190  267     13.465     -8.138     -4.530
  -1   -2     12.638     -9.551     -8.485
 115   10     15.971     -6.813      4.926
 294  104      5.370     -4.500     -2.084
 185  248     -3.968     -9.711      7.673
  -1  143      6.144    -10.669     -8.582
 171   -2     18.089     -9.653     -7.187
 176   -2     17.129     -6.795      4.409
  -1   80    -10.805    -10.130      2.195
 180  202      2.500    -10.662     -0.148
 107   -2     19.456     -6.153     -0.853
 278   17     -1.861     -8.732      9.092
  43  165     13.120     -7.449      5.002
  72   -2     18.955     -7.561    -10.363
 230   -2     15.748     -0.784      7.180
 341   -2     13.303     -3.928     -1.929
 299   -2     -5.024     -1.418      7.205
 297  220     -7.710     -7.041     -9.616
 165   -2      9.685     -9.842     -4.763
  38  158     14.507    -10.286     -3.625
 268   94     -5.291     -7.425      9.528
 313   -2    -11.047     -3.680    -10.283
  -1   -2     16.402      2.678     -9.724
 226   -2    -10.007     -4.867      1.171
  -1  233     12.178     -3.639      3.006
  -1   -2     -0.526     -5.746      5.815
 170  197     14.965     -8.137     -4.285
  -1   -2      4.980     -9.867      6.003
  -1   -2      9.894     -8.248      9.608
 306  192     -2.118     -9.976      7.221
  -1   -2     18.524     -7.435     -1.867
 288   -2     12.720     -2.664      7.011
  -1  265     21.074    -10.078     -4.260
 261  239      5.482     -4.569     -8.180
  -1   -2      7.661     -7.105      4.958
 153  196     -8.776     -7.929      5.195
 100  124    -11.385     -5.647     -0.178
  34   -2     15.980     -9.131      4.727
  -1   -2      8.239     -1.968     -4.305
  -1   24     -9.239     -9.264      1.487
 233   37     -7.809     -6.822     -2.419
  -1   49     -8.231     -9.511     -6.505
  -1   -2      8.337     -6.206     -1.951
 308   -2      4.578     -4.370      1.445
  97  262     -2.998     -9.412     -4.829
 265  154      0.524     -9.831      6.168
  -1   -2     -9.696     -9.327     -6.660
 183   -2    -12.421     -9.733     -6.651
 235   -2     16.503     -9.320     -8.865
 104   69     12.961     -7.849     -8.467
  -1   -2     14.816     -5.766      9.469
  59   -2     -6.575     -6.005     -9.319
  -1   70      3.210     -7.965      3.387
  -1  171     -7.572     -2.411     -7.865
  -1   -2     15.084     -5.985      1.561
  -1  191     12.990     -1.219      8.661
 204   -2     13.006     -1.504     -0.866
 260   -2      4.100     -0.604     -2.523
 433  292     18.069     -1.552      3.036
  -1  170    -11.052     -6.308     -9.678
 326  298      2.634     -9.752      3.651
 101   -2     11.917     -4.970     -7.904
 280   -2     -2.978     -5.862      0.993
  -1  203     -6.246    -10.890      1.214
  -1   -2    -12.334     -2.969     -2.632
  -1   -2    -10.524     -8.220    -10.403
  -1   -2     -9.811     -3.874     -9.596
 262   -2     -4.604     -8.952     -2.895
  -1   96     17.353     -9.946      3.199
 302  343     -5.316     -0.496     -9.874
 264   -2     -8.642     -5.764     -6.574
 191   57     13.144    -10.081      0.498
  -1   -2     11.684     -6.377      1.759
  80   -2     -1.841     -6.998     -8.265
 117   -2      1.098     -5.680      3.836
  -1   -2      6.186     -2.637     -1.787
 324  237      2.333     -8.955      4.543
  -1   -2      6.667     -9.555      4.812
  -1  169      7.073      1.914      9.969
  -1  352     10.437     -4.956     -2.014
  -1  175     18.251     -2.705     -9.893
 309   -2     18.950      1.678     -4.539
 169  161      8.538     -4.761      8.849
  -1   38      0.953     -7.584     -9.880
  -1  149     -5.380     -9.266      4.543
 140  284     10.279     -7.349     -3.621
 292  271     18.064      3.543     -0.755
 246  186     -8.036     -9.942      1.934
  -1   88     -8.806    -10.376     -3.683
  -1   -2      5.312    -10.920     -7.392
  -1   -2      0.661     -6.521     -8.968
 275   45     -7.702     -3.463     -2.761
 363  264     12.980      1.365     -0.913
 223   -2     -7.678     -8.571      3.584
  -1   -2      9.967      0.071      8.143
  89   23      4.895     -9.403     -0.410
  -1   -2     -9.298     -8.342     -2.563
 217  110     -7.581     -5.648      0.184
 354    6     -2.838     -4.099     -4.346
 358   -2      5.791     -2.133     -1.579
  -1  230     12.461     -9.076     -8.395
  -1   -2     19.030     -2.065     -2.580
 359   -2    -10.755     -2.153     -4.872
  -1  157     17.787     -8.819      3.559
 154  286     -3.947     -7.245     -8.297
 263  189      9.109    -10.509     -4.568
 122  217      7.576     -4.746     -8.377
  29  309     -4.907     -7.129     -7.188
  -1  123     16.326    -10.052     -9.445
  -1  274     11.413     -4.454      4.554
 307  167     13.205     -4.536      4.215
  -1   -2      5.807     -9.549     -4.479
  -1   -2      2.918     -7.583      8.281
  58   -2      1.679     -8.996      2.400
 298  153      9.380     -3.828      9.392
 177   -2     12.821     -2.449      9.431
  -1  109     16.276      0.601     -5.288
 273   -2     -1.984     -6.155      0.014
  -1   -2      8.145      0.431     -9.338
 459   -2      8.078     -7.140      6.888
 321   -2     -0.316     -5.750     -8.150
  -1  100     20.315    -10.133     -0.937
  -1   -2     -0.499     -9.829      9.400
 208  256     12.620      0.156     -2.744
 142  111     -6.563    -10.361     -4.372
  -1   -2     18.046      4.069      0.988
  -1  318     -3.438      6.291      2.133
 318   -2      3.964     -3.659      7.706
 346  334     -9.325      3.211     -9.474
 352  326      7.758      4.047    -10.848
 356  373      2.483     -0.345     -5.457
 349   -2    -10.493     -2.063     -7.891
 357  107     17.558      3.829    -12.292
 353  353    -13.094     -0.104      4.533
  -1  204    -10.359     -3.936    -11.912
  -1  327     16.028      5.543     -8.541
  -1   -2      9.177      2.263     -9.543
  -1  280     -7.257     -1.722     -0.789
  -1   -2      0.514      2.839     11.716
 362   -2      7.694      4.021    -10.741
 284  227    -11.416     -7.388     -4.161
  -1   -2     14.729      5.207      5.446
  -1   -2      8.831     -1.434    -11.253
 348  231    -13.511     -3.572     -4.456
  -1   -2    -13.205     -5.643     10.925
  -1  260      4.075     -7.121     -8.217
 333   43    -11.315    -10.618     -9.635
 187   -2     -8.057     -3.855     -2.719
 150  224     -9.624     -3.355     -9.493
  -1   -2     19.609      4.456     -0.906
  -1   -2    -11.499    -11.895    -10.365
 242  194     -6.840     -7.060    -10.147
  -1  335     21.614     -2.053      6.789
  -1  257    -16.114     -9.592      4.684
 355  320    -10.978      0.979    -10.357
  -1  354     -3.504      0.387     -4.676
  -1   -2      7.491      3.922      7.817
  -1   -2     20.650     -7.074     10.980
  -1  355     -9.841      2.596     -9.992
  -1  333      3.139      5.790      5.734
  -1   -2     -1.475      1.038     -4.278
  -1  359     -5.064      4.550     -2.730
 380   -2    -14.695      4.242      1.592
  -1  275     16.854      3.945     -3.798
  -1  317      5.589     -2.568      6.482
  -1  345      9.034      4.609    -10.425
 386  357      6.356      5.070      9.599
  -1  146     15.647    -10.249    -10.724
 364  155     19.834      0.573     -0.265
  -1   51     15.834     -7.205     -9.587
  -1   -2     -0.219     -3.043     -6.337
 387   -2    -12.194     -2.128     -8.661
  -1  295    -12.693     -1.518     -0.421
  -1   -2      0.651      5.195     -0.273
  19   -2     -3.631     -2.627      0.930
  -1   -2      0.822      2.569     -8.479
  -1   -2     14.518      2.574     -0.126
  42   -2      3.089     -9.001      3.225
 168  368     -9.128     -8.249     -2.108
  -1  253    -12.676     -2.964     -1.354
  -1   -2      5.895     -8.828      2.449
 392  374      0.845      2.574     -8.549
  21   -2      0.799      2.557     -8.415
 409  384      1.440     -5.468     -4.843
  -1   -2     14.509      2.572     -0.199
  -1   -2      3.189      0.628     -1.808
  -1   -2      9.175     -1.784      1.309
 396  376      1.303     -7.490     -6.181
  -1  411     -0.655     -2.279      1.968
  -1   -2      2.329     -1.040      4.020
  -1   -2     -7.103      1.174     -4.591
  -1  133     18.528    -10.620     -3.253
 211   -2     18.828     -8.487      0.295
  -1   -2    -12.676     -2.964     -1.354
  -1   -2      9.198     -0.781     -8.918
   8   -2      5.910     -8.815      2.551
  -1   -2      6.978     -6.476      6.593
  -1   -2      5.850     -7.509      5.539
  -1   -2      5.850     -7.509      5.539
  41   36      1.394     -5.474     -4.704
  -1   -2     12.718     -4.441     -3.781
  -1   -2     -0.655     -2.279      1.968
  -1   -2     -0.167     -1.002      1.113
  -1   -2      2.329     -1.040      4.020
  -1   -2      2.329     -1.040      4.020
 438  415      9.175     -1.784      1.309
 423  394      9.198     -0.781     -8.918
 417  391     -3.552     -4.196      9.418
  -1   -2      3.189      0.628     -1.808
  -1   -2      7.739     -6.241      7.141
  -1   -2      6.978     -6.476      6.593
  -1   -2     12.718     -4.441     -3.781
 430   -2      5.850     -7.509      5.539
  -1   -2     14.509      2.572     -0.199
 435   19     14.515      2.569     -0.175
 399  395      3.189      0.628     -1.808
  -1   -2     -0.167     -1.002      1.113
 436  401     -0.132     -1.009      1.010
  -1   -2      2.329     -1.040      4.020
 450  412      2.329     -1.040      4.020
  -1   -2     -0.655     -2.279      1.968
 449   -2     -0.607     -2.277      1.826
 401  406      4.336     -1.790     -0.596
 442  407     -7.109      1.179     -4.571
 454  416    -12.676     -2.964     -1.354
 426  417      7.739     -6.241      7.141
  -1   -2      6.978     -6.476      6.593
 448  410     12.718     -4.441     -3.781
 458   -2      6.978     -6.476      6.593
 428  397     14.954     -5.480     -6.065
