337
  54   -2     15.296     -6.483     -1.241
  -1   54     19.300     -8.451     -0.635
  12   -2      2.259     -9.074      2.138
 114   -2     14.133     -3.464     -1.545
  20   -2     -1.571     -7.153      3.323
  17    2      6.482     -8.420      5.243
  26    4     10.974     -9.316      9.432
  -1  322     -3.647     -6.560     -8.761
  23   37     16.205     -3.028     -8.433
  86   -2      6.675     -9.593      5.097
  21   58     -2.890    -10.081      0.933
  -1   10     14.579     -6.223     -4.994
  16    7     10.327     -7.605      1.093
  -1   -2     -2.586    -10.881     -1.971
  55   51     -4.708     -6.078      1.654
  -1   14     -1.489     -9.022      9.581
  18   12     10.867     -3.157     10.202
  42   -2      0.791     -9.094      3.891
  25   16     15.305     -2.659     -7.098
  -1   20      9.653     -0.425      7.303
  51   26      5.461     -7.484     -2.879
 112   -2     12.590     -1.700     -0.025
 107   25     11.913     -9.068      8.360
  34   31     10.779     -8.024     10.168
  19   41      8.909     -2.484      9.248
  -1   28     -7.752     -9.365      9.363
  -1   -2     -0.374     -9.850     -9.429
  33   53      2.409     -8.108     -8.247
  -1   -2      2.197    -10.298      2.810
  49   17     20.762    -10.145     -3.634
  -1   -2     -1.975     -7.989     -9.325
  -1   18     12.524     -9.849      4.533
  36   -2      9.831     -8.161      9.976
  37   -2     13.412     -4.118     -6.883
  35   32     11.776     -7.813     10.390
  -1   33      2.236     -3.237      8.927
 124   -2     -6.129     -9.422      6.199
  83   34     -5.166     -1.870      5.611
  14   83      6.217     -9.121      7.809
  39   30     13.553     -6.886      8.550
  46   36      8.959     -7.485     -9.629
  41   -2     16.168     -4.420     -9.089
  82   -2      6.891     -6.358      5.979
  67   39     16.178     -7.569      3.456
   5   46     -4.925     -8.929     -2.313
   4   -2     -1.116     -8.698      7.445
   6   -2      4.885     -8.266      0.489
  45   -2     12.502     -9.537     -9.742
  -1   -2      2.367     -7.412      9.724
  -1   38     20.216     -8.334     -1.777
  53   -2     17.212     -3.843      3.514
  56   -2      9.440     -4.129      4.297
  57   -2      9.451     -5.577      8.484
  -1    8     -4.595     -9.971      5.130
  -1   11     11.330     -9.596      1.097
 243   -2     12.985      1.370     -0.920
  59   -2    -10.351    -10.856      2.863
  84   47     -8.255     -6.800     -2.372
  44    5      0.992     -7.370     -0.583
  -1   57     14.927     -8.302      1.062
  64   50     10.331     -5.004     -0.214
  24   -2     18.295     -7.964      1.046
  -1  106      4.637     -6.777     -8.423
  61   -2     -2.177    -11.040      3.294
  -1   -2     11.767     -9.346      8.399
  73   -2     -1.042     -9.391     -2.113
  69   63     15.600     -9.766     -7.649
  -1   -2     18.006      4.074      1.080
  -1   56     15.548    -10.268     -4.992
 127  153     15.999      2.491     -8.907
  22   -2     18.685     -9.182     -6.053
 118   64     16.927     -1.418     -0.682
  -1   -2     17.087     -1.060     -9.282
  -1   29      2.227    -10.714      3.761
 203  191     10.688      3.242     -7.536
  48   44      4.128     -3.702      8.234
  78   19      3.121     -3.045     -0.445
 116   69     -6.944     -5.420     -8.398
  -1  166      8.229      5.422     -8.418
  -1   72     -4.863     -1.355      7.298
  -1  138     15.437      4.372      2.067
  -1   98      6.957      1.797     -3.494
  -1   -2     14.974      2.937     -5.928
  -1   -2     15.266      3.414     -6.559
  -1   -2     -5.407     -1.996      0.344
  -1  213    -12.842     -9.965     -3.533
  -1  208     -5.869      0.913      3.037
  -1   42     11.828      0.389      3.319
  94   81      5.564      0.778      4.596
  -1  101     -8.173     -4.250      4.342
  -1   40     20.636     -3.925     -0.983
  96   82    -14.186    -10.531      5.555
  -1   -2     -5.866     -3.107     -6.369
  -1   -2      7.557     -1.749      0.764
   0   -2     14.526     -5.713     -2.170
 195   84     18.814      0.371     -6.154
  97   -2    -10.480     -7.041     -8.114
 122   96     14.301     -2.480      5.674
 100   -2     -8.278     -7.846      3.933
  98   -2     14.141     -8.953      7.787
 133   59     16.612      0.418    -10.140
 103   91     -7.960      0.447    -10.937
 110  177     19.974      1.588     -7.509
  -1   -2    -12.682     -7.607     -9.222
  29   -2     -8.841     -9.731      8.154
  -1   -2     15.352    -11.075     -9.268
  -1   21     13.899     -2.075      1.661
 123   -2     14.480     -2.669      7.853
  85    1     11.328     -0.866     -2.815
 126   93    -12.896     -5.434     -3.252
 108   95      8.843      6.073      9.500
  -1   65      6.512     -4.568      8.792
  -1   -2     12.412    -10.455     -4.106
 117  109    -10.734     -3.684     -9.312
  -1   -2     17.152     -5.476      5.771
  -1   -2     -6.843     -4.126     -7.139
  93   99     -7.699     -3.762     -2.486
  -1    0     17.143     -5.987      1.651
  -1   -2      8.656     -1.305      9.723
  -1  103     15.857     -0.274      0.065
  79   52     -2.381     -5.056     -4.440
  31   48     19.679     -5.846     -7.664
  -1   27     11.933     -4.397    -11.806
 111  100    -11.536     -2.941     -4.691
 125  107     -5.581      4.395     -4.341
  -1  108     13.517      4.895     -8.317
  77   22      6.329     -9.908      6.527
  -1   -2     -3.507     -6.536     -8.376
  -1   -2      2.460     -3.243      8.313
  -1   -2     18.006      4.074      1.080
  -1   -2     10.688      3.242     -7.536
 104    9     17.087     -1.060     -9.282
  -1   -2     15.437      4.372      2.067
  -1   -2      6.957      1.797     -3.494
  -1   49     -5.866     -3.107     -6.369
  -1   -2     14.974      2.937     -5.928
  -1   -2     -5.869      0.913      3.037
  47  140     -5.407     -1.996      0.344
  -1   -2     11.828      0.389      3.319
  -1   -2    -12.842     -9.965     -3.533
  -1   -2     20.636     -3.925     -0.983
  -1   -2     -3.507     -6.536     -8.376
  -1   -2     17.087     -1.060     -9.282
  -1   -2     18.006      4.074      1.080
  -1   -2     10.688      3.242     -7.536
  -1   -2     15.437      4.372      2.067
  -1   -2     -5.866     -3.107     -6.369
 138   75     14.974      2.937     -5.928
  -1   -2     -5.869      0.913      3.037
  -1   -2      6.957      1.797     -3.494
  -1   -2    -12.842     -9.965     -3.533
 190  127     -5.407     -1.996      0.344
  -1   -2     11.828      0.389      3.319
  -1   -2     20.636     -3.925     -0.983
  -1   -2     -3.507     -6.536     -8.376
  -1   -2     10.688      3.242     -7.536
 170   -2     17.087     -1.060     -9.282
  -1   -2     18.006      4.074      1.080
  -1   -2     15.437      4.372      2.067
  -1   -2      6.957      1.797     -3.494
  -1   -2     -5.869      0.913      3.037
  -1   -2     11.828      0.389      3.319
  -1   -2    -12.842     -9.965     -3.533
  -1   -2     20.636     -3.925     -0.983
  -1   -2     -3.507     -6.536     -8.376
  -1   -2     10.688      3.242     -7.536
  -1   -2     15.437      4.372      2.067
  87   88      6.957      1.797     -3.494
  -1   -2     -5.869      0.913      3.037
  -1   -2    -12.842     -9.965     -3.533
  -1   -2     11.828      0.389      3.319
  -1   -2     20.636     -3.925     -0.983
  -1   -2     18.006      4.074      1.080
  -1   -2     10.688      3.242     -7.536
  -1   -2     15.437      4.372      2.067
  -1   -2     -5.869      0.913      3.037
  -1   -2     11.828      0.389      3.319
  -1   -2    -12.842     -9.965     -3.533
 177   -2     20.636     -3.925     -0.983
  -1   -2     -3.507     -6.536     -8.376
  -1   -2     18.006      4.074      1.080
  -1   -2     10.688      3.242     -7.536
  -1   -2     15.437      4.372      2.067
  -1   -2     -5.869      0.913      3.037
  -1   -2    -12.842     -9.965     -3.533
  -1   -2     11.828      0.389      3.319
  -1   -2     -3.507     -6.536     -8.376
 130  179     18.006      4.074      1.080
  -1   -2     10.688      3.242     -7.536
  -1   -2     15.437      4.372      2.067
  -1   -2     -5.869      0.913      3.037
  -1   -2     11.828      0.389      3.319
  -1   -2    -12.842     -9.965     -3.533
  -1   -2     10.688      3.242     -7.536
  -1   -2     15.437      4.372      2.067
  -1   -2     -5.869      0.913      3.037
  -1   -2    -12.842     -9.965     -3.533
  -1   -2     11.828      0.389      3.319
  -1   -2     -3.507     -6.536     -8.376
  -1   -2     10.688      3.242     -7.536
  -1   -2     15.437      4.372      2.067
  -1   -2     -5.869      0.913      3.037
  -1   -2     11.828      0.389      3.319
  -1   -2    -12.842     -9.965     -3.533
  -1   -2     -3.507     -6.536     -8.376
  -1   -2     10.688      3.242     -7.536
 220   -2     -5.869      0.913      3.037
  -1   -2     15.437      4.372      2.067
  -1   -2     11.828      0.389      3.319
  -1   -2    -12.842     -9.965     -3.533
  -1   -2     10.688      3.242     -7.536
  -1   -2     15.437      4.372      2.067
  -1   -2     11.828      0.389      3.319
  -1   -2     15.437      4.372      2.067
  -1   -2     11.828      0.389      3.319
  -1   -2    -12.842     -9.965     -3.533
  -1   -2     15.437      4.372      2.067
  -1   -2     11.828      0.389      3.319
  -1   -2    -12.842     -9.965     -3.533
  -1   -2     -3.507     -6.536     -8.376
  -1   -2     15.437      4.372      2.067
  -1   -2     11.828      0.389      3.319
  -1   -2     -3.507     -6.536     -8.376
  -1   -2     15.437      4.372      2.067
  -1   -2     11.828      0.389      3.319
  -1   -2    -12.842     -9.965     -3.533
  -1   -2     -3.507     -6.536     -8.376
  -1   -2     15.437      4.372      2.067
  -1   -2     11.828      0.389      3.319
  -1   -2     -3.507     -6.536     -8.376
  -1   -2     15.437      4.372      2.067
  -1   -2     11.828      0.389      3.319
  -1   -2     -3.507     -6.536     -8.376
  -1   -2     15.437      4.372      2.067
  -1   -2     11.828      0.389      3.319
  -1   -2    -12.842     -9.965     -3.533
  -1   -2     -3.507     -6.536     -8.376
  -1   -2     15.437      4.372      2.067
  -1   -2     11.828      0.389      3.319
  -1   -2    -12.842     -9.965     -3.533
  -1   -2     -3.507     -6.536     -8.376
  -1   -2     15.437      4.372      2.067
  90  229     11.828      0.389      3.319
  -1   -2     -3.507     -6.536     -8.376
  -1   -2     15.437      4.372      2.067
  -1   -2    -12.842     -9.965     -3.533
  -1   -2     -3.507     -6.536     -8.376
  -1   -2     15.437      4.372      2.067
  -1   -2     -3.507     -6.536     -8.376
  -1   -2     15.437      4.372      2.067
 225   80    -12.842     -9.965     -3.533
  -1   -2     -3.507     -6.536     -8.376
  -1   -2     15.437      4.372      2.067
  -1   -2     -3.507     -6.536     -8.376
  -1   -2     15.437      4.372      2.067
  -1   -2     -3.507     -6.536     -8.376
  -1   -2     15.437      4.372      2.067
  -1   -2     -3.507     -6.536     -8.376
  -1   -2     15.437      4.372      2.067
  -1   -2     -3.507     -6.536     -8.376
  -1   -2     15.437      4.372      2.067
  -1   -2     -3.507     -6.536     -8.376
  -1   -2     15.437      4.372      2.067
  -1   -2     -3.507     -6.536     -8.376
  -1   -2     15.437      4.372      2.067
  -1   -2     -3.507     -6.536     -8.376
  -1   -2     15.437      4.372      2.067
  -1   -2     -3.507     -6.536     -8.376
  -1   -2     15.437      4.372      2.067
  -1   -2     15.437      4.372      2.067
  -1   -2     -3.507     -6.536     -8.376
  -1   -2     15.437      4.372      2.067
  -1   -2     -3.507     -6.536     -8.376
  -1   -2     15.437      4.372      2.067
  -1   -2     -3.507     -6.536     -8.376
  -1   -2     15.437      4.372      2.067
  -1   -2     15.437      4.372      2.067
  -1   -2     -3.507     -6.536     -8.376
  -1   -2     15.437      4.372      2.067
  -1   -2     -3.507     -6.536     -8.376
  -1   -2     15.437      4.372      2.067
  -1   -2     -3.507     -6.536     -8.376
  -1   -2     15.437      4.372      2.067
  -1   -2     -3.507     -6.536     -8.376
  -1   -2     15.437      4.372      2.067
  -1   -2     -3.507     -6.536     -8.376
  -1   -2     15.437      4.372      2.067
  -1   -2     -3.507     -6.536     -8.376
  -1   -2     15.437      4.372      2.067
  -1   -2     15.437      4.372      2.067
  -1   -2     -3.507     -6.536     -8.376
  -1   -2     15.437      4.372      2.067
  -1   -2     15.437      4.372      2.067
  -1   -2     -3.507     -6.536     -8.376
  -1   -2     15.437      4.372      2.067
  -1   -2     -3.507     -6.536     -8.376
  -1   -2     15.437      4.372      2.067
  -1   -2     15.437      4.372      2.067
  -1   -2     -3.507     -6.536     -8.376
  -1   -2     15.437      4.372      2.067
  -1   -2     -3.507     -6.536     -8.376
  -1   -2     15.437      4.372      2.067
  -1   -2     -3.507     -6.536     -8.376
  -1   -2     15.437      4.372      2.067
  -1   -2     -3.507     -6.536     -8.376
  -1   -2     15.437      4.372      2.067
  -1   -2     -3.507     -6.536     -8.376
  -1   -2     15.437      4.372      2.067
  -1   -2     -3.507     -6.536     -8.376
  -1   -2     15.437      4.372      2.067
  -1   -2     15.437      4.372      2.067
  -1   -2     -3.507     -6.536     -8.376
  -1   -2     15.437      4.372      2.067
  -1   -2     -3.507     -6.536     -8.376
  -1   -2     15.437      4.372      2.067
  -1   -2     -3.507     -6.536     -8.376
  -1   -2     15.437      4.372      2.067
  -1   -2     -3.507     -6.536     -8.376
  -1   -2     15.437      4.372      2.067
  -1   -2     -3.507     -6.536     -8.376
  -1   -2     15.437      4.372      2.067
  -1   -2     -3.507     -6.536     -8.376
  -1   -2     15.437      4.372      2.067
  -1   -2     -3.507     -6.536     -8.376
  -1   -2     15.437      4.372      2.067
  -1   -2     -3.507     -6.536     -8.376
  -1   -2     15.437      4.372      2.067
  -1   -2     -3.507     -6.536     -8.376
  -1   -2     15.437      4.372      2.067
  -1   -2     -3.507     -6.536     -8.376
  -1   -2     15.437      4.372      2.067
  -1   -2     -3.507     -6.536     -8.376
 136  315     15.437      4.372      2.067
  -1   -2     -3.507     -6.536     -8.376
  -1   -2     -3.507     -6.536     -8.376
  -1   -2     -3.507     -6.536     -8.376
 335   -2     -3.507     -6.536     -8.376
