53
   2    0      4.831     -9.028     -5.438
   0    1      5.425     -1.311      9.081
  29   -2      6.027     -9.930     -4.278
   7    3      7.744     -8.151     -1.921
   1   -2      5.597     -9.398     -4.380
  11   -2     17.437     -7.321    -10.475
   6   -2      4.866    -10.235      1.219
  37   27     -4.191    -10.329     -1.164
  10   11      6.103     -6.647     -2.047
  46   51      6.988     -8.202      6.711
  -1   14     -6.228    -10.804      1.512
  33   41      5.744     -6.858     -4.098
  23   -2     -3.035    -10.161      3.044
  22   33      9.958     -3.377      6.452
  -1   -2      7.272     -9.925     -1.671
  20   12      1.778    -10.611     -2.616
   8   25     19.384     -7.220     -2.238
  -1   -2      9.279     -9.429      9.202
  50   -2      2.480     -1.602     -9.304
  42    5     -0.325     -7.764     -0.004
  55   38     -4.272     -3.003     -9.504
  57   49    -11.427     -7.637      2.900
   4   48      8.501     -9.262      4.230
  -1   35     19.460      1.388     -7.802
  -1   23     15.748     -1.262      1.954
  -1   40     18.530     -7.432     -9.913
  32   -2     -6.946     -5.425     -8.445
  52   17     11.817     -8.804     -2.635
  30    9     13.537     -6.960     -7.195
  18   19      7.452     -6.641      7.198
  -1   42     10.569     -6.010      9.251
  -1   36     18.957     -2.773     -7.102
  12    8     14.056     -7.914     -6.504
  -1   -2     15.976     -6.759      5.037
   9   -2     12.758     -9.444     -8.917
  -1   -2     -9.349    -10.795     -0.944
  -1   18     -4.468     -6.749    -10.833
  49   29      8.938     -5.719      9.871
  -1   32     -6.530     -1.592      3.101
  -1   -2     11.347      5.177     -2.845
  -1   24      8.073    -10.055      9.579
  45    7     -3.988     -8.619     -9.478
  -1   21     -7.867    -10.662      9.179
  -1    2      4.690    -10.396     -9.387
  -1   22     -3.123     -5.315     10.238
  -1   -2     21.723     -7.348      6.019
  47    6      4.943     -7.079     -6.974
  -1   54    -10.338     -5.576     -9.661
  -1   37     18.399     -8.220      8.192
  54   34     -2.990      4.905      7.688
  14   52    -10.071    -10.458     -3.028
  -1   -2      6.199    -11.031      0.245
  38   -2      5.434     -1.321      8.871
