354
  63    0     -4.127     -8.716      4.256
   7    1      0.996     -5.638     10.055
   1    2     15.297     -6.485     -1.248
  64    3     14.135     -3.464     -1.550
  17   -2     -1.568     -7.154      3.331
 123   -2     11.741     -6.343      1.484
  68    5      2.675     -7.728     -7.708
  -1   -2     -3.653     -6.563     -8.777
  11    8     16.181     -3.019     -8.366
  83   10      8.289     -9.459      2.914
   5   -2     14.938    -10.233     -7.365
  12   13     17.851     -9.494     -4.253
  16   44     10.328     -7.605      1.095
   8   24      5.731     -9.098      6.943
  40   -2     -4.560     -9.411     -2.283
  56   -2     -4.285     -5.993      2.750
  29   14     -1.488     -9.020      9.597
 128   58     11.042     -5.410      3.809
  -1   31      2.275     -8.710      8.503
  18  119     10.868     -3.157     10.203
  69    4      3.307     -7.679      5.097
  81   41     15.307     -2.660     -7.103
  -1   22     19.229     -8.485     -0.635
 141   18     12.597     -1.698     -0.045
  44   -2      9.601     -8.253      9.601
  -1   -2     -7.885     -4.239      5.027
  61  103      9.548     -2.418      7.686
  33   16     11.623     -8.489      7.822
 122   -2     -3.387    -10.706     -7.544
  -1  129      5.712     -7.014     -6.007
  26   -2     -2.983     -9.420     -4.895
  -1   35      7.153     -8.300     -6.601
  50   -2     -0.331     -9.125      9.457
 114   56     13.411     -4.121     -6.896
  71   20     16.087      0.542     -8.700
  39   -2     20.896    -10.112     -3.950
 121   -2      4.785     -2.913      1.927
  -1   -2     16.161     -4.423     -9.074
  10   26     -3.307     -9.976     -8.041
   9   27     -3.169     -8.601     -7.367
  41   38      8.964     -7.486     -9.638
 112   -2     -5.169     -1.872      5.604
  49   -2     -3.021     -4.313     -4.776
 101   47      9.434     -4.128      4.305
 119   39     14.375     -6.979      6.610
 108   15     -6.548     -7.823     -1.380
  91  140     17.207     -3.844      3.526
  -1   -2      9.441     -5.576      8.505
  15   -2     -3.589     -8.645      9.494
  55   46     -8.258     -6.802     -2.370
 142   -2     17.440     -3.079     -1.870
  66   -2     10.598     -4.993     -0.889
  19   -2     -8.661    -10.250     -5.671
 104   -2      0.997     -7.374     -0.577
  27  113     18.293     -7.966      1.054
  -1   59      4.636     -6.777     -8.424
  51   60     15.263     -9.775     -6.797
  37   43     -2.360     -5.996     -0.953
  36   -2      1.380    -10.779      6.165
  -1   -2     17.084     -1.065     -9.282
 129   33     15.999      2.488     -8.909
  74   67     16.931     -1.417     -0.673
  -1   -2      8.227      5.425     -8.414
  -1   -2     10.687      3.242     -7.530
  -1   28      0.428    -10.380      9.142
  -1   37      4.145     -3.699      8.291
  -1   -2     18.000      4.074      1.096
  -1   -2      1.060     -0.045     -0.286
  -1   74     -6.946     -5.419     -8.397
  99   23      6.021     -9.011      9.177
  77   94      6.955      1.795     -3.497
  82   40     -4.863     -1.355      7.301
  -1  189     15.435      4.372      2.070
  -1   -2     -5.868      0.912      3.037
  -1   75     -5.050     -0.463     11.820
  -1   -2     14.975      2.937     -5.926
 130  262     14.106      0.899      5.118
  -1   81     15.266      3.413     -6.558
  89   -2     -5.869     -3.109     -6.361
  -1   -2     -5.403     -1.996      0.356
 169   36    -12.844     -9.965     -3.524
  -1   -2    -15.241     -7.567      3.290
  23   -2    -10.234    -10.833      2.694
 111   55     11.829      0.386      3.315
  78   49      5.563      0.776      4.599
 107  111     -3.202     -3.262     -0.515
  -1   45     20.636     -3.927     -0.986
 110   30    -10.290     -9.750     -3.989
 118   91     18.508     -7.533     11.330
  -1   -2      5.003     -9.612      9.408
 102   98     -7.963      0.446    -10.939
  -1   -2     19.973      1.584     -7.515
 103  118    -12.683     -7.606     -9.212
  -1   12     10.691     -9.741     -8.718
  -1  138     -3.966     -2.079     -7.255
  59   51      5.728     -5.120      4.864
 113  101      8.846      6.073      9.493
  -1   -2     14.144     -8.953      7.781
  -1   32     11.549     -5.025     -9.296
  -1  100    -12.897     -5.436     -3.251
  -1  102     15.545     -8.312     10.000
  -1   -2    -11.411     -1.347     -2.973
  -1   -2     13.899     -2.078      1.663
  25    9     14.138     -9.562     -5.470
 116   -2      8.848     -1.434    -11.191
  -1  105     17.157     -5.482      5.761
  46   95     13.310     -4.904      7.885
 100   -2     16.972     -7.378      3.245
  -1   -2    -15.985    -10.590      6.185
  88   48     -7.698     -3.760     -2.487
  80  112     -6.305     -2.869      2.221
  -1   -2     13.019     -2.617      1.305
  -1   -2     15.860     -0.277      0.072
  -1  115     16.005     -0.705      6.713
  -1   97     15.095    -10.273      6.343
  -1   96      3.957     -9.938     10.202
  -1   -2     19.678     -5.839     -7.661
  -1   -2      5.362      1.211      5.832
 109  125    -11.535     -2.947     -4.679
 125  126     -5.574      4.391     -4.346
  -1   -2     19.359    -10.045      0.316
  93   -2     -3.739    -10.925     -4.870
  -1   61      6.995     -8.587      9.984
  -1   78     -6.314     -5.034    -10.339
  -1   -2     -3.526     -6.540     -8.426
  31   25      5.712     -7.014     -6.007
  -1   -2     18.000      4.074      1.096
  -1   -2     15.999      2.488     -8.909
  -1  241      8.227      5.425     -8.414
  -1   -2     10.687      3.242     -7.530
  -1   -2     17.084     -1.065     -9.282
  -1  122      1.060     -0.045     -0.286
  84   -2     -5.868      0.912      3.037
  -1   -2     15.435      4.372      2.070
  -1   -2     14.975      2.937     -5.926
  -1   21     -5.403     -1.996      0.356
  -1   -2     11.829      0.386      3.315
  92  139     -8.162     -4.254      4.366
  -1   -2     20.636     -3.927     -0.986
  -1   -2     19.973      1.584     -7.515
  -1   -2     18.000      4.074      1.096
  -1   -2     15.999      2.488     -8.909
  -1   -2     17.084     -1.065     -9.282
  -1   -2     10.687      3.242     -7.530
  -1   -2      1.060     -0.045     -0.286
  -1   -2     15.435      4.372      2.070
  -1   -2     14.975      2.937     -5.926
  -1   -2     11.829      0.386      3.315
  -1   -2     20.636     -3.927     -0.986
  -1   -2     19.973      1.584     -7.515
  -1   -2     -3.526     -6.540     -8.426
  -1   -2     10.687      3.242     -7.530
 156  163     18.000      4.074      1.096
  -1   -2     17.084     -1.065     -9.282
  -1   -2     15.435      4.372      2.070
  -1   -2     14.975      2.937     -5.926
  -1   -2     11.829      0.386      3.315
  -1   -2    -12.844     -9.965     -3.524
  -1   -2     20.636     -3.927     -0.986
  -1   -2     19.973      1.584     -7.515
  -1   -2     -3.526     -6.540     -8.426
  -1   -2     10.687      3.242     -7.530
  -1   -2     17.084     -1.065     -9.282
  -1   -2     15.435      4.372      2.070
  -1   -2     14.975      2.937     -5.926
  -1   -2     11.829      0.386      3.315
  -1   -2    -12.844     -9.965     -3.524
  -1   -2     20.636     -3.927     -0.986
  -1   -2     19.973      1.584     -7.515
  -1   -2     10.687      3.242     -7.530
  -1   -2     17.084     -1.065     -9.282
  -1   -2     15.435      4.372      2.070
  -1   -2     14.975      2.937     -5.926
  70   64    -12.844     -9.965     -3.524
  -1   -2     11.829      0.386      3.315
  -1   -2     20.636     -3.927     -0.986
  -1   -2     19.973      1.584     -7.515
  -1   -2     -3.526     -6.540     -8.426
  -1   -2     17.084     -1.065     -9.282
  -1   -2     10.687      3.242     -7.530
  -1   -2     15.435      4.372      2.070
  -1   -2     14.975      2.937     -5.926
  -1   -2     11.829      0.386      3.315
  -1   -2     20.636     -3.927     -0.986
  -1   -2     19.973      1.584     -7.515
  -1   -2     -3.526     -6.540     -8.426
  -1   -2     10.687      3.242     -7.530
  -1   -2     17.084     -1.065     -9.282
  -1   -2     15.435      4.372      2.070
 139   -2     14.975      2.937     -5.926
  -1   -2     11.829      0.386      3.315
  -1   -2     20.636     -3.927     -0.986
  -1   -2     19.973      1.584     -7.515
  -1   -2     17.084     -1.065     -9.282
  -1   -2     10.687      3.242     -7.530
  -1   -2     15.435      4.372      2.070
  -1   -2     11.829      0.386      3.315
  -1   -2     19.973      1.584     -7.515
  -1   -2     -3.526     -6.540     -8.426
  -1   -2     10.687      3.242     -7.530
  -1   -2     17.084     -1.065     -9.282
  -1   -2     15.435      4.372      2.070
  -1   -2     11.829      0.386      3.315
  -1   -2     19.973      1.584     -7.515
  -1   -2     -3.526     -6.540     -8.426
  -1   -2     10.687      3.242     -7.530
  -1   -2     17.084     -1.065     -9.282
  -1   -2     15.435      4.372      2.070
  -1   -2     11.829      0.386      3.315
  -1   -2     19.973      1.584     -7.515
  -1   -2     -3.526     -6.540     -8.426
  -1   -2     10.687      3.242     -7.530
  -1   -2     15.435      4.372      2.070
  -1   -2     11.829      0.386      3.315
  -1   -2     19.973      1.584     -7.515
  -1   -2     10.687      3.242     -7.530
  -1   -2     15.435      4.372      2.070
  -1   -2     11.829      0.386      3.315
 106  152     19.973      1.584     -7.515
  -1   -2     -3.526     -6.540     -8.426
  -1   -2     10.687      3.242     -7.530
  -1   -2     15.435      4.372      2.070
  -1   -2     11.829      0.386      3.315
  -1   -2     -3.526     -6.540     -8.426
  -1   -2     10.687      3.242     -7.530
  -1   -2     15.435      4.372      2.070
  -1   -2     11.829      0.386      3.315
  -1   -2     10.687      3.242     -7.530
  -1   -2     15.435      4.372      2.070
  -1   -2     11.829      0.386      3.315
  -1   -2     -3.526     -6.540     -8.426
  -1   -2     10.687      3.242     -7.530
  -1   -2     15.435      4.372      2.070
  -1   -2     11.829      0.386      3.315
  -1   -2     -3.526     -6.540     -8.426
 235  104     10.687      3.242     -7.530
  -1   -2     15.435      4.372      2.070
  -1   -2     11.829      0.386      3.315
  -1   -2     -3.526     -6.540     -8.426
  -1   -2     15.435      4.372      2.070
  -1   -2     11.829      0.386      3.315
  -1   -2     -3.526     -6.540     -8.426
  -1   -2     15.435      4.372      2.070
  -1   -2     11.829      0.386      3.315
  -1   -2     -3.526     -6.540     -8.426
  -1   -2     15.435      4.372      2.070
  -1   -2     11.829      0.386      3.315
  -1   -2     -3.526     -6.540     -8.426
  -1   -2     15.435      4.372      2.070
  -1   -2     11.829      0.386      3.315
  -1   -2     -3.526     -6.540     -8.426
  -1   -2     15.435      4.372      2.070
  52   -2     11.829      0.386      3.315
  -1   -2     -3.526     -6.540     -8.426
  -1   -2     15.435      4.372      2.070
  -1   -2     -3.526     -6.540     -8.426
  -1   -2     15.435      4.372      2.070
  -1   -2     -3.526     -6.540     -8.426
  -1   -2     15.435      4.372      2.070
  -1   -2     -3.526     -6.540     -8.426
  -1   -2     15.435      4.372      2.070
  -1   -2     15.435      4.372      2.070
  -1   -2     -3.526     -6.540     -8.426
  -1   -2     15.435      4.372      2.070
  -1   -2     -3.526     -6.540     -8.426
  -1   -2     15.435      4.372      2.070
  -1   -2     -3.526     -6.540     -8.426
  -1   -2     15.435      4.372      2.070
  -1   -2     -3.526     -6.540     -8.426
  -1   -2     15.435      4.372      2.070
  -1   -2     -3.526     -6.540     -8.426
  -1   -2     15.435      4.372      2.070
  -1   -2     -3.526     -6.540     -8.426
  -1   -2     15.435      4.372      2.070
  -1   -2     -3.526     -6.540     -8.426
  -1   -2     15.435      4.372      2.070
  -1   -2     15.435      4.372      2.070
  -1   -2     -3.526     -6.540     -8.426
  -1   -2     15.435      4.372      2.070
  -1   -2     -3.526     -6.540     -8.426
  -1   -2     15.435      4.372      2.070
  -1   -2     15.435      4.372      2.070
  -1   -2     15.435      4.372      2.070
  -1   -2     -3.526     -6.540     -8.426
  -1   -2     15.435      4.372      2.070
  -1   -2     -3.526     -6.540     -8.426
  -1   -2     15.435      4.372      2.070
  -1   -2     -3.526     -6.540     -8.426
  -1   -2     15.435      4.372      2.070
  -1   -2     -3.526     -6.540     -8.426
  -1   -2     15.435      4.372      2.070
  -1   -2     -3.526     -6.540     -8.426
  -1   -2     15.435      4.372      2.070
  -1   -2     -3.526     -6.540     -8.426
  -1   -2     15.435      4.372      2.070
  -1   -2     -3.526     -6.540     -8.426
  -1   -2     15.435      4.372      2.070
  -1   -2     -3.526     -6.540     -8.426
  -1   -2     15.435      4.372      2.070
  -1   -2     -3.526     -6.540     -8.426
  -1   -2     15.435      4.372      2.070
  -1   -2     -3.526     -6.540     -8.426
  -1   -2     15.435      4.372      2.070
  -1   -2     -3.526     -6.540     -8.426
  -1   -2     15.435      4.372      2.070
  -1   -2     -3.526     -6.540     -8.426
  -1   -2     15.435      4.372      2.070
  -1   -2     -3.526     -6.540     -8.426
  -1   -2     15.435      4.372      2.070
  -1   -2     -3.526     -6.540     -8.426
  -1   -2     15.435      4.372      2.070
  -1   -2     -3.526     -6.540     -8.426
  -1   -2     15.435      4.372      2.070
  -1   -2     -3.526     -6.540     -8.426
  -1   -2     15.435      4.372      2.070
  -1   -2     -3.526     -6.540     -8.426
  -1   -2     15.435      4.372      2.070
  -1   -2     -3.526     -6.540     -8.426
  -1   -2     15.435      4.372      2.070
  -1   -2     15.435      4.372      2.070
  -1   -2     -3.526     -6.540     -8.426
  -1   -2     15.435      4.372      2.070
  -1   -2     -3.526     -6.540     -8.426
  -1   -2     15.435      4.372      2.070
  -1   -2     15.435      4.372      2.070
  -1   -2     -3.526     -6.540     -8.426
  -1   -2     15.435      4.372      2.070
  -1   -2     -3.526     -6.540     -8.426
  -1   -2     15.435      4.372      2.070
  -1   -2     -3.526     -6.540     -8.426
  -1   -2     15.435      4.372      2.070
  -1   -2     -3.526     -6.540     -8.426
  -1   -2     15.435      4.372      2.070
  -1   -2     -3.526     -6.540     -8.426
  -1   -2     15.435      4.372      2.070
  -1   -2     -3.526     -6.540     -8.426
  -1   -2     15.435      4.372      2.070
  -1   -2     -3.526     -6.540     -8.426
  -1   -2     15.435      4.372      2.070
  -1   -2     -3.526     -6.540     -8.426
  -1   -2     15.435      4.372      2.070
  -1   -2     -3.526     -6.540     -8.426
  -1   -2     15.435      4.372      2.070
  -1   -2     -3.526     -6.540     -8.426
  -1   -2     15.435      4.372      2.070
  -1   -2     -3.526     -6.540     -8.426
  79  352     15.435      4.372      2.070
  -1   -2     -3.526     -6.540     -8.426
  -1   -2     -3.526     -6.540     -8.426
  -1   -2     -3.526     -6.540     -8.426
  -1   -2     -3.526     -6.540     -8.426
  -1   -2     -3.526     -6.540     -8.426
  -1   -2     -3.526     -6.540     -8.426
 131  357     -3.526     -6.540     -8.426
