355
 117   14     15.296     -6.485     -1.249
   8   -2     -4.123     -5.970      3.083
  22   -2     -2.794     -9.336     -4.177
 113   -2     14.138     -3.465     -1.541
   4   -2     -1.571     -7.154      3.320
  12  127     -4.395     -8.897     -0.929
 350  360     -3.646     -6.562     -8.757
  -1   -2     18.558     -8.380     -9.339
  -1   -2     -4.046    -10.421     -9.331
  21   -2     -3.433     -9.557      4.957
   9   20     16.067     -2.975     -7.932
  13   -2     14.568     -6.219     -4.962
  14   -2     17.851     -9.494     -4.252
  30    8     10.330     -7.606      1.093
  18   -2     -1.489     -9.020      9.592
  49   29     -1.268     -7.824     -7.251
  19   -2     10.867     -3.156     10.205
  11   -2     11.576     -9.440      7.995
  53   -2      9.800     -2.440      7.028
  40   55      7.153     -4.961      1.162
 124   -2     -1.679     -5.020     -2.735
  15   67      4.294     -3.745      8.694
 109   22      9.649     -0.425      7.313
  65    2      3.307     -7.679      5.098
  87   48     12.606     -1.702     -0.068
  66   -2     19.229     -8.486     -0.635
  -1   -2     12.428     -2.277      0.050
 128    0     -1.362     -8.746      7.922
  -1   28      9.597     -8.252      9.590
  -1   -2     20.262     -6.021     -9.263
  44   -2      3.514     -8.761      4.976
  -1   27      8.417     -9.078     10.220
  -1   -2      5.712     -7.013     -6.009
   1   -2      0.909     -9.759      1.000
  -1   57      7.152     -8.300     -6.612
  79   -2     -4.223     -3.603     10.130
   2   30     13.419     -4.117     -6.877
  61   -2     12.790     -9.398      7.955
  -1   -2      2.235     -3.235      8.924
 121   -2      6.886     -6.356      5.976
  33   36      8.961     -7.486     -9.631
  -1   11      4.437    -10.528    -10.338
  98   60     13.962    -10.369     -7.857
  -1   10     16.173     -4.421     -9.104
  60   -2      0.098     -7.387      2.003
  41  237     -5.169     -1.871      5.603
  -1   12     13.551     -6.887      8.550
  -1   68      2.954     -8.328      8.859
  48   -2     20.214     -8.333     -1.777
  92   42     17.208     -3.842      3.522
  -1   15     10.476    -10.084     -1.086
  96    3     -6.557     -7.824     -1.363
 100   -2      9.434     -4.126      4.307
  -1   -2     -2.915     -8.315     -9.559
 104   44      8.125     -5.478      9.495
  45   33     10.052     -5.631      6.990
  63   -2     10.332     -5.003     -0.214
  59   40     -8.256     -6.798     -2.378
  32   59      4.640     -6.777     -8.414
  24  143     18.291     -7.962      1.040
  78    5     -1.392     -3.782     -4.558
  -1   -2     14.929     -8.301      1.040
  -1   -2     -4.104    -10.874     -9.592
   7    6     -2.913     -6.095     -2.484
 131   -2      6.413     -8.403      4.793
  51   43      0.915     -9.842      8.581
  -1   -2     10.686      3.242     -7.547
  -1   -2     15.549    -10.270     -4.992
  70  129     18.015      4.073      1.058
 108   82    -11.524     -7.817     -4.820
  54   -2     16.917     -1.425     -0.725
  -1  197     17.087     -1.059     -9.297
  81   72      1.059     -0.045     -0.288
  -1   73      8.228      5.425     -8.423
  -1   46      9.126     -3.475      8.523
  -1   -2     -6.942     -5.419     -8.391
  -1   -2     15.438      4.372      2.069
  76   96      6.957      1.795     -3.493
  -1   37     -4.863     -1.355      7.298
  85  137    -10.235    -10.827      2.693
  68   51     14.973      2.938     -5.928
 152   74     -5.872      0.912      3.023
  -1   -2     -5.409     -1.996      0.338
  -1   -2     15.266      3.413     -6.559
  -1   -2     11.829      0.389      3.313
   3   41      0.885     -7.678     -3.265
 139  116     -5.871     -3.108     -6.360
  -1   34    -12.841     -9.965     -3.527
  -1   83      5.565      0.777      4.600
  -1   -2     17.782    -10.355     -7.970
  -1   -2     -8.174     -4.250      4.334
  -1   -2     20.637     -3.925     -0.987
  97   94     18.813      0.371     -6.152
  95   93     18.513     -7.530     11.354
  20   47      7.561     -1.752      0.776
   6   25      7.165     -9.502      5.923
 186   99     16.612      0.417    -10.139
  73   19     14.302     -2.481      5.674
  -1   -2     14.951      0.651      7.981
  -1   -2      5.004     -9.612      9.404
  -1   50     12.600    -10.837    -11.769
 105   97     -7.956      0.445    -10.926
 106   91    -12.682     -7.607     -9.219
  -1  185    -12.894     -5.434     -3.249
  -1   -2     11.547     -5.026     -9.306
  -1   -2     14.143     -8.950      7.778
 112  105      8.845      6.072      9.495
  -1  135    -11.707     -9.624     -7.474
  -1   -2     19.974      1.585     -7.509
  99    4     13.896     -2.075      1.667
  -1   -2     19.798     -6.651     11.715
 119   -2    -10.735     -3.685     -9.316
  -1   -2      2.048     -5.491     -4.681
  -1  118      3.790     -9.975     11.678
  -1  124      2.789     -1.931      7.868
  91  150     -6.840     -4.128     -7.137
  -1    1     16.972     -7.375      3.242
  52   24     11.330     -0.866     -2.824
 126   18     -7.697     -3.759     -2.489
 110   95    -10.993     -2.748     -3.522
  -1   -2     11.954     -4.996      7.066
  -1  117     15.857     -0.274      0.062
  -1   -2      2.124     -5.483     -0.658
  -1   31     15.110    -10.272      6.306
  -1   23     20.038    -10.000     -2.694
 129  192     13.521      4.892     -8.307
 127  122     -5.578      4.396     -4.338
  -1   54      8.487    -10.295     10.229
  -1   -2     -0.154      6.693     -3.928
  -1   71     -6.311     -5.034    -10.342
  62   16     -4.945    -10.475     -7.928
  -1   -2     17.332     -0.210     10.212
  -1   39     -3.518     -6.538     -8.404
  -1   -2      5.712     -7.013     -6.009
  -1   -2     10.686      3.242     -7.547
  -1   -2     17.087     -1.059     -9.297
  -1   -2     15.438      4.372      2.069
  -1   -2     -5.872      0.912      3.023
  -1   -2     14.973      2.938     -5.928
  -1   -2     -5.409     -1.996      0.338
  -1   -2     11.829      0.389      3.313
  -1  152    -12.841     -9.965     -3.527
  -1   -2     20.637     -3.925     -0.987
  -1   -2     -8.174     -4.250      4.334
  -1   -2     19.974      1.585     -7.509
  -1   -2     10.686      3.242     -7.547
  -1   -2     17.087     -1.059     -9.297
  -1   -2     15.438      4.372      2.069
  -1   -2     -5.872      0.912      3.023
  -1   -2     14.973      2.938     -5.928
 141   -2    -12.841     -9.965     -3.527
  -1   -2     11.829      0.389      3.313
  -1   -2     -5.409     -1.996      0.338
  -1   -2     20.637     -3.925     -0.987
  -1   -2     -8.174     -4.250      4.334
  -1   -2     19.974      1.585     -7.509
  -1   -2     -3.518     -6.538     -8.404
  -1   -2     17.087     -1.059     -9.297
  -1   -2     10.686      3.242     -7.547
  -1   -2     15.438      4.372      2.069
  -1   -2     -5.872      0.912      3.023
  -1   -2     14.973      2.938     -5.928
  -1   -2     -5.409     -1.996      0.338
  -1   -2     11.829      0.389      3.313
  -1   -2     -8.174     -4.250      4.334
  -1   -2     20.637     -3.925     -0.987
  -1   -2     19.974      1.585     -7.509
  -1   -2     -3.518     -6.538     -8.404
  -1   -2     10.686      3.242     -7.547
  -1   -2     17.087     -1.059     -9.297
  -1   -2     15.438      4.372      2.069
  -1   -2     14.973      2.938     -5.928
  86  163     -5.409     -1.996      0.338
  -1   -2     11.829      0.389      3.313
  -1   -2     -5.872      0.912      3.023
  94  186     20.637     -3.925     -0.987
 174   -2     -8.174     -4.250      4.334
  -1   -2     19.974      1.585     -7.509
  -1   -2     17.087     -1.059     -9.297
  -1   -2     10.686      3.242     -7.547
  -1   -2     15.438      4.372      2.069
 138   80     14.973      2.938     -5.928
  -1   -2     -5.872      0.912      3.023
  -1   -2     11.829      0.389      3.313
  -1   -2     19.974      1.585     -7.509
  -1   -2     -3.518     -6.538     -8.404
  -1   -2     10.686      3.242     -7.547
  -1   -2     17.087     -1.059     -9.297
  -1   -2     -5.872      0.912      3.023
  -1   -2     15.438      4.372      2.069
  -1   -2     11.829      0.389      3.313
  -1   -2     19.974      1.585     -7.509
  -1   -2     -3.518     -6.538     -8.404
  -1   -2     10.686      3.242     -7.547
  -1   -2     17.087     -1.059     -9.297
  -1   -2     15.438      4.372      2.069
  -1   -2     -5.872      0.912      3.023
  -1   -2     11.829      0.389      3.313
  -1   -2     19.974      1.585     -7.509
  -1   -2     -3.518     -6.538     -8.404
  -1   -2     10.686      3.242     -7.547
  -1   -2     15.438      4.372      2.069
  -1   -2     -5.872      0.912      3.023
  -1   -2     11.829      0.389      3.313
  -1   -2     19.974      1.585     -7.509
  -1   -2     10.686      3.242     -7.547
  -1   -2     15.438      4.372      2.069
  -1   -2     -5.872      0.912      3.023
  -1   -2     11.829      0.389      3.313
  -1   -2     19.974      1.585     -7.509
  -1   -2     -3.518     -6.538     -8.404
  -1   -2     10.686      3.242     -7.547
  -1   -2     15.438      4.372      2.069
  -1   -2     -5.872      0.912      3.023
  -1   -2     11.829      0.389      3.313
 145  187     19.974      1.585     -7.509
  -1   -2     -3.518     -6.538     -8.404
  -1   -2     10.686      3.242     -7.547
  -1   -2     15.438      4.372      2.069
  -1   -2     -5.872      0.912      3.023
  -1   -2     11.829      0.389      3.313
  -1   -2     10.686      3.242     -7.547
  -1   -2     15.438      4.372      2.069
  -1   -2     -5.872      0.912      3.023
  -1   -2     11.829      0.389      3.313
  -1   -2     -3.518     -6.538     -8.404
  -1   -2     10.686      3.242     -7.547
  -1   -2     15.438      4.372      2.069
  -1   -2     -5.872      0.912      3.023
  -1   -2     11.829      0.389      3.313
  -1   -2     -3.518     -6.538     -8.404
  69  243     10.686      3.242     -7.547
  -1   -2     15.438      4.372      2.069
  -1   -2     -5.872      0.912      3.023
  -1   -2     11.829      0.389      3.313
  -1   -2     -3.518     -6.538     -8.404
  -1   -2     15.438      4.372      2.069
  -1   -2     11.829      0.389      3.313
  -1   -2     -5.872      0.912      3.023
  -1   -2     -3.518     -6.538     -8.404
  -1   -2     15.438      4.372      2.069
  -1   -2     -5.872      0.912      3.023
  -1   -2     11.829      0.389      3.313
  -1   -2     -3.518     -6.538     -8.404
  -1   -2     15.438      4.372      2.069
  -1   -2     11.829      0.389      3.313
  -1   -2     -3.518     -6.538     -8.404
  -1   -2     15.438      4.372      2.069
  -1   -2     11.829      0.389      3.313
  -1   -2     -3.518     -6.538     -8.404
  -1   -2     15.438      4.372      2.069
  -1   -2     11.829      0.389      3.313
  -1   -2     -3.518     -6.538     -8.404
  -1   -2     15.438      4.372      2.069
  -1   -2     11.829      0.389      3.313
  -1   -2     -3.518     -6.538     -8.404
  -1   -2     15.438      4.372      2.069
  50   -2     11.829      0.389      3.313
  -1   -2     -3.518     -6.538     -8.404
  -1   -2     15.438      4.372      2.069
  -1   -2     -3.518     -6.538     -8.404
  -1   -2     15.438      4.372      2.069
  -1   -2     15.438      4.372      2.069
  -1   -2     -3.518     -6.538     -8.404
  -1   -2     15.438      4.372      2.069
  -1   -2     -3.518     -6.538     -8.404
  -1   -2     15.438      4.372      2.069
  -1   -2     -3.518     -6.538     -8.404
  -1   -2     15.438      4.372      2.069
  -1   -2     -3.518     -6.538     -8.404
  -1   -2     15.438      4.372      2.069
  -1   -2     -3.518     -6.538     -8.404
  -1   -2     15.438      4.372      2.069
  -1   -2     -3.518     -6.538     -8.404
  -1   -2     15.438      4.372      2.069
  -1   -2     -3.518     -6.538     -8.404
  -1   -2     15.438      4.372      2.069
  -1   -2     15.438      4.372      2.069
  -1   -2     -3.518     -6.538     -8.404
  -1   -2     15.438      4.372      2.069
  -1   -2     -3.518     -6.538     -8.404
  -1   -2     15.438      4.372      2.069
  -1   -2     15.438      4.372      2.069
  -1   -2     15.438      4.372      2.069
  -1   -2     -3.518     -6.538     -8.404
  -1   -2     15.438      4.372      2.069
  -1   -2     -3.518     -6.538     -8.404
  -1   -2     15.438      4.372      2.069
  -1   -2     -3.518     -6.538     -8.404
  -1   -2     15.438      4.372      2.069
  -1   -2     -3.518     -6.538     -8.404
  -1   -2     15.438      4.372      2.069
  -1   -2     -3.518     -6.538     -8.404
  -1   -2     15.438      4.372      2.069
  -1   -2     -3.518     -6.538     -8.404
  -1   -2     15.438      4.372      2.069
  -1   -2     -3.518     -6.538     -8.404
  -1   -2     15.438      4.372      2.069
  -1   -2     -3.518     -6.538     -8.404
  -1   -2     15.438      4.372      2.069
  -1   -2     -3.518     -6.538     -8.404
  -1   -2     15.438      4.372      2.069
  -1   -2     -3.518     -6.538     -8.404
  -1   -2     15.438      4.372      2.069
  -1   -2     -3.518     -6.538     -8.404
  -1   -2     15.438      4.372      2.069
  -1   -2     -3.518     -6.538     -8.404
  -1   -2     15.438      4.372      2.069
  -1   -2     -3.518     -6.538     -8.404
  -1   -2     15.438      4.372      2.069
  -1   -2     -3.518     -6.538     -8.404
  -1   -2     15.438      4.372      2.069
  -1   -2     -3.518     -6.538     -8.404
  -1   -2     15.438      4.372      2.069
  -1   -2     -3.518     -6.538     -8.404
  -1   -2     15.438      4.372      2.069
  -1   -2     -3.518     -6.538     -8.404
  -1   -2     15.438      4.372      2.069
  -1   -2     -3.518     -6.538     -8.404
  -1   -2     15.438      4.372      2.069
  -1   -2     15.438      4.372      2.069
  -1   -2     -3.518     -6.538     -8.404
  -1   -2     15.438      4.372      2.069
  -1   -2     -3.518     -6.538     -8.404
  -1   -2     15.438      4.372      2.069
  -1   -2     15.438      4.372      2.069
  -1   -2     -3.518     -6.538     -8.404
  -1   -2     15.438      4.372      2.069
  -1   -2     -3.518     -6.538     -8.404
  -1   -2     15.438      4.372      2.069
  -1   -2     -3.518     -6.538     -8.404
  -1   -2     15.438      4.372      2.069
  -1   -2     -3.518     -6.538     -8.404
  -1   -2     15.438      4.372      2.069
  -1   -2     -3.518     -6.538     -8.404
  -1   -2     15.438      4.372      2.069
  -1   -2     -3.518     -6.538     -8.404
  -1   -2     15.438      4.372      2.069
  -1   -2     -3.518     -6.538     -8.404
  -1   -2     15.438      4.372      2.069
  -1   -2     -3.518     -6.538     -8.404
  -1   -2     15.438      4.372      2.069
  -1   -2     -3.518     -6.538     -8.404
  -1   -2     15.438      4.372      2.069
  -1   -2     -3.518     -6.538     -8.404
  -1   -2     15.438      4.372      2.069
  -1   -2     -3.518     -6.538     -8.404
 137  356     15.438      4.372      2.069
  -1   -2     -3.518     -6.538     -8.404
  -1   -2     -3.518     -6.538     -8.404
  -1   -2     -3.518     -6.538     -8.404
  -1   -2     -3.518     -6.538     -8.404
  -1   -2     -3.518     -6.538     -8.404
  -1   -2     -3.518     -6.538     -8.404
 132   -2     -3.518     -6.538     -8.404
