307
 170   18      3.662     -8.017     -1.500
 204   53     13.678     -7.811      6.683
  83   78     17.880     -6.281     -0.515
   0    2     18.890     -1.408     -2.596
  60    9     -6.979     -9.087     -4.625
   4    4      5.968     -5.820      9.170
  -1   -2      9.531    -10.509     -7.639
  85   -2      8.086     -5.316     -2.634
  87    3     -8.315     -8.439     -9.198
 121  121     15.169     -5.309      5.987
  12   11     10.709     -8.092     -5.787
  -1   -2     -8.744     -3.390     -6.677
   7    6     -7.563     -3.485      1.342
 191   -2     -0.023     -9.643      5.292
  13   14     17.916     -3.046      1.173
  -1   -2     -0.045     -9.439      1.609
  -1   77     10.448     -9.733     -7.450
  18   20     -2.743     -6.390      8.461
  81   -2     15.299     -6.485     -1.251
 235   44     18.668     -2.493      0.286
 186  134     13.768     -9.617      6.019
   5    7    -10.085     -7.604     -9.101
 202   75     16.239     -1.634      4.336
  -1   -2      6.309     -8.032     -0.922
  -1   19     -0.541     -0.537     -3.308
 132   -2     17.111     -9.818     -3.568
 234   -2     12.240     -7.709     -1.189
 254    1      3.448     -8.635     -4.991
 115   -2      3.834     -9.223      1.009
  -1   30      1.853     -7.824      9.426
 120   12      9.303     -7.488      4.776
  -1   22     16.272     -2.634      3.212
 109   -2     13.671    -10.053      2.455
  23   26     -9.861     -5.290     -1.451
  93   92     14.693     -7.466      7.776
 156   -2      6.158     -7.145     -0.768
  -1   -2     18.515     -7.077     -5.063
 211  219     17.944    -10.973     -0.790
  -1  251      0.459     -9.204      7.381
  -1  107      1.794     -5.013     10.301
  74   -2      9.893     -5.363      6.518
  44  261     14.212     -5.063     -2.752
  48   31      5.274     -5.257      8.569
  96   16     15.949     -7.906     -1.989
  80   -2    -10.441     -6.051     -7.240
 203   34     -5.747     -2.566     -5.559
  59   37      8.440      2.473     -8.992
 270   -2     -9.508     -8.835     -5.524
  -1   98      2.706     -5.930      8.971
  20   -2      2.965     -7.003      4.514
  99   13     11.189     -4.311     -5.228
 309   -2     10.163     -5.909      4.738
 258   43     19.766     -0.394     -4.097
  -1   -2     11.371     -9.338     -7.414
  21   -2     -0.995     -8.900      5.948
  35  148     14.467    -10.429     -9.533
  61   15     15.040     -9.114     -0.551
  63   51      1.389     -5.068      4.800
  -1  213     -1.276     -4.774      1.761
  65   49     20.097     -1.849     -3.219
  14   -2      4.714     -8.580      8.774
  -1   -2      0.363     -8.642     -7.200
 136   28     16.721     -7.366     -2.914
  -1   -2     -5.436     -6.373     -1.037
  71   69     -7.580     -6.708     -6.101
  37   10      6.322     -7.613     -6.433
  42   61      2.961     -2.718     -2.716
 151  109     -6.210     -3.040      2.651
 181  164      7.181     -5.294      7.725
 200   -2      9.442     -5.673      9.111
  -1   -2      2.108     -3.256      9.079
  64   62     -6.849     -5.910     -0.745
 187   71     17.282     -1.201     -9.344
  -1   32     11.623     -6.464      2.196
  43   95     14.118     -3.485     -1.682
  -1   -2     17.989     -2.895      1.043
  -1  136     16.157    -10.299     -2.212
 128   41     -1.056     -9.784     -1.114
 196   89      0.613     -5.301     -4.930
  73   -2     15.345      0.097     -8.480
 141   76    -10.067     -7.379      2.178
  -1   -2     17.185     -3.879      3.790
 184   -2      9.623     -4.862     -1.746
  33   -2      2.674     -7.731     -7.701
 123    8      0.651     -7.826     -3.259
 217   -2     -2.771     -9.283     -4.923
 153   -2      6.086     -5.976      1.931
 168   25      5.681     -6.051     -2.971
  75   -2     16.236     -8.713     -6.257
  -1   -2    -11.838     -1.283      0.470
 135  119      3.175    -10.609     -6.380
 291  248     15.967     -0.168      4.050
  88   83      1.517     -2.529      7.063
  98   -2     16.809    -10.507     -0.643
  91   81     -7.170     -3.989     -3.697
 172   -2     13.259    -10.353     -4.462
 198  242      2.508     -8.931      5.837
 252   -2      8.270     -3.865      1.643
  -1   -2      6.037     -3.140      7.391
 157  138     -3.656     -6.564     -8.781
  -1   -2     15.553     -9.602      4.440
  -1   -2     11.083      1.500      8.098
  19   85     16.309    -10.100      0.322
 162  178     10.102     -8.577      2.231
   9   -2    -10.892     -8.199      2.091
  -1   -2     19.217     -6.233     -7.586
  -1   -2      3.530     -8.921      4.634
  -1   -2      2.398     -9.621      5.810
  -1   72     17.923    -10.281     -8.439
 169   80      3.954     -9.292      6.325
  -1   -2     -0.039     -6.932      5.989
 160   -2     19.833     -5.638     -3.530
  -1  234      9.562      1.200      7.301
  -1   -2      8.899     -2.486      9.266
 117  102     11.910    -10.345     -0.495
  -1   21      5.913     -7.983      3.837
  -1   -2      5.478     -8.376     -1.117
  -1  110      2.428     -8.382      5.985
  -1  132     19.410    -11.132     -3.324
 129  198    -10.205    -10.448     -2.815
  84   63      4.752     -8.560      1.985
 140  123     16.704     -7.972      5.034
 126   -2    -10.329    -10.347     -5.869
  -1  163     -2.200     -6.277      9.588
  72  185      5.842     -9.167      7.485
  -1   -2    -13.239    -10.405     -7.548
  -1   -2     12.991    -10.388     -0.271
 127  201      8.047     -4.033     -5.000
  -1  150     -6.877    -10.016      4.304
 267   -2     -7.294     -5.377     -9.322
  -1   -2     17.118      0.396      3.328
  -1  114     15.844     -4.622      2.169
  95   47     15.304     -2.658     -7.092
   1   -2     16.055     -6.398      5.407
  -1   -2     12.589     -1.699     -0.026
 154   65     11.314     -7.447      0.728
 161   -2     -5.227     -9.506      1.111
  -1   79     14.035     -0.642      7.076
 133   -2     13.107     -1.421      1.256
  51   24      1.623     -9.693      5.416
  39   97    -10.029    -10.280     -5.826
  -1   39     17.083     -9.495     -5.902
  -1   67      0.792     -7.373      8.208
 143   29     15.288     -1.265      3.063
 176  220     12.376     -2.349      0.836
  -1  158     17.485     -5.646      3.684
 183   -2     -1.138     -7.934      0.102
  68  179    -10.922     -9.627     -1.466
  40   -2     11.974     -8.585      9.639
  -1  103     15.134     -2.453     -1.190
 238  196      2.863     -2.324      8.975
 138   -2     13.855      3.097     -3.105
 116   60     -7.307     -8.384     -4.728
 175   -2    -12.542     -9.429     -6.730
  16   66      3.720     -7.808      6.006
 216   -2      7.811     -1.719      1.438
 230  149     12.116      4.340      0.313
  92   -2     13.948     -9.541     -5.055
  -1  142     -4.836     -2.031      1.794
  -1   45      6.201     -7.479     -1.420
  50   50      3.759     -6.568      4.766
  29   -2     16.639     -9.137     -0.288
  67  131     16.338     -0.476      6.185
  22  135    -10.165    -10.240     -9.738
 208   -2     -6.625     -6.656     -5.520
 158   -2     -6.491     -7.766     -2.279
 195   -2     -3.920     -7.140     -4.947
  -1  127     13.091     -7.853      9.488
 159   68     16.169     -4.422     -9.094
  11   -2     18.985      0.436      1.101
 314  194     10.673     -4.500     -7.121
 253  182      9.534      3.466     -5.793
  -1   -2    -10.199     -5.841     -6.774
  -1   -2     20.078     -8.441     -2.745
  -1  120    -10.870     -2.491     -7.947
  -1  193      9.700     -0.098      8.509
 207  172     14.913     -3.102     -5.813
 164   -2     -5.167     -1.870      5.607
  -1   -2     -2.574     -7.908      9.369
  82  104     13.759     -8.814      7.855
 218   -2     15.153     -6.872      6.925
  57   -2     -0.662     -3.570      4.662
  -1  116      9.810     -5.821      0.146
 112   -2     17.560    -10.140      0.752
 145   58     16.136    -10.487     -9.247
  15   -2      4.896     -2.595      4.856
  56  111     14.703     -9.550      2.222
  -1  216     -3.907     -8.719    -10.050
  28  137     -1.395     -8.350     -2.273
  -1  240     -0.973     -7.255     -2.720
 209  200     -4.381     -6.580     -1.842
 148   70     19.049     -6.004      0.919
  77   -2     -5.951     -7.849      8.171
  -1   -2     -9.131     -6.789      0.927
  70   -2      6.866     -7.289      4.666
  -1   54     14.821     -3.515     -8.480
 246   -2      8.633      3.038      3.793
  -1  154     12.762    -10.069      1.018
 165  117     13.008      1.362     -0.981
  -1   59     -2.396     -5.346      3.983
 197   36     -5.156     -8.231      0.828
  -1  152     -0.611     -3.703      0.181
  -1   -2     20.368     -8.350     -2.128
 107   -2      0.517     -9.816      6.933
 166    0      5.939     -6.380      3.654
  89   -2     -7.907    -10.380      4.076
  32  209      0.407     -5.480      6.527
  69  199      9.868     -5.275     -3.552
  -1  184     -6.682     -9.988      3.929
 210  112     15.895     -2.108     -7.542
 215  174      8.825     -8.073      7.632
  -1   -2     13.649     -0.744     -8.408
 250   -2     17.924      0.270     -9.485
  -1  221     -3.936     -2.540      8.060
 173  258     -1.399     -3.179      4.689
  -1  175     13.261     -3.835      9.772
  -1   -2     10.538     -5.779      7.392
  -1   -2     -5.246     -1.859      7.726
  -1  257     11.456     -0.811     -1.930
  -1   -2     -5.672     -5.867     -3.111
  -1   74     -5.200     -9.926      6.582
  -1   -2     -0.037     -4.363     10.390
 188   48     -0.938     -9.181      7.290
 268   -2     18.297     -8.736     -8.386
  -1  195      3.150     -9.495      2.215
  -1   -2    -10.741    -10.496     -5.645
  38   42      5.059     -8.688     -5.372
 220  144     -0.434      0.959    -11.554
 264  236     18.011      4.073      1.068
  -1   -2      4.129     -3.699      8.251
  -1   -2      7.278    -10.029    -10.115
 232   -2     -5.870      0.911      3.037
  -1   -2     -0.983    -11.009     -5.700
 251  254     -1.145      2.314     -4.902
  -1   -2      2.967     -5.246     -9.109
  -1  230     -9.828      0.004     -7.513
  -1   17     12.992    -11.212     -3.207
 236   -2     -8.330     -0.835     -7.891
 239  232     10.810      5.398      2.939
 256  223     11.639      6.001     -1.139
  -1  252     19.309      1.444    -10.227
 259   -2     -2.818      2.296      2.013
  -1   -2    -15.182     -8.033      8.144
 257   -2      4.074      1.258      4.344
  -1   57      8.269     -4.835      3.830
  -1   -2     17.621     -0.242      8.088
 222   -2     -3.153     -9.172     -7.107
  -1   -2    -13.175    -10.704     -2.512
 219  141     16.351      1.891     -9.767
  -1  126     15.327     -2.181      9.462
  -1   -2     -1.393     -1.021      3.274
  -1   -2     17.630      3.163      3.921
 185  243     11.082      1.071      4.582
  -1  140     16.072      3.855     -9.666
 242  218      3.102     -0.182     -1.194
  -1  155     11.194      3.628     -3.050
  -1   -2     15.984      3.277     -8.535
 108   73     13.940      1.947     -6.582
 241  202     21.089     -0.381      1.044
 266  255     13.516      4.891     -8.311
  -1   -2    -15.928     -8.924      9.950
  -1   40     18.461     -1.724    -11.605
  -1  190     -9.167      4.316     -9.965
  -1   -2     21.295      3.033      2.951
  -1  256     16.718      1.008     11.241
  -1   55     19.134     -4.870     -3.367
  -1  228     -9.811     -0.510      1.800
  -1  253    -12.390     -4.639     -5.463
  31   -2     -0.516     -0.542     -3.508
 271  263    -10.237     -5.845     -6.781
  -1   -2    -11.940     -1.289      0.843
  27   -2     16.220     -2.647      3.267
  -1   -2     13.863     -0.649      7.481
 130   -2      2.456     -3.241      8.319
  -1   -2     -7.547     -3.447      1.684
  -1   -2      6.346     -7.999     -0.767
  -1   -2    -11.940     -1.289      0.843
 281  268     11.006      1.501      8.286
 283   -2     13.863     -0.649      7.481
 248   -2     18.011      4.073      1.068
  -1   -2     -8.645     -3.351     -6.562
  -1   -2      6.346     -7.999     -0.767
  -1   -2    -11.940     -1.289      0.843
  -1   -2     17.239      0.371      3.773
 298  279     -7.547     -3.447      1.684
  -1   -2     -8.645     -3.351     -6.562
  -1   -2    -11.940     -1.289      0.843
 297  278     -8.645     -3.351     -6.562
  62  146     17.239      0.371      3.773
  -1   -2      0.455     -8.579     -6.915
 279  280      6.346     -7.999     -0.767
  -1   -2      0.455     -8.579     -6.915
  -1   -2      2.925     -2.669     -2.018
  -1   -2    -11.940     -1.289      0.843
 273  285     10.379     -4.515     -6.356
  -1   -2      0.455     -8.579     -6.915
 312   -2      0.455     -8.579     -6.915
  -1  173      9.655     -6.089      6.401
  -1   -2    -11.940     -1.289      0.843
 320  287      2.925     -2.669     -2.018
  -1   -2      9.655     -6.089      6.401
  -1   -2      9.655     -6.089      6.401
  -1   -2      9.655     -6.089      6.401
 321  288    -11.940     -1.289      0.843
  -1   -2      9.655     -6.089      6.401
  -1   -2      9.655     -6.089      6.401
  24  208      9.655     -6.089      6.401
