392
   1  259     11.680     -7.111      2.023
  -1   97     11.652     -4.627     -2.495
 177  115     10.302     -6.135     -2.185
   3    3     -1.350     -8.408     -6.776
 287   55     -6.831     -5.945     -1.617
 136   -2     14.421     -8.337     -7.505
  -1  321      4.240     -8.635     -0.812
   2   28     14.414     -6.534    -10.082
 338  331     -5.112     -2.448      1.205
   7   -2     -6.130     -2.344     -5.044
 117  128     14.810    -10.302     -7.596
 132    9     -1.586     -9.028      9.688
  -1  334      3.908     -8.532      1.024
  -1   13     -9.734     -8.179     -1.002
  18   -2      7.847     -7.778      5.343
  16   18      5.364     -7.309     -0.826
  13   16     10.532     -7.986      1.227
 282   -2      9.674     -1.680     -8.123
 184   -2     -0.134     -4.110      9.020
  52   -2      5.823     -9.151      7.393
  28   17      8.821     -6.887     -4.876
 127   -2      0.891     -2.847     -3.293
  17   -2      0.059     -8.379      7.541
 146   30     -7.286     -4.541    -10.399
  -1   -2     15.625      2.250      1.747
  -1   -2      0.299      2.443     -9.749
  -1   32      6.724     -8.014      9.690
 108   79     14.412     -9.406      3.343
 233   22     16.410     -6.811     -7.091
  -1  141      3.348     -8.785      5.144
 161   -2     -2.551     -8.612      5.440
  34   26     -7.441     -2.619     -4.086
 121   48      7.435     -6.216      7.465
  -1   -2      0.977     -6.145     -5.633
  44   -2     -9.979    -10.249     -7.221
  41   39      7.976      3.955    -10.078
 253   66     -1.590     -9.395      6.203
  33  248     12.502     -6.008     -7.138
 198   42      0.198     -9.399      1.997
  50   41     -1.085     -2.849      4.628
  39   38      2.065     -2.053      6.188
  35   -2     16.542     -3.141     -6.193
 246  222     11.031     -4.161      3.763
  59   43      4.271     -3.030      1.792
  32  271      6.629     -8.992      8.841
 118  235     -3.707     -6.609     -8.465
 187  107    -10.670     -7.161     -9.545
  58   50      4.186     -7.300      0.285
  -1   -2     16.842     -9.872     -1.948
 150   -2     -8.321    -10.830     -3.550
 296   -2     -7.288     -5.970     -7.991
 123   -2      4.080    -10.234     -0.129
 286   73     -1.443     -8.570     -4.950
  -1   -2     14.321     -5.862      4.091
  -1   49      3.013     -7.689      5.516
  40   44     13.858     -7.565      3.871
  80   -2      3.295     -6.638      5.864
 165   -2     15.114    -10.492     -1.331
  61   52      9.416     -2.986      2.780
 145  100      9.730     -2.648      6.355
 254   -2     14.435     -8.858      2.835
  -1  145      8.963     -7.545    -10.157
  73   -2     11.350     -5.985      2.272
 309  167     -0.662     -1.957      1.041
 230   65     -3.565     -5.099     -4.357
  49  254     18.385     -4.598     -1.084
 162    1     -2.862     -8.644     -7.544
  -1   -2     -0.076     -9.768      2.281
 316  242     15.750     -1.708      2.957
 114   -2     17.077     -9.785      3.443
  66   67      3.062     -0.135     -2.205
  -1   88     10.314     -3.259     10.302
 217   -2      0.138     -8.189     -0.389
  81   74     -4.524     -4.235     -3.611
 154   75      2.489     -9.885     -1.152
 192  325     11.097     -2.061      4.291
  71   -2     17.119     -7.291     -1.344
 213   -2     -3.727     -7.433     -7.006
 272   37     -6.834     -5.898      2.417
 135  126     12.414     -6.336      1.585
  86  262      4.512     -7.531     -6.437
 240  304    -11.078     -2.286     -8.420
  -1   -2      7.368     -4.983      3.448
 259   72     14.487     -6.985      9.715
  -1   -2     19.162    -10.192      0.536
 261   -2      2.040     -6.255     -3.110
  -1  122     -1.602     -5.791      2.232
  57   86     17.262     -1.580      0.366
  14  258     14.705     -8.687     -5.379
  -1   10      1.827     -3.108     -7.985
 288  152     -0.284     -6.686     -5.430
  -1   -2     13.916     -5.637     -2.927
  84  275    -10.437     -5.676      3.620
  68   -2      6.106     -6.533      5.151
  -1   -2     10.236     -7.459      2.545
 163   -2     -8.425     -9.769     -1.176
  -1   -2      9.181     -4.159      4.497
  -1   -2     12.496     -4.538      9.223
 221   53      2.548     -9.202      9.120
 219   -2      2.674     -7.728     -7.702
 228  120     17.963     -7.811      1.021
 327   78     18.765     -8.418     -2.638
  -1   -2     -8.886      0.728     -2.694
   5    0     -8.896     -8.921     -1.588
 140   -2     -9.925    -10.366     -5.216
  51  243      8.311     -1.782      4.902
  -1  308    -12.722     -2.946     -8.727
  -1  247     10.570    -10.562     -0.763
   0   -2     -8.473     -6.854     -7.763
   9  256     -9.417     -4.934      0.835
  -1  217     16.116     -4.235     -8.497
  60   -2     16.703     -6.983     -5.136
  -1   -2     -8.646     -8.823     -7.956
  -1   -2     10.022     -1.104      5.344
 214  239     13.613     -9.692      5.994
 128   91      7.368     -9.538      5.612
 197  252     17.632     -9.499     -8.635
  -1  212     -2.235     -6.580     -0.049
  -1  113     -5.495    -10.001      7.762
  -1   -2    -10.948      2.419     -3.511
  -1   -2     12.091    -10.014      2.665
 232   -2     -8.277     -8.664     -8.460
 186  197      9.112      2.026      8.708
  -1   -2      1.638     -7.929      7.186
 190   -2    -12.338     -8.660     -9.442
 280   -2     -2.846     -9.950      5.360
  30  163     14.264     -6.202     -4.221
  -1   -2    -13.827     -6.491     -2.460
 170   -2      6.364    -10.823     -9.405
 251   -2     -0.426     -8.800      5.361
  -1   -2      6.714     -0.784    -10.339
  -1   -2     -4.768     -3.358     -9.797
  38   -2    -10.130     -7.682     -3.021
  -1   19     -7.849    -10.581     -2.344
  -1   -2    -10.693    -10.236      1.596
  -1  232     14.298     -4.100      9.923
  21  143      7.904     -8.105     -1.042
 134   15      8.089     -7.584      1.268
  -1   76     -4.292     -7.568      3.177
  76  166     17.975     -1.015     -5.600
 265  105     -2.839     -9.799      6.796
 139  112     14.788      0.566      8.722
 164   -2     15.742      0.943      6.588
 225   -2     10.908     -5.765     -3.904
 103   69     15.106     -3.763     -1.561
 106   -2    -11.567    -10.431     -4.905
 202   -2     15.302     -2.658     -7.088
  -1   93     15.353     -7.100     -8.747
 313  182    -12.068     -5.263     -9.653
  92   56     11.668     -9.287     -8.858
  -1   -2     12.907     -6.421     -8.579
  -1   -2     -9.942     -0.875     -7.156
  -1  146    -10.019     -8.985      3.371
  42   -2      1.306     -8.646     -6.553
  -1   -2     12.921     -4.287      9.065
 144   -2    -10.298    -10.121     -2.138
  22  125     -2.617     -9.961     -4.018
  -1  220     20.847     -4.461     -4.138
  -1  237     12.525     -8.445      9.923
  55   -2      6.235     -8.687      7.474
 130   24     -2.509     -7.990      5.352
  -1  183      6.437     -3.266      7.352
 116  249      6.311    -10.145      2.651
  -1  123     11.597    -10.551     -7.809
 160   -2      2.386    -10.065      2.309
  10  270      9.436     -7.279      2.789
  99   36    -12.050     -9.010     -0.855
 271  151     15.325     -3.255     -8.317
  -1  154     13.761     -3.709     -0.851
 143  190     20.363     -8.910     -3.623
  75   -2      8.544     -4.438      4.176
  45  104     -1.509     -3.378      3.922
  -1  147      3.746     -3.653      7.172
  -1  129     -1.898     -9.191     -2.083
  53   71     19.533    -10.540     -5.725
 167   -2     12.625     -1.710     -0.119
  -1   -2     -6.487    -10.134     -5.246
 226  131     19.506    -10.900     -4.041
 189  110      6.162     -9.860     -5.027
  -1   -2     12.032     -3.542     -6.044
  -1   -2     20.406     -6.257     -2.695
 113  174     -9.303     -7.923     -7.662
 158  206     -1.795     -0.651     -3.806
  62  157      0.650     -6.651      2.962
  -1   29     19.560    -10.149     -1.313
  -1   -2      2.585     -9.214      2.609
 255   -2     16.877      0.823      5.154
  26   -2      3.870     -9.550      9.190
 302   -2     16.402      2.677     -9.727
  -1  173     -6.601     -7.745     -0.690
 137   -2     12.913    -10.195     -8.318
 191   -2      1.615     -4.514      3.719
 264  168     -2.371     -7.218     -1.765
  37  192      2.874    -10.688     -5.320
  -1   -2     18.035     -9.005     -6.977
 236   85      0.391     -7.078     -3.842
  77  101     13.166     -9.179     -7.262
 328  148    -10.742     -3.398     -3.823
  -1   -2      3.409     -5.282      6.355
  -1   -2     16.465    -10.352     -2.097
 156   -2     19.485     -6.491     -2.658
 322   -2     14.140      0.487     -3.877
  -1   59     14.468     -9.649     -4.539
  -1   -2      4.018     -7.361      4.882
  -1   63      2.238     -3.236      8.919
  -1   -2      4.944     -5.756      9.338
 301  137      0.640     -8.601      6.489
  -1   -2     -0.313     -9.810     -8.605
  65  106     -3.646     -9.038      1.010
  -1   -2     14.710     -0.517      9.993
  67   54      1.085     -2.606     -2.595
 326   -2      7.942     -1.709      5.009
  -1   -2     15.693      2.962     -3.365
 237  202     17.046      2.066     -5.458
 234  203     10.326      2.050     -9.483
  -1   11     14.101    -11.012     -9.047
 220   -2     19.348     -0.255     -7.302
 166  208     19.655     -7.381     -4.755
 194  121     15.649     -4.559      1.841
   6   -2     -3.379     -9.764     -4.161
  -1   -2     -7.824     -6.889     -0.939
 131   -2      7.049     -9.689      3.111
  -1    4     17.903     -6.359      3.493
 260  272      7.960     -7.376      2.551
  -1  127      4.172     -7.654     -9.673
 159   62      0.705     -7.065      6.605
 107   -2     19.602     -9.471     -5.536
 258  253      4.190     -6.544     -5.462
  -1   45     16.808     -7.176      0.466
 157   -2      3.430     -8.435      4.425
  89  118      8.815     -8.651     -7.347
  -1  162      9.735     -8.260     -6.720
 244  265     17.707     -3.670     -9.520
  -1  214     16.717     -4.698    -10.521
 276   -2     -0.980     -5.491     -6.983
 248  179    -10.029     -9.692     -7.474
 176   83     -6.425     -6.185      1.579
 216   94     17.468     -8.127     -1.086
  -1  224     -4.746     -8.741      7.099
 274   -2     -6.230     -5.310      3.796
 249  149     -9.473    -10.467     -1.127
  -1   -2      8.132     -2.911      9.394
 104   -2     15.833     -8.321      1.758
  -1  139     12.406     -2.758      9.251
  79   61      6.013     -3.302     -5.881
  -1  181      8.796     -9.770     -2.427
 303  329    -11.501     -4.401     -6.012
 120  102     -0.996    -10.732     -3.783
 195   -2     -8.824     -9.358     -4.631
  88   80     -4.811     -5.160      8.252
 270   90     17.693     -1.493     -7.119
 168  238     -4.044     -9.981     -1.948
  -1   87     17.246     -9.396     -0.138
 193   31      6.628     -9.806      5.461
 314   -2     -0.125     -0.196      2.981
 293   -2     19.050     -0.873     -4.975
  -1   82     13.621      0.652     10.266
  -1   -2      3.663     -0.846      7.353
 133  225     -7.901     -2.475     -1.343
 243  213     19.079     -0.568     -5.734
  -1  194     18.101     -7.271     -6.584
 346   -2      3.209     -2.588      9.852
  -1  134     20.335     -2.410     -3.961
 284  216     -2.305    -10.076      8.554
  -1  223     -9.711    -10.943     -4.246
 188   -2     14.743     -3.211     -4.250
  -1   -2      1.426     -1.149     10.044
 151   27     18.339     -4.486     -4.378
  70  305    -13.386     -8.273     -4.519
  -1  218     -9.957    -10.065     -1.289
 199   -2     -7.590     -7.993     -6.353
 105   60     16.411    -10.734     -4.505
  -1  204      8.678     -5.365     -9.465
  -1  260     -2.835     -4.406      1.191
  -1  240      0.623     -7.214     10.099
  -1  171      2.500     -8.882      4.362
 115  290     19.959     -6.670     -2.668
 374   -2     11.946     -0.385      3.242
 242   64      0.376     -2.437      4.226
 229   -2      3.098     -1.404      7.631
 141  210      9.664     -6.886     -6.145
  -1  119     -9.317     -7.508    -10.735
  -1   -2      4.400     -9.801      2.008
  -1  142     13.460     -9.620      6.359
 252   -2      7.798     -6.786     -0.288
  -1  309     12.564      3.414     -1.031
  -1   -2      4.762     -8.218      3.476
  95   -2      4.156     -9.063      9.136
  -1   -2     18.060      4.071      0.955
 329   -2     -8.292      1.522     -3.078
 317  245    -12.633     -2.914     -4.912
  -1  282    -14.338     -3.943      0.446
  -1  257     -3.563      1.414      1.041
 347   -2    -13.222     -1.117     10.187
 300  328    -14.601      1.471      2.607
  -1  189     21.287     -0.413      9.871
  -1  231     16.285      1.523    -10.826
  -1   -2      8.527      4.760      6.811
  -1   -2     10.237      4.766    -11.485
  -1   -2    -12.269     -6.123      3.502
  -1   -2     -5.370     -1.882     -9.787
  -1   -2    -12.498     -1.656     -7.990
 323  281     -9.277      1.945      7.612
  -1   -2     10.893     -1.573      9.009
  -1  278      8.246      4.958      4.691
  -1  186     15.198      5.026     -8.168
 299   -2    -10.157     -1.928      2.163
  -1  246     19.405     -2.284      4.017
 334   -2     10.376      0.855     -4.249
  -1   -2    -16.055     -6.015      8.419
 283   -2     17.281      3.459     -3.839
  -1   89    -12.459     -9.738     -7.709
  -1   -2    -16.284      0.553      6.198
  -1   92     19.378     -4.450      8.340
  -1  261     -4.312      4.033     -8.689
 319  226     15.735      4.376     -0.294
  -1   -2     15.235     -1.739      2.991
  -1  312     16.010     -0.705      6.702
  -1   58     12.015     -6.401      9.170
 320  313      3.139      5.789      5.729
 321   -2     -4.387     -3.733      2.077
 325   -2     20.044     -0.658     -2.950
  -1  273     15.710    -10.817     -9.013
  -1  136    -10.852     -6.230     -5.502
 332  306     -1.251      4.307     -9.620
  -1   -2     16.467      0.958     11.528
  -1   -2     20.405      0.101     11.129
 324   -2      5.056      4.026      1.653
 312   40    -11.086     -4.770     -2.432
  -1  187     -8.087     -3.495    -11.960
  -1   -2     18.087      5.835     -8.592
 335   -2    -10.492     -3.491     -8.696
  -1   -2      8.957     -1.029      5.487
  -1   -2      4.326     -8.626     -1.035
  -1  330     -5.058     -2.430      1.105
  85   -2      3.908     -8.532      1.024
  23   23     15.643      2.273      1.770
  -1   -2     15.524      2.248      1.295
  -1   -2      5.381     -7.304     -0.895
  -1   35     -0.325     -4.093      8.739
 379  358     -8.886      0.728     -2.694
 149   33      9.893     -1.105      5.665
 126  111    -10.980      2.416     -3.504
  -1  346      9.618     -1.686     -7.966
 360   68     15.274     -1.712      3.900
 169  326      6.293     -3.264      7.726
  -1  209      1.204     -1.065      9.591
  -1   -2     18.060      4.071      0.955
 304  289     14.976      2.929     -5.935
  -1   -2      4.326     -8.626     -1.035
   4    2      4.240     -8.635     -0.812
 349  336     -6.041     -2.319     -5.223
  -1   -2     -5.058     -2.430      1.105
  97   -2     -5.058     -2.430      1.105
  -1   -2     15.643      2.273      1.770
  -1   -2     15.524      2.248      1.295
 355  340      0.350      2.463     -9.656
 352  339      5.443     -7.301     -1.064
  -1   -2      9.618     -1.686     -7.966
  98  184     16.901     -1.637     -0.962
  -1   -2      0.350      2.463     -9.656
  -1   -2     15.643      2.273      1.770
  -1   -2     15.524      2.248      1.295
 353   -2    -12.356     -8.987      0.267
 340   -2      0.350      2.463     -9.656
  -1   -2      1.044     -6.109     -5.507
  -1   -2     15.643      2.273      1.770
  -1   -2     15.524      2.248      1.295
  -1   -2      3.063     -0.110     -1.863
  -1   -2      9.353     -2.955      3.309
  -1   -2     -1.530     -3.316      4.773
  -1   -2     -8.886      0.728     -2.694
  -1   -2      9.618     -1.686     -7.966
 351  348      1.044     -6.109     -5.507
 101   12     13.529     -5.679     -2.114
  -1   -2     -1.530     -3.316      4.773
 385  362      9.353     -2.955      3.309
 369   -2      9.618     -1.686     -7.966
  -1   -2      3.063     -0.110     -1.863
  -1   -2      7.753     -7.713      6.044
  -1   -2     13.529     -5.679     -2.114
  -1   -2     15.643      2.273      1.770
  -1   -2     15.524      2.248      1.295
  -1   -2     15.669      2.259      1.863
 350  337     15.524      2.248      1.295
 358  351      3.063     -0.110     -1.863
  -1   -2     -1.530     -3.316      4.773
 382   -2     -1.530     -3.316      4.773
 378  357      4.092     -3.069      2.021
 344   -2     -8.886      0.728     -2.694
 386  363      7.753     -7.713      6.044
 381   -2     13.529     -5.679     -2.114
