464
  -1    2     -7.928     -4.743     -4.333
 354  173     -1.367     -8.617      1.387
  -1   14      3.469     -8.052      4.791
   4  449      0.158     -8.808      1.448
 173   -2      4.720     -5.652    -10.351
   5   -2     -5.650     -5.962     -1.510
   1  100      3.731     -7.527     -8.706
   7   -2      3.371     -9.493      1.238
 431  467      6.316     -7.183      4.065
  34    8     -1.336     -7.080      2.704
  32  227      0.132     -9.328      0.216
  15    9      5.541     -5.432      3.158
 265   -2      1.778     -7.884      0.376
  20  452      7.499     -7.180     -4.874
 262  343      9.029     -5.201      9.912
 365   -2     -1.243    -10.288     -6.212
  44   -2      2.297     -8.981     -2.715
 113   11     10.934     -7.585     -4.477
  -1   -2     -0.990     -9.408      1.475
 119   -2      6.399     -7.181     -7.445
 142   24      4.050     -9.984     -3.265
  -1    6      2.572     -9.220     -2.688
  -1   13      2.548     -9.658     -4.658
   2   -2      3.516     -7.723      5.005
 122   -2      7.006     -9.232     -7.336
  30  119      3.659     -9.615     -5.328
  24   20     -1.306     -6.474      0.182
 279   -2      4.103     -6.542     -6.170
 111   -2     -4.064     -5.448      6.563
  11  451     -2.136     -6.933      3.067
  41   47     -0.499     -3.292      3.028
  43   -2     -3.094     -7.286     -4.091
  40   25      8.282     -5.648      1.586
  -1  159      0.821     -9.454     -2.893
 120   -2      6.149     -8.673      3.980
  27   19      9.784     -5.265     -4.374
 191   80      6.483    -10.228     -6.920
  -1   35     -1.199     -7.577     -7.385
 109   22     -6.241    -10.294     -4.733
  39   36      4.960     -6.639     -0.186
  36   -2      8.946     -8.995     -5.481
 357   -2      5.361     -5.967     -7.892
  50  273      3.760     -7.934      2.406
 336  351     -4.352     -7.661      4.980
  -1  293     -1.311    -10.840     -9.736
  26  453      4.010     -8.157     -1.646
 311   87     -3.455     -9.365     -4.394
 239   -2     10.791     -8.418      7.749
  -1   45     -4.646    -10.408     -2.482
 369  138      4.892     -8.296     -7.522
  66   33     -5.279     -5.299      1.104
 210   -2      8.434     -7.514     -8.167
  49   52      4.205     -4.856      2.585
  -1   -2      6.912     -7.391      3.954
 207   74      0.804    -10.192     -7.927
  59   58      2.847     -1.589     -3.617
 341  284     12.938     -8.431      6.312
  -1   -2     -4.011     -9.074     -0.715
 293   -2      9.799     -8.981     -2.426
  95   -2      8.473     -8.578     -9.035
  -1  311     -1.775     -6.271     -9.904
  85  460     12.914     -4.794     -2.211
  77   81      6.200     -2.731     -3.138
  10  358      4.567     -9.055      0.142
  -1   -2      1.497     -7.883     -0.002
  -1   65      0.815    -10.093     -3.183
  -1   -2     -3.490     -8.725      4.282
  69   59      7.417     -6.874     -0.148
  81   -2     -0.571     -9.265      0.283
  64  410      0.374     -6.865    -10.480
  -1   17      2.504     -9.123      3.308
 187   -2      3.987    -10.310     -4.822
  84   75     11.502     -7.151     -6.462
  53   -2      1.192    -10.380     -7.974
 402   -2     -5.135     -7.671     -6.931
 276   73      7.071     -8.165     -5.758
 437  182     -3.016     -3.220     -6.414
  48    1     -0.260     -9.158     -3.467
 110  319     -1.116     -7.782     -3.588
  72  136      8.493     -5.719     -3.304
  52   -2      3.374     -8.348     -2.137
 185  196     -7.437     -6.879     -5.701
  -1   -2      8.096     -6.450      8.627
  -1   -2      1.590     -7.469      5.156
  -1   -2      7.951     -8.534      8.150
  94   -2      7.107     -6.001      1.612
 143  331      0.155     -4.443     -3.228
 296  210      6.712     -6.944      7.065
 106  276      7.341    -10.401     -7.341
 305   -2     11.624     -6.381      1.816
  -1  328      2.005     -4.190      0.946
  -1  413     -1.337     -7.773      1.586
 381   -2     10.986     -9.384     -4.739
 368   29      8.499     -9.977     -9.721
 385   -2     11.156     -5.418      3.400
 330   38      0.664     -7.749     -8.143
  -1  380      9.531     -7.652      5.808
  -1   -2      6.338     -4.991      7.579
  -1   -2     12.518     -1.649      0.348
 222   -2     -6.457     -6.941      2.367
 147  101     -8.135     -3.606     -8.225
 439  122      3.877     -8.016     -2.871
   0   -2     -1.489     -9.257     -2.516
  87  131      0.109     -5.395     -3.087
  -1  191     -0.092     -8.251     -9.332
  83   89     -4.391     -6.872     -6.942
  -1  317     -6.503    -10.917     -4.236
  92   -2      1.853     -3.020     -0.116
  -1   -2    -10.738     -4.335     -9.457
 156   -2      4.487     -7.848     -3.232
 240   88     -3.230     -5.514      0.760
 224   -2      7.358     -9.577     -7.978
 325   40     -4.471     -9.872      1.155
  96  162      6.742     -7.335      9.725
   6  252      4.614     -5.099    -10.755
 149  213      7.967     -5.891     10.089
  -1    7      4.105     -7.439     -6.980
  -1   92      2.361     -6.891     -4.792
  76   -2     -6.370    -10.582     -3.250
 355  204     -6.463     -8.136      0.646
 144  170     12.307     -2.835     -5.419
  -1  179     -7.508     -7.935      6.358
  -1  228     -8.790     -5.872      6.176
 295  190     10.340     -3.654      9.490
 160  154      3.012     -6.843      3.347
 140   37      9.977     -9.062     -7.624
 202   -2      4.405    -10.157     -4.997
  -1   83     10.837     -8.960     -2.077
 259   -2      2.694     -9.097     -0.155
 198   -2      3.549     -6.060     -7.973
  -1   -2    -10.501     -6.915     -8.104
  -1  197      7.267     -5.838      1.502
 205  357      9.391     -4.460     -9.610
 260  368      2.557     -3.110     -7.072
 165  386    -10.517    -10.023     -8.033
 241  330     -7.133     -8.804     -2.683
  -1  145      6.592     -8.013     -6.983
 318  408     -3.180     -4.015     -3.727
 186  246      8.989     -2.964      8.616
 102   84      3.746     -9.148     -2.247
 179  157     -3.797     -3.909      1.166
  99  150      0.226     -6.444      8.620
 292  177      0.653     -4.802      6.364
  -1  230     -4.362     -9.806     -6.444
  71  144      1.943     -2.478      0.737
 308  133     -3.028     -8.701      5.587
 393   15     -1.261    -10.591     -8.415
 270   -2     -0.988     -9.334     -6.348
  -1   -2      1.262     -3.914      8.163
 307  306      4.862     -7.359     -2.420
  37   94     -4.289     -7.416      3.664
 203  394      9.638     -4.948     -4.403
  -1   -2      3.291     -5.310     -3.357
 358   -2      2.816     -8.449     -6.842
 152  163      0.730      2.211      7.488
 169  305     -3.474     -7.529      2.366
 334   -2      3.279     -3.403     -0.287
 118   95     -3.773    -10.277     -2.878
  -1  164     12.056     -4.742     -1.802
 135   66      8.580     -6.556      0.842
 272  316      6.128     -4.213     -1.322
  -1  263      3.546     -9.995      0.337
 254   -2     -7.427     -6.216     -7.591
 164  175      6.984     -5.421     -4.779
  -1   -2      3.765     -8.219      2.076
  -1  373      8.285     -8.965     -6.400
 255  174      8.089     -6.562      5.187
 302  400     -1.279     -4.159    -10.027
  -1  120      3.222     -9.283     -7.466
  98   -2     10.708     -6.742     -0.299
 267  282     10.565     -5.516     -2.070
  -1  399      1.811     -2.804      3.134
 145   63     -5.477     -5.958      7.555
 127  377      6.820     -2.582      9.238
 181  155     -3.528     -6.640     -1.268
 315  372      1.576     -5.099      8.684
  -1  440     10.006     -3.143     -4.890
 388  172      3.767     -2.303     -5.935
 268   -2      6.099     -7.709     -5.041
 321  169     11.938     -1.567      8.221
 339  161      4.452     -6.750     -3.735
  -1  192      4.260     -6.866     -9.017
  -1   -2     16.501     -1.800      5.390
  -1  292      6.463     -7.514     -1.131
 423   39      8.456     -1.990     -6.586
 298  102     -6.450     -4.308     -4.378
  -1   67      2.281     -8.668     -6.322
  -1   -2      0.878     -8.729      9.077
  -1   -2     16.421     -6.446     -3.960
 340  237     15.067     -4.906      6.704
 150  277      9.727     -8.176      8.057
 206   -2      8.574     -4.311     -2.768
 399  111     -4.475     -3.080     -5.125
  54   -2      8.328     -7.265      3.076
 391  314      7.001     -7.737      6.720
 290   97     -3.876     -8.156      1.819
  29  334      4.322     -6.350     -7.748
 372   -2      4.886     -8.482     -5.339
  12   -2      0.640     -9.844     -4.219
 317   46     12.626     -8.974     -1.132
  -1   54     -3.077     -7.738     -6.518
 201  202      7.291     -3.700     -2.787
 199   -2      0.370     -4.800     -4.388
  -1   -2      3.839     -6.228      7.547
 197  414      9.127     -3.497      1.692
 105   -2      4.675     -7.173     -2.925
 153  181      7.209     -7.388      6.176
  38  245      8.363     -6.573     -7.563
  -1  185     11.541     -7.956     -3.542
 126   -2     14.123     -4.750     -3.597
 246   26     -1.920     -9.623      3.453
  -1  241      6.726     -4.238      8.841
  -1  201      2.268     -1.178     -0.265
 196  194      7.551     -4.111     -3.326
  -1   -2      7.308     -6.503     -0.038
 397  188      7.924     -7.581      5.279
  -1  220     -0.859    -10.057      6.570
 316  256     -6.120    -10.038      3.408
  -1   -2      3.338    -11.070      1.742
  -1  146      1.414     -9.852      6.998
 124  462      0.005     -8.751     -5.385
 371   -2      3.245    -10.569      1.790
  -1   -2     -7.890     -3.708      2.244
  55   -2     17.885     -8.908     -6.820
 244  361     -1.326    -10.554      6.528
  -1  233     -4.092    -10.229      7.737
  74   -2      2.945    -10.527     -4.049
  47   -2     -6.486     -4.168      0.423
  68   -2     -8.962     -7.754      1.502
  -1   -2      6.756     -9.629      7.148
  -1   -2      2.601     -9.322      9.727
  -1  225      6.713    -10.174      0.307
 247   -2     -2.186      1.731      4.502
 228   -2      9.179     -9.342      3.662
 313   -2      5.153    -10.015      6.955
 214   -2     -0.838     -9.557      9.045
 416  285    -11.796     -4.842     -4.433
  -1   -2      8.271     -8.347     -0.038
  -1   -2     -7.366     -5.451     -9.495
  -1   49     -5.673     -9.026      0.377
  -1  295     19.355     -9.185     -6.434
  -1  360    -13.144     -9.203     -2.250
 400  300     10.667     -9.578      6.787
 338  247     -6.295     -6.599     -8.634
 337   -2    -11.947    -10.008     -4.342
 285  267      3.771    -10.909     -6.688
 117   85     -5.012     -2.370     -7.368
  -1  224      4.181    -10.698      5.353
  -1  166     10.449     -6.770      2.505
  45   -2     -3.901    -10.163      0.785
 376  341     10.428     -1.263     -1.247
 363   -2     -9.435     -4.327     -3.223
 429  420     -8.683     -1.752     -9.161
  89  149      4.451     -6.722      6.711
 101  253      2.939    -10.254     -3.113
 411   -2     -4.258      1.318     -0.978
 264   -2     15.299     -2.654     -7.083
  80  288     -1.063     -5.646     -4.893
 359  318    -10.349     -6.243      1.025
 331  103      2.503    -10.722     -8.187
  -1  370      9.121    -10.124     -9.005
  -1  407     17.074     -7.111     -8.921
 251  441      9.526      1.227      7.401
  -1  216     -5.236     -6.998     -7.764
  -1   98     -0.289     -8.159     -7.744
  -1   -2     -3.661     -9.713      7.762
  -1  187     15.138     -5.092      9.839
 134   -2      6.544     -5.777     -2.117
  -1  143     -5.807     -6.736     -2.839
 171  289    -11.831     -9.790     -9.901
  -1   -2     13.571     -7.755      8.505
  -1   -2      9.206     -8.240      5.050
 243   91     -2.126     -6.915      8.902
 217  359     10.814     -8.565      9.141
 299   -2     -2.441     -4.188     -2.787
 237  323      5.701    -10.495     -1.220
 213  219      2.350    -10.932      0.042
  -1   -2      1.701    -10.847     -5.690
 115   -2     -5.293     -3.887     -6.635
 175   -2     -3.822     -8.872      1.816
  -1   -2      2.100     -3.829      9.184
  -1   -2     19.785     -7.340     -5.663
  21    0      3.436     -8.691      4.314
  -1   -2     -1.815     -6.390      6.182
  -1  365     -1.442     -5.122     -5.202
  -1    4      3.520     -8.082      6.650
 116    5      8.816     -4.987      8.673
  -1  211      3.161     -2.341      9.823
 236  223      4.854    -10.903     -4.261
  -1   -2      8.081     -5.369     10.154
  -1  429     16.280     -1.206      0.770
  -1  307     10.212      2.274      6.273
  -1  113      4.009     -5.693     -0.964
 297   -2      0.968     -7.907      0.669
 178  167      1.491     -5.555     -0.624
 419   -2     -2.929     -2.243     -2.940
  -1   -2     -1.048     -0.642     -9.181
 249  465     12.422     -7.778      7.004
  -1  129     -3.747     -2.955      9.004
 220  235     -2.959     -0.813      1.711
 367   68     -3.543     -2.776     -0.466
 257  257    -11.006     -6.227     -7.887
 238  283     -9.015    -10.877     -3.188
  -1   -2      9.144     -3.603      5.047
 212  348     10.374     -9.278      8.107
  97  339     -0.130     -3.236     -5.855
 356   90     10.058     -2.933      7.554
 345   -2    -10.828     -9.209     -1.875
  -1   -2      6.359     -9.309    -10.354
  -1   96      6.059     -8.755      0.024
 382   -2     15.092     -7.927     -2.982
  -1   86      7.521     -9.248      9.995
  91  326      4.438     -8.841     -6.810
 335  186     12.378     -3.659     -3.516
 269  455     -3.841     -7.650      0.251
  -1  395      1.987     -1.793      3.658
  -1   -2    -11.840     -7.100     -3.518
  -1   -2      5.687     -1.332      9.104
 323  329     20.203     -8.335     -1.749
 286  189     17.060     -6.745     -1.189
  -1  104     13.680     -9.398      5.571
  -1   -2      1.750     -3.568      0.850
  -1   18      5.982     -7.096     -9.739
 131   -2      9.402     -9.384     -8.078
  -1   -2      7.243      0.594      9.904
  -1   -2     -7.571    -10.473     -3.303
 266   -2     -9.305     -7.404     -1.523
 284   -2    -11.902     -8.059     -2.582
 328  151      3.620     -3.397      8.541
 312   -2     -6.318     -8.169      6.085
 409   -2      7.281     -6.151     -6.178
  -1  158     10.382     -8.780     -7.093
 232   -2     -2.847     -9.938      7.585
 218   -2      9.378     -9.738      2.831
  -1  390    -12.543    -10.491     -0.846
  -1   -2     -3.016     -6.217     -4.673
  -1  123      0.713     -8.662      1.102
 407  354     -4.246     -1.042     -7.351
 398   -2      5.565     -7.950      3.992
 418   -2    -10.019     -5.315     -8.443
  -1   -2      6.633     -9.214      3.844
  -1  180      4.207     -3.622     -8.706
  -1   -2     -6.474     -6.991      7.697
  -1  140      9.122     -8.666     -7.511
  -1   -2     -7.931     -3.091      4.580
  -1   30      3.002     -7.050      5.746
  -1  392    -11.314     -4.908     -1.247
  -1   -2      6.661     -7.593      4.957
  -1  178      0.417     -5.108      4.635
  -1  109     16.386     -2.838     -9.144
 320  336     -4.823     -7.527     -4.762
  -1   -2      2.119     -1.981     -3.297
  -1   -2      1.148     -5.615      5.305
  -1   -2     -1.252     -3.240      4.758
 379   50      8.777     -9.848     -7.345
  -1   -2     -3.220     -9.982      2.172
 287  362     12.982     -9.148      4.216
  -1   -2     13.909     -7.310      2.227
  -1   -2     -8.024     -2.434     -9.006
  -1   -2      6.575     -3.211      8.476
 121  327      5.215     -8.378      6.806
  -1  132      2.114    -10.782     -4.024
  57  112      3.509     -9.306     -8.895
  -1   -2      6.229     -2.631     -5.017
 378  411     -0.660     -1.081      4.696
 184  302      2.237     -3.253      2.778
  -1   -2      7.061     -1.568      9.429
  -1  269     -7.852     -7.644      4.975
  70  248    -13.122     -6.058     -6.590
  62   -2      5.785     -8.224      5.295
 223   -2      3.935    -10.824     -4.981
 273   -2      2.725     -4.221      3.783
  -1  171     12.902     -1.566      1.429
  -1   -2      1.942     -9.403      3.900
 351  369      5.920     -6.133      6.545
  -1  126     -5.813    -10.580     -0.493
 242   -2      8.513     -8.392     -4.653
  -1   28      0.350     -8.555     -6.333
  -1  322      3.231     -7.858     -6.866
 129   -2     12.644     -8.990      1.949
  -1  268    -13.206    -10.575     -5.880
 353  374     11.121      2.417    -10.242
  -1   -2      5.422     -6.455      9.221
  -1  271      3.266     -9.616      3.932
  -1   -2     -5.947     -8.186     -3.334
  -1   -2      1.621     -6.265     -8.879
  61  226      0.269     -4.544     -1.868
  -1   -2     16.096     -3.681     -8.857
 182  127    -10.353     -6.658     -8.623
  -1   -2      9.277     -5.611      8.909
  -1  215     10.167     -2.702      4.596
 322  261     15.314     -9.099      6.077
  -1  444      3.313     -0.046     -3.872
  -1   -2      0.410     -8.243      3.396
 370   -2      2.861     -2.939      4.748
  -1  324      0.377     -5.320     -3.042
 136  347     -4.440     -3.356     -8.738
 408   -2    -11.659     -1.176     -3.353
  -1   -2     11.968     -6.633     -7.641
  -1  193     -0.615     -4.952      2.436
 157   -2     -3.176     -6.873     -7.204
  -1   -2     18.419     -3.717     -5.893
 248   -2      7.955     -9.313      4.879
 174  176      2.965    -10.160     -8.676
  -1   -2     11.480     -8.062      9.292
  17   -2      3.498    -10.068     -2.563
  -1   76     -2.927     -0.979     -3.002
  -1   -2     17.801     -7.615     -9.401
 282   71     -7.410     -9.798     -5.150
 404  203      6.060     -1.851     -8.727
 392  379      4.593     -2.481      8.518
  -1   -2      9.989     -6.210     -5.764
 200  183      6.906     -7.975     -8.083
 195  200     16.245     -5.642      4.006
 403  344      3.534     -6.322      1.327
 364  364      9.460     -0.890      7.865
  -1  333     10.876     -3.948     -3.433
  -1   -2     -7.258     -3.545     -9.756
  -1  338     -9.421     -2.630     -9.812
  -1   -2     10.017      4.658      3.017
 422  108    -10.227     -2.272     -6.085
  -1  309     -8.612     -2.977     -9.252
 108  142      2.857     -4.267      7.716
  -1   -2     13.876    -10.636     -9.916
 278  304    -10.613     -1.444     -1.288
  -1  427     -7.957      1.891     -8.167
  -1  106     -6.488      1.787     -9.029
  -1  291    -12.372     -4.046      4.914
  -1  206     14.847     -6.328     10.372
  -1  426     -5.740      2.258     -0.271
  -1   -2     18.787      1.262      1.625
  -1   -2     15.330     -5.936      8.751
  -1  367    -12.653     -5.801    -12.102
  -1  350    -12.776     -3.829     -8.367
  -1  147      6.075      0.076      8.901
  -1  299     16.029    -10.041      5.432
 406  439    -11.373      0.877     -5.579
 421  428    -12.608     -2.613     -6.762
  -1  279     18.878     -4.835     -7.000
 309   -2     -8.202     -3.006      9.612
  -1   -2    -12.808     -5.341     -8.201
 417   -2     -9.518     -3.360      4.227
 426   -2     14.231     -0.081      5.928
  -1  153     18.671     -8.843      6.789
  -1  401    -11.804     -1.074      9.493
  -1   -2     12.533     -0.788      0.100
 425   -2      2.084      0.486     -0.107
  -1  134      8.300      0.401    -11.359
 414  438     22.818     -7.388      9.294
  -1   -2     12.305      3.137      0.774
 208   -2      2.788     -2.568      0.590
  -1  356      7.169      3.819      5.536
  28  105      3.340     -8.021      5.129
   9   12      6.316     -7.183      4.065
 176  116      5.637     -5.441      2.720
  -1   43      4.249     -8.113     -2.207
 433  469      4.238     -4.840      2.565
  58  459      9.932     -7.084     -3.924
  -1  461      7.092     -5.984      1.639
  93   -2      3.425    -10.522     -6.420
  -1   -2      3.379    -11.054      1.862
 281   77      4.902     -8.149      0.599
 410  412     15.826     -1.258      1.821
  -1   -2      4.249     -8.113     -2.207
