333
 154    0      9.234     -4.979     -3.136
 112   34     16.381     -9.765      0.827
  20   31     -8.243     -7.032     -7.030
   4   -2     -5.324     -8.795     -3.808
  -1   -2      4.488     -8.818     -0.803
   8    3      7.493     -6.668     -1.504
  -1   -2     -7.272     -2.585     -5.758
 123   17     12.629     -8.917     -6.834
  -1  305     -6.175     -2.685      1.263
 153   29     18.943     -0.719     -9.007
  -1    7      7.604     -7.916      9.986
  -1   -2     14.700    -10.366     -7.948
 170  143      5.416     -6.549     -6.228
 157   -2      3.092     -7.961      6.464
 173   -2    -10.491    -10.067     -1.243
  10   26      5.923     -7.687     -4.774
 148   -2     14.877    -10.021      2.855
  39   -2      2.459     -8.975      6.281
  -1   -2      5.778     -7.401     -0.859
  14  117    -11.104     -9.520     -1.164
  26    9     -1.590     -9.027      9.637
 194  104     11.079     -5.563      4.406
   9    1     -8.491     -5.669     -9.830
 316   27     16.439      1.646      3.141
  70  111     15.297     -6.483     -1.264
 129   13     19.956     -5.734     -2.293
 120   94     17.444     -7.985     -6.800
  18   24     -8.499     -3.582     -2.945
  56   -2     19.209    -11.008     -3.450
  80   -2     -2.019     -4.488      5.833
 269   73     -8.599     -6.820      0.279
  32   39     -1.687     -4.165      6.789
  93   -2    -11.900     -8.916     -2.645
  38   38      1.896     -3.156      7.871
  -1   -2      0.713     -7.006     -6.307
 258   15     12.313     -2.254     -0.006
 131   -2      7.374     -8.816      9.744
 204   67      1.332     -9.478     -6.779
  63   -2     14.401     -3.510     -6.303
  47   89      8.173      3.526     -9.594
 290   -2     17.420    -10.608     -1.460
 220   41     16.698     -2.795     -9.258
  92  198      1.023     -9.680      3.465
  48   12     13.697     -7.131     -4.050
 133   -2     -4.525     -8.189      0.838
  50   14      3.996     -4.408      3.146
  53   35      0.386     -1.487     -2.738
 122   -2     12.629     -3.767     -1.915
 274   19     14.318    -10.544     -8.838
  33   48     16.776     -4.617     -2.577
  85   -2      0.257     -9.135      1.821
  -1  224     14.287     -6.339     -0.898
 193   57      4.010     -7.369     -2.777
  58   58      9.581     -4.181      4.007
  -1   -2      0.349     -9.646    -10.029
 288   -2     -4.446     -4.973     -7.749
  52  149      2.454     -8.266      2.724
  -1  129     14.716     -7.857     -0.587
  44   -2     14.957     -6.813     -2.013
  71   64      3.008     -1.051     -2.420
  65   55     -7.985     -5.733     -3.138
  -1   50     -2.641     -8.572      2.437
 264   -2     14.690     -1.402     -0.893
 191   -2      7.919     -7.811     -4.226
  64   52     -0.982     -2.982      1.389
  40  221     10.433     -8.914     -3.843
  -1   -2      7.047     -7.359      9.565
  59   60      5.672     -4.708     -4.511
  83   45      4.508     -6.643      9.049
  67   63     -5.578     -4.776     -2.381
  73  105      2.987     -7.660      5.270
 246   59     16.394     -2.484      4.398
  45   53     16.795     -8.135     -9.752
  69  208     -5.052     -4.760     -7.820
  -1   70     18.274     -1.913      2.911
  79  115     -2.688     -9.154     -6.642
  72   -2     15.121    -10.318     -6.148
 178    6     -4.650     -2.034      7.108
 140   -2     14.542     -6.976     -1.571
  21  130     15.278     -8.725     -0.542
 109   -2     -1.109     -9.604      0.866
  -1  134      2.696     -8.526      7.088
 103  178     -8.257     -6.340      2.285
  -1   -2     11.791     -7.607      9.022
 198   -2     20.356     -8.282     -1.669
  -1   -2     -4.722     -6.152     10.101
 292   -2      9.907     -2.814     -7.109
 174   -2      1.188     -8.268      6.049
 134  125     17.856      0.160     -9.175
 190   -2     -5.534     -8.258     -6.818
  97   -2      8.665     -6.300     -4.315
 298  133     19.509     -8.281     -5.406
 297  203      8.922     -3.468      8.505
   1   -2      9.654     -4.951      1.190
  -1   -2    -10.180      0.051     -1.329
  -1  256     -9.508    -10.460     -5.618
  90   83     11.386     -4.232     -2.526
  -1  146     -8.072    -10.105     -7.545
 187  219     -3.397     -7.237     -8.684
  96   88      6.422    -10.515     -7.313
 183   65      1.140     -9.151    -10.438
 232  138     14.586     -5.105      9.504
  -1   11     -1.787     -8.006     10.615
  -1  231      9.648      1.188      7.108
 144   -2     -4.820     -9.169    -10.058
 217   -2      8.226     -1.782      6.262
 358   -2      6.832     -9.581      4.587
  -1   -2     -7.244     -5.441     -9.175
  -1  251     12.673     -6.272     -0.427
 177   85     -3.650     -6.562     -8.766
  -1   -2     -4.301     -9.806      0.093
  -1  153     -4.443     -9.468      2.038
 100   86     -2.418     -3.135     -3.784
  -1   18     15.492     -9.504      0.353
 102   10     13.882      1.365      6.800
  75   -2      3.430     -8.508     -5.735
   5   -2     14.117    -10.757     -3.723
  -1  158     13.167     -9.960      3.995
 152  214     14.518     -4.665      4.774
 132  228    -10.963     -3.646     -9.750
  -1  108      9.266     -2.458      8.371
  -1   -2      8.440     -3.851      2.170
  -1  223     18.837     -7.894     -5.533
  54  107      9.128     -6.629      2.511
  60  246    -12.626     -9.352     -2.673
 159   -2     -0.404     -9.159      9.251
  -1  194     -2.372     -7.481    -10.125
  -1  151     -4.285     -5.994      2.752
  -1   -2     14.697    -10.201      5.521
  49  190     -0.464     -4.053     10.336
 142   -2    -11.889     -7.388     -8.275
  -1   -2     -4.198    -10.034     -7.036
 110   -2     17.144     -5.030      7.056
 141  173     16.660     -4.691    -10.401
 135  127     12.594     -1.699     -0.038
  -1  163      0.228     -3.509      0.290
  -1   -2    -13.296     -9.863     -2.941
 113  210     -1.821     -4.898     -2.238
 299   -2      1.749    -10.061     -3.203
 262  144     19.829     -2.632      0.296
  -1   -2      1.990     -8.166      8.001
 245   -2     15.023     -9.719      5.806
  -1  126      1.261     -4.553      3.412
 166   -2     15.218     -3.310     -4.761
  -1   87      9.643    -10.750     -6.552
 306   -2      9.180      1.929      8.518
  -1   22     17.484     -5.647      3.678
  95  110     19.707     -1.937     -3.770
 149  119     -6.677     -9.999      4.253
  98  191      3.281     -6.467      4.495
 283   -2    -11.127     -5.524      1.856
 138   71      7.403     -8.370     -5.704
 171   28      5.405     -1.855      5.478
  -1   49     19.268    -10.240     -1.532
 199   -2     20.182     -3.260     -3.030
 104   79     17.116     -8.557      4.994
 276   36     -4.904     -1.326      7.223
  -1   -2     12.547     -9.855      6.450
  -1   -2     10.558     -3.335     -7.282
  94   -2    -10.763     -9.640     -5.232
 243  183     18.232     -6.467     -5.563
  43   -2     15.610     -8.593      1.178
  91   37     11.359     -7.088     -8.579
  55   51      7.129     -6.574      8.470
  30   -2     -1.572     -8.480      9.144
 167  284     15.595      0.384      6.011
  -1   -2      0.458     -9.558    -10.327
  -1   -2     16.722     -1.255     -0.291
  -1  277     19.055      0.305      1.425
  24  112    -10.703    -10.627     -4.530
  -1  121     -6.881    -10.680     -9.259
  -1  160     13.908     -0.837     -9.313
  46   -2     -1.350     -9.431      9.247
 208   -2      2.226     -3.240      8.950
 117   -2    -10.351     -8.215     -9.740
 254  166     11.287     -9.551     -6.677
  -1  156      2.209     -9.536      5.548
  -1   -2      5.769     -6.769     -1.006
  -1  123     11.030    -10.573     -0.381
  -1   -2     12.350      1.527      8.306
  -1    2     -5.204     -9.491     -6.067
  -1  209     15.652     -2.501     -2.452
 247  122     -0.253     -9.146      6.337
 192   -2     -5.417     -7.639     -3.552
  -1  102     11.004     -9.290     -8.924
  27  234     -0.002      1.973    -10.485
  -1   -2     18.297      1.622      3.227
  -1   32     18.347    -10.217     -9.530
  -1  165     20.160     -5.769     -2.782
 224  233    -10.581     -2.723      2.715
 182   -2    -12.682     -6.065     -3.514
  -1  205     -2.866     -2.545      6.896
 119   -2     18.641     -9.008     -7.565
  -1  109    -11.934     -8.849     -0.079
  -1  201      9.927      0.090      8.253
  -1  220      2.236    -10.286      4.475
 219   -2     -6.334    -10.279      1.404
 223  248      9.461     -9.990     -3.586
 197   92     18.488    -10.116     -1.550
  -1  140     11.765     -5.959    -10.448
 256   -2      7.479      2.455    -10.148
 251   -2      6.193    -10.899    -10.139
 280   -2      7.152     -1.769     -0.488
 202   -2     10.844     -2.834      5.444
  -1   -2      0.725     -7.778     -3.663
 210   -2     -8.122     -3.737     -2.585
  -1  167      3.272     -0.717     -9.584
 225  237    -11.250     -7.931     -8.620
  -1  192      8.542     -5.372      8.440
  -1  207     -0.830     -7.193     -0.343
 242  202      7.515    -10.675     -3.159
  -1   68     -6.349     -7.996     -2.092
  -1  113     10.166      3.677      9.779
 249   72     -3.564     -6.423     -3.773
  -1   90      7.224     -4.106     -1.750
  -1   -2     -0.695     -4.925      1.128
  -1   78      7.744     -5.494      6.682
 296  250     12.385      3.263      0.415
 195   -2     13.849     -0.105     -8.145
  19   33      5.586     -7.327     -2.834
  -1   -2     -1.427     -6.300     -9.008
 285  199    -11.816     -8.483     -9.144
  -1   -2      8.806     -3.998      5.482
 229   -2     12.973     -6.108      5.559
 214   -2     16.267     -3.804      5.682
 172   -2      3.521    -10.215      5.079
 186   -2     10.244     -1.103      5.682
 101  270     -0.574      0.715      3.302
 230   -2      8.031     -4.319      8.598
 176   62     10.139     -8.688      1.149
 146  171     -7.686     -9.847     -8.801
  -1   -2      7.073     -6.248     -7.409
  -1  135     -0.085     -7.415      9.770
 143   -2     19.233     -0.798      0.537
  -1  222     -1.281     -8.470      4.989
  86   -2    -12.896     -5.752     -8.036
  -1   -2     20.581      5.233     -1.410
  -1   -2      0.184     -8.199     -2.529
 275   44     13.404    -10.428     -0.032
  -1  136     -5.319     -9.829      3.036
  -1  162     16.919     -5.695      7.107
 114   61      9.062     -7.265      5.534
 180   20      8.689     -8.043      9.082
 116   46     11.564     -7.459     -0.798
 124   -2     -0.880     -3.623     -0.341
 218   -2     15.163    -10.807     -9.436
 310   -2      3.615      1.087      5.933
  78  154     15.796     -5.047     -4.362
  -1  181     11.763     -0.311     -1.388
 240   -2      6.786     -3.233      5.245
  -1   -2     17.392     -3.445     -3.768
 311  145    -11.442     -3.795     -6.333
  -1  261      9.103      5.386      3.166
 261  285     18.011      4.073      1.069
 277  289     19.160      4.032     -6.883
 237   -2      4.134     -3.701      8.256
  -1   -2      1.059     -0.045     -0.285
  34   77      1.174    -10.684     -0.481
  -1  172      0.413    -10.978     -7.833
  -1  116     18.995     -5.223     10.469
  -1   -2    -12.868      2.631     -2.387
  -1   -2     -5.870      0.912      3.029
  -1   -2     20.634     -2.696      2.282
 293   30      4.438     -6.679     -5.940
 272  268     -8.782     -0.370      2.645
  -1   -2    -15.483     -3.596      5.144
  -1   -2     21.760     -8.203      7.650
  -1   -2     22.185     -9.208     11.494
  -1   -2     20.898     -8.631      8.719
  -1   -2     -1.448     -0.924      3.833
  -1   -2     -4.781     -1.966     -4.805
 302   -2     -7.058      1.652     -3.005
  -1  161     -2.368     -0.867      4.502
  -1   66     15.230    -11.142    -10.576
  -1  253     18.400      5.808     -7.441
 106  148     15.408     -1.248      1.004
  -1  217     -5.461     -6.432      9.279
 300  147      4.746      1.701      4.599
 211  170     13.974      4.616      0.215
  -1   99      8.374     -1.137      4.712
 291  242     14.364      5.603     -4.362
  -1   -2     20.355      1.653     -0.735
  -1   -2      5.120      3.551      3.470
  -1   -2    -10.227     -1.530     -7.344
  -1   -2      2.001     -9.799      6.102
  -1  197      2.450    -10.268    -11.140
 271  254      8.148      2.105      3.213
  -1  243    -10.177      4.053     -6.246
 305  227     -1.814      3.832     -9.348
 281  241     -4.993      0.348     -9.076
  -1   -2     20.029     -0.002     -2.442
  -1  101      5.865     -3.944     11.384
  41  185     17.891     -1.967      0.387
 321   -2    -13.759     -2.287      1.612
  -1   21      4.520     -8.799     -0.756
  -1   -2      4.520     -8.799     -0.756
  -1   -2     -7.187     -2.552     -5.780
  -1   -2      5.828     -7.381     -0.890
  -1   -2      3.989     -7.347     -2.669
 318   -2     -5.064     -4.778     -7.595
  -1   -2    -10.246      0.047     -1.091
 270  294    -12.868      2.631     -2.387
 273  288    -15.483     -3.596      5.144
  -1   -2      4.520     -8.799     -0.756
 313  303      4.520     -8.799     -0.756
  -1   -2     16.276      1.645      2.399
  -1   -2      3.989     -7.347     -2.669
 329   -2      4.552     -4.208      8.744
 332  291     -6.107     -2.665      1.257
  -1   -2     -7.187     -2.552     -5.780
  -1   -2    -10.246      0.047     -1.091
 331  304     -7.193     -2.560     -5.757
 354  326     16.276      1.645      2.399
  -1   -2      0.793     -6.957     -6.098
 335  308      5.799     -7.385     -0.810
  -1   -2      0.793     -6.957     -6.098
 355  327      2.981     -1.020     -1.881
  -1   -2      3.933     -4.361      3.855
  -1   -2    -10.246      0.047     -1.091
 348  321      9.939     -2.711     -7.199
  -1   -2      0.793     -6.957     -6.098
 346  319      0.793     -6.957     -6.098
  -1   -2      9.485     -4.140      4.694
  -1   -2    -10.246      0.047     -1.091
 342   -2      2.981     -1.020     -1.881
  -1   -2      9.485     -4.140      4.694
  -1   -2      9.485     -4.140      4.694
  -1   -2      9.485     -4.140      4.694
 356  328      3.933     -4.361      3.855
 357  329    -10.246      0.047     -1.091
  -1   -2      9.485     -4.140      4.694
  -1   -2      9.485     -4.140      4.694
 347  320      9.485     -4.140      4.694
