257
   1    0      4.024     -4.110      8.192
 100   83     11.667     -6.835      8.123
   4    4     16.321     -2.241     -3.988
  -1   17     14.019    -10.319      2.784
   0   72      3.041     -7.718      5.736
  -1    6     11.873     -6.579      7.586
   5   -2    -10.510     -5.138     -7.710
   6    9     -9.273     -5.242      1.420
 141   69     -0.277     -9.269      0.973
  49   -2     -2.940     -8.616      9.875
  55   22     17.837     -9.015     -6.504
 136   -2      6.285     -7.726     -0.001
 191   -2     11.563     -5.522      2.466
  77   -2     16.710     -9.498     -7.644
  15   14      3.258     -3.674      7.457
  -1   -2      6.808     -6.337      5.537
  13  177    -13.046     -5.904     -2.953
  24   24     15.602     -3.617      0.925
  -1   -2     -1.589     -0.227     -3.967
 233   13     14.828     -4.146      1.422
  78    5      4.930     -7.372     -3.841
  17   18     -7.043     -0.505     -5.081
  82   -2     12.340    -10.691     -8.528
 151   84     12.792     -1.858     -0.921
  22   21      8.765      0.396     -8.252
  46   52     -8.180     -7.940      1.574
  -1   23     20.236     -0.037     -2.020
  -1   40     -2.648     -9.991     -9.582
  26   27     13.950      0.353      9.740
  83   53      0.069     -7.736     -3.151
  25   29     11.176     -6.373     -2.984
  45  102     15.707     -9.671      3.762
 119   -2     13.811     -4.256      4.624
  30   34     19.948      1.215     -2.788
  35   46     -9.555     -5.739     -6.019
 122  124      9.007     -9.084     -0.036
 230   38     -6.494      2.282     -2.062
  38   42     17.655     -1.107     -4.651
  -1   25     10.374     -2.434      1.531
 231   50     16.278     -4.441     -9.615
  41  106     18.027     -2.889     -3.573
  47   -2     14.418     -2.942     -9.890
  52  152     11.692     -6.368      1.672
  44   98     12.237     -2.622      7.996
  40   -2      1.258     -6.498      5.466
  51   -2     16.324     -3.810      5.843
  28   -2     11.915      1.228    -10.404
 178  109     12.553     -0.766     -9.166
  -1   -2      0.730     -8.630      9.778
 150   -2     19.087     -6.740      0.622
  -1   -2      3.052     -5.534     -3.101
  11  144      7.839     -9.080     -0.774
  -1  105     -2.697      0.631     -6.813
 182  179     -8.722     -3.280     -3.458
  -1    1      1.549     -8.151      3.219
  60   56     13.188     -1.518      5.185
 123   -2    -11.858    -10.605     -7.773
 145   -2      1.788     -8.765      9.564
  -1   -2      9.690     -9.573      7.945
  64   -2     -3.100     -4.089      8.511
  93   58      7.829      0.867      9.620
  34   -2     -2.076     -7.808      2.503
  69  208      3.538    -10.599     -7.578
  65   -2    -11.435     -7.996      0.768
 155   28     -8.648     -6.940     -8.216
  -1   -2     -3.654     -6.565     -8.773
  -1   -2     17.487     -4.338      4.328
  -1   -2      2.643     -8.410     10.241
  70   94     14.007    -10.375      1.087
   2   -2      4.892     -8.418     -0.534
 160   -2     14.520     -9.708      5.804
  87  104     19.911     -7.286     -5.406
  -1   67      3.596     -5.517      8.676
  -1   11     16.087     -2.970     -7.979
 172  162      6.161     -9.982      4.503
 173   -2    -13.278    -10.284     -6.160
  -1   -2     15.077     -2.497      6.876
  -1   35      2.304     -5.824      8.579
  -1  165     14.940    -10.230     -7.364
 154   -2      8.995     -7.340      8.949
  74   33      0.422     -9.825      5.027
   9   59      0.138     -9.637     -2.633
  -1   12     16.645     -7.904     -1.390
  92  222      9.453     -9.541     -2.225
  -1  149      2.231     -8.001     10.437
 129   32     15.545     -9.126     -0.345
 226   30     15.010     -4.711      3.689
  27   -2     19.443     -7.603    -10.041
 166  111     15.058     -1.907     -7.959
  -1   -2      7.045     -9.576     -0.895
 194   78      7.116     -5.052      1.892
  -1  142     -1.498     -9.014      9.565
 147   86      6.981     -9.938     -6.414
  -1  113     16.174      2.385     -8.513
  -1   -2      6.673     -4.189     -3.092
  -1   -2      9.634     -0.432      7.355
  -1   -2     15.303     -2.661     -7.090
 158  137     16.471     -7.209      4.038
 223   85     -5.255     -1.980      0.735
  68   -2      7.269     -6.441     -4.101
  -1  174     -9.075     -3.368      2.420
  -1  166     15.654     -1.284      2.249
  -1   -2     19.143      0.382      1.727
 185    2     -0.134     -7.791      1.477
  -1   41     17.489     -5.643      3.689
  31   -2     -8.110     -8.343     -3.696
  -1  193     14.880     -5.747      9.209
  -1   91     -8.599     -7.298     -4.456
  85  156     -3.809     -5.828      0.177
  71   61     13.559     -3.130      6.006
 164   -2     11.396     -3.910      4.979
 116  103     15.399     -1.336      7.653
  -1    7     -0.864     -9.232      9.749
  -1   -2      7.444      2.959     -0.358
 125   49      9.219      0.101      7.070
  56   37      8.503     -7.616      2.392
  10   -2     15.339     -6.499     -1.574
  57  130     11.827     -8.637      8.752
  -1  134     -8.497     -9.519     -7.973
  -1   51      9.795      3.283      0.695
  -1   -2     -1.861     -8.510      0.386
  -1  116     17.673     -9.428     -8.547
 184   77      2.570     -7.672     -7.145
 132  135     13.357     -1.422     10.194
  81   -2      1.796     -9.251      0.256
  -1   -2     -7.340      0.656      8.916
 225   -2     -7.032     -6.535     -6.958
 133   43     -1.534     -6.261      0.847
 214   71      9.468      2.015      7.835
 146   -2      9.782     -4.156      3.424
  -1   -2      4.208     -4.655     -9.201
  39  123     18.232     -7.971      1.072
 118   -2      6.001    -10.865     -3.624
  -1   -2     16.407     -9.650      6.922
 189   -2     -1.492     -9.143      2.682
 200  163     10.572      3.267     -7.463
  -1   -2     -5.164     -1.870      5.619
 174   -2     -6.562     -7.824     -1.345
  -1   92      8.640     -9.368     10.071
 171   80     -2.023     -3.828      4.277
  -1   -2     12.913     -3.801      5.971
  75  155     -3.631     -8.505     -8.776
  -1  118     -5.868     -9.233     -4.729
  -1   -2      2.278     -4.670      8.084
 186   16     14.018     -7.588     -3.677
 130    8      3.744     -6.717      7.497
 192   -2      7.830     -9.760      2.291
 170   -2     -1.466     -7.162      2.831
  -1   19     16.228     -3.951     -7.592
  -1   -2     15.262     -5.057      9.949
 222  101    -10.573     -5.497      1.921
  42   -2     11.922     -5.152     -9.578
  -1   -2     18.720     -6.309     -7.822
  -1   74     -4.959     -6.393      2.024
 210   -2     14.832      2.875     -6.386
  -1   -2     18.728      0.314     -7.056
  -1   -2     -0.050    -10.164     -8.330
 140   -2     13.462     -0.336     -8.233
 128   20     20.037     -8.597     -2.472
  -1   -2     -1.297     -3.211      4.399
  16   93     -0.631     -8.707      5.940
  -1   -2     -3.353     -8.025     -2.643
 190  161     10.943     -5.287      2.784
  -1  178      6.188     -2.637     -1.785
  -1   -2     -3.588     -6.416     -3.816
 205  194     14.919     -6.410      9.840
  -1  128      3.991     -9.984     -9.102
  -1   44     20.062     -2.141     -4.102
  -1   -2     11.831    -10.512     -0.819
 115   -2      2.990     -4.264      9.197
 103   47      7.664     -1.696      1.113
 167   39     18.983     -1.196      1.228
  -1   -2     15.236     -8.559      9.419
 216  158     -2.099      2.104     -1.012
  62   -2     -9.578     -8.677     -3.390
 175  151     19.476     -8.007     -2.475
  -1   -2      0.505     -5.700      5.038
 181   54      8.565     -7.245     -0.505
  -1   -2     -2.696     -9.538      2.430
 159   -2     20.210      0.139     -3.401
 138   66     -8.121     -7.604     -8.672
  -1   -2     16.800     -2.321      2.415
  -1  108    -11.258    -10.133     -9.144
  43   -2      9.949     -2.935      7.871
  -1  127     18.981     -3.598      3.103
 183   82      5.123     -6.571      7.037
  -1   -2     -7.764     -9.678     -8.960
  33   -2      4.090     -4.840     -1.579
  -1   -2     -0.852     -3.734      5.891
 139   -2     14.253     -4.572     -4.628
  -1   -2      1.879     -7.270      2.903
 161  196      0.698     -9.855     -9.789
 208  160     -0.357     -4.623     -5.358
  -1   45     15.475    -10.450     -5.199
  88    3     -9.483     -3.944     -7.003
  -1   -2    -13.995     -3.610      3.206
 203  217     15.437      4.371      2.066
  -1   -2     -4.874     -1.359      7.342
  -1  191     -5.374     -3.235     -8.054
 117   -2     18.355      2.932      0.756
  -1  203      5.751     -3.243     -6.999
  -1  148     -9.605    -10.266     -9.517
  -1   -2      7.347     -9.451     -8.234
  -1   75      9.343      4.443     -9.501
  -1   -2    -16.076     -8.478      5.251
  -1  172     -8.355     -1.746     -0.402
  -1   -2     -3.588     -2.251     -8.771
 212  184     -7.958      0.446    -10.925
  -1  157     14.306      0.047     -8.085
  -1   -2     -3.422    -10.920     -6.778
  -1   -2     18.056     -4.764     -0.973
  -1  183      8.843      6.073      9.502
 221   -2      1.437      1.879     -7.249
  -1   -2     19.843    -10.159      5.572
 162  153      6.348     -2.632      6.451
  -1   -2     -6.370      0.208     -9.060
  -1   -2     -4.410    -10.360     -9.207
 219   -2      5.850      1.175      4.597
  -1  164     18.587      4.897     -3.709
  -1   -2      8.833     -1.432    -11.238
  -1  100    -13.609     -9.991     -5.266
  -1  200    -14.175     -6.868      8.381
 234  132     20.141      4.920     -0.464
 199  185      5.228     -0.101      4.997
  -1  182     -8.474     -3.417    -10.720
  -1   -2     11.398     -6.196      1.151
  -1   -2      4.591      5.758      9.852
  -1   -2     12.113     -9.616      8.388
  -1   -2     -1.845      5.279      7.166
 220   -2    -11.949     -5.855      5.176
 232  188     11.638      2.825     -1.131
  -1   -2     -5.579      4.393     -4.333
  -1   48     -6.132     -4.290     -9.592
 196   -2     21.779     -1.678      7.358
  -1   -2      0.799     -1.651     -3.172
  37   -2     -7.005      1.992     -3.415
  -1   -2     12.062     -3.648    -11.930
  -1  209     13.519      4.893     -8.304
 163   55     11.234     -7.915     -0.509
  -1   -2     19.688      5.841     -9.653
  -1   -2    -13.426    -10.317     -2.906
  12  220     -1.541     -0.214     -4.004
  67  213     -3.530     -6.543     -8.431
  79  214     14.935     -2.497      7.205
 236   36      7.343      2.951     -0.086
  -1   -2      9.659      3.271      1.047
  98   -2     12.729     -3.808      6.413
 238   -2     -1.522     -0.208     -4.065
 237  219      9.659      3.271      1.047
  -1   -2     -9.267     -5.185      2.030
  -1   -2     -9.267     -5.185      2.030
 247  227    -10.439     -5.077     -7.256
 245  225     -9.267     -5.185      2.030
 157  228      7.003     -9.553     -0.776
  -1   -2      2.880     -5.422     -2.183
  -1   -2      2.880     -5.422     -2.183
 112  230      2.880     -5.422     -2.183
