367
  -1  130     -4.450     -8.785      3.918
  10   -2     15.296     -6.485     -1.248
   2    3     -0.123     -6.876      9.436
   3   -2     14.138     -3.466     -1.537
  63    8     -1.570     -7.154      3.335
  25    7     15.045    -10.297     -6.454
  -1    2     -3.205     -9.591      5.375
  -1   -2     -3.653     -6.563     -8.773
  -1   -2      1.837     -7.842      9.579
 129   -2     -2.190     -9.579      4.547
  43   14     16.078     -2.977     -7.956
  12   36     10.330     -7.604      1.096
  64   -2     17.853     -9.495     -4.258
   1   16     14.585     -6.226     -5.007
  -1   10     -3.199     -9.432     -4.473
  61   15      3.170     -9.335      4.024
  16   19     -4.286     -5.994      2.747
  17   21     10.861     -3.161     10.182
  33   30      9.801     -2.441      7.028
   9   23     15.302     -2.659     -7.087
  18   26      9.642     -0.430      7.331
  13   25     -2.872     -9.819      5.517
  22   27     12.590     -1.702     -0.030
  36  119     19.227     -8.485     -0.632
  20   18      8.750     -9.448     -0.796
 123   17     -4.497     -9.355      9.224
  -1   -2      5.707     -7.011     -6.025
  14   -2      3.509     -8.762      4.968
  75   -2     -6.933     -1.647      1.828
  31   35      7.150     -8.302     -6.607
  -1   12     -4.233    -10.452     -9.652
  34   -2      9.596     -8.251      9.579
   5   -2     16.251    -10.033     -4.584
 100   -2     13.416     -4.120     -6.890
  -1   29     20.900    -10.113     -3.958
  -1   48     16.183     -4.417     -9.127
 112   87     -5.828     -4.290     -4.144
  41   43      8.966     -7.486     -9.644
  28   -2      2.102     -9.176      7.236
  39   -2     13.552     -6.886      8.554
   6   45      2.232     -3.237      8.935
  62  115      9.034     -9.781     -3.031
 107  120     -8.116     -2.386     -2.055
  -1   -2      1.079     -9.791      8.743
  54   -2     11.258     -5.469      4.002
  23   -2     17.202     -7.456      2.892
 109  146      9.722      0.746      7.583
  48   49     17.207     -3.844      3.520
  45   -2     -9.089    -10.438     -7.237
  53   56     -6.555     -7.825     -1.362
  93   54      9.438     -4.126      4.296
 259  212     13.031      1.359     -1.034
 362   -2     -3.592     -6.421     -3.815
 136  145     -8.259     -6.800     -2.370
  30   24      0.993     -7.373     -0.580
  29   28     -3.821    -10.382    -10.096
   7   -2     -3.249     -8.644      2.072
  -1   -2    -12.707    -10.572     -5.088
  57   -2     10.591     -4.993     -0.867
  24   66      4.639     -6.777     -8.407
  -1   -2     10.646     -9.820     -8.631
  -1   -2     15.268     -9.776     -6.807
  60   32     14.349    -10.199     -1.525
 106   57      7.333     -8.151      8.014
  -1   42     -3.438      0.432     -4.400
  65  105     16.003      2.489     -8.915
  -1   -2     18.020      4.074      1.053
  -1   -2     -8.741    -10.362      6.246
  -1  151     16.924     -1.421     -0.697
  -1   -2     10.689      3.243     -7.540
  -1   -2      0.429    -10.378      9.141
  -1   -2     17.084     -1.062     -9.294
  -1   -2      4.137     -3.700      8.267
  27  160     -5.867     -3.113     -6.366
  -1   62     -6.941     -5.419     -8.384
  -1   -2      1.057     -0.042     -0.289
  -1   -2     15.438      4.371      2.068
  81  265      8.226      5.419     -8.415
  78   -2     -3.054     -0.785      1.633
  -1   85     14.975      2.937     -5.924
  -1   68     15.266      3.413     -6.555
 117   52     -5.412     -1.997      0.333
  -1   -2      7.225    -10.587    -10.329
  -1   -2     11.829      0.389      3.320
  -1   90      5.563      0.776      4.599
  97   58    -10.480     -7.045     -8.103
  -1   -2     -8.194     -4.251      4.285
  -1   -2     20.640     -3.927     -0.995
  -1   -2      3.964    -10.494     -8.751
  40    4    -10.859    -10.343     -7.733
  32   53     -8.899     -9.889     -0.560
  90   97     18.504     -7.531     11.315
  -1   -2     -7.440      1.327     -0.926
  91   95     18.815      0.373     -6.152
  -1   46     14.035     -8.056      4.761
  -1    6     14.304     -2.482      5.674
  -1   92     12.327     -8.592     10.056
  -1   51     -8.074    -10.749     -4.482
  -1   -2     19.972      1.585     -7.508
  -1  236     16.612      0.418    -10.134
  -1   39      7.550     -1.750      0.746
  -1   91    -12.683     -7.606     -9.210
 101  110      8.846      6.074      9.493
  37   -2     11.549     -5.028     -9.305
 103  111      8.840     -1.433    -11.201
  -1  128    -12.896     -5.436     -3.252
  -1    9     18.608     -9.945      2.054
  -1   74     14.137     -9.562     -5.467
  55   -2     13.899     -2.077      1.663
  35   -2      7.404     -4.774      6.472
  -1   -2     -2.522      1.162      3.729
  89   99     17.145     -5.989      1.650
  -1    5     16.971     -9.630     -6.370
 116  108     14.505     -9.045      9.008
 121  101     16.008     -0.700      6.706
  -1   34      6.669     -9.367      9.886
  69   -2     15.859     -0.275      0.067
 108  122    -10.495     -3.497     -8.715
  -1   -2      7.047    -10.864      2.621
  -1   -2      0.618    -10.872     -5.321
  59   47      3.217     -5.358      4.040
  26    1     19.678     -5.847     -7.660
 118  125     -5.581      4.395     -4.330
  -1   65     -6.314     -5.039    -10.328
  -1  127     -4.183     -8.764     -9.928
  50  102      6.806     -2.829      3.908
   0   -2     -4.450     -8.785      3.918
  -1  381     -3.526     -6.539     -8.422
  -1   -2      5.673     -7.040     -6.134
  -1   38      0.429    -10.378      9.141
  -1   -2     16.924     -1.421     -0.697
  -1   -2     17.084     -1.062     -9.294
  -1   -2     10.689      3.243     -7.540
  -1  374     18.020      4.074      1.053
  73  154      4.137     -3.700      8.267
  -1   -2      1.057     -0.042     -0.289
  -1   -2     15.438      4.371      2.068
  -1  158     -5.867      0.914      3.032
  96   -2     -5.867     -3.113     -6.366
  -1   -2     14.975      2.937     -5.924
  -1   55     11.829      0.389      3.320
  -1   -2    -10.234    -10.831      2.700
  -1   -2     20.640     -3.927     -0.995
  -1   -2     19.972      1.585     -7.508
  -1   -2     -3.526     -6.539     -8.422
 142   -2      5.673     -7.040     -6.134
  -1   -2     17.084     -1.062     -9.294
  -1   -2     18.020      4.074      1.053
  -1   -2     10.689      3.243     -7.540
  -1   -2      1.057     -0.042     -0.289
  -1   -2     15.438      4.371      2.068
  -1   -2     -5.867      0.914      3.032
  -1   -2     14.975      2.937     -5.924
  -1   -2     11.829      0.389      3.320
 151  172     -8.194     -4.251      4.285
  -1   -2     20.640     -3.927     -0.995
  -1   -2     19.972      1.585     -7.508
  -1   -2     -3.526     -6.539     -8.422
  -1   -2     10.689      3.243     -7.540
  -1   -2     18.020      4.074      1.053
  -1   -2     17.084     -1.062     -9.294
  -1   -2      1.057     -0.042     -0.289
  -1   -2     15.438      4.371      2.068
  -1   -2     14.975      2.937     -5.924
  -1   -2     11.829      0.389      3.320
  -1   -2     20.640     -3.927     -0.995
 139  248     19.972      1.585     -7.508
  -1   -2     -3.526     -6.539     -8.422
  -1   -2     10.689      3.243     -7.540
  -1   -2     18.020      4.074      1.053
  -1   -2     17.084     -1.062     -9.294
  -1   -2     15.438      4.371      2.068
  -1   -2     14.975      2.937     -5.924
  -1   -2     11.829      0.389      3.320
  -1   -2     20.640     -3.927     -0.995
  -1   -2     -3.526     -6.539     -8.422
  -1   -2     10.689      3.243     -7.540
 131  186     18.020      4.074      1.053
  -1   -2     17.084     -1.062     -9.294
  -1   -2     15.438      4.371      2.068
  -1   -2     14.975      2.937     -5.924
  -1   -2     11.829      0.389      3.320
  -1   -2     20.640     -3.927     -0.995
  -1   -2     -3.526     -6.539     -8.422
  -1   -2     17.084     -1.062     -9.294
  -1   -2     10.689      3.243     -7.540
  -1   -2     15.438      4.371      2.068
  -1   -2     14.975      2.937     -5.924
  -1   -2     11.829      0.389      3.320
  -1   -2     20.640     -3.927     -0.995
  -1   -2     -3.526     -6.539     -8.422
  -1   -2     10.689      3.243     -7.540
  -1   -2     17.084     -1.062     -9.294
  -1   -2     15.438      4.371      2.068
 199   -2     14.975      2.937     -5.924
  -1   -2     11.829      0.389      3.320
  -1   -2     20.640     -3.927     -0.995
  -1   -2     -3.526     -6.539     -8.422
  -1   -2     10.689      3.243     -7.540
  -1   -2     17.084     -1.062     -9.294
  -1   -2     15.438      4.371      2.068
  -1   -2     11.829      0.389      3.320
  -1   -2     20.640     -3.927     -0.995
  -1   -2     -3.526     -6.539     -8.422
  -1   -2     10.689      3.243     -7.540
  -1   -2     17.084     -1.062     -9.294
  -1   -2     15.438      4.371      2.068
  -1   -2     11.829      0.389      3.320
 201  221     20.640     -3.927     -0.995
  -1   -2     -3.526     -6.539     -8.422
  95   -2     17.084     -1.062     -9.294
  -1   -2     10.689      3.243     -7.540
  -1   -2     15.438      4.371      2.068
  -1   -2     11.829      0.389      3.320
  -1   -2     -3.526     -6.539     -8.422
  -1   -2     10.689      3.243     -7.540
  -1   -2     15.438      4.371      2.068
  -1   -2     11.829      0.389      3.320
  -1   -2     -3.526     -6.539     -8.422
  -1   -2     10.689      3.243     -7.540
  -1   -2     15.438      4.371      2.068
  -1   -2     11.829      0.389      3.320
  -1   -2     -3.526     -6.539     -8.422
  -1   -2     10.689      3.243     -7.540
  -1   -2     15.438      4.371      2.068
  -1   -2     11.829      0.389      3.320
  -1   -2     -3.526     -6.539     -8.422
  -1   -2     10.689      3.243     -7.540
  -1   -2     15.438      4.371      2.068
  -1   -2     11.829      0.389      3.320
  -1   -2     10.689      3.243     -7.540
  -1   -2     15.438      4.371      2.068
  -1   -2     11.829      0.389      3.320
  -1   -2     -3.526     -6.539     -8.422
  -1   -2     10.689      3.243     -7.540
  -1   -2     15.438      4.371      2.068
  -1   -2     11.829      0.389      3.320
  -1   -2     -3.526     -6.539     -8.422
  -1   -2     10.689      3.243     -7.540
  -1   -2     15.438      4.371      2.068
  -1   -2     11.829      0.389      3.320
  -1   -2     10.689      3.243     -7.540
  -1   -2     15.438      4.371      2.068
  -1   -2     11.829      0.389      3.320
  -1   -2     -3.526     -6.539     -8.422
  -1   -2     10.689      3.243     -7.540
  -1   -2     15.438      4.371      2.068
  -1   -2     11.829      0.389      3.320
  -1   -2     -3.526     -6.539     -8.422
  79   -2     10.689      3.243     -7.540
  -1   -2     15.438      4.371      2.068
  -1   -2     11.829      0.389      3.320
  -1   -2     15.438      4.371      2.068
  -1   -2     11.829      0.389      3.320
  -1   -2     15.438      4.371      2.068
  -1   -2     11.829      0.389      3.320
  -1   -2     15.438      4.371      2.068
  -1   -2     11.829      0.389      3.320
  -1   -2     -3.526     -6.539     -8.422
  -1   -2     15.438      4.371      2.068
  -1   -2     11.829      0.389      3.320
  -1   -2     -3.526     -6.539     -8.422
  -1   -2     15.438      4.371      2.068
  -1   -2     11.829      0.389      3.320
  -1   -2     -3.526     -6.539     -8.422
  -1   -2     15.438      4.371      2.068
  -1   -2     11.829      0.389      3.320
  -1   -2     -3.526     -6.539     -8.422
  -1   -2     15.438      4.371      2.068
  -1  113     11.829      0.389      3.320
  -1   -2     -3.526     -6.539     -8.422
  -1   -2     15.438      4.371      2.068
  -1   -2     -3.526     -6.539     -8.422
  -1   -2     15.438      4.371      2.068
  -1   -2     -3.526     -6.539     -8.422
  -1   -2     15.438      4.371      2.068
  -1   -2     -3.526     -6.539     -8.422
  -1   -2     15.438      4.371      2.068
  -1   -2     -3.526     -6.539     -8.422
  -1   -2     15.438      4.371      2.068
  -1   -2     -3.526     -6.539     -8.422
  -1   -2     15.438      4.371      2.068
  -1   -2     -3.526     -6.539     -8.422
  -1   -2     15.438      4.371      2.068
  -1   -2     -3.526     -6.539     -8.422
  -1   -2     15.438      4.371      2.068
  -1   -2     -3.526     -6.539     -8.422
  -1   -2     15.438      4.371      2.068
  -1   -2     -3.526     -6.539     -8.422
  -1   -2     15.438      4.371      2.068
  -1   -2     -3.526     -6.539     -8.422
  -1   -2     15.438      4.371      2.068
  -1   -2     -3.526     -6.539     -8.422
  -1   -2     15.438      4.371      2.068
  -1   -2     -3.526     -6.539     -8.422
  -1   -2     15.438      4.371      2.068
  -1   -2     -3.526     -6.539     -8.422
  -1   -2     15.438      4.371      2.068
  -1   -2     -3.526     -6.539     -8.422
  -1   -2     15.438      4.371      2.068
  -1   -2     15.438      4.371      2.068
  -1   -2     -3.526     -6.539     -8.422
  -1   -2     15.438      4.371      2.068
  -1   -2     -3.526     -6.539     -8.422
  -1   -2     15.438      4.371      2.068
  -1   -2     -3.526     -6.539     -8.422
  -1   -2     15.438      4.371      2.068
  -1   -2     15.438      4.371      2.068
  -1   -2     -3.526     -6.539     -8.422
  -1   -2     15.438      4.371      2.068
  -1   -2     -3.526     -6.539     -8.422
  -1   -2     15.438      4.371      2.068
  -1   -2     -3.526     -6.539     -8.422
  -1   -2     15.438      4.371      2.068
  -1   -2     -3.526     -6.539     -8.422
  -1   -2     15.438      4.371      2.068
  -1   -2     -3.526     -6.539     -8.422
  -1   -2     15.438      4.371      2.068
  -1   -2     -3.526     -6.539     -8.422
  -1   -2     15.438      4.371      2.068
  -1   -2     15.438      4.371      2.068
  -1   -2     -3.526     -6.539     -8.422
  -1   -2     15.438      4.371      2.068
  -1   -2     15.438      4.371      2.068
  -1   -2     -3.526     -6.539     -8.422
  -1   -2     15.438      4.371      2.068
  -1   -2     -3.526     -6.539     -8.422
  -1   -2     15.438      4.371      2.068
  -1   -2     15.438      4.371      2.068
  -1   -2     -3.526     -6.539     -8.422
  -1   -2     15.438      4.371      2.068
  -1   -2     -3.526     -6.539     -8.422
  -1   -2     15.438      4.371      2.068
  -1   -2     -3.526     -6.539     -8.422
  -1   -2     15.438      4.371      2.068
  -1   -2     -3.526     -6.539     -8.422
  -1   -2     15.438      4.371      2.068
  -1   -2     -3.526     -6.539     -8.422
  -1   -2     15.438      4.371      2.068
  -1   -2     -3.526     -6.539     -8.422
  -1   -2     15.438      4.371      2.068
  -1   -2     15.438      4.371      2.068
  -1   -2     -3.526     -6.539     -8.422
  -1   -2     15.438      4.371      2.068
  -1   -2     -3.526     -6.539     -8.422
  -1   -2     15.438      4.371      2.068
  -1   -2     -3.526     -6.539     -8.422
  -1   -2     15.438      4.371      2.068
  -1   -2     -3.526     -6.539     -8.422
  -1   -2     15.438      4.371      2.068
  -1   -2     -3.526     -6.539     -8.422
  -1   -2     15.438      4.371      2.068
  -1   -2     -3.526     -6.539     -8.422
  -1   -2     15.438      4.371      2.068
  -1   -2     -3.526     -6.539     -8.422
  -1   -2     15.438      4.371      2.068
  -1   -2     -3.526     -6.539     -8.422
  -1   -2     15.438      4.371      2.068
  -1   -2     -3.526     -6.539     -8.422
  -1   -2     15.438      4.371      2.068
  -1   -2     -3.526     -6.539     -8.422
 355   -2     15.438      4.371      2.068
  -1   -2     -3.526     -6.539     -8.422
  -1   -2     -3.526     -6.539     -8.422
  -1   -2     -3.526     -6.539     -8.422
  -1   -2     -3.526     -6.539     -8.422
 124   67     -3.526     -6.539     -8.422
