388
   1   -2     15.295     -6.488     -1.266
   0   -2     13.983     -6.133     -4.070
  42    1     14.133     -3.464     -1.546
  45   -2     -1.571     -7.155      3.319
  -1   -2     -3.644     -6.561     -8.759
   5    6     16.087     -2.979     -7.986
   6    8      6.845     -9.576      4.558
  -1   -2     14.935    -10.229     -7.388
  39    9     10.322     -7.605      1.062
  10   10     10.865     -3.158     10.194
   9   -2     -1.486     -9.022      9.587
  99    3     -4.286     -5.994      2.740
  -1    0     15.860     -6.459      2.390
  -1   -2     12.597     -1.704     -0.046
  25   -2     15.306     -2.662     -7.101
  14   -2      5.461     -7.485     -2.885
  73   -2      9.653     -0.425      7.296
  -1   -2     11.912     -9.070      8.354
  -1   -2      5.702     -7.013     -6.009
  -1   -2     20.265     -6.022     -9.277
  22   21     18.140     -9.535     -4.943
  -1   -2     12.896     -9.945      4.647
  -1   23      3.508     -8.764      4.949
  19   20      9.287     -9.776     -3.722
  -1   -2     15.725    -10.194      1.315
  -1   51     -0.717     -9.449     -0.072
   4   25     -1.540     -7.835     -8.010
  58   37      9.828     -8.162      9.965
  27   24     20.217     -8.331     -1.794
  28   -2     -1.267     -9.417      6.831
  15    7     13.916     -3.967     -3.444
  -1   34     20.746    -10.088     -3.617
  -1   47      6.898     -6.364      5.996
  62   -2     -5.167     -1.871      5.608
  -1   15      5.161     -8.404     -0.310
  -1   93     19.225     -8.484     -0.632
  32   -2      2.235     -3.237      8.925
  91   -2     13.556     -6.890      8.541
  34   36      8.962     -7.488     -9.641
  -1  216      9.722      0.746      7.579
  93  102      1.404    -10.027     10.197
  75   -2     17.208     -3.842      3.522
  30   -2      9.440     -4.132      4.291
  37   42      9.448     -5.575      8.493
  -1   43    -10.353    -10.855      2.873
  21   -2     -3.598     -6.413     -3.838
  44   28      2.342     -9.972      9.676
  40   -2     -8.260     -6.799     -2.359
  -1   14     13.724     -3.304     -2.929
  -1   -2     16.427    -10.571      1.723
  97   44     10.332     -5.005     -0.216
  -1   -2     11.815    -10.099     10.261
  47   49     -3.253     -8.645      2.048
  46   27      4.636     -6.779     -8.426
 115   -2     -6.617     -9.345      7.749
  88   70      4.033     -9.964     10.184
  49   45     -1.044     -9.394     -2.129
  -1  234      8.228      5.426     -8.412
  -1   -2     17.087     -1.063     -9.283
  -1   -2     18.006      4.075      1.084
  -1   -2     16.932     -1.421     -0.670
  -1   -2     -8.741    -10.362      6.241
 120   65     10.686      3.241     -7.539
  -1  307      9.678    -10.556     11.496
 360  366      4.134     -3.700      8.254
  -1   72      1.059     -0.046     -0.289
  -1   -2     -6.943     -5.420     -8.398
  -1   96     -4.862     -1.354      7.300
  -1  387     15.441      4.372      2.055
 104   31     -5.871      0.911      3.038
 189   46     14.972      2.937     -5.923
  -1   -2      0.149    -10.734     10.923
  -1   -2     11.808     -8.614      8.384
 105   91     14.105      0.899      5.119
  -1  119     -8.648     -7.249     -3.380
  -1   -2     -5.870     -3.107     -6.369
 122   80     15.266      3.413     -6.559
  70  121     -5.406     -1.996      0.344
  -1   -2     11.829      0.389      3.319
  57   38      5.564      0.777      4.597
  -1   -2     20.634     -3.928     -0.985
  -1   -2    -14.187    -10.533      5.538
  -1  352     -8.160     -4.253      4.370
  -1   -2    -10.476     -7.043     -8.114
  78   77     14.037     -8.058      4.752
  -1   -2    -17.164    -10.012     11.086
  -1  342     16.610      0.417    -10.136
  85   81    -12.682     -7.607     -9.217
  79   78     14.304     -2.484      5.672
  -1   -2      7.452    -11.166      9.517
  -1  286     19.972      1.583     -7.518
  -1   39      7.556     -1.750      0.762
  81   79     -7.957      0.445    -10.929
  90   -2    -12.895     -5.434     -3.250
  80   -2      9.971     -4.518      0.652
  -1   86     18.477     -7.530     11.214
  86   84      8.844      6.075      9.497
  84   50     17.098    -10.254    -11.572
  92   85    -11.703     -9.623     -7.468
  -1   26     11.550     -5.029     -9.309
  61   -2     11.332     -0.866     -2.825
  36   17     13.898     -2.077      1.666
  -1   -2      2.364    -10.464      8.583
  94   90    -11.324    -10.608     -9.606
  98  273     -6.842     -4.125     -7.143
  -1   35     17.149     -5.479      5.773
  18   29      5.101     -8.214      6.485
  -1   -2     16.977     -7.372      3.233
 124   92     -7.698     -3.759     -2.488
  -1   -2     16.006     -0.704      6.706
  -1  103    -10.231     -1.532     -7.355
  -1   -2     17.066     -9.039      0.671
  50   -2     15.858     -0.276      0.064
  -1   94    -10.491     -3.496     -8.695
  -1   18      9.139    -10.515     10.969
  -1   -2     -1.227    -10.273     -1.963
 101  101     -2.374     -5.059     -4.429
  -1   99     -5.579      4.395     -4.337
  -1   -2     -6.081    -12.361     -8.972
  -1   -2     -0.155      6.692     -3.932
  -1   -2     -3.501     -6.535     -8.364
   7    4     15.136    -10.205     -6.649
  -1   -2     11.912     -9.070      8.354
  -1   -2     10.686      3.241     -7.539
  -1   -2     18.006      4.075      1.084
  -1   -2     17.087     -1.063     -9.283
  -1   -2     16.932     -1.421     -0.670
  -1   -2     -8.741    -10.362      6.241
  -1   -2      4.134     -3.700      8.254
  -1   -2      1.059     -0.046     -0.289
  -1   -2     15.441      4.372      2.055
  89   59     -8.648     -7.249     -3.380
  -1   41     -5.870     -3.107     -6.369
  -1   -2     14.972      2.937     -5.923
  -1   -2     11.808     -8.614      8.384
  -1   -2     11.829      0.389      3.319
  -1   -2     -8.160     -4.253      4.370
  -1   95     20.634     -3.928     -0.985
  -1   -2     19.972      1.583     -7.518
  -1   -2     -3.501     -6.535     -8.364
  -1   -2     11.912     -9.070      8.354
  24   -2      5.667     -7.040     -6.122
  -1   -2     15.860     -6.459      2.390
  -1   -2     17.087     -1.063     -9.283
  -1   -2     16.932     -1.421     -0.670
  -1   -2     10.686      3.241     -7.539
  -1   -2      4.134     -3.700      8.254
  -1   -2      1.059     -0.046     -0.289
  -1   -2     15.441      4.372      2.055
  -1   -2     14.972      2.937     -5.923
  -1   -2     11.808     -8.614      8.384
  -1   -2     -5.870     -3.107     -6.369
  -1   -2     11.829      0.389      3.319
  -1   -2     -8.160     -4.253      4.370
  -1   -2     20.634     -3.928     -0.985
  -1   -2     19.972      1.583     -7.518
  13  108     15.860     -6.459      2.390
  -1   -2     -3.501     -6.535     -8.364
  -1   -2     11.912     -9.070      8.354
 132   97     16.932     -1.421     -0.670
  -1   -2     10.686      3.241     -7.539
  -1   -2     17.087     -1.063     -9.283
  -1   -2      4.134     -3.700      8.254
  -1   -2      1.059     -0.046     -0.289
  -1   -2     15.441      4.372      2.055
  -1   -2     14.972      2.937     -5.923
  -1   -2     11.808     -8.614      8.384
  -1   -2     11.829      0.389      3.319
  -1   -2     -5.870     -3.107     -6.369
  -1   -2     -8.160     -4.253      4.370
  -1   -2     20.634     -3.928     -0.985
  -1   -2     19.972      1.583     -7.518
  -1   -2     -3.501     -6.535     -8.364
  -1   -2     11.912     -9.070      8.354
  -1   -2     17.087     -1.063     -9.283
  -1   -2     10.686      3.241     -7.539
  -1   -2      4.134     -3.700      8.254
  -1   -2      1.059     -0.046     -0.289
  -1   -2     15.441      4.372      2.055
  -1   -2     11.808     -8.614      8.384
  -1   -2     14.972      2.937     -5.923
  -1   -2     -5.870     -3.107     -6.369
  -1   -2     11.829      0.389      3.319
  -1   -2     -8.160     -4.253      4.370
  -1   -2     20.634     -3.928     -0.985
 280   -2     19.972      1.583     -7.518
  -1   -2     -3.501     -6.535     -8.364
  -1   -2     11.912     -9.070      8.354
  -1   -2     10.686      3.241     -7.539
  -1   -2     17.087     -1.063     -9.283
  -1   -2      4.134     -3.700      8.254
  -1   -2      1.059     -0.046     -0.289
  -1   -2     15.441      4.372      2.055
  16  188     11.808     -8.614      8.384
  -1   -2     -5.870     -3.107     -6.369
  -1   -2     14.972      2.937     -5.923
  -1   -2     11.829      0.389      3.319
  -1   -2     -8.160     -4.253      4.370
  -1   -2     20.634     -3.928     -0.985
  -1   -2     -3.501     -6.535     -8.364
  -1   -2     11.912     -9.070      8.354
  -1   -2     10.686      3.241     -7.539
  -1   -2      4.134     -3.700      8.254
  -1   -2     17.087     -1.063     -9.283
  -1   -2      1.059     -0.046     -0.289
  -1   -2     15.441      4.372      2.055
  -1   -2     14.972      2.937     -5.923
  -1   -2     11.829      0.389      3.319
  -1   -2     20.634     -3.928     -0.985
  -1   -2     -8.160     -4.253      4.370
  -1   -2     -5.870     -3.107     -6.369
  -1   -2     11.912     -9.070      8.354
  -1   -2     17.087     -1.063     -9.283
  -1   -2      4.134     -3.700      8.254
  -1   -2     10.686      3.241     -7.539
  -1   -2      1.059     -0.046     -0.289
  -1   -2     15.441      4.372      2.055
  -1   -2     14.972      2.937     -5.923
  -1   -2     11.829      0.389      3.319
  -1   -2     -5.870     -3.107     -6.369
  -1   -2     20.634     -3.928     -0.985
  -1   -2     -8.160     -4.253      4.370
  -1   -2     -3.501     -6.535     -8.364
  -1   -2     11.912     -9.070      8.354
  -1   -2     10.686      3.241     -7.539
  -1   -2     17.087     -1.063     -9.283
  -1   -2      4.134     -3.700      8.254
  -1   -2      1.059     -0.046     -0.289
  -1   -2     15.441      4.372      2.055
  -1   -2     14.972      2.937     -5.923
 125  122     11.829      0.389      3.319
  -1   -2     -5.870     -3.107     -6.369
  -1   -2     -8.160     -4.253      4.370
  -1   -2     20.634     -3.928     -0.985
  -1   -2     -3.501     -6.535     -8.364
  -1   -2     11.912     -9.070      8.354
  -1   -2     10.686      3.241     -7.539
  -1   -2     17.087     -1.063     -9.283
  -1   -2      4.134     -3.700      8.254
  -1   -2      1.059     -0.046     -0.289
  -1   -2     15.441      4.372      2.055
 277  283     14.972      2.937     -5.923
 267   -2     -5.870     -3.107     -6.369
  -1   -2     20.634     -3.928     -0.985
  -1   -2     -8.160     -4.253      4.370
  -1   -2     -3.501     -6.535     -8.364
  -1   -2     11.912     -9.070      8.354
  -1   -2      4.134     -3.700      8.254
  -1   -2     17.087     -1.063     -9.283
 228   -2     10.686      3.241     -7.539
  -1   -2      1.059     -0.046     -0.289
  -1   -2     15.441      4.372      2.055
  -1   -2     -8.160     -4.253      4.370
  -1   -2     20.634     -3.928     -0.985
  -1   -2     11.912     -9.070      8.354
  -1   -2      1.059     -0.046     -0.289
  -1   -2      4.134     -3.700      8.254
  -1   -2     17.087     -1.063     -9.283
  -1   -2     15.441      4.372      2.055
  -1   -2     -8.160     -4.253      4.370
  -1   -2     20.634     -3.928     -0.985
  -1   -2     -3.501     -6.535     -8.364
  -1   -2     11.912     -9.070      8.354
  -1   -2     17.087     -1.063     -9.283
  -1   -2      4.134     -3.700      8.254
  -1   -2      1.059     -0.046     -0.289
  -1   -2     15.441      4.372      2.055
  -1   -2     -8.160     -4.253      4.370
  -1   -2     20.634     -3.928     -0.985
  -1   -2     -3.501     -6.535     -8.364
  -1   -2     11.912     -9.070      8.354
  -1   -2     17.087     -1.063     -9.283
  -1   -2      4.134     -3.700      8.254
  -1   -2      1.059     -0.046     -0.289
  -1   -2     15.441      4.372      2.055
  -1   -2     20.634     -3.928     -0.985
  -1   -2     -8.160     -4.253      4.370
  -1   -2     -3.501     -6.535     -8.364
  -1   -2     11.912     -9.070      8.354
  -1   -2     17.087     -1.063     -9.283
  -1   -2      4.134     -3.700      8.254
 274  280      1.059     -0.046     -0.289
  -1   -2     15.441      4.372      2.055
  -1   -2     -8.160     -4.253      4.370
  -1   -2     20.634     -3.928     -0.985
  -1   -2     -3.501     -6.535     -8.364
  -1   -2     11.912     -9.070      8.354
  -1   -2     17.087     -1.063     -9.283
  -1   -2      4.134     -3.700      8.254
  -1   -2     15.441      4.372      2.055
  -1   -2     -8.160     -4.253      4.370
  -1   -2     -3.501     -6.535     -8.364
  -1   -2     11.912     -9.070      8.354
  -1   -2      4.134     -3.700      8.254
  -1   -2     17.087     -1.063     -9.283
  -1   -2     15.441      4.372      2.055
  -1   -2     -8.160     -4.253      4.370
  -1   -2     -3.501     -6.535     -8.364
  -1   -2     11.912     -9.070      8.354
  -1   -2     17.087     -1.063     -9.283
  -1   -2      4.134     -3.700      8.254
  -1   -2     15.441      4.372      2.055
  -1   -2     -8.160     -4.253      4.370
  -1   -2     11.912     -9.070      8.354
  -1   -2     17.087     -1.063     -9.283
  -1   -2      4.134     -3.700      8.254
  -1   -2     15.441      4.372      2.055
  -1   -2     -8.160     -4.253      4.370
  -1   -2     -3.501     -6.535     -8.364
  -1   -2     11.912     -9.070      8.354
  -1   -2      4.134     -3.700      8.254
  -1   -2     17.087     -1.063     -9.283
  -1   -2     15.441      4.372      2.055
  -1   -2     -8.160     -4.253      4.370
  -1   -2     11.912     -9.070      8.354
  -1   -2      4.134     -3.700      8.254
  -1   -2     17.087     -1.063     -9.283
  -1   -2     15.441      4.372      2.055
  -1   -2     -8.160     -4.253      4.370
  -1   -2     -3.501     -6.535     -8.364
 121   16     11.912     -9.070      8.354
  -1   -2     17.087     -1.063     -9.283
  -1   -2      4.134     -3.700      8.254
  -1   -2     15.441      4.372      2.055
  -1   -2     -8.160     -4.253      4.370
  -1   -2     -3.501     -6.535     -8.364
  -1   -2      4.134     -3.700      8.254
  -1   -2     17.087     -1.063     -9.283
  -1   -2     15.441      4.372      2.055
  -1   -2     -8.160     -4.253      4.370
  -1   -2     17.087     -1.063     -9.283
  -1   -2      4.134     -3.700      8.254
  -1   -2     15.441      4.372      2.055
  -1   -2     -8.160     -4.253      4.370
  -1   -2     -3.501     -6.535     -8.364
  -1   -2     17.087     -1.063     -9.283
  -1   -2      4.134     -3.700      8.254
  -1   -2     15.441      4.372      2.055
  -1   -2     -8.160     -4.253      4.370
  -1   -2     -3.501     -6.535     -8.364
  -1   -2      4.134     -3.700      8.254
  -1   -2     17.087     -1.063     -9.283
  -1   -2     15.441      4.372      2.055
  -1   -2     -8.160     -4.253      4.370
  -1   -2     -3.501     -6.535     -8.364
  -1   -2      4.134     -3.700      8.254
  -1   -2     15.441      4.372      2.055
  -1   -2     -8.160     -4.253      4.370
  -1   -2     -3.501     -6.535     -8.364
  -1   -2      4.134     -3.700      8.254
  -1   -2     15.441      4.372      2.055
  -1   -2     -8.160     -4.253      4.370
  -1   -2     -3.501     -6.535     -8.364
  -1   -2      4.134     -3.700      8.254
  -1   -2     15.441      4.372      2.055
 346   -2     -8.160     -4.253      4.370
  -1   -2     -3.501     -6.535     -8.364
 108   -2      4.134     -3.700      8.254
  -1   -2     15.441      4.372      2.055
  -1   -2     15.441      4.372      2.055
  -1   -2     -3.501     -6.535     -8.364
  -1   -2     15.441      4.372      2.055
  -1   -2     -3.501     -6.535     -8.364
  -1   -2     15.441      4.372      2.055
  -1   -2     -3.501     -6.535     -8.364
  -1   -2     15.441      4.372      2.055
  -1   -2     -3.501     -6.535     -8.364
  -1   -2     15.441      4.372      2.055
  -1   -2     -3.501     -6.535     -8.364
  -1   -2     15.441      4.372      2.055
  -1   -2     -3.501     -6.535     -8.364
  -1   -2     15.441      4.372      2.055
  -1   -2     -3.501     -6.535     -8.364
  -1   -2     15.441      4.372      2.055
  -1   -2     -3.501     -6.535     -8.364
  -1   -2     15.441      4.372      2.055
  -1   -2     -3.501     -6.535     -8.364
  -1   -2     15.441      4.372      2.055
  -1   -2     -3.501     -6.535     -8.364
  -1   -2     15.441      4.372      2.055
  -1   -2     -3.501     -6.535     -8.364
  -1   -2     15.441      4.372      2.055
  -1   -2     -3.501     -6.535     -8.364
  -1   -2     15.441      4.372      2.055
  -1   -2     -3.501     -6.535     -8.364
 381  117     15.441      4.372      2.055
  -1   -2     -3.501     -6.535     -8.364
 384  390     -3.501     -6.535     -8.364
