396
   0   -2     15.292     -6.490     -1.269
   1   23      3.107     -9.822      5.777
  28   -2     14.137     -3.466     -1.531
  47   81     17.042    -10.589      0.354
  13   -2     -1.569     -7.155      3.327
  -1   -2     -3.647     -6.562     -8.763
 122    7     16.083     -2.979     -7.976
  86   17      6.843     -9.578      4.562
  29   -2     14.580     -6.227     -4.995
  12   -2     10.331     -7.605      1.091
  11    9     10.860     -3.161     10.176
  67   10     -4.285     -5.994      2.745
  -1   11     -1.487     -9.022      9.587
 217   97      9.643     -0.427      7.326
 101   -2     12.598     -1.702     -0.048
  16    5     15.305     -2.661     -7.091
  51   -2      3.305     -7.681      5.095
  -1  324     11.912     -9.071      8.374
  -1   -2      9.599     -8.254      9.591
 317   -2     12.895     -9.945      4.648
  19   19      9.287     -9.777     -3.717
  23  118      3.509     -8.763      4.955
  -1   -2     20.262     -6.021     -9.271
  -1   -2     18.142     -9.538     -4.950
  25   -2     15.726    -10.194      1.310
   4   25     -0.712     -9.449     -0.066
  18   56      5.711     -7.014     -6.002
  -1   55     -1.525     -7.842     -7.985
 100   47     13.403     -4.126     -6.917
  -1   -2      6.877     -6.356      5.947
  -1   39     20.748    -10.088     -3.622
  32  109     19.222     -8.482     -0.624
  14   -2     -1.576     -9.544      6.157
   8   38     16.171     -4.420     -9.099
  69   34     -5.165     -1.871      5.612
 109   32      2.235     -3.236      8.931
  38   41      8.966     -7.487     -9.647
  37   -2     17.214     -3.845      3.512
  35   -2     13.552     -6.888      8.544
  74   95      1.408    -10.024     10.209
  89   -2      9.436     -4.130      4.304
  56   45     10.325     -7.296      4.390
  44   -2     -8.250     -6.800     -2.379
  46   -2     13.722     -3.305     -2.923
 130  304     13.023      1.359     -1.015
  -1   36      9.446     -5.578      8.495
  48   48    -10.351    -10.854      2.865
  73   42     -3.282     -8.575     -7.541
  50   52     11.819    -10.099     10.254
 110   58     -3.590     -6.416     -3.818
  49   53     10.330     -5.002     -0.216
  64   -2      0.707     -9.086      5.012
  -1   -2      4.636     -6.776     -8.422
  54   -2     -6.613     -9.345      7.748
  -1    3     19.990    -11.161     -3.864
   6    2     -1.071     -7.604      6.092
  -1   -2     14.555     -9.052      8.700
  57   57     -1.042     -9.391     -2.139
  -1   -2     15.997      2.491     -8.902
  -1   -2     10.685      3.245     -7.531
 111   61     16.924     -1.425     -0.697
  -1   70      0.423    -10.381      9.123
  -1   27     17.083     -1.061     -9.298
  -1   -2     17.999      4.075      1.102
  -1   -2      4.132     -3.700      8.250
  -1   33     -8.736    -10.363      6.251
  52   -2     -3.052     -4.594      1.532
  -1   -2      1.059     -0.046     -0.287
  -1   75      8.226      5.423     -8.410
  -1   -2     15.438      4.374      2.064
  -1  100      6.958      1.793     -3.489
  -1   69     -4.862     -1.355      7.302
  -1   -2     -5.867      0.911      3.030
  -1   30      0.146    -10.735     10.927
  -1   -2     14.975      2.937     -5.926
  95   49     -8.648     -7.251     -3.382
  -1   16     11.830      0.389      3.312
  -1   -2     -5.871     -3.112     -6.352
  78   -2     15.266      3.411     -6.555
 171  185     -5.407     -1.996      0.343
  -1   -2      5.565      0.777      4.599
 105   -2    -10.477     -7.044     -8.116
  -1   -2     20.636     -3.928     -0.989
  83   82    -14.171    -10.531      5.509
  36    0     16.381     -7.924     -0.851
  85   -2     18.815      0.371     -6.152
  77   -2     12.066     -8.572      9.209
  -1    6      7.457    -11.168      9.505
  88   86     14.304     -2.482      5.671
  92  116     -7.954      0.445    -10.920
  58   -2     16.613      0.419    -10.139
  -1   84      7.568     -1.751      0.795
  -1    8     17.130    -10.266    -11.652
  93   89    -12.682     -7.608     -9.219
  -1  114    -12.895     -5.436     -3.252
  99   90      8.846      6.073      9.494
  -1   -2    -11.706     -9.622     -7.474
  -1   92    -11.289    -10.621     -9.719
  -1   74     14.022    -10.305      8.565
  96   93     10.701     -9.744     -8.750
  -1   -2     19.974      1.582     -7.508
  97   94     18.489     -7.531     11.262
  22   22     15.000     -9.447      1.324
  -1   28     11.549     -5.032     -9.298
  -1   99     15.545     -8.314      9.996
  -1    1     13.898     -2.079      1.666
  -1   -2     11.332     -0.870     -2.817
  34   40     16.977     -7.377      3.232
  -1   67     -6.841     -4.127     -7.139
  84   -2     17.143     -5.993      1.648
 106  105     -7.697     -3.762     -2.489
  -1   -2     -6.303     -2.873      2.222
  -1  111     15.860     -0.275      0.065
  -1  112     -2.379     -5.057     -4.440
  -1   35      2.488    -10.496      8.242
 113  107     -5.581      4.395     -4.329
  -1   20      9.137    -10.515     10.981
 112   -2    -10.604     -1.400     -5.921
 114   91    -11.540     -2.940     -4.698
  -1   -2     -3.507     -6.538     -8.377
  -1   -2     11.912     -9.071      8.374
 123   -2      2.457     -3.241      8.323
  -1   59     15.997      2.491     -8.902
  -1   -2     17.999      4.075      1.102
  60   -2     16.924     -1.425     -0.696
  -1   -2     10.685      3.245     -7.531
  -1  384      4.132     -3.700      8.250
  -1   -2     17.083     -1.061     -9.298
  -1   77      1.059     -0.046     -0.287
  -1   -2     -5.867      0.911      3.030
  -1   -2     15.438      4.374      2.064
  -1  294     -5.871     -3.112     -6.352
  -1   50     14.975      2.937     -5.926
 129  144    -12.840     -9.964     -3.523
  -1   -2     11.830      0.389      3.312
  -1   43     20.636     -3.928     -0.989
  -1   -2     19.974      1.582     -7.508
  -1   -2     -3.507     -6.538     -8.377
  -1   -2     11.912     -9.071      8.374
  -1   -2     15.997      2.491     -8.902
  -1   -2     17.999      4.075      1.102
  -1   -2     17.083     -1.061     -9.298
  -1   -2     10.685      3.245     -7.531
  -1   -2      4.132     -3.700      8.250
  -1   -2      1.059     -0.046     -0.287
  -1   -2     -5.867      0.911      3.030
  -1   -2     15.438      4.374      2.064
  -1   -2     -5.871     -3.112     -6.352
  -1   -2     14.975      2.937     -5.926
  -1   -2     11.830      0.389      3.312
  -1   -2     20.636     -3.928     -0.989
  -1   -2     19.974      1.582     -7.508
  -1   -2     -3.507     -6.538     -8.377
  -1   -2     11.912     -9.071      8.374
  -1   -2     10.685      3.245     -7.531
  61   -2     17.999      4.075      1.102
  -1   -2     17.083     -1.061     -9.298
  -1   -2      4.132     -3.700      8.250
  -1   -2      1.059     -0.046     -0.287
  -1   -2     15.438      4.374      2.064
  -1   -2     14.975      2.937     -5.926
 143   -2     -5.867      0.911      3.030
  -1   -2     11.830      0.389      3.312
  -1   -2     -5.871     -3.112     -6.352
  -1   -2     20.636     -3.928     -0.989
  -1   -2     19.974      1.582     -7.508
  -1   -2     -3.507     -6.538     -8.377
  -1   -2     11.912     -9.071      8.374
  -1   -2     17.083     -1.061     -9.298
  -1   -2     10.685      3.245     -7.531
  -1   -2      4.132     -3.700      8.250
  -1   -2      1.059     -0.046     -0.287
  -1   -2     15.438      4.374      2.064
  -1   -2     14.975      2.937     -5.926
  -1   -2     -5.871     -3.112     -6.352
  -1   -2     11.830      0.389      3.312
  -1   -2     20.636     -3.928     -0.989
  -1   -2     19.974      1.582     -7.508
  -1   -2     -3.507     -6.538     -8.377
  -1   -2     11.912     -9.071      8.374
  -1   -2     10.685      3.245     -7.531
  -1   -2     17.083     -1.061     -9.298
  -1   -2      4.132     -3.700      8.250
  -1   -2      1.059     -0.046     -0.287
  -1   -2     15.438      4.374      2.064
  -1   -2     -5.871     -3.112     -6.352
  -1   -2     14.975      2.937     -5.926
  -1   -2     11.830      0.389      3.312
  -1   -2     20.636     -3.928     -0.989
  -1   -2     19.974      1.582     -7.508
  -1   -2     -3.507     -6.538     -8.377
  -1   -2     11.912     -9.071      8.374
  -1   -2     17.083     -1.061     -9.298
  -1   -2     10.685      3.245     -7.531
  -1   -2      4.132     -3.700      8.250
  -1   -2      1.059     -0.046     -0.287
  -1   -2     15.438      4.374      2.064
  -1   -2     14.975      2.937     -5.926
  -1   -2     -5.871     -3.112     -6.352
  -1   -2     11.830      0.389      3.312
  -1   -2     20.636     -3.928     -0.989
  -1   -2     19.974      1.582     -7.508
  -1   -2     -3.507     -6.538     -8.377
  -1   -2     11.912     -9.071      8.374
  -1   -2     10.685      3.245     -7.531
  -1   -2     17.083     -1.061     -9.298
  -1   -2      4.132     -3.700      8.250
  -1   -2      1.059     -0.046     -0.287
  -1   -2     15.438      4.374      2.064
  -1   -2     14.975      2.937     -5.926
  -1   -2     11.830      0.389      3.312
  -1   -2     -5.871     -3.112     -6.352
  -1   -2     20.636     -3.928     -0.989
  -1   -2     19.974      1.582     -7.508
  -1   -2     -3.507     -6.538     -8.377
  -1   -2     11.912     -9.071      8.374
  -1   -2     17.083     -1.061     -9.298
  -1   -2     10.685      3.245     -7.531
  -1   -2      4.132     -3.700      8.250
  -1   -2      1.059     -0.046     -0.287
  -1   -2     15.438      4.374      2.064
  -1   -2     14.975      2.937     -5.926
  -1   -2     -5.871     -3.112     -6.352
  -1   -2     11.830      0.389      3.312
  -1   -2     20.636     -3.928     -0.989
 133   83     19.974      1.582     -7.508
  -1   -2     -3.507     -6.538     -8.377
  -1   -2     11.912     -9.071      8.374
  -1   -2     10.685      3.245     -7.531
  -1   -2     17.083     -1.061     -9.298
  -1   -2      4.132     -3.700      8.250
  -1   -2      1.059     -0.046     -0.287
  -1   -2     15.438      4.374      2.064
  -1   -2     -5.871     -3.112     -6.352
  -1   -2     14.975      2.937     -5.926
  -1   -2     11.830      0.389      3.312
  -1   -2     20.636     -3.928     -0.989
  -1   -2     -3.507     -6.538     -8.377
  -1   -2     11.912     -9.071      8.374
  -1   -2     10.685      3.245     -7.531
  -1   -2      4.132     -3.700      8.250
  -1   -2     17.083     -1.061     -9.298
  -1   -2      1.059     -0.046     -0.287
  -1   -2     15.438      4.374      2.064
  -1   -2     14.975      2.937     -5.926
  -1   -2     11.830      0.389      3.312
  -1   -2     20.636     -3.928     -0.989
  -1   -2     -5.871     -3.112     -6.352
  -1   -2     11.912     -9.071      8.374
  -1   -2     17.083     -1.061     -9.298
  -1   -2      4.132     -3.700      8.250
  -1   -2     10.685      3.245     -7.531
  -1   -2      1.059     -0.046     -0.287
  -1   -2     15.438      4.374      2.064
  -1   -2     14.975      2.937     -5.926
  17   98     11.830      0.389      3.312
  -1   -2     -5.871     -3.112     -6.352
  -1   -2     20.636     -3.928     -0.989
  -1   -2     -3.507     -6.538     -8.377
  -1   -2     11.912     -9.071      8.374
  -1   -2     10.685      3.245     -7.531
  -1   -2     17.083     -1.061     -9.298
  -1   -2      4.132     -3.700      8.250
  -1   -2      1.059     -0.046     -0.287
  -1   -2     15.438      4.374      2.064
 103   -2     -5.871     -3.112     -6.352
  -1   -2     20.636     -3.928     -0.989
  -1   -2     -3.507     -6.538     -8.377
  -1   -2     11.912     -9.071      8.374
  -1   -2     10.685      3.245     -7.531
  -1   -2     17.083     -1.061     -9.298
  -1   -2      4.132     -3.700      8.250
  -1   -2      1.059     -0.046     -0.287
  -1   -2     15.438      4.374      2.064
  -1   -2     20.636     -3.928     -0.989
  -1   -2     -3.507     -6.538     -8.377
  -1   -2     11.912     -9.071      8.374
  -1   -2      4.132     -3.700      8.250
  -1   -2     17.083     -1.061     -9.298
  59  269     10.685      3.245     -7.531
  -1   -2      1.059     -0.046     -0.287
  -1   -2     15.438      4.374      2.064
  -1   -2     20.636     -3.928     -0.989
  -1   -2     11.912     -9.071      8.374
  -1   -2      1.059     -0.046     -0.287
  -1   -2      4.132     -3.700      8.250
  -1   -2     17.083     -1.061     -9.298
  -1   -2     15.438      4.374      2.064
  -1   -2     20.636     -3.928     -0.989
  -1   -2     -3.507     -6.538     -8.377
  -1   -2     11.912     -9.071      8.374
  -1   -2     17.083     -1.061     -9.298
  -1   -2      4.132     -3.700      8.250
  -1   -2      1.059     -0.046     -0.287
  -1   -2     15.438      4.374      2.064
  -1   -2     20.636     -3.928     -0.989
  -1   -2     -3.507     -6.538     -8.377
  -1   -2     11.912     -9.071      8.374
  -1   -2     17.083     -1.061     -9.298
  -1   -2      4.132     -3.700      8.250
  -1   -2      1.059     -0.046     -0.287
  -1   -2     15.438      4.374      2.064
  -1   -2     20.636     -3.928     -0.989
  -1   -2     -3.507     -6.538     -8.377
  -1   -2     11.912     -9.071      8.374
  -1   -2     17.083     -1.061     -9.298
  -1   -2      4.132     -3.700      8.250
 124  318      1.059     -0.046     -0.287
  -1   -2     15.438      4.374      2.064
 309  321     20.636     -3.928     -0.989
  -1   -2     -3.507     -6.538     -8.377
  -1   -2     11.912     -9.071      8.374
  -1   -2     17.083     -1.061     -9.298
  -1   -2      4.132     -3.700      8.250
  -1   -2     15.438      4.374      2.064
  -1   -2     -3.507     -6.538     -8.377
  -1   -2     11.912     -9.071      8.374
  -1   -2      4.132     -3.700      8.250
  -1   -2     17.083     -1.061     -9.298
  -1   -2     15.438      4.374      2.064
  -1   -2     -3.507     -6.538     -8.377
  -1   -2     11.912     -9.071      8.374
  -1   -2     17.083     -1.061     -9.298
  -1   -2      4.132     -3.700      8.250
  -1   -2     15.438      4.374      2.064
  -1   -2     11.912     -9.071      8.374
  -1   -2     17.083     -1.061     -9.298
  -1   -2      4.132     -3.700      8.250
  -1   -2     15.438      4.374      2.064
  -1   -2     -3.507     -6.538     -8.377
  -1   -2     11.912     -9.071      8.374
  -1   -2      4.132     -3.700      8.250
  -1   -2     17.083     -1.061     -9.298
  -1   -2     15.438      4.374      2.064
  20   -2     11.912     -9.071      8.374
  -1   -2      4.132     -3.700      8.250
  -1   -2     17.083     -1.061     -9.298
  -1   -2     15.438      4.374      2.064
  -1   -2     -3.507     -6.538     -8.377
  -1   -2     17.083     -1.061     -9.298
  -1   -2      4.132     -3.700      8.250
  -1   -2     15.438      4.374      2.064
  -1   -2     -3.507     -6.538     -8.377
  -1   -2      4.132     -3.700      8.250
  -1   -2     17.083     -1.061     -9.298
  -1   -2     15.438      4.374      2.064
  -1   -2     17.083     -1.061     -9.298
  -1   -2      4.132     -3.700      8.250
  -1   -2     15.438      4.374      2.064
  -1   -2     -3.507     -6.538     -8.377
  91   64     17.083     -1.061     -9.298
  -1   -2      4.132     -3.700      8.250
  -1   -2     15.438      4.374      2.064
  -1   -2     -3.507     -6.538     -8.377
  -1   -2      4.132     -3.700      8.250
  -1   -2     15.438      4.374      2.064
  -1   -2     -3.507     -6.538     -8.377
  -1   -2      4.132     -3.700      8.250
  -1   -2     15.438      4.374      2.064
  -1   -2     -3.507     -6.538     -8.377
  -1   -2      4.132     -3.700      8.250
  -1   -2     15.438      4.374      2.064
  -1   -2     -3.507     -6.538     -8.377
  41   -2      4.132     -3.700      8.250
  -1   -2     15.438      4.374      2.064
  -1   -2     -3.507     -6.538     -8.377
  -1   -2     15.438      4.374      2.064
  -1   -2     15.438      4.374      2.064
  -1   -2     -3.507     -6.538     -8.377
  -1   -2     15.438      4.374      2.064
  -1   -2     -3.507     -6.538     -8.377
  -1   -2     15.438      4.374      2.064
  -1   -2     -3.507     -6.538     -8.377
  -1   -2     15.438      4.374      2.064
  -1   -2     -3.507     -6.538     -8.377
  -1   -2     15.438      4.374      2.064
  -1   -2     -3.507     -6.538     -8.377
  -1   -2     15.438      4.374      2.064
  -1   -2     -3.507     -6.538     -8.377
  -1   -2     15.438      4.374      2.064
  -1   -2     -3.507     -6.538     -8.377
  -1   -2     15.438      4.374      2.064
  -1   -2     -3.507     -6.538     -8.377
  -1   -2     15.438      4.374      2.064
  -1   -2     -3.507     -6.538     -8.377
  -1   -2     15.438      4.374      2.064
  -1   -2     -3.507     -6.538     -8.377
  -1   -2     15.438      4.374      2.064
  -1   -2     -3.507     -6.538     -8.377
  -1   -2     15.438      4.374      2.064
  -1   -2     -3.507     -6.538     -8.377
  -1   -2     15.438      4.374      2.064
  -1   -2     -3.507     -6.538     -8.377
  72  405     15.438      4.374      2.064
  -1   -2     -3.507     -6.538     -8.377
 116  408     -3.507     -6.538     -8.377
