390
   2   -2     15.293     -6.489     -1.263
  91   -2     14.138     -3.467     -1.529
  -1    2     -1.571     -7.155      3.326
  -1   -2     -3.654     -6.565     -8.777
  33   -2     16.202     -3.030     -8.412
   8    6      6.845     -9.577      4.558
   0    7     14.575     -6.226     -4.982
   7   -2     14.929    -10.233     -7.411
  10   10     10.864     -3.158     10.191
  -1   55     10.328     -7.607      1.084
  13   -2     -4.286     -5.994      2.745
  11   -2     -1.486     -9.021      9.590
  14    4     15.303     -2.660     -7.089
  17   -2     12.596     -1.701     -0.043
  -1   -2     11.910     -9.070      8.361
  12   -2      9.648     -0.425      7.313
  -1   35      5.456     -7.485     -2.895
  20   19      9.290     -9.776     -3.729
  -1  133     15.656     -6.997      2.249
  23   20      3.511     -8.765      4.958
  21   21     18.143     -9.537     -4.949
  25   -2     -1.530     -7.838     -7.988
 106   -2      0.416    -10.358      8.738
  24   26     20.209     -8.334     -1.769
  -1   28      9.832     -8.163      9.972
  27   27      4.746     -6.797     -8.751
  88   47     13.404     -4.126     -6.914
 110   34      2.227     -3.238      8.934
   3  113      1.040     -9.040      4.569
  -1   15      5.155     -8.404     -0.296
  31   30     -5.165     -1.871      5.612
  -1   33     16.165     -4.422     -9.086
  36   38      8.963     -7.487     -9.634
  -1   -2     13.548     -6.888      8.557
  30   -2     19.607     -8.584     -1.489
  35   40     17.208     -3.844      3.520
   9   -2     10.323     -7.299      4.389
  40   44     -0.150     -7.520     10.717
 118  227     13.002      1.365     -0.960
  42   43      9.453     -5.578      8.480
  29   -2      9.438     -4.131      4.299
  26    1     13.727     -3.302     -2.937
 119   -2     -8.253     -6.800     -2.376
  43   45    -10.349    -10.855      2.872
  37   31     17.201     -7.453      2.896
 114   -2     10.329     -5.005     -0.204
 126   50     -3.591     -6.417     -3.823
  -1   -2      0.482     -7.457      1.718
  -1   23     -3.320     -9.328     -1.954
  51   -2     -1.047     -9.391     -2.125
  -1  245     10.687      3.240     -7.535
  -1   60     18.008      4.072      1.081
  54   -2     16.931     -1.421     -0.675
  -1   -2     -8.741    -10.364      6.237
  -1   -2     17.089     -1.062     -9.275
  -1  385      4.136     -3.700      8.260
  -1   -2      1.061     -0.045     -0.286
  -1   -2     -6.945     -5.420     -8.404
  60   67     -4.862     -1.355      7.303
  -1   -2     15.438      4.372      2.063
  -1   -2     -8.647     -7.251     -3.380
  -1   87      6.956      1.795     -3.495
   4   79     16.231     -9.133     -2.526
  -1   24     14.973      2.936     -5.924
  -1   -2     11.806     -8.614      8.388
 283   57     15.268      3.414     -6.559
  64  124     -5.866      0.910      3.043
  -1   -2     11.829      0.388      3.316
 273   48     -5.868     -3.111     -6.368
 115   39      5.565      0.776      4.599
  -1   -2     -5.409     -1.996      0.338
  71   -2      9.756    -10.957     -4.448
  75  131     13.901    -11.008     -6.663
  -1   -2     20.637     -3.931     -0.988
  -1  101     -8.192     -4.248      4.295
  65  313     18.813      0.370     -6.149
  95   -2     14.036     -8.057      4.753
  78   83     14.304     -2.483      5.675
  -1   42      7.561     -1.749      0.781
  -1   -2     19.973      1.582     -7.509
  -1   96     17.105    -10.261    -11.587
  79   84     -7.956      0.444    -10.924
  -1  119     16.611      0.418    -10.135
  84   93      8.843      6.070      9.502
  -1   49      0.776    -11.112     -0.429
  81   86    -12.681     -7.608     -9.217
  87   91     10.698     -9.744     -8.744
  -1   92    -11.702     -9.622     -7.463
  86   94     18.492     -7.533     11.277
  82   89    -12.897     -5.435     -3.253
  50   98     11.549     -5.027     -9.307
  -1   -2     13.897     -2.076      1.667
  90  100    -11.303    -10.617     -9.669
  -1   99    -10.735     -3.681     -9.315
  -1   16     11.332     -0.865     -2.826
  -1   -2     -6.844     -4.128     -7.142
  -1  104     17.161     -5.483      5.749
  96   -2     -7.698     -3.763     -2.485
  -1   -2     16.006     -0.706      6.710
  -1   78    -13.447    -10.488      2.287
  -1   62     15.858     -0.277      0.061
  -1   -2     -8.026     -9.862    -10.446
 101   -2     -2.382     -5.057     -4.444
 103   -2    -11.533     -2.947     -4.671
 124   82     17.141     -5.989      1.652
  -1   -2     16.722     -7.419      2.319
  -1   -2     19.667     -5.841     -7.635
  99  110     -5.582      4.393     -4.327
  -1   41      0.088     -9.822     11.075
  -1   -2     10.960      4.472      0.549
  -1  103    -10.601     -1.401     -5.924
 105   65     -6.317     -5.040    -10.309
  45   -2     -4.178     -8.761     -9.941
  -1   -2     -3.531     -6.543     -8.437
  -1    0     15.557     -6.988      2.481
  -1   -2     11.910     -9.070      8.361
  80   14     17.089     -1.062     -9.275
  -1  136     -8.741    -10.364      6.237
  -1   -2     10.687      3.240     -7.535
  -1   -2      4.136     -3.700      8.260
  -1   75      1.061     -0.045     -0.286
 387  406     15.438      4.372      2.063
  -1   -2     14.973      2.936     -5.924
  -1   -2     11.806     -8.614      8.388
  98   -2     -8.647     -7.251     -3.380
  -1   -2     -5.868     -3.111     -6.368
  69  145     -5.409     -1.996      0.338
  -1   -2     11.829      0.388      3.316
  -1   -2     20.637     -3.931     -0.988
  -1   -2     -8.192     -4.248      4.295
  -1   -2     19.973      1.582     -7.509
  34   37     16.975     -7.380      3.236
  -1   -2     -3.531     -6.543     -8.437
  -1   -2     11.910     -9.070      8.361
  -1   -2     10.687      3.240     -7.535
  -1   -2     17.089     -1.062     -9.275
 112   56     -8.741    -10.364      6.237
  -1   -2      4.136     -3.700      8.260
  -1   -2      1.061     -0.045     -0.286
  -1   -2     15.438      4.372      2.063
  -1   -2     -5.868     -3.111     -6.368
  -1   -2     14.973      2.936     -5.924
  -1   -2     11.806     -8.614      8.388
  -1   -2     11.829      0.388      3.316
  -1   -2     -8.192     -4.248      4.295
  -1   -2     20.637     -3.931     -0.988
  -1   -2     19.973      1.582     -7.509
  -1   -2     -3.531     -6.543     -8.437
  -1   -2     11.910     -9.070      8.361
  -1   -2     15.557     -6.988      2.481
  -1   -2     17.089     -1.062     -9.275
  -1   -2     10.687      3.240     -7.535
  -1   -2      4.136     -3.700      8.260
  -1   -2      1.061     -0.045     -0.286
  -1   -2     15.438      4.372      2.063
  -1   -2     14.973      2.936     -5.924
  -1   -2     11.806     -8.614      8.388
  -1   -2     -5.868     -3.111     -6.368
  -1   -2     11.829      0.388      3.316
  -1   -2     -8.192     -4.248      4.295
  -1   -2     20.637     -3.931     -0.988
  -1   -2     19.973      1.582     -7.509
 108    3     15.557     -6.988      2.481
  -1   -2     -3.531     -6.543     -8.437
  -1   -2     11.910     -9.070      8.361
  -1   -2     10.687      3.240     -7.535
  -1   -2     17.089     -1.062     -9.275
  -1   -2      4.136     -3.700      8.260
  -1   -2      1.061     -0.045     -0.286
  -1   -2     15.438      4.372      2.063
  -1   -2     14.973      2.936     -5.924
  -1   -2     11.806     -8.614      8.388
  -1   -2     11.829      0.388      3.316
  -1   -2     -5.868     -3.111     -6.368
  -1   -2     -8.192     -4.248      4.295
  -1   -2     20.637     -3.931     -0.988
  -1   -2     19.973      1.582     -7.509
  -1   -2     -3.531     -6.543     -8.437
  -1   -2     11.910     -9.070      8.361
  -1   -2     17.089     -1.062     -9.275
  -1   -2     10.687      3.240     -7.535
  -1   -2      4.136     -3.700      8.260
  -1   -2      1.061     -0.045     -0.286
  -1   -2     15.438      4.372      2.063
 188   17     11.806     -8.614      8.388
  -1   -2     14.973      2.936     -5.924
  -1   -2     -5.868     -3.111     -6.368
  -1   -2     11.829      0.388      3.316
  -1   -2     -8.192     -4.248      4.295
  -1   -2     20.637     -3.931     -0.988
 286  307     19.973      1.582     -7.509
  -1   -2     -3.531     -6.543     -8.437
  -1   -2     11.910     -9.070      8.361
  -1   -2     10.687      3.240     -7.535
  -1   -2     17.089     -1.062     -9.275
  -1   -2      4.136     -3.700      8.260
  -1   -2      1.061     -0.045     -0.286
  -1   -2     15.438      4.372      2.063
  -1   -2     -5.868     -3.111     -6.368
  -1   -2     14.973      2.936     -5.924
  -1   -2     11.829      0.388      3.316
  -1   -2     -8.192     -4.248      4.295
  -1   -2     20.637     -3.931     -0.988
  -1   -2     -3.531     -6.543     -8.437
  -1   -2     11.910     -9.070      8.361
  -1   -2     10.687      3.240     -7.535
  -1   -2      4.136     -3.700      8.260
  -1   -2     17.089     -1.062     -9.275
  -1   -2      1.061     -0.045     -0.286
  -1   -2     15.438      4.372      2.063
  -1   -2     14.973      2.936     -5.924
  -1   -2     11.829      0.388      3.316
  -1   -2     20.637     -3.931     -0.988
  -1   -2     -8.192     -4.248      4.295
  -1   -2     -5.868     -3.111     -6.368
  -1   -2     11.910     -9.070      8.361
  -1   -2     17.089     -1.062     -9.275
  -1   -2      4.136     -3.700      8.260
  -1   -2     10.687      3.240     -7.535
  -1   -2      1.061     -0.045     -0.286
  -1   -2     15.438      4.372      2.063
  -1   -2     14.973      2.936     -5.924
  -1   -2     11.829      0.388      3.316
  -1   -2     -5.868     -3.111     -6.368
  -1   -2     20.637     -3.931     -0.988
  -1   -2     -8.192     -4.248      4.295
  -1   -2     -3.531     -6.543     -8.437
  -1   -2     11.910     -9.070      8.361
  -1   -2     10.687      3.240     -7.535
  -1   -2     17.089     -1.062     -9.275
  -1   -2      4.136     -3.700      8.260
  -1   -2      1.061     -0.045     -0.286
  -1   -2     15.438      4.372      2.063
  -1   -2     14.973      2.936     -5.924
 122   -2     11.829      0.388      3.316
  -1   -2     -5.868     -3.111     -6.368
  -1   -2     -8.192     -4.248      4.295
  -1   -2     20.637     -3.931     -0.988
  -1   -2     -3.531     -6.543     -8.437
  -1   -2     11.910     -9.070      8.361
  -1   -2     10.687      3.240     -7.535
  -1   -2     17.089     -1.062     -9.275
  -1   -2      4.136     -3.700      8.260
  -1   -2      1.061     -0.045     -0.286
  -1   -2     15.438      4.372      2.063
  52  304     14.973      2.936     -5.924
  68  284     -5.868     -3.111     -6.368
  -1   -2     20.637     -3.931     -0.988
  -1   -2     -8.192     -4.248      4.295
  -1   -2     -3.531     -6.543     -8.437
  -1   -2     11.910     -9.070      8.361
  -1   -2      4.136     -3.700      8.260
  -1   -2     17.089     -1.062     -9.275
  -1  117     10.687      3.240     -7.535
  -1   -2      1.061     -0.045     -0.286
  -1   -2     15.438      4.372      2.063
  -1   -2     -8.192     -4.248      4.295
  -1   -2     20.637     -3.931     -0.988
  -1   -2     11.910     -9.070      8.361
  -1   -2      1.061     -0.045     -0.286
  -1   -2      4.136     -3.700      8.260
  -1   -2     17.089     -1.062     -9.275
  -1   -2     15.438      4.372      2.063
  -1   -2     -8.192     -4.248      4.295
  -1   -2     20.637     -3.931     -0.988
  -1   -2     -3.531     -6.543     -8.437
  -1   -2     11.910     -9.070      8.361
  -1   -2     17.089     -1.062     -9.275
  -1   -2      4.136     -3.700      8.260
  -1   -2      1.061     -0.045     -0.286
  -1   -2     15.438      4.372      2.063
  -1   -2     -8.192     -4.248      4.295
  -1   -2     20.637     -3.931     -0.988
  -1   -2     -3.531     -6.543     -8.437
  -1   -2     11.910     -9.070      8.361
  -1   -2     17.089     -1.062     -9.275
  -1   -2      4.136     -3.700      8.260
  -1   -2      1.061     -0.045     -0.286
  -1   -2     15.438      4.372      2.063
  -1   -2     20.637     -3.931     -0.988
  -1   -2     -8.192     -4.248      4.295
  -1   -2     -3.531     -6.543     -8.437
  -1   -2     11.910     -9.070      8.361
  -1   -2     17.089     -1.062     -9.275
  -1   -2      4.136     -3.700      8.260
 280  301      1.061     -0.045     -0.286
  -1   -2     15.438      4.372      2.063
  -1   -2     -8.192     -4.248      4.295
  -1   -2     20.637     -3.931     -0.988
  -1   -2     -3.531     -6.543     -8.437
  -1   -2     11.910     -9.070      8.361
  -1   -2     17.089     -1.062     -9.275
  -1   -2      4.136     -3.700      8.260
  -1   -2     15.438      4.372      2.063
  -1   -2     -8.192     -4.248      4.295
  -1   -2     -3.531     -6.543     -8.437
  -1   -2     11.910     -9.070      8.361
  -1   -2      4.136     -3.700      8.260
  -1   -2     17.089     -1.062     -9.275
  -1   -2     15.438      4.372      2.063
  -1   -2     -8.192     -4.248      4.295
  -1   -2     -3.531     -6.543     -8.437
  -1   -2     11.910     -9.070      8.361
  -1   -2     17.089     -1.062     -9.275
  -1   -2      4.136     -3.700      8.260
  -1   -2     15.438      4.372      2.063
  -1   -2     -8.192     -4.248      4.295
  -1   -2     11.910     -9.070      8.361
  -1   -2     17.089     -1.062     -9.275
  -1   -2      4.136     -3.700      8.260
  -1   -2     15.438      4.372      2.063
  -1   -2     -8.192     -4.248      4.295
  -1   -2     -3.531     -6.543     -8.437
  -1   -2     11.910     -9.070      8.361
  -1   -2      4.136     -3.700      8.260
  -1   -2     17.089     -1.062     -9.275
  -1   -2     15.438      4.372      2.063
  -1   -2     -8.192     -4.248      4.295
  16  322     11.910     -9.070      8.361
  -1   -2      4.136     -3.700      8.260
  -1   -2     17.089     -1.062     -9.275
  -1   -2     15.438      4.372      2.063
  -1   -2     -8.192     -4.248      4.295
  -1   -2     -3.531     -6.543     -8.437
  -1   -2     17.089     -1.062     -9.275
  -1   -2      4.136     -3.700      8.260
  -1   -2     15.438      4.372      2.063
  -1   -2     -8.192     -4.248      4.295
  -1   -2     -3.531     -6.543     -8.437
  -1   -2      4.136     -3.700      8.260
  -1   -2     17.089     -1.062     -9.275
  -1   -2     15.438      4.372      2.063
  -1   -2     -8.192     -4.248      4.295
  -1   -2     17.089     -1.062     -9.275
  -1   -2      4.136     -3.700      8.260
  -1   -2     15.438      4.372      2.063
  -1   -2     -8.192     -4.248      4.295
  -1   -2     -3.531     -6.543     -8.437
  -1   -2     17.089     -1.062     -9.275
  -1   -2      4.136     -3.700      8.260
  -1   -2     15.438      4.372      2.063
  -1   -2     -8.192     -4.248      4.295
  -1   -2     -3.531     -6.543     -8.437
  -1   -2      4.136     -3.700      8.260
  76   13     17.089     -1.062     -9.275
  -1   -2     15.438      4.372      2.063
  -1   -2     -8.192     -4.248      4.295
  -1   -2     -3.531     -6.543     -8.437
  -1   -2      4.136     -3.700      8.260
  -1   -2     15.438      4.372      2.063
  -1   -2     -8.192     -4.248      4.295
  -1   -2     -3.531     -6.543     -8.437
  -1   -2      4.136     -3.700      8.260
  -1   -2     15.438      4.372      2.063
  -1   -2     -8.192     -4.248      4.295
  -1   -2     -3.531     -6.543     -8.437
 366   63      4.136     -3.700      8.260
  -1   -2     15.438      4.372      2.063
 352  371     -8.192     -4.248      4.295
  -1   -2     -3.531     -6.543     -8.437
  -1   -2     15.438      4.372      2.063
  -1   -2     15.438      4.372      2.063
  -1   -2     -3.531     -6.543     -8.437
  -1   -2     15.438      4.372      2.063
  -1   -2     -3.531     -6.543     -8.437
  -1   -2     15.438      4.372      2.063
  -1   -2     -3.531     -6.543     -8.437
  -1   -2     15.438      4.372      2.063
  -1   -2     -3.531     -6.543     -8.437
  -1   -2     15.438      4.372      2.063
  -1   -2     -3.531     -6.543     -8.437
  -1   -2     15.438      4.372      2.063
  -1   -2     -3.531     -6.543     -8.437
  -1   -2     15.438      4.372      2.063
  -1   -2     -3.531     -6.543     -8.437
  -1   -2     15.438      4.372      2.063
  -1   -2     -3.531     -6.543     -8.437
  -1   -2     15.438      4.372      2.063
  -1   -2     -3.531     -6.543     -8.437
  -1   -2     15.438      4.372      2.063
  -1   -2     -3.531     -6.543     -8.437
  -1   -2     15.438      4.372      2.063
  -1   -2     -3.531     -6.543     -8.437
  -1   -2     15.438      4.372      2.063
  -1   -2     -3.531     -6.543     -8.437
  -1   -2     15.438      4.372      2.063
  -1   -2     -3.531     -6.543     -8.437
 117   -2     15.438      4.372      2.063
  -1   -2     -3.531     -6.543     -8.437
   5  409     -3.531     -6.543     -8.437
