218
 173   -2     14.239     -8.007      6.085
   1    0      1.101     -3.366      6.699
   3    2     12.187     -5.338     -6.203
   4   40     11.118     -7.663     -1.053
  -1   -2      9.051     -7.498    -10.024
  69   -2     15.298     -6.486     -1.252
 199  200     -8.823      0.753     -4.261
   6   -2     14.723     -6.196     -5.021
  11   12      0.409     -3.304      5.861
  -1   -2      9.689     -5.494      5.199
  56   -2     18.914     -8.664     -3.245
  14  178      9.615     -7.137      8.149
  94   36      9.847     -2.575      6.488
  17   -2     -3.036     -1.615     -4.915
 136   54      6.839     -9.982     -3.727
  -1   43      9.505     -4.482     -6.632
  36    8     13.012     -7.685      8.111
  68   -2     10.082     -7.228      5.464
  57   75     10.090     -8.630      5.456
  19   26     14.849     -1.208      4.640
  20   -2     10.669     -6.584     -3.235
 166   78     -8.145     -6.941     -7.048
  -1   67     19.491     -7.369     -6.141
  61   -2     17.052     -2.166     -5.201
  24   22     17.149     -2.875     -2.766
  16  106     14.150     -3.966     -3.739
  80   -2     16.123      0.404      4.316
  63   -2     -2.127     -7.144      4.204
  74   25     14.925     -1.813      6.991
 181  162     15.866     -8.061      5.840
  -1   19     15.132     -1.858     -7.475
 101   -2      6.667     -5.612      1.786
 189  128    -12.547     -6.092     -5.344
  33   31      6.391     -0.094      0.870
  30   30     17.071     -1.320     -3.101
  75   -2      3.060      0.287      1.452
  35   27     12.089     -3.887      9.324
  25   11     11.462     -5.317      7.626
  31   35      6.241     -3.021      7.958
  79   80     15.749     -7.063      0.187
  53   82    -10.564    -10.572     -4.247
  -1   -2    -11.169    -10.451     -6.561
  -1   -2     -5.197     -9.496      0.850
  96   -2     16.222     -3.029     -8.465
  -1    9      8.840     -7.572      3.481
  -1   -2     -3.644     -6.560     -8.753
 168   87    -12.062     -8.903     -1.973
  65   -2     14.935    -10.232     -7.381
  39   50      5.838     -9.165      7.499
  45   47     -7.685     -2.661     -3.941
 110  101     -6.263     -7.911     -1.989
  -1   91     10.077      1.275      6.045
  51   -2      3.311     -7.678      5.087
  46   69      6.481     -8.898      3.575
  15   13     13.057     -3.583     -9.065
  70   68     15.304     -2.659     -7.093
  59   14     16.012     -4.079      1.934
  -1   -2     18.082     -2.122     -1.793
 103   -2     12.279     -9.698      8.938
 179  169     12.593     -1.700     -0.037
  -1   55     15.580     -8.092     -3.331
  83  127      9.298     -5.741      8.815
  44   -2     -2.773     -9.065      4.772
  -1   -2     16.061    -10.360      0.283
 138  139     -2.213     -0.715     -2.400
  -1   33     13.704     -6.880      8.809
  21   23      9.915     -2.397      8.053
  -1   94     -1.545     -9.239     -2.333
 119  143      1.275     -5.316     -7.076
 106   -2      6.494     -6.189     -1.549
  -1   -2     20.262     -6.019     -9.268
  -1   -2     -4.264     -9.236      1.439
 114    1     11.291     -8.413      9.543
  -1   -2     -4.786     -3.329    -10.169
  87   -2      7.149     -8.300     -6.611
 131   62     17.553     -3.960      2.764
 155   51      1.008     -8.548      7.372
  -1  107      9.605     -8.256      9.620
 171  161      5.601      3.203      3.698
  71  195     -2.648     -3.004      3.239
 128    4     15.278     -8.603     -0.170
  -1   -2      0.262     -8.014      3.854
  -1   32     17.641    -10.640      1.009
  77   93     20.779    -10.107     -3.689
  43   -2      9.106     -9.874      5.029
 178   92      2.621     -9.810     -7.949
 104   53     -0.050     -8.290     -6.203
 130   17     11.434     -5.255      1.852
  73   64     10.455     -1.342      4.503
 164   58     13.272      4.702     -1.885
 121   -2     18.061     -8.024      0.711
  12  149      6.882     -6.356      5.959
  62   98      1.241     -6.342     -0.093
 133   -2     -5.169     -1.870      5.605
 122   -2     -3.486     -7.813      1.825
  99  181     11.057      3.659      2.518
  -1  111     16.440     -8.683     -6.427
 115   -2     12.698     -9.061      6.606
 163   -2     17.159    -10.054     -3.767
  -1   29     10.883     -6.890     -9.973
   7    5     20.572     -8.257     -2.690
  -1  179      4.967     -6.661     -7.756
  -1   85     14.099     -3.532     -2.129
  97   57     -1.367     -9.303      4.239
  -1   -2      7.345    -10.412     -9.929
 208   -2    -11.916    -10.541     -9.155
  72   89     -4.054     -6.346     -5.043
 120   -2     -3.638     -6.655     -3.377
 109   77     -7.603     -4.152      5.684
  -1  119      9.503     -3.425      6.188
 156  118      6.180     -2.636     -1.779
  -1   72      7.466     -6.997     -3.965
  29   81     16.645    -10.161    -10.463
 151   -2     18.663      0.395     -0.230
 117  108     -2.024      3.827      2.071
  -1  112      8.444     -5.408     -2.960
  82  138      9.443     -4.128      4.290
  -1   70     11.158     -9.272      9.007
  -1   -2     20.040     -8.599     -2.482
 147  144    -10.178     -6.940     -7.713
  -1   -2     -1.108     -8.825      9.188
  -1  172      1.282     -3.546     10.210
  78   -2     14.426     -6.071     -1.973
  -1   -2     -0.066     -7.765      8.459
  -1   88     19.254    -10.097     -3.139
  13   63     14.726      1.168     -5.664
  -1  141     -5.323     -3.577      1.969
  -1    7      1.983     -7.269      2.372
  18   -2     15.912     -3.657     -1.239
  67   -2      8.694     -8.846     -3.248
  84  147     13.074      1.119      4.027
  -1   -2     19.461      0.683     -2.687
  -1   -2     16.627     -8.454      1.293
  -1   -2     -2.181     -5.904     -5.703
 107  104     -6.971     -9.669    -10.537
  64   16      6.678     -6.956      0.387
  28   -2     14.547     -8.216      8.618
 111  103     18.593     -5.846      3.448
  -1  166     -4.393      1.737      5.740
 134   -2     -2.771     -9.256      7.966
 150   -2      7.846     -3.874     -8.447
  -1   -2     -0.710     -8.676      5.666
  -1   -2      9.559     -0.455      7.523
 124  140     18.023      4.075      1.043
   2  110    -11.729     -9.119     -5.836
 161  131      4.140     -3.699      8.275
  -1   -2     15.671      3.340     -7.545
  -1  203     15.437      4.371      2.070
 143   -2      6.954      1.794     -3.492
  -1  159     21.247     -3.576      4.963
  -1   15     14.832     -0.635     -3.682
  -1  136     21.908      3.177      3.038
  76   -2     14.972      2.939     -5.922
 145   -2     -5.868      0.911      3.027
  -1   -2      6.557      0.867      2.621
  50   44     15.705      2.020     -6.814
  -1   -2     21.583     -0.363    -11.731
  -1   -2     -5.406     -1.996      0.347
  -1  135    -12.223     -7.363     -8.158
 158  170     -6.994      4.422     -8.037
 177   84      6.565     -1.225      2.783
  -1   -2     17.456     -4.828      3.540
  -1  114      8.394    -10.928     -0.857
  -1   -2    -12.603     -7.718     10.949
  -1  123     18.991     -0.260     -0.305
  -1   79     15.185      6.431     -5.373
  -1   -2     14.662      3.689     -8.806
  -1   -2     23.218     -3.047    -10.561
  -1  148     -7.960      0.448    -10.933
  54   42     16.862     -0.957    -10.191
  -1   -2     22.156     -8.520      7.395
 159  152    -12.897     -5.432     -3.245
  40   -2      8.836     -1.435    -11.236
 170  176    -10.731     -3.689     -9.309
  -1   -2     10.688     -9.740     -8.710
  -1   -2      6.983     -8.719     -9.792
  -1   48     16.227    -10.889    -11.047
 142  100     10.553      0.235      6.410
 165   -2     -9.356     -2.015     -3.858
 144   -2     16.175      5.672      2.274
  -1  184     -5.944      3.684      5.709
  -1   34     15.925     -6.643      9.150
 141   -2     20.998     -1.107      3.152
  -1   95     -0.721    -10.849      5.126
 108  167     -7.983     -3.786     -3.213
  -1   90    -10.602     -1.404     -5.907
  -1   99     14.777      1.120      9.145
 100   -2     -0.503     -3.167      1.801
  85   -2    -11.678     -9.721    -12.109
  -1   24     14.292      1.852      4.920
  23   60     -3.215     -4.263     -5.231
  -1   -2     17.330     -0.213     10.213
 183  173      0.928      6.586     -7.257
 194  194      1.103     -3.346      6.770
  -1   -2     -8.763      0.771     -4.420
  -1  109     -3.501     -6.535     -8.359
  -1   -2     15.437      4.371      2.070
 105   21      1.103     -3.346      6.770
  -1   -2      0.408     -3.280      6.000
  -1   -2      0.408     -3.280      6.000
 174   -2     -8.763      0.771     -4.420
  -1   -2     -3.501     -6.535     -8.359
 190  190      2.772      0.220      1.772
  60   -2      5.722     -7.000     -5.969
  -1   -2     15.437      4.371      2.070
  -1   -2      0.408     -3.280      6.000
 195  187      0.408     -3.280      6.000
  -1   -2     -3.004     -1.578     -4.546
  -1   -2     -3.501     -6.535     -8.359
  -1   -2     11.826     -3.933      9.655
  -1   -2     -3.004     -1.578     -4.546
  -1   -2     10.807     -5.221      9.093
 201  202     11.826     -3.933      9.655
 202   -2     15.437      4.371      2.070
  -1   -2     -3.004     -1.578     -4.546
 204   20     -3.501     -6.535     -8.359
 205  206     10.807     -5.221      9.093
 207  208     -3.004     -1.578     -4.546
