399
   0   -2     15.296     -6.484     -1.246
  42    0     16.354     -4.998     -0.629
  -1   -2     -8.428    -10.273     -4.044
  96   27     14.135     -3.465     -1.543
  17   21     -1.573     -7.154      3.329
  -1   -2     -3.653     -6.564     -8.778
  90   -2      1.755     -8.782      9.683
  20   67     16.081     -2.979     -7.966
   3   10     14.580     -6.224     -4.999
  11    8     17.845     -9.495     -4.240
  16   11     10.329     -7.607      1.100
  13   -2     10.865     -3.158     10.190
  44   72     -1.487     -9.022      9.584
  -1   14     -4.287     -5.995      2.742
  31    7     15.302     -2.657     -7.089
  53   -2     19.221     -8.484     -0.612
  -1  309     11.910     -9.070      8.365
  -1   28      4.333    -10.304     -2.054
  29   19      3.305     -7.680      5.096
  25   25     -5.551     -7.668      7.481
  -1   26      9.595     -8.253      9.585
   7   -2     11.983     -9.466     -9.240
  76   -2     12.592     -1.697     -0.035
  41   -2     13.540     -6.909      8.573
  36   56      2.425     -9.108      2.014
  93   -2     -6.015     -8.670      1.137
  26   -2     -0.715     -9.448     -0.069
  27   57      9.343     -7.449      4.852
  95   51     13.410     -4.120     -6.896
  59   16     16.082      0.542     -8.693
  54   58      4.748     -6.797     -8.746
  67   -2     12.344      3.277      0.721
  68   35     -5.167     -1.871      5.607
  -1   -2     16.164     -4.420     -9.083
  38   -2     -1.808     -9.665      5.194
  34   34      2.234     -3.238      8.912
  37   -2     20.210     -8.334     -1.768
  -1   38     -0.147     -7.520     10.710
  -1   -2     17.208     -3.844      3.522
  40   40      8.960     -7.486     -9.636
 121   -2      0.154     -3.554     -0.091
  55   13     -2.001     -9.957      7.407
  -1   53     17.196     -7.452      2.911
  24   37     11.496     -7.588      8.647
  86   -2      9.435     -4.130      4.304
  45   45      9.448     -5.576      8.490
 253   -2     12.984      1.371     -0.923
  23   -2     13.728     -3.303     -2.942
  51   -2     -2.592    -10.632     -5.772
  49   -2    -10.352    -10.856      2.866
  69   52     -8.256     -6.796     -2.375
  -1   43     -0.419     -9.712      4.502
  52   -2     10.332     -5.004     -0.217
  -1   17     18.288     -7.963      1.045
  56   54     -3.587     -6.417     -3.811
   8    5     -1.686    -10.406      5.917
  32   -2      0.994     -7.374     -0.581
 112   -2     13.207     -8.892      5.060
  30   73     -1.034     -9.388     -2.102
  57   36     -3.880     -9.304     -0.207
  -1   -2     18.012      4.075      1.066
  -1   -2     15.999      2.490     -8.908
  -1   -2     15.934    -10.328     -3.554
  -1   -2     16.914     -1.423     -0.725
  -1   -2     10.686      3.242     -7.541
  64  128      8.230      5.421     -8.422
  -1   -2      4.132     -3.702      8.245
  -1    9     17.086     -1.059     -9.287
  -1   59     -0.427    -11.011     -4.721
  -1   -2      1.059     -0.044     -0.286
  66   -2     -6.946     -5.420     -8.406
  -1   74     -4.862     -1.356      7.300
  -1   92      6.957      1.794     -3.493
 400  375     15.434      4.372      2.074
  -1   -2     -5.869      0.912      3.026
  -1   47     11.830      0.387      3.318
 283   78     15.266      3.414     -6.558
  -1   -2    -12.842     -9.967     -3.533
 128  147     -5.413     -1.996      0.329
  -1   85      5.565      0.776      4.599
  -1   -2     18.265    -10.014     -4.396
  22   39     12.066     -8.571      9.218
  -1  136     -8.145     -4.256      4.407
  -1   44     20.637     -3.928     -0.987
  80   88    -14.183    -10.531      5.551
  -1   -2     18.502     -7.530     11.332
  82   89     18.814      0.371     -6.152
  84   91     14.303     -2.481      5.674
  71   31      7.554     -1.750      0.756
 104   93     -7.948      0.443    -10.902
  -1   -2     19.972      1.584     -7.515
  -1   12      9.942     -0.520      8.722
  -1   -2    -12.680     -7.608     -9.220
  -1   70     11.547     -5.030     -9.302
  -1   49    -12.201     -7.124     -8.219
  97   -2    -12.896     -5.432     -3.250
  91   98      8.843      6.073      9.497
  -1    3     13.899     -2.074      1.664
 102  119     -6.843     -4.128     -7.148
  98  102      8.845     -1.437    -11.194
 100   42     16.727     -7.413      2.318
 113    1     17.139     -5.992      1.652
  79  107     -6.302     -2.870      2.225
 103   -2     -7.697     -3.762     -2.491
 110  113     -2.382     -5.057     -4.448
 106  114     15.858     -0.274      0.065
  -1   18      3.953     -9.939     10.200
  77   69    -10.469     -6.945     -8.211
  -1  108    -11.531     -2.944     -4.674
 108   -2     -5.583      4.395     -4.321
  -1   55     15.543     -8.310     10.006
 114  179     13.519      4.892     -8.313
 105  105      0.204     -2.176      6.293
  99   -2     -6.313     -5.037    -10.337
  -1   -2     -3.528     -6.541     -8.433
  -1   -2     11.910     -9.070      8.365
  78   48      2.462     -3.243      8.288
  -1   29     15.999      2.490     -8.908
  -1   -2     18.012      4.075      1.066
  -1   -2     10.686      3.242     -7.541
  -1  103      1.059     -0.044     -0.286
  -1  356      4.132     -3.702      8.245
  -1   -2     15.434      4.372      2.074
  -1   -2      6.957      1.794     -3.493
  39  190     -5.869      0.912      3.026
  -1   -2    -12.842     -9.967     -3.533
  -1   -2     11.830      0.387      3.318
  75   -2     -5.413     -1.996      0.329
  -1   -2     -8.145     -4.256      4.407
  -1   -2     19.972      1.584     -7.515
  -1   -2     -3.528     -6.541     -8.433
  -1   -2     11.910     -9.070      8.365
  61  141     18.012      4.075      1.066
  -1   -2     10.686      3.242     -7.541
  -1   -2     16.914     -1.423     -0.725
  -1   -2      4.132     -3.702      8.245
  -1   -2      1.059     -0.044     -0.286
  -1   81      6.957      1.794     -3.493
  -1   -2     15.434      4.372      2.074
  -1   -2     -5.869      0.912      3.026
  -1   -2     11.830      0.387      3.318
  -1   -2    -12.842     -9.967     -3.533
  -1   -2     19.972      1.584     -7.515
  -1   -2     -8.365    -10.233     -3.894
  -1   -2     11.910     -9.070      8.365
  -1   -2     16.914     -1.423     -0.725
  -1   -2     10.686      3.242     -7.541
  -1   -2      4.132     -3.702      8.245
  -1   -2     15.434      4.372      2.074
  -1   -2     -5.869      0.912      3.026
  -1   -2    -12.842     -9.967     -3.533
  -1   -2     11.830      0.387      3.318
  -1   -2     19.972      1.584     -7.515
  -1   -2     -8.365    -10.233     -3.894
  -1   -2     -3.528     -6.541     -8.433
  -1   -2     10.686      3.242     -7.541
  -1   -2      4.132     -3.702      8.245
  -1   -2     15.434      4.372      2.074
  -1   -2     -5.869      0.912      3.026
  -1   -2     11.830      0.387      3.318
  -1   -2    -12.842     -9.967     -3.533
  -1   -2     19.972      1.584     -7.515
 142  159     -8.365    -10.233     -3.894
  -1   -2     -3.528     -6.541     -8.433
  -1   -2     11.910     -9.070      8.365
  -1   -2     16.914     -1.423     -0.725
  -1   -2     10.686      3.242     -7.541
  -1   -2      4.132     -3.702      8.245
  -1   -2     -5.869      0.912      3.026
  -1   -2     15.434      4.372      2.074
  -1   -2     11.830      0.387      3.318
  -1   -2    -12.842     -9.967     -3.533
  -1   -2     19.972      1.584     -7.515
  -1   -2     11.910     -9.070      8.365
  -1   -2     16.914     -1.423     -0.725
  -1   -2     10.686      3.242     -7.541
  -1   -2      4.132     -3.702      8.245
 124   -2     -5.869      0.912      3.026
  -1   -2     15.434      4.372      2.074
  -1   -2     11.830      0.387      3.318
  -1   -2     19.972      1.584     -7.515
  -1   -2     11.910     -9.070      8.365
 176  187     16.914     -1.423     -0.725
  -1   -2      4.132     -3.702      8.245
  60   -2     10.686      3.242     -7.541
  -1   -2     15.434      4.372      2.074
  -1   -2     11.830      0.387      3.318
  -1   -2    -12.842     -9.967     -3.533
  -1   -2     19.972      1.584     -7.515
  -1   -2     11.910     -9.070      8.365
  -1   -2      4.132     -3.702      8.245
  -1   -2     15.434      4.372      2.074
  -1   -2     11.830      0.387      3.318
  -1   -2    -12.842     -9.967     -3.533
  -1   -2     19.972      1.584     -7.515
  -1   -2     -3.528     -6.541     -8.433
  -1   -2     11.910     -9.070      8.365
  -1   -2      4.132     -3.702      8.245
  -1   -2     15.434      4.372      2.074
  -1   -2     11.830      0.387      3.318
  -1   -2     19.972      1.584     -7.515
  -1   -2     -3.528     -6.541     -8.433
  -1   -2     11.910     -9.070      8.365
  -1   -2      4.132     -3.702      8.245
  -1   -2     15.434      4.372      2.074
  -1   -2     11.830      0.387      3.318
  -1   -2    -12.842     -9.967     -3.533
  -1   -2     19.972      1.584     -7.515
  -1   -2     -3.528     -6.541     -8.433
  -1   -2     11.910     -9.070      8.365
  -1   -2      4.132     -3.702      8.245
  -1   -2     15.434      4.372      2.074
  -1   -2     11.830      0.387      3.318
  -1   -2     19.972      1.584     -7.515
  -1   -2     -3.528     -6.541     -8.433
  -1   -2     11.910     -9.070      8.365
  -1   -2      4.132     -3.702      8.245
  -1   -2     15.434      4.372      2.074
  -1   -2     11.830      0.387      3.318
  -1   -2     19.972      1.584     -7.515
  -1   -2     -3.528     -6.541     -8.433
  -1   -2     11.910     -9.070      8.365
  -1   -2      4.132     -3.702      8.245
  -1   -2     15.434      4.372      2.074
  -1   -2     11.830      0.387      3.318
  -1   -2    -12.842     -9.967     -3.533
  -1   -2     19.972      1.584     -7.515
  -1   -2     -3.528     -6.541     -8.433
  -1   -2     11.910     -9.070      8.365
  -1   -2      4.132     -3.702      8.245
  -1   -2     15.434      4.372      2.074
  -1   -2     11.830      0.387      3.318
  -1   -2    -12.842     -9.967     -3.533
  -1   -2     19.972      1.584     -7.515
  -1   -2     -3.528     -6.541     -8.433
  -1   -2     11.910     -9.070      8.365
  -1   -2      4.132     -3.702      8.245
  -1   -2     15.434      4.372      2.074
  -1   -2     11.830      0.387      3.318
  -1   -2     19.972      1.584     -7.515
  -1   -2     -3.528     -6.541     -8.433
  -1   -2     11.910     -9.070      8.365
  -1   -2      4.132     -3.702      8.245
  -1   -2     15.434      4.372      2.074
  -1   -2     11.830      0.387      3.318
  -1   -2    -12.842     -9.967     -3.533
  -1   -2     19.972      1.584     -7.515
  -1   -2     -3.528     -6.541     -8.433
  -1   -2     11.910     -9.070      8.365
  -1   -2      4.132     -3.702      8.245
  -1   -2     15.434      4.372      2.074
  -1   -2     11.830      0.387      3.318
  -1   -2     19.972      1.584     -7.515
  -1   -2     -3.528     -6.541     -8.433
  -1   -2     11.910     -9.070      8.365
  -1   -2      4.132     -3.702      8.245
  -1   -2     15.434      4.372      2.074
 226  224    -12.842     -9.967     -3.533
  94   99     11.830      0.387      3.318
  -1   -2     19.972      1.584     -7.515
  -1   -2     -3.528     -6.541     -8.433
  -1   -2     11.910     -9.070      8.365
  -1   -2      4.132     -3.702      8.245
  -1   -2     15.434      4.372      2.074
  -1   -2     19.972      1.584     -7.515
  -1   -2     -3.528     -6.541     -8.433
  -1   -2     11.910     -9.070      8.365
  -1   -2      4.132     -3.702      8.245
  -1   -2     15.434      4.372      2.074
  -1   -2     19.972      1.584     -7.515
  -1   -2     -3.528     -6.541     -8.433
  -1   -2     11.910     -9.070      8.365
  -1   -2      4.132     -3.702      8.245
  -1   -2     15.434      4.372      2.074
  -1   -2     19.972      1.584     -7.515
  -1   -2     -3.528     -6.541     -8.433
  -1   -2     11.910     -9.070      8.365
  -1   -2      4.132     -3.702      8.245
  -1   -2     15.434      4.372      2.074
  -1   -2     19.972      1.584     -7.515
  -1   -2     -3.528     -6.541     -8.433
  -1   -2     11.910     -9.070      8.365
  -1   -2      4.132     -3.702      8.245
  -1   -2     15.434      4.372      2.074
  -1   -2     19.972      1.584     -7.515
  -1   -2     -3.528     -6.541     -8.433
  -1   -2     11.910     -9.070      8.365
  -1   -2      4.132     -3.702      8.245
  -1   -2     15.434      4.372      2.074
  -1   -2     19.972      1.584     -7.515
  -1   -2     -3.528     -6.541     -8.433
  -1   -2     11.910     -9.070      8.365
  -1   -2      4.132     -3.702      8.245
  -1   -2     15.434      4.372      2.074
  -1   -2     -3.528     -6.541     -8.433
  -1   -2     11.910     -9.070      8.365
  -1   -2      4.132     -3.702      8.245
  -1   -2     15.434      4.372      2.074
  -1   -2     -3.528     -6.541     -8.433
  -1   -2     11.910     -9.070      8.365
  -1   -2      4.132     -3.702      8.245
  -1   -2     15.434      4.372      2.074
  -1   -2     11.910     -9.070      8.365
  -1   -2      4.132     -3.702      8.245
  -1   -2     15.434      4.372      2.074
  -1   -2     -3.528     -6.541     -8.433
  -1   -2     11.910     -9.070      8.365
  -1   -2      4.132     -3.702      8.245
  -1   -2     15.434      4.372      2.074
  -1   -2     -3.528     -6.541     -8.433
  -1   -2     11.910     -9.070      8.365
  -1   -2      4.132     -3.702      8.245
  -1   -2     15.434      4.372      2.074
  -1   -2     -3.528     -6.541     -8.433
  -1   -2     11.910     -9.070      8.365
  -1   -2      4.132     -3.702      8.245
  -1   -2     15.434      4.372      2.074
  -1   -2     11.910     -9.070      8.365
  -1   -2      4.132     -3.702      8.245
  -1   -2     15.434      4.372      2.074
  -1   -2     -3.528     -6.541     -8.433
  -1   -2     11.910     -9.070      8.365
  -1   -2      4.132     -3.702      8.245
  -1   -2     15.434      4.372      2.074
  -1   -2     -3.528     -6.541     -8.433
  -1   -2     11.910     -9.070      8.365
  -1   -2      4.132     -3.702      8.245
  -1   -2     15.434      4.372      2.074
  -1   -2     -3.528     -6.541     -8.433
  -1   -2     11.910     -9.070      8.365
  -1   -2      4.132     -3.702      8.245
  -1   -2     15.434      4.372      2.074
  -1   -2     -3.528     -6.541     -8.433
  -1   -2     11.910     -9.070      8.365
  -1   -2      4.132     -3.702      8.245
  -1   -2     15.434      4.372      2.074
  -1   -2     -3.528     -6.541     -8.433
  -1   -2     11.910     -9.070      8.365
  -1   -2      4.132     -3.702      8.245
  -1   -2     15.434      4.372      2.074
  -1   -2     -3.528     -6.541     -8.433
  -1   -2     11.910     -9.070      8.365
  -1   -2      4.132     -3.702      8.245
  -1   -2     15.434      4.372      2.074
  -1   -2     11.910     -9.070      8.365
  -1   -2      4.132     -3.702      8.245
  -1   -2     15.434      4.372      2.074
  -1   -2     -3.528     -6.541     -8.433
  -1   -2      4.132     -3.702      8.245
  -1   -2     15.434      4.372      2.074
  -1   -2      4.132     -3.702      8.245
  -1   -2     15.434      4.372      2.074
  -1   -2     -3.528     -6.541     -8.433
  -1   -2      4.132     -3.702      8.245
  -1   -2     15.434      4.372      2.074
  -1   -2     -3.528     -6.541     -8.433
  -1   -2      4.132     -3.702      8.245
  -1   -2     15.434      4.372      2.074
 107   -2      4.132     -3.702      8.245
  -1   -2     15.434      4.372      2.074
  -1   -2     -3.528     -6.541     -8.433
  -1   -2     15.434      4.372      2.074
  -1   -2     -3.528     -6.541     -8.433
  -1   -2     15.434      4.372      2.074
  -1   -2     -3.528     -6.541     -8.433
  -1   -2     15.434      4.372      2.074
  -1   -2     -3.528     -6.541     -8.433
  -1   -2     15.434      4.372      2.074
  -1   -2     -3.528     -6.541     -8.433
  -1   -2     15.434      4.372      2.074
  -1   -2     -3.528     -6.541     -8.433
  -1   -2     15.434      4.372      2.074
  -1   -2     15.434      4.372      2.074
  -1   -2     -3.528     -6.541     -8.433
  -1   -2     15.434      4.372      2.074
  -1   -2     -3.528     -6.541     -8.433
  -1   -2     15.434      4.372      2.074
  -1   -2     -3.528     -6.541     -8.433
  -1   -2     15.434      4.372      2.074
  -1   -2     -3.528     -6.541     -8.433
  -1   -2     15.434      4.372      2.074
  -1   -2     -3.528     -6.541     -8.433
  -1   -2     15.434      4.372      2.074
  -1   -2     -3.528     -6.541     -8.433
  -1   -2     15.434      4.372      2.074
  -1   -2     -3.528     -6.541     -8.433
  -1   -2     15.434      4.372      2.074
  -1   -2     -3.528     -6.541     -8.433
  -1   -2     15.434      4.372      2.074
  -1   -2     -3.528     -6.541     -8.433
  -1   -2     15.434      4.372      2.074
  -1   -2     -3.528     -6.541     -8.433
  -1   -2     15.434      4.372      2.074
  -1   -2     -3.528     -6.541     -8.433
  -1   -2     15.434      4.372      2.074
  -1   -2     -3.528     -6.541     -8.433
  -1   -2     -3.528     -6.541     -8.433
  -1   -2     -3.528     -6.541     -8.433
   6  381     -3.528     -6.541     -8.433
