423
  82   -2     15.291     -6.487     -1.255
  -1   -2     -8.543     -9.226     -3.415
  90   -2     16.891     -8.603      5.085
   2    1     18.833     -1.422     -2.320
  29    3     14.134     -3.466     -1.539
   5    5     -1.568     -7.154      3.330
  -1  440     -3.658     -6.567     -8.793
  -1   -2      7.035     -9.032      4.517
  76    7     14.925    -10.232     -7.384
  43   -2     14.581     -6.226     -4.999
  11   10     10.862     -3.159     10.187
  15  118      1.355     -4.608      3.685
  14   11     -4.287     -5.994      2.741
  -1   -2     -1.488     -9.023      9.581
 116   16     16.050     -2.989     -7.895
  46   -2      9.799     -2.443      7.031
  -1   -2     11.913     -9.071      8.370
  34    9     15.305     -2.661     -7.101
  72   12     -0.431     -9.144      9.779
  -1   26      9.659     -0.422      7.287
  22  120     -6.495    -10.170     -3.757
  -1   59      3.309     -7.680      5.084
   6   15      9.931     -9.553     -2.919
  -1   21     12.593     -1.701     -0.034
  -1   29      6.243     -9.862      2.847
  13   -2     10.328     -7.605      1.085
  44   27      4.855     -6.567      0.536
  26   20      9.596     -8.252      9.581
  35   30      3.510     -8.763      4.958
  -1   61     -0.709     -9.453     -0.058
  36  105      9.904    -10.766     -7.730
  -1   -2     13.923     -3.969     -3.459
  33   58      4.747     -6.798     -8.749
  42   -2     15.491     -4.688      2.521
 108   -2      6.881     -6.357      5.968
  38  121      2.237     -3.236      8.923
  37   -2     -5.167     -1.870      5.609
  21   46     -0.146     -7.521     10.707
  -1   42      8.963     -7.486     -9.645
  -1   48     13.552     -6.888      8.550
  85   54     17.206     -3.843      3.521
  -1   -2      9.448     -5.576      8.488
  16   -2     10.326     -7.297      4.399
  78  313     12.993      1.369     -0.942
  67   57      7.545    -10.127      2.678
  51   -2      9.437     -4.130      4.297
  49   -2    -10.351    -10.854      2.869
  -1   -2     10.326     -5.002     -0.199
  54    4     18.155     -9.374     -0.514
  75   55     -8.251     -6.799     -2.383
  -1   32      2.488    -10.764     -4.669
  55   56     -6.620     -9.345      7.760
  39  112     16.944     -8.147      4.243
  53   60     -2.907     -6.097     -2.482
  28   -2     -1.041     -9.395     -2.124
  -1   -2     18.000      4.073      1.094
  -1   -2     15.998      2.492     -8.906
  -1   -2     10.689      3.241     -7.536
  -1   -2     15.767     -1.262      1.928
  -1  129      8.227      5.424     -8.423
  -1   53      4.141     -3.701      8.275
  -1   -2     18.490    -11.106     -2.226
  -1   -2      1.061     -0.046     -0.282
  48   17     14.601     -0.598     -4.534
  -1   89     10.497     -9.476     -2.442
  66   -2     -6.946     -5.420     -8.406
  69   -2      6.957      1.795     -3.489
  70   73     -3.054     -0.787      1.633
  -1  437     15.437      4.372      2.067
  -1   50      0.142    -10.735     10.919
  -1   -2     14.972      2.938     -5.923
  -1   -2     -8.649     -7.249     -3.382
  -1   52     -5.867     -3.109     -6.370
  73   75     15.265      3.413     -6.558
  -1   -2     11.827      0.387      3.317
  -1   -2     -5.869      0.910      3.033
  -1   -2    -12.843     -9.966     -3.534
  -1   78     -5.410     -1.996      0.333
  79   79      5.564      0.776      4.596
  -1   -2     20.634     -3.928     -0.983
  88    0     15.170     -5.284      2.219
  93  101    -10.478     -7.042     -8.117
  87   85    -14.182    -10.532      5.541
  -1  102     -8.176     -4.251      4.330
  -1   -2     18.814      0.372     -6.151
  -1   -2     15.080     -1.890     -7.672
  -1   -2     14.303     -2.483      5.675
  -1   -2     19.974      1.584     -7.508
 134    8     16.611      0.415    -10.134
 110   49      7.550     -1.750      0.746
  45   -2     13.721    -11.233      6.824
  -1   28      5.002     -9.611      9.394
  91   92    -12.681     -7.609     -9.221
  94   94      8.846      6.072      9.489
  19   -2     13.900     -2.078      1.663
  -1  109    -11.707     -9.622     -7.483
  96  100      8.818     -1.436    -11.294
  -1   -2      4.706    -10.983     -4.636
  95   -2    -12.894     -5.435     -3.252
  -1   98      4.911    -10.072     -3.529
  -1   -2     15.819     -9.355    -10.106
  -1   -2     -6.842     -4.127     -7.141
  23   44     16.976     -7.372      3.237
  98   35     11.550     -5.024     -9.313
  -1   45     17.157     -5.478      5.761
  -1   -2     19.779     -6.646     11.695
 105  104     16.008     -0.703      6.708
 104   -2     -7.698     -3.762     -2.489
  30   -2      9.450     -9.805     -4.152
  -1  110    -10.488     -3.501     -8.700
  89   51      7.893     -4.799      5.578
  -1   -2     -2.383     -5.057     -4.452
 107  111     -5.582      4.393     -4.327
 111  113     13.518      4.892     -8.313
   1  116     -8.543     -9.226     -3.415
  -1   -2     -3.541     -6.544     -8.469
  -1   -2     11.913     -9.071      8.370
  -1   -2     15.998      2.492     -8.906
  -1  152     10.689      3.241     -7.536
  59  122     18.000      4.073      1.094
  -1   -2      4.141     -3.701      8.275
  -1   -2      1.061     -0.046     -0.282
  -1   -2     15.437      4.372      2.067
  -1   -2     14.972      2.938     -5.923
  -1   38     -5.869      0.910      3.033
  -1   -2     -8.649     -7.249     -3.382
  -1   -2     11.827      0.387      3.317
  77   -2     -5.410     -1.996      0.333
  -1  136    -12.843     -9.966     -3.534
  -1   -2     -5.867     -3.109     -6.370
 131  147     20.634     -3.928     -0.983
  -1   -2     19.974      1.584     -7.508
 115   -2     -8.463     -9.222     -3.748
  -1   -2     -3.541     -6.544     -8.469
  -1   -2     11.913     -9.071      8.370
 119   36     15.998      2.492     -8.906
  -1  172     16.910     -1.428     -0.737
  -1   -2     10.689      3.241     -7.536
  -1   -2      4.141     -3.701      8.275
  -1   -2      1.061     -0.046     -0.282
  -1   -2     15.437      4.372      2.067
 125   72     -5.869      0.910      3.033
  -1   -2     14.972      2.938     -5.923
  -1   -2     11.827      0.387      3.317
  -1   -2     -8.649     -7.249     -3.382
  -1   -2    -12.843     -9.966     -3.534
  -1   -2     -5.867     -3.109     -6.370
  -1   -2     19.974      1.584     -7.508
  -1   -2     -3.541     -6.544     -8.469
  -1   -2     11.913     -9.071      8.370
  -1   -2     16.910     -1.428     -0.737
  -1   -2      4.141     -3.701      8.275
  -1   -2      1.061     -0.046     -0.282
  -1   -2     15.437      4.372      2.067
  -1   -2     14.972      2.938     -5.923
  -1   -2     -8.649     -7.249     -3.382
  -1   -2     -5.867     -3.109     -6.370
  -1   -2    -12.843     -9.966     -3.534
  -1   -2     11.827      0.387      3.317
  -1   -2     19.974      1.584     -7.508
  -1   -2     -3.541     -6.544     -8.469
  -1   -2     11.913     -9.071      8.370
 162   -2     16.910     -1.428     -0.737
  -1   -2      4.141     -3.701      8.275
  -1   -2      1.061     -0.046     -0.282
  -1   -2     15.437      4.372      2.067
  -1   -2     14.972      2.938     -5.923
  -1   -2     -8.649     -7.249     -3.382
  -1   -2     11.827      0.387      3.317
  -1   -2     -5.867     -3.109     -6.370
  -1   -2     19.974      1.584     -7.508
  -1   -2     -3.541     -6.544     -8.469
  -1   -2     11.913     -9.071      8.370
  -1   -2      4.141     -3.701      8.275
  -1   -2      1.061     -0.046     -0.282
  -1   -2     15.437      4.372      2.067
  -1   -2     -5.867     -3.109     -6.370
  -1   -2     14.972      2.938     -5.923
  -1   -2     -8.649     -7.249     -3.382
  -1   -2     11.827      0.387      3.317
  -1   -2     19.974      1.584     -7.508
  -1   -2     -3.541     -6.544     -8.469
  -1   -2     11.913     -9.071      8.370
  -1   -2      4.141     -3.701      8.275
  -1   -2      1.061     -0.046     -0.282
  -1   -2     -5.867     -3.109     -6.370
  -1   -2     15.437      4.372      2.067
  -1   -2     -8.649     -7.249     -3.382
  -1   -2     14.972      2.938     -5.923
  -1   -2     11.827      0.387      3.317
  -1   -2     19.974      1.584     -7.508
  -1   -2     -3.541     -6.544     -8.469
  -1   -2     11.913     -9.071      8.370
  -1   -2      4.141     -3.701      8.275
  -1   -2      1.061     -0.046     -0.282
  -1   -2     15.437      4.372      2.067
  -1   -2     14.972      2.938     -5.923
  -1   -2     -8.649     -7.249     -3.382
  -1   -2     11.827      0.387      3.317
  -1   -2     -5.867     -3.109     -6.370
  -1   -2     -3.541     -6.544     -8.469
  -1   -2     11.913     -9.071      8.370
  -1   -2      4.141     -3.701      8.275
  -1   -2      1.061     -0.046     -0.282
  -1   -2     15.437      4.372      2.067
  -1   -2     -8.649     -7.249     -3.382
  -1   -2     14.972      2.938     -5.923
  -1   -2     11.827      0.387      3.317
 270  263    -12.843     -9.966     -3.534
  -1   -2     -5.867     -3.109     -6.370
  -1   -2     11.913     -9.071      8.370
  -1   -2      4.141     -3.701      8.275
  -1   -2      1.061     -0.046     -0.282
  -1   -2     15.437      4.372      2.067
  -1   -2     14.972      2.938     -5.923
  -1   -2     -8.649     -7.249     -3.382
  -1   -2     -5.867     -3.109     -6.370
  -1   -2     11.827      0.387      3.317
  -1   -2     -3.541     -6.544     -8.469
  -1   -2     11.913     -9.071      8.370
  -1   -2      4.141     -3.701      8.275
  -1   -2      1.061     -0.046     -0.282
  -1   -2     15.437      4.372      2.067
  -1   -2     14.972      2.938     -5.923
  -1   -2     11.827      0.387      3.317
  -1   -2     -8.649     -7.249     -3.382
  -1   -2     -5.867     -3.109     -6.370
  -1   -2     -3.541     -6.544     -8.469
  -1   -2      4.141     -3.701      8.275
  -1   -2      1.061     -0.046     -0.282
  -1   -2     15.437      4.372      2.067
  -1   -2     14.972      2.938     -5.923
  74   -2     -8.649     -7.249     -3.382
  -1   -2     -5.867     -3.109     -6.370
  -1   -2     11.827      0.387      3.317
  -1   -2     -3.541     -6.544     -8.469
  -1   -2     11.913     -9.071      8.370
  -1   -2      4.141     -3.701      8.275
  -1   -2      1.061     -0.046     -0.282
  -1   -2     15.437      4.372      2.067
  -1   -2     14.972      2.938     -5.923
  -1   -2     -5.867     -3.109     -6.370
  -1   -2     11.827      0.387      3.317
  -1   -2     -3.541     -6.544     -8.469
  -1   -2     11.913     -9.071      8.370
  -1   -2      4.141     -3.701      8.275
  -1   -2      1.061     -0.046     -0.282
  -1   -2     15.437      4.372      2.067
  -1   -2     14.972      2.938     -5.923
  -1   -2     -5.867     -3.109     -6.370
  -1   -2     11.827      0.387      3.317
  -1   -2     -3.541     -6.544     -8.469
  -1   -2     11.913     -9.071      8.370
  -1   -2      4.141     -3.701      8.275
  -1   -2      1.061     -0.046     -0.282
  -1   -2     -5.867     -3.109     -6.370
  -1   -2     15.437      4.372      2.067
  -1   -2     14.972      2.938     -5.923
  -1   -2     11.827      0.387      3.317
  -1   -2     -3.541     -6.544     -8.469
  -1   -2     11.913     -9.071      8.370
  -1   -2      4.141     -3.701      8.275
  -1   -2      1.061     -0.046     -0.282
  -1   -2     15.437      4.372      2.067
  -1   -2     14.972      2.938     -5.923
  -1   -2     -5.867     -3.109     -6.370
  -1   -2     -3.541     -6.544     -8.469
  -1   -2     11.913     -9.071      8.370
  -1   -2      4.141     -3.701      8.275
  -1   -2      1.061     -0.046     -0.282
  -1   -2     15.437      4.372      2.067
  -1   -2     14.972      2.938     -5.923
  -1   -2     -5.867     -3.109     -6.370
  -1   -2     11.913     -9.071      8.370
  -1   -2     11.913     -9.071      8.370
  -1   -2      4.141     -3.701      8.275
  -1   -2      1.061     -0.046     -0.282
  -1   -2     -5.867     -3.109     -6.370
  -1   -2     15.437      4.372      2.067
  -1   -2     14.972      2.938     -5.923
  -1   -2     -3.541     -6.544     -8.469
  -1   -2     11.913     -9.071      8.370
  -1   -2      4.141     -3.701      8.275
  -1   -2      1.061     -0.046     -0.282
  -1   -2     15.437      4.372      2.067
  -1   -2     14.972      2.938     -5.923
  -1   -2     -5.867     -3.109     -6.370
  -1   -2     -3.541     -6.544     -8.469
  -1   -2     11.913     -9.071      8.370
  -1   -2      4.141     -3.701      8.275
  -1   -2      1.061     -0.046     -0.282
  -1   -2     15.437      4.372      2.067
  -1   -2     -5.867     -3.109     -6.370
  -1   -2     14.972      2.938     -5.923
  -1   -2     11.913     -9.071      8.370
  -1   -2      4.141     -3.701      8.275
  -1   -2      1.061     -0.046     -0.282
  -1   -2     15.437      4.372      2.067
  68   -2     14.972      2.938     -5.923
  -1   -2     -5.867     -3.109     -6.370
  -1   -2     11.913     -9.071      8.370
  -1   -2      4.141     -3.701      8.275
  -1   -2      1.061     -0.046     -0.282
  -1   -2     15.437      4.372      2.067
  -1   -2     -5.867     -3.109     -6.370
  -1   -2     -3.541     -6.544     -8.469
  -1   -2     11.913     -9.071      8.370
  -1   -2      4.141     -3.701      8.275
  -1   -2      1.061     -0.046     -0.282
  -1   -2     15.437      4.372      2.067
  -1   -2     -5.867     -3.109     -6.370
  -1   -2     -3.541     -6.544     -8.469
  -1   -2     11.913     -9.071      8.370
  -1   -2      4.141     -3.701      8.275
  -1   -2      1.061     -0.046     -0.282
  -1   -2     15.437      4.372      2.067
 343   69     -5.867     -3.109     -6.370
  -1   -2     -3.541     -6.544     -8.469
  -1   -2     11.913     -9.071      8.370
  -1   -2      4.141     -3.701      8.275
  -1   -2      1.061     -0.046     -0.282
  -1   -2     15.437      4.372      2.067
  -1   -2     -3.541     -6.544     -8.469
  -1   -2     11.913     -9.071      8.370
  -1   -2      4.141     -3.701      8.275
  -1   -2      1.061     -0.046     -0.282
  -1   -2     15.437      4.372      2.067
  -1   -2     -3.541     -6.544     -8.469
  -1   -2     11.913     -9.071      8.370
  -1   -2      4.141     -3.701      8.275
  -1   -2      1.061     -0.046     -0.282
  -1   -2     15.437      4.372      2.067
  -1   -2     -3.541     -6.544     -8.469
  -1   -2     11.913     -9.071      8.370
  -1   -2      4.141     -3.701      8.275
  -1   -2      1.061     -0.046     -0.282
  -1   -2     15.437      4.372      2.067
  -1   -2     -3.541     -6.544     -8.469
  -1   -2     11.913     -9.071      8.370
  -1   -2      1.061     -0.046     -0.282
  -1   -2      4.141     -3.701      8.275
  -1   -2     15.437      4.372      2.067
  -1   -2     -3.541     -6.544     -8.469
  -1   -2     11.913     -9.071      8.370
  -1   -2      4.141     -3.701      8.275
  -1   -2      1.061     -0.046     -0.282
  -1   -2     15.437      4.372      2.067
  -1   -2     -3.541     -6.544     -8.469
  20  383     11.913     -9.071      8.370
  -1   -2      4.141     -3.701      8.275
 394   -2      1.061     -0.046     -0.282
  -1   -2     15.437      4.372      2.067
  -1   -2     -3.541     -6.544     -8.469
  -1   -2      4.141     -3.701      8.275
  -1   -2     15.437      4.372      2.067
  -1   -2     -3.541     -6.544     -8.469
  -1   -2      4.141     -3.701      8.275
  -1   -2     15.437      4.372      2.067
  -1   -2     -3.541     -6.544     -8.469
  -1   -2      4.141     -3.701      8.275
  -1   -2     15.437      4.372      2.067
  -1   -2     -3.541     -6.544     -8.469
  -1   -2      4.141     -3.701      8.275
  -1   -2     15.437      4.372      2.067
  -1   -2     -3.541     -6.544     -8.469
  -1   -2      4.141     -3.701      8.275
  -1   -2     15.437      4.372      2.067
  -1   -2     -3.541     -6.544     -8.469
  -1   -2      4.141     -3.701      8.275
  -1   -2     15.437      4.372      2.067
  -1   -2     -3.541     -6.544     -8.469
  -1   -2      4.141     -3.701      8.275
  -1   -2     15.437      4.372      2.067
  -1   -2     -3.541     -6.544     -8.469
  -1   -2      4.141     -3.701      8.275
  -1   -2     15.437      4.372      2.067
  -1   -2     -3.541     -6.544     -8.469
  -1   -2      4.141     -3.701      8.275
  -1   -2     15.437      4.372      2.067
  -1   -2      4.141     -3.701      8.275
  -1   -2     15.437      4.372      2.067
  -1   -2     -3.541     -6.544     -8.469
  -1   -2      4.141     -3.701      8.275
  -1   -2     15.437      4.372      2.067
  -1   -2     -3.541     -6.544     -8.469
  -1   -2      4.141     -3.701      8.275
  -1   -2     15.437      4.372      2.067
  -1   -2      4.141     -3.701      8.275
  -1   -2     15.437      4.372      2.067
  -1   -2     -3.541     -6.544     -8.469
  -1   -2      4.141     -3.701      8.275
  -1   -2     15.437      4.372      2.067
  -1   -2     -3.541     -6.544     -8.469
  -1   -2      4.141     -3.701      8.275
  -1   -2     15.437      4.372      2.067
  -1   -2     -3.541     -6.544     -8.469
  -1   -2      4.141     -3.701      8.275
  -1   -2     15.437      4.372      2.067
  -1   -2     -3.541     -6.544     -8.469
 436  403      4.141     -3.701      8.275
  -1   -2     15.437      4.372      2.067
  -1   -2     -3.541     -6.544     -8.469
  -1   -2     15.437      4.372      2.067
  -1   -2     -3.541     -6.544     -8.469
  -1   -2     15.437      4.372      2.067
  -1   -2     -3.541     -6.544     -8.469
  -1   -2     15.437      4.372      2.067
  -1   -2     -3.541     -6.544     -8.469
  -1   -2     15.437      4.372      2.067
  -1   -2     -3.541     -6.544     -8.469
  -1   -2     15.437      4.372      2.067
  -1   -2     -3.541     -6.544     -8.469
  -1   -2     15.437      4.372      2.067
  -1   -2     -3.541     -6.544     -8.469
  -1   -2     15.437      4.372      2.067
  -1   -2     -3.541     -6.544     -8.469
 470   -2     15.437      4.372      2.067
  -1   -2     -3.541     -6.544     -8.469
  -1   -2     -3.541     -6.544     -8.469
  -1   -2     -3.541     -6.544     -8.469
  -1   -2     -3.541     -6.544     -8.469
  -1   -2     -3.541     -6.544     -8.469
 473   -2     -3.541     -6.544     -8.469
