424
   0    3      3.545    -11.198      1.200
  -1   -2     15.292     -6.488     -1.265
  -1   -2      8.119     -3.937      0.767
   7   -2      8.567     -9.052      9.871
  13   32     15.080    -10.271     -6.693
   4   -2     14.132     -3.465     -1.539
 118   -2     16.082     -2.439     -8.734
   5   -2     -1.574     -7.158      3.334
  97   42     11.279    -10.400      1.134
   9    7     10.582     -9.723      1.931
  -1   -2     -3.653     -6.566     -8.781
  19   -2     14.577     -6.227     -4.990
  96   12      5.834     -9.169      7.502
  10   21     16.048     -2.986     -7.887
  17   -2      9.802     -2.441      7.025
  18   17     -4.284     -5.995      2.748
  16   -2     10.323     -7.606      1.073
  -1   -2     11.244     -9.629      1.831
  14   16     -1.487     -9.023      9.583
  82   90     13.800    -11.015     -6.604
  -1    2      9.602     -8.107      9.279
  46   -2     16.757     -7.611      2.510
  -1   22      3.309     -7.679      5.086
  -1   -2     11.909     -9.071      8.358
  65   33     16.025     -2.472     -3.346
  -1   -2      9.664     -0.423      7.270
  23   25     12.147     -9.048     -7.732
  25   -2      9.283     -9.776     -3.713
   6   -2     18.141     -9.539     -4.946
  22   28      3.513     -8.764      4.961
  -1   -2     -0.719     -9.451     -0.076
  15   -2      8.731     -7.372      9.259
  57   29     -2.992     -9.420     -4.921
  -1   -2     -1.531     -7.841     -7.992
  28   -2     18.094     -6.439     -5.089
  59   57      4.747     -6.796     -8.749
  52   -2     13.926     -3.977     -3.468
  32   55      1.403    -10.026     10.203
  34   31     10.961     -5.586     -2.673
  35   -2     -1.576     -9.547      6.133
  37   40      2.228     -3.239      8.940
  43   19     19.625     -8.375     -5.952
 403   -2      6.887     -6.360      5.964
  73   41     -5.164     -1.872      5.614
 101    0     15.220    -10.092     -5.117
  29   46     19.235     -8.481     -0.662
  58   -2     -1.953     -9.277     -0.088
  42   -2     17.211     -3.844      3.516
  45   20      9.716      0.744      7.598
  39   43      8.965     -7.487     -9.649
  -1    6     -0.152     -7.519     10.723
  68   37     -8.813    -10.782     -3.142
  50   48      9.443     -5.576      8.500
  24   56     19.481     -9.380     -4.132
 126   50     -8.261     -6.799     -2.370
  53   -2    -10.352    -10.858      2.875
 308   -2     -3.605     -6.415     -3.849
  54   -2     10.335     -5.006     -0.222
  -1   53     -5.280     -8.677     -3.195
  44  106      9.488     -4.210      4.142
  31   15      9.947     -7.435      3.195
  -1   -2     17.089     -1.061     -9.259
  -1   -2     18.024      4.074      1.041
  -1   -2     10.690      3.244     -7.543
 107  115     16.922     -1.423     -0.703
 105   -2     14.402     -1.455      5.066
  -1   -2      4.138     -3.699      8.269
  36   54     -3.053     -4.594      1.531
  -1  362      1.059     -0.043     -0.295
  -1   -2     15.443      4.372      2.055
  -1   -2     -4.863     -1.356      7.298
  -1   -2     14.975      2.936     -5.927
  -1  224     -8.647     -7.251     -3.378
  -1   60     17.551      3.824    -12.271
  -1   -2     11.829      0.390      3.314
  -1   -2     -5.868      0.911      3.034
  80  125     -5.412     -1.996      0.329
  81   79      5.564      0.775      4.597
  -1   -2     -5.866     -3.108     -6.367
  -1   47     16.713     -4.850      5.221
  -1   -2    -10.647    -10.228      1.705
   3   18      9.475     -3.865      2.876
  84   82    -14.193    -10.528      5.585
  79    9     18.814      0.368     -6.151
  85   34     14.035     -8.057      4.757
  -1   84     14.951      0.649      7.982
  -1   44     19.441     -7.343     -7.486
  87   -2     14.304     -2.483      5.670
  -1   10      8.338     -9.273      9.192
  89   89     -7.961      0.446    -10.940
  -1  399     16.612      0.420    -10.138
  -1   36      0.724     -9.989     11.665
  -1   96    -12.681     -7.608     -9.217
  -1   99     10.702     -9.744     -8.758
  88    4      7.551     -1.751      0.747
 286  296     19.973      1.582     -7.508
  -1   -2     18.495     -7.532     11.286
 103   -2    -11.704     -9.622     -7.473
  99   94      8.845      6.074      9.497
  -1   -2    -12.896     -5.435     -3.252
  -1   -2     11.922     -9.270     -6.400
  -1    5     11.543     -5.025     -9.300
   2   11     11.444     -8.425      7.206
  -1   24     11.328     -0.866     -2.821
  -1   -2     17.161     -5.482      5.750
  -1   87    -11.302    -10.616     -9.674
  91   -2     17.143     -5.990      1.648
  -1   -2      5.100     -1.712     -7.735
  -1   78     -7.697     -3.761     -2.493
  -1    1     16.975     -7.376      3.238
 102  100     -6.840     -4.128     -7.138
 108  104     -2.378     -5.059     -4.440
  -1   -2     16.007     -0.700      6.707
  93   -2    -10.495     -3.493     -8.699
  -1  147     -5.579      4.393     -4.325
  -1   -2     15.857     -0.277      0.059
  26   59     -0.732     -9.420     -1.283
  -1   -2     -3.527     -6.542     -8.431
  -1   -2     11.909     -9.071      8.358
 197  207     18.024      4.074      1.041
  -1   -2     16.922     -1.423     -0.703
  -1   -2      4.138     -3.699      8.269
  -1   91     17.089     -1.061     -9.259
  -1   -2      1.059     -0.043     -0.295
  -1   -2     15.443      4.372      2.055
  -1   -2     -5.866     -3.108     -6.367
  -1   51     14.975      2.936     -5.927
  -1   49     -8.647     -7.251     -3.378
 109   69     -5.868      0.911      3.034
  -1   -2     11.829      0.390      3.314
  -1   -2     19.973      1.582     -7.508
  -1   -2     -3.527     -6.542     -8.431
  -1   -2     11.909     -9.071      8.358
  -1   -2     18.024      4.074      1.041
  -1   -2     17.089     -1.061     -9.259
  -1   -2      4.138     -3.699      8.269
  -1   -2      1.059     -0.043     -0.295
  -1   -2     -5.866     -3.108     -6.367
  -1   -2     15.443      4.372      2.055
  -1   -2     -8.647     -7.251     -3.378
  -1   -2     14.975      2.936     -5.927
  -1   -2     11.829      0.390      3.314
  -1   -2     19.973      1.582     -7.508
  -1   -2     -3.527     -6.542     -8.431
  -1   -2     11.909     -9.071      8.358
  -1   -2     17.089     -1.061     -9.259
  -1   -2     18.024      4.074      1.041
  -1   -2      4.138     -3.699      8.269
  -1   -2      1.059     -0.043     -0.295
  -1   -2     15.443      4.372      2.055
  -1   -2     14.975      2.936     -5.927
  -1   -2     -8.647     -7.251     -3.378
  -1   -2     11.829      0.390      3.314
  -1   -2     -5.866     -3.108     -6.367
 130   -2     19.973      1.582     -7.508
  -1   -2     -3.527     -6.542     -8.431
  -1   -2     11.909     -9.071      8.358
  -1   -2     17.089     -1.061     -9.259
  -1   -2     18.024      4.074      1.041
  -1   -2      4.138     -3.699      8.269
  -1   -2      1.059     -0.043     -0.295
  -1   -2     15.443      4.372      2.055
  -1   -2     -8.647     -7.251     -3.378
  -1   -2     14.975      2.936     -5.927
  -1   -2     11.829      0.390      3.314
 226  236    -12.842     -9.965     -3.529
  -1   -2     -5.866     -3.108     -6.367
  -1   -2     11.909     -9.071      8.358
  -1   -2     18.024      4.074      1.041
  -1   -2      4.138     -3.699      8.269
  -1   -2     17.089     -1.061     -9.259
  -1   -2      1.059     -0.043     -0.295
  -1   -2     15.443      4.372      2.055
  -1   -2     14.975      2.936     -5.927
  -1   -2     -8.647     -7.251     -3.378
  -1   -2     -5.866     -3.108     -6.367
  -1   -2     11.829      0.390      3.314
  -1   -2     -3.527     -6.542     -8.431
  -1   -2     11.909     -9.071      8.358
  -1   -2     18.024      4.074      1.041
  -1   -2      4.138     -3.699      8.269
  -1   -2     17.089     -1.061     -9.259
  -1   -2      1.059     -0.043     -0.295
  -1   -2     15.443      4.372      2.055
  -1   -2     14.975      2.936     -5.927
  -1   -2     11.829      0.390      3.314
  -1   -2     -8.647     -7.251     -3.378
  -1   -2     -5.866     -3.108     -6.367
  -1   -2     -3.527     -6.542     -8.431
  -1   -2     18.024      4.074      1.041
  -1   -2     17.089     -1.061     -9.259
  -1   -2      4.138     -3.699      8.269
  -1   -2      1.059     -0.043     -0.295
  -1   -2     15.443      4.372      2.055
  -1   -2     14.975      2.936     -5.927
 214   -2     -8.647     -7.251     -3.378
  -1   -2     -5.866     -3.108     -6.367
  -1   -2     11.829      0.390      3.314
  -1   -2     -3.527     -6.542     -8.431
  -1   -2     11.909     -9.071      8.358
  -1   -2      4.138     -3.699      8.269
  -1   -2     17.089     -1.061     -9.259
  -1   -2      1.059     -0.043     -0.295
  -1   -2     15.443      4.372      2.055
  -1   -2     14.975      2.936     -5.927
  -1   -2     -5.866     -3.108     -6.367
  -1   -2     11.829      0.390      3.314
  -1   -2     -3.527     -6.542     -8.431
  -1   -2     11.909     -9.071      8.358
  -1   -2     17.089     -1.061     -9.259
  -1   -2      4.138     -3.699      8.269
  -1   -2      1.059     -0.043     -0.295
  -1   -2     15.443      4.372      2.055
  -1   -2     14.975      2.936     -5.927
  -1   -2     -5.866     -3.108     -6.367
  -1   -2     11.829      0.390      3.314
  -1   -2     -3.527     -6.542     -8.431
  -1   -2     11.909     -9.071      8.358
  -1   -2     17.089     -1.061     -9.259
  -1   -2      4.138     -3.699      8.269
  -1   -2      1.059     -0.043     -0.295
  -1   -2     -5.866     -3.108     -6.367
  -1   -2     15.443      4.372      2.055
  -1   -2     14.975      2.936     -5.927
  -1   -2     11.829      0.390      3.314
  -1   -2     -3.527     -6.542     -8.431
  -1   -2     11.909     -9.071      8.358
  -1   -2     17.089     -1.061     -9.259
  -1   -2      4.138     -3.699      8.269
  -1   -2      1.059     -0.043     -0.295
  -1   -2     15.443      4.372      2.055
  -1   -2     14.975      2.936     -5.927
  -1   -2     11.829      0.390      3.314
  -1   -2     -5.866     -3.108     -6.367
  -1   -2     -3.527     -6.542     -8.431
  -1   -2     11.909     -9.071      8.358
  -1   -2      4.138     -3.699      8.269
  -1   -2     17.089     -1.061     -9.259
  -1   -2      1.059     -0.043     -0.295
  -1   -2     15.443      4.372      2.055
  -1   -2     14.975      2.936     -5.927
  -1   -2     11.829      0.390      3.314
  -1   -2     -5.866     -3.108     -6.367
  -1   -2     11.909     -9.071      8.358
  -1   -2     11.909     -9.071      8.358
  -1   -2     17.089     -1.061     -9.259
  -1   -2      4.138     -3.699      8.269
  -1   -2      1.059     -0.043     -0.295
  -1   -2     -5.866     -3.108     -6.367
  -1   -2     15.443      4.372      2.055
  -1   -2     14.975      2.936     -5.927
  49  277     11.829      0.390      3.314
  -1   -2     -3.527     -6.542     -8.431
  -1   -2     11.909     -9.071      8.358
  -1   -2     17.089     -1.061     -9.259
  -1   -2      4.138     -3.699      8.269
  -1   -2      1.059     -0.043     -0.295
  -1   -2     15.443      4.372      2.055
  -1   -2     14.975      2.936     -5.927
  -1   -2     -5.866     -3.108     -6.367
  -1   -2     -3.527     -6.542     -8.431
  -1   -2     11.909     -9.071      8.358
  -1   -2      4.138     -3.699      8.269
  -1   -2     17.089     -1.061     -9.259
  -1   -2      1.059     -0.043     -0.295
  -1   -2     15.443      4.372      2.055
  -1   -2     -5.866     -3.108     -6.367
  -1   -2     14.975      2.936     -5.927
  -1   -2     11.909     -9.071      8.358
  -1   -2     17.089     -1.061     -9.259
  -1   -2      4.138     -3.699      8.269
  -1   -2      1.059     -0.043     -0.295
  -1   -2     15.443      4.372      2.055
  -1   -2     14.975      2.936     -5.927
  -1   -2     -5.866     -3.108     -6.367
  -1   -2     11.909     -9.071      8.358
  -1   -2      4.138     -3.699      8.269
  -1   -2     17.089     -1.061     -9.259
  -1   -2      1.059     -0.043     -0.295
  -1   -2     15.443      4.372      2.055
  -1   -2     14.975      2.936     -5.927
  -1   -2     -5.866     -3.108     -6.367
  -1   -2     -3.527     -6.542     -8.431
  -1   -2     11.909     -9.071      8.358
  -1   -2      4.138     -3.699      8.269
  -1   -2     17.089     -1.061     -9.259
  -1   -2      1.059     -0.043     -0.295
  -1   -2     15.443      4.372      2.055
  -1   -2     14.975      2.936     -5.927
  -1   -2     -5.866     -3.108     -6.367
  -1   -2     -3.527     -6.542     -8.431
  -1   -2     11.909     -9.071      8.358
  -1   -2     17.089     -1.061     -9.259
  -1   -2      4.138     -3.699      8.269
  -1   -2      1.059     -0.043     -0.295
  -1   -2     15.443      4.372      2.055
  -1   -2     14.975      2.936     -5.927
  -1   -2     -5.866     -3.108     -6.367
  -1   -2     -3.527     -6.542     -8.431
  -1   -2     11.909     -9.071      8.358
  -1   -2     17.089     -1.061     -9.259
  -1   -2      4.138     -3.699      8.269
  -1   -2      1.059     -0.043     -0.295
 114  311     -5.866     -3.108     -6.367
  -1   -2     15.443      4.372      2.055
  63  303     14.975      2.936     -5.927
  -1   -2     -3.527     -6.542     -8.431
  -1   -2     11.909     -9.071      8.358
  -1   -2     17.089     -1.061     -9.259
  -1   -2      4.138     -3.699      8.269
  -1   -2      1.059     -0.043     -0.295
  -1   -2     15.443      4.372      2.055
  -1   -2     -3.527     -6.542     -8.431
  -1   -2     11.909     -9.071      8.358
  -1   -2      4.138     -3.699      8.269
  -1   -2     17.089     -1.061     -9.259
  -1   -2      1.059     -0.043     -0.295
  -1   -2     15.443      4.372      2.055
  -1   -2     -3.527     -6.542     -8.431
  -1   -2     11.909     -9.071      8.358
  -1   -2     17.089     -1.061     -9.259
  -1   -2      4.138     -3.699      8.269
  -1   -2      1.059     -0.043     -0.295
  -1   -2     15.443      4.372      2.055
  -1   -2     -3.527     -6.542     -8.431
  -1   -2     11.909     -9.071      8.358
  -1   -2     17.089     -1.061     -9.259
  -1   -2      1.059     -0.043     -0.295
  -1   -2      4.138     -3.699      8.269
  -1   -2     15.443      4.372      2.055
  -1   -2     -3.527     -6.542     -8.431
  -1   -2     11.909     -9.071      8.358
  -1   -2     17.089     -1.061     -9.259
  -1   -2      4.138     -3.699      8.269
  -1   -2      1.059     -0.043     -0.295
  -1   -2     15.443      4.372      2.055
  -1   -2     -3.527     -6.542     -8.431
 116  384     11.909     -9.071      8.358
  -1   -2      4.138     -3.699      8.269
 353   -2      1.059     -0.043     -0.295
  -1   -2     17.089     -1.061     -9.259
  -1   -2     15.443      4.372      2.055
  -1   -2     -3.527     -6.542     -8.431
  -1   -2     17.089     -1.061     -9.259
  -1   -2      4.138     -3.699      8.269
  -1   -2     15.443      4.372      2.055
  -1   -2     -3.527     -6.542     -8.431
  -1   -2     17.089     -1.061     -9.259
  -1   -2      4.138     -3.699      8.269
  -1   -2     15.443      4.372      2.055
  -1   -2     -3.527     -6.542     -8.431
  -1   -2      4.138     -3.699      8.269
  -1   -2     17.089     -1.061     -9.259
  -1   -2     15.443      4.372      2.055
  -1   -2     -3.527     -6.542     -8.431
  -1   -2      4.138     -3.699      8.269
  -1   -2     17.089     -1.061     -9.259
  -1   -2     15.443      4.372      2.055
  -1   -2     -3.527     -6.542     -8.431
  -1   -2     17.089     -1.061     -9.259
  -1   -2      4.138     -3.699      8.269
  -1   -2     15.443      4.372      2.055
  -1   -2     -3.527     -6.542     -8.431
  -1   -2      4.138     -3.699      8.269
  -1   -2     17.089     -1.061     -9.259
  -1   -2     15.443      4.372      2.055
  -1   -2     -3.527     -6.542     -8.431
  -1   -2     17.089     -1.061     -9.259
  -1   -2      4.138     -3.699      8.269
  -1   -2     15.443      4.372      2.055
  -1   -2     -3.527     -6.542     -8.431
  -1   -2     17.089     -1.061     -9.259
  -1   -2      4.138     -3.699      8.269
  -1   -2     15.443      4.372      2.055
  -1   -2     -3.527     -6.542     -8.431
 390  114     17.089     -1.061     -9.259
  -1   -2      4.138     -3.699      8.269
  -1   -2     15.443      4.372      2.055
  -1   -2      4.138     -3.699      8.269
  -1   -2     15.443      4.372      2.055
  -1   -2     -3.527     -6.542     -8.431
  -1   -2      4.138     -3.699      8.269
  -1   -2     15.443      4.372      2.055
  -1   -2     -3.527     -6.542     -8.431
  -1   -2      4.138     -3.699      8.269
  -1   -2     15.443      4.372      2.055
  -1   -2      4.138     -3.699      8.269
  -1   -2     15.443      4.372      2.055
  -1   -2     -3.527     -6.542     -8.431
  -1   -2      4.138     -3.699      8.269
  -1   -2     15.443      4.372      2.055
  -1   -2     -3.527     -6.542     -8.431
  -1   -2      4.138     -3.699      8.269
  -1   -2     15.443      4.372      2.055
  -1   -2     -3.527     -6.542     -8.431
  -1   -2      4.138     -3.699      8.269
  -1   -2     15.443      4.372      2.055
  -1   -2     -3.527     -6.542     -8.431
  69  409      4.138     -3.699      8.269
  -1   -2     15.443      4.372      2.055
  -1   -2     -3.527     -6.542     -8.431
  -1   -2     15.443      4.372      2.055
  -1   -2     -3.527     -6.542     -8.431
  -1   -2     15.443      4.372      2.055
  -1   -2     -3.527     -6.542     -8.431
  -1   -2     15.443      4.372      2.055
  -1   -2     -3.527     -6.542     -8.431
  -1   -2     15.443      4.372      2.055
  -1   -2     -3.527     -6.542     -8.431
  -1   -2     15.443      4.372      2.055
  -1   -2     -3.527     -6.542     -8.431
  -1   -2     15.443      4.372      2.055
  -1   -2     -3.527     -6.542     -8.431
  -1   -2     15.443      4.372      2.055
  -1   -2     -3.527     -6.542     -8.431
  -1   -2     15.443      4.372      2.055
  -1   -2     -3.527     -6.542     -8.431
  -1   -2     15.443      4.372      2.055
  -1   -2     -3.527     -6.542     -8.431
 117  441     15.443      4.372      2.055
  -1   -2     -3.527     -6.542     -8.431
  -1   -2     -3.527     -6.542     -8.431
  -1   -2     -3.527     -6.542     -8.431
 115  444     -3.527     -6.542     -8.431
