227
   1    1      2.903     -3.550      7.620
  82   -2     16.452     -5.453      6.052
 214    6     10.029     -7.794      8.026
  68   -2     -1.639     -9.632      5.070
  77   84     -1.840     -9.681     -0.938
  58   19     12.370     -5.747      4.478
   3    2     14.710     -3.148     -4.864
 104  162     13.086     -8.950     -0.031
   0  148      0.960     -8.832      0.938
  51  144     -4.186     -5.996      3.216
   6    5     13.721     -5.235     -0.324
   7    3    -11.539     -6.562     -8.270
  69   -2      6.708     -7.827     -8.022
  76  110     15.353     -2.665     -7.238
   8    7    -10.291     -6.672      1.457
 148    8     15.296     -6.486     -1.258
  10    9      2.140     -3.238      6.838
  -1  104      5.199     -8.470     -0.123
  11   10     -7.755      0.250     -4.786
  -1   -2     -2.164     -0.481     -4.337
  73   12      2.261     -7.430      9.085
  70  131     12.931     -1.828     -0.919
  94   20      7.099     -8.258     -5.723
 136  134     -7.251     -7.019     -8.536
  -1  199     10.870     -0.790     -1.762
  24   21     12.389     -0.462      8.805
  20   25     13.623     -4.495     -0.703
 152   37     16.837      0.007      6.056
  75   78      9.202     -9.775     -3.564
  27   23     16.743      0.824      4.796
  18   18     18.974     -0.904     -2.540
  26   22     19.610     -0.456     -1.840
  25   -2      9.441     -7.543     -3.142
  42   35     -2.905     -0.959     -6.302
  12   -2      3.413     -6.525      0.081
  74   -2     11.486     -4.055      8.585
 108   -2     15.441    -10.237     -5.326
  35   -2    -10.712     -5.603     -5.790
  31   -2      8.913     -3.406      1.644
  50   -2     18.725     -9.656     -0.777
  34   29     18.833      0.505     -2.909
  38   32     13.539     -5.230      1.583
  89   38     13.940     -2.150      8.336
 158  101     19.514     -7.257     -4.537
   5   -2     14.442    -10.218      4.962
  56   42      0.549     -7.431      8.533
  29   69     17.811     -2.063      1.555
 187   -2      6.066     -2.604     -1.880
  41   82     16.870     -3.899     -3.798
  44   39      8.405      2.223      0.688
  36   77     16.453     -1.923     -5.004
  93   90      7.959     -0.886      7.368
  -1   26      3.221     -7.468     -3.900
 159  136     13.147     -4.253    -10.341
 145   -2    -10.876     -9.071     -9.440
 131   -2     11.509     -6.268      1.468
  -1   -2     11.577     -2.739      5.843
  -1   -2     -3.649     -6.562     -8.766
  55    4     12.251     -4.394      6.527
  -1   -2     16.981     -2.249     -5.319
  -1   -2     13.488     -3.291      7.534
 114   97     10.619     -2.709      4.809
 206   51      1.704     -8.391      7.872
  91   83     11.559     -9.474     -5.641
  19  143     17.562     -8.942     -9.601
  62   70      5.837     -9.167      7.500
  -1   59     14.587     -6.230     -5.013
  -1   -2     13.943     -2.792      9.252
  32   58     -7.061      0.593     -2.911
 155   -2     -1.895     -4.851     -2.355
 102   62      4.784     -6.980      2.078
 112   -2     14.665     -8.312     -7.362
  40   34     12.396     -0.319     -9.621
 111   14      8.375     -3.915      1.990
 141   -2     14.925    -10.473     -0.903
  -1  137     -0.064     -7.781     -3.859
  -1  126      9.646     -0.428      7.323
  65   52     -3.980     -9.545     -3.629
  -1   -2      5.458     -7.481     -2.894
  17  147      9.363     -1.229     -8.167
  49   -2      5.120     -8.512      3.146
  -1   -2     14.538     -4.742      4.754
  52   -2     12.757    -10.703      0.575
  -1   -2     16.291    -10.202     -2.465
 144   80     11.559      0.986      2.598
  -1   87     -6.293     -1.608      3.407
  -1   76      5.672      2.171      0.298
  95   88     16.403      2.676     -9.731
  -1  109     -3.454     -9.849     -7.607
  -1   -2     12.887      1.464      0.084
  -1  133      4.235     -3.732      8.531
 207   -2    -12.055     -4.842     -5.041
  -1   11     18.839     -8.566      0.239
 166   -2     15.561     -9.482     -4.506
  -1   53     15.988     -2.989     -8.126
 118   -2     -1.458     -8.414     -1.736
  -1   -2      8.971     -7.487     -9.656
  -1   79     17.736    -10.842     -4.576
 191   -2     13.374     -2.901      8.749
 173   -2      5.201     -5.165      6.209
 129  150      4.396     -5.615      5.945
  -1   -2     13.931     -3.970     -3.479
  64   91     -5.478     -7.642     -3.355
 113  208     17.833     -6.583      0.126
  66   46     -8.096     -9.365    -10.136
  -1   -2     -7.740     -0.983     10.048
  -1  100     -0.215     -3.546     -1.102
 132  117     -3.062     -9.425      2.651
  -1   -2     13.003     -5.285      7.058
  -1  118     -3.573     -8.964     -7.741
 137  193     -8.118     -2.387     -2.055
  48   -2     17.209     -3.843      3.523
  -1  183     17.231     -7.659     -8.991
  -1  124     12.130     -9.081     10.685
  -1  106     14.096     -3.533     -2.118
 212   36      9.439     -5.575      8.512
  -1  123      9.296     -8.069      8.554
  -1   -2     11.688     -6.976      2.354
  -1  108      7.712     -4.029     -6.537
  -1   -2     -3.701     -8.675     -8.704
 121  119      9.265     -7.514      4.400
  88   -2     13.629    -10.003      5.572
  33   43      8.468     -5.351      0.797
 163  185     18.426      4.127      0.114
  -1   -2     18.477     -1.577     -4.032
  -1  135     15.558     -4.582     -6.630
 170  120     -6.348     -4.934     -9.196
 106   47     12.168     -1.112     -5.805
  -1   93     17.438     -9.655     -5.611
  -1   54      9.783     -9.455      9.520
  -1  138     -3.583     -6.418     -3.807
 130  112     10.290     -4.199      2.136
  39   -2      1.742     -6.886      8.965
 142   27     14.015      0.704     -1.952
  -1   41      9.929     -9.636     -6.695
  -1    0     15.562     -6.316      8.844
 140   31     12.661     -6.800      5.910
  23   13     15.374    -10.423     -7.307
 154   68     -0.227     -6.853      1.104
  -1   -2     -6.023     -6.389     -8.765
  -1   -2      7.247     -8.309     -9.819
  -1   -2      6.041     -5.761      6.654
  57  125     15.483     -9.465     -8.991
  -1   44     15.126    -10.779      3.396
 109   75     18.325     -7.932      1.259
 146   49     -5.571     -6.433      4.713
  -1  178     -3.500      0.431     -2.663
 149  142      4.636     -6.777     -8.421
 122   61     10.297     -1.730     -8.003
 143  187     -9.083     -9.579      2.183
  79  105      4.423     -7.237     -7.976
 127   -2     -7.061     -4.205     -8.386
 199  149     -0.479     -3.027     -4.699
 161   -2     14.879     -9.010      8.421
  81   92     -0.125     -8.627      4.693
  -1   60      1.952     -9.260     -7.162
  -1   -2     11.578     -4.468      9.527
 190   95      4.497     -4.250      2.089
  -1   -2     -5.809     -9.281      5.720
  -1   -2      6.149     -3.360      2.125
  -1   -2     18.345    -10.935      0.394
 164   -2     10.686      3.243     -7.528
  -1   -2     13.828     -9.701     -6.601
  -1   -2     -6.948     -5.418     -8.400
 172   -2      6.958      1.794     -3.487
  -1  130     -7.638     -3.690    -12.429
  -1   -2     15.429      4.373      2.082
  -1  113     15.448     -5.051      8.106
  -1   -2     -5.413     -1.994      0.327
 177  132    -11.824     -9.878     -5.340
 180  209     15.268      3.416     -6.563
  -1   -2    -12.226     -7.363     -8.162
 200  190     19.246      4.540     -1.148
  -1  192     15.287      5.883     -2.076
 181   -2      4.172      0.411      5.792
  -1   -2     18.778      2.031      2.214
 198  189      2.458      1.617     -4.631
 178   -2      7.574     -1.745      0.822
  -1  167     18.509     -7.531     11.328
 156   -2     15.551     -4.250      5.080
  -1   -2     -5.556     -3.270     -7.439
 182  168     -7.954      0.446    -10.917
  -1   -2      6.020     -7.881      8.495
 201  170      9.876      4.191     -7.545
 213   96     -3.535      4.103      4.778
  -1   16     19.050     -2.836     -7.357
  -1  161      5.101     -1.708     -7.741
  -1   -2     16.008     -0.701      6.705
 183  191    -10.491     -3.493     -8.706
  -1   -2      6.010      5.865      0.855
  -1   -2      9.096     -9.490     -1.702
 175  102     19.810     -3.411      3.604
 167  121     -9.642    -10.394     -7.086
  53  145      5.947      0.201      9.933
  -1   33     15.672      3.881      7.667
 196   -2    -10.607     -1.401     -5.928
  -1   -2     -5.581      4.401     -4.332
  -1  165     13.390      4.675     -8.588
  -1  154     18.954      4.958     -4.516
  -1   -2     17.660     -6.369      9.486
 203   -2     -1.237     -3.221      4.208
  -1   -2      3.979      3.448     -9.462
 185   40      2.162     -3.228      6.701
  -1  220     -2.110     -0.457     -4.258
  -1  201     -7.771      0.246     -4.911
 216  211     11.375     -2.745      6.336
  -1  129     -3.514     -6.538     -8.394
 219  213     13.866     -2.101      8.666
  -1   -2     16.636      0.850      5.381
  -1   -2     15.429      4.373      2.082
  -1   -2     -2.101     -0.459     -4.286
  -1  203    -10.629     -5.582     -6.030
  54  217     -3.514     -6.538     -8.394
 224  218     13.311     -3.291      7.952
  -1   -2      2.850     -7.411     -2.282
  -1   -2      8.347      2.249      1.303
 125  215     15.429      4.373      2.082
  -1   -2     -2.101     -0.459     -4.286
 220  221      8.347      2.249      1.303
 226  210     -2.101     -0.459     -4.286
  -1   -2    -10.294     -6.600      2.234
  -1   -2    -11.466     -6.486     -7.715
 231  225    -10.294     -6.600      2.234
  -1   -2    -11.466     -6.486     -7.715
 230  224    -11.466     -6.486     -7.715
  -1   -2      2.850     -7.411     -2.282
 232  228      2.850     -7.411     -2.282
