331
   0    1     15.296     -6.485     -1.246
   1    6      3.332     -8.464      5.397
  57    8     -1.550     -7.152      3.338
  55    4     14.134     -3.465     -1.545
   2   34      2.812     -8.833      3.229
  -1   -2     -3.659     -6.566     -8.796
   9   10     16.179     -3.018     -8.371
  12   11     14.587     -6.228     -5.015
  -1   25     10.328     -7.605      1.090
  98    0     11.802     -9.035      8.085
  31   44     -4.978     -9.513      1.161
  -1    2     -1.487     -9.022      9.590
  14   13     10.867     -3.157     10.201
  15   15     -4.287     -5.996      2.741
  -1   51     13.679     -8.412      5.512
  17   43      9.801     -2.441      7.024
  -1   98      7.815    -10.345    -10.118
  20   -2     19.225     -8.486     -0.624
  21   -2     15.300     -2.660     -7.086
  28   -2      5.462     -7.485     -2.879
  22   41     12.590     -1.702     -0.028
  -1   26     -2.958    -10.804      5.765
  -1   -2     -5.570     -8.386      9.211
  40   23      4.982     -9.264     10.693
  -1   -2     -4.479     -8.678      7.638
  34   -2      8.415     -9.078     10.219
  51   -2     -6.003     -8.671      1.101
  62   45      1.919     -8.123     -6.463
  -1   65      2.962     -8.304     10.212
   3   30     13.885     -3.965     -3.366
  24   83      4.746     -6.798     -8.752
  27   -2      9.829     -8.163      9.970
 131   -2     16.082      0.541     -8.692
  61   37     18.151     -9.872      2.472
  23    5     11.896     -8.624      8.488
  33   -2      2.236     -3.237      8.924
  81    3     -3.625    -10.058     -7.037
  39   18      1.100     -7.241     -1.429
  10   32      6.882     -6.354      5.943
  38   31      8.958     -7.487     -9.629
 133   -2     -5.168     -1.873      5.606
  -1   -2      1.085     -9.790      8.755
 123   -2     14.380     -6.982      6.595
   5   56     -4.923     -8.932     -2.305
 129   60     -0.221     -3.550     -1.110
  26   12      1.447     -8.311      7.233
  -1   38      9.721      0.745      7.590
  88   64     17.211     -3.845      3.517
 121   42      9.437     -4.129      4.304
  -1   -2      5.221     -8.429     -0.076
  53   47     -0.258     -9.785     -9.077
  47   -2     10.075     -5.643      6.945
  86   -2     12.978      1.370     -0.906
 108   -2     10.593     -4.925     -0.850
  -1   49    -10.354    -10.856      2.871
  68   -2     15.902     -0.268     -0.125
  42   -2     14.931     -8.300      1.064
  75   -2     -3.589     -6.420     -3.835
  -1   58     14.119    -10.016    -10.081
  56   -2     11.787     -6.372      2.102
  67   24     18.863     -9.640     -5.515
  46   16     18.292     -7.964      1.054
  64   -2     -7.718     -6.855     -4.235
  60   63     15.487     -9.896     -7.329
  -1   57      4.806     -2.223      2.297
  -1   -2     10.689      3.243     -7.538
  -1   -2     17.088     -1.063     -9.261
  -1  111     18.012      4.072      1.065
  -1   -2     16.921     -1.425     -0.706
  -1   28      4.123     -3.699      8.220
 109   67     -6.943     -5.421     -8.393
  -1   -2     -4.864     -1.356      7.299
  -1   -2     15.440      4.372      2.059
  -1   -2     -5.866      0.912      3.042
  -1   -2     14.973      2.936     -5.921
  -1   52      7.937     -3.171      4.870
 106   91    -12.931     -7.259     -5.377
  82   -2     -5.869     -3.110     -6.371
  87   78    -12.841     -9.965     -3.528
  84   -2     17.568      3.826    -12.317
  -1   -2     11.828      0.387      3.318
  -1   40     -7.963     -5.676     -1.224
  91   59      6.670     -9.193      9.777
  -1   -2     -5.409     -1.997      0.338
  90   -2      5.563      0.775      4.597
  -1   39     20.640     -3.925     -0.991
  43   33     -3.655     -6.730      9.002
  49    7     16.713     -4.845      5.223
  92   84    -14.186    -10.533      5.548
  95   46     -8.875     -7.241     -3.946
  52   -2     18.815      0.372     -6.147
 102  101     18.513     -7.530     11.358
  -1   -2     -8.165     -4.253      4.362
  97  100     14.302     -2.483      5.673
  -1   89      7.567     -1.752      0.794
 101   90     -7.958      0.444    -10.930
  -1   -2     19.972      1.582     -7.511
  -1   -2    -11.704     -9.622     -7.472
 112   -2     10.696     -9.738     -8.726
 104   94      8.846      6.072      9.493
  -1  234      9.941     -0.522      8.727
  -1   27     11.546     -5.029     -9.303
  -1   -2     13.899     -2.079      1.666
  -1  103     -6.843     -4.128     -7.139
 111   97      8.833     -1.435    -11.244
   7  160    -10.178     -5.606      3.194
  -1  105     14.503     -9.043      9.021
  -1  107      3.817     -9.974     11.753
  76   -2      7.627     -4.219      7.626
 116  108     17.149     -5.480      5.780
 142  110     -8.441     -2.597     -2.685
  93   87     17.143     -5.992      1.645
  -1  106    -10.728     -3.688     -9.305
  94   -2     -7.700     -3.762     -2.479
  -1   66     10.541    -10.424    -10.927
  -1   -2     16.973     -7.376      3.248
  -1   -2      7.891     -4.798      5.582
 124  115     -5.581      4.396     -4.316
 120   96    -11.532     -2.940     -4.681
 125   -2     19.668     -5.845     -7.638
  -1   74     13.516      4.892     -8.321
 127  116      2.898     -0.631      4.910
  -1   -2     13.272    -10.654     -7.413
  -1   -2     -3.540     -6.545     -8.469
  -1   73     18.012      4.072      1.065
  -1   -2     17.088     -1.063     -9.261
  -1   -2     10.689      3.243     -7.538
 139  141      4.806     -2.223      2.297
  -1   -2     15.440      4.372      2.059
  -1   35     -5.866      0.912      3.042
  -1   -2     14.973      2.936     -5.921
 135  126     -5.409     -1.997      0.338
  -1   22     11.828      0.387      3.318
  89  128      7.937     -3.171      4.870
  -1   -2     -8.165     -4.253      4.362
  -1   -2     20.640     -3.925     -0.991
  -1  152     19.972      1.582     -7.511
  -1   -2     -3.540     -6.545     -8.469
  -1   -2     10.689      3.243     -7.538
  -1   -2     17.088     -1.063     -9.261
  -1   -2     15.440      4.372      2.059
  -1   -2     14.973      2.936     -5.921
  -1   -2     -5.409     -1.997      0.338
  -1   -2     11.828      0.387      3.318
  -1   -2     -5.866      0.912      3.042
 151  151     20.640     -3.925     -0.991
  -1   -2     -8.165     -4.253      4.362
  -1   -2     19.972      1.582     -7.511
  -1   -2     17.088     -1.063     -9.261
  -1   -2     10.689      3.243     -7.538
  -1   -2     15.440      4.372      2.059
  -1   -2     14.973      2.936     -5.921
  -1   -2     -5.866      0.912      3.042
  -1   -2     11.828      0.387      3.318
  85   -2     -5.409     -1.997      0.338
 160  109     -8.165     -4.253      4.362
  -1   -2     19.972      1.582     -7.511
  -1   -2     -3.540     -6.545     -8.469
  -1   -2     10.689      3.243     -7.538
  -1   -2     17.088     -1.063     -9.261
  -1   -2     -5.866      0.912      3.042
  -1   -2     15.440      4.372      2.059
  83  165     14.973      2.936     -5.921
  -1   -2     11.828      0.387      3.318
  -1   -2     19.972      1.582     -7.511
  -1   -2     -3.540     -6.545     -8.469
  -1   -2     10.689      3.243     -7.538
  -1   -2     17.088     -1.063     -9.261
  -1   -2     15.440      4.372      2.059
  -1   -2     -5.866      0.912      3.042
  -1   -2     11.828      0.387      3.318
  -1   -2     19.972      1.582     -7.511
  -1   -2     -3.540     -6.545     -8.469
  66   36     17.088     -1.063     -9.261
  -1   -2     10.689      3.243     -7.538
  -1   -2     15.440      4.372      2.059
  -1   -2     -5.866      0.912      3.042
  -1   -2     11.828      0.387      3.318
  -1   -2     19.972      1.582     -7.511
  -1   -2     10.689      3.243     -7.538
  -1   -2     15.440      4.372      2.059
  -1   -2     -5.866      0.912      3.042
  -1   -2     11.828      0.387      3.318
  -1   -2     19.972      1.582     -7.511
  -1   -2     -3.540     -6.545     -8.469
  -1   -2     10.689      3.243     -7.538
  -1   -2     15.440      4.372      2.059
  -1   -2     -5.866      0.912      3.042
  -1   -2     11.828      0.387      3.318
 152   -2     19.972      1.582     -7.511
  -1   -2     -3.540     -6.545     -8.469
  -1   -2     10.689      3.243     -7.538
  -1   -2     15.440      4.372      2.059
  -1   -2     -5.866      0.912      3.042
  -1   -2     11.828      0.387      3.318
  -1   -2     10.689      3.243     -7.538
  -1   -2     15.440      4.372      2.059
  -1   -2     -5.866      0.912      3.042
  -1   -2     11.828      0.387      3.318
  -1   -2     -3.540     -6.545     -8.469
  -1   -2     10.689      3.243     -7.538
  -1   -2     15.440      4.372      2.059
  -1   -2     -5.866      0.912      3.042
  -1   -2     11.828      0.387      3.318
  -1   -2     -3.540     -6.545     -8.469
 211  210     10.689      3.243     -7.538
  -1   -2     15.440      4.372      2.059
  -1   -2     -5.866      0.912      3.042
  -1   -2     11.828      0.387      3.318
  -1   -2     -3.540     -6.545     -8.469
  -1   -2     15.440      4.372      2.059
  -1   -2     11.828      0.387      3.318
  -1   -2     -5.866      0.912      3.042
  -1   -2     -3.540     -6.545     -8.469
  -1   -2     15.440      4.372      2.059
  -1   -2     -5.866      0.912      3.042
  -1   -2     11.828      0.387      3.318
  -1   -2     -3.540     -6.545     -8.469
  -1   -2     15.440      4.372      2.059
  35  204     -5.866      0.912      3.042
  -1   -2     11.828      0.387      3.318
  -1   -2     -3.540     -6.545     -8.469
  -1   -2     15.440      4.372      2.059
  -1   -2     11.828      0.387      3.318
  -1   -2     -3.540     -6.545     -8.469
  -1   -2     15.440      4.372      2.059
  -1   -2     11.828      0.387      3.318
  -1   -2     -3.540     -6.545     -8.469
  -1   -2     15.440      4.372      2.059
  -1   -2     11.828      0.387      3.318
  -1   -2     -3.540     -6.545     -8.469
  -1   -2     15.440      4.372      2.059
  -1   -2     11.828      0.387      3.318
  -1   -2     -3.540     -6.545     -8.469
  -1   -2     15.440      4.372      2.059
  -1   21     11.828      0.387      3.318
  -1   -2     -3.540     -6.545     -8.469
  -1   -2     15.440      4.372      2.059
  -1   -2     15.440      4.372      2.059
  -1   -2     -3.540     -6.545     -8.469
  -1   -2     15.440      4.372      2.059
  -1   -2     -3.540     -6.545     -8.469
  -1   -2     15.440      4.372      2.059
  -1   -2     -3.540     -6.545     -8.469
  -1   -2     15.440      4.372      2.059
  -1   -2     -3.540     -6.545     -8.469
  -1   -2     15.440      4.372      2.059
  -1   -2     -3.540     -6.545     -8.469
  -1   -2     15.440      4.372      2.059
  -1   -2     -3.540     -6.545     -8.469
  -1   -2     15.440      4.372      2.059
  -1   -2     -3.540     -6.545     -8.469
  -1   -2     15.440      4.372      2.059
  -1   -2     15.440      4.372      2.059
  -1   -2     -3.540     -6.545     -8.469
  -1   -2     15.440      4.372      2.059
  -1   -2     -3.540     -6.545     -8.469
  -1   -2     15.440      4.372      2.059
  -1   -2     15.440      4.372      2.059
  -1   -2     15.440      4.372      2.059
  -1   -2     -3.540     -6.545     -8.469
  -1   -2     15.440      4.372      2.059
  -1   -2     -3.540     -6.545     -8.469
  -1   -2     15.440      4.372      2.059
  -1   -2     -3.540     -6.545     -8.469
  -1   -2     15.440      4.372      2.059
  -1   -2     -3.540     -6.545     -8.469
  -1   -2     15.440      4.372      2.059
  -1   -2     -3.540     -6.545     -8.469
  -1   -2     15.440      4.372      2.059
  -1   -2     -3.540     -6.545     -8.469
  -1   -2     15.440      4.372      2.059
  -1   -2     -3.540     -6.545     -8.469
  -1   -2     15.440      4.372      2.059
  -1   -2     -3.540     -6.545     -8.469
  -1   -2     15.440      4.372      2.059
  -1   -2     -3.540     -6.545     -8.469
  -1   -2     15.440      4.372      2.059
  -1   -2     -3.540     -6.545     -8.469
  -1   -2     15.440      4.372      2.059
  -1   -2     -3.540     -6.545     -8.469
  -1   -2     15.440      4.372      2.059
  -1   -2     -3.540     -6.545     -8.469
  -1   -2     15.440      4.372      2.059
  -1   -2     -3.540     -6.545     -8.469
  -1   -2     15.440      4.372      2.059
  -1   -2     -3.540     -6.545     -8.469
  -1   -2     15.440      4.372      2.059
  -1   -2     -3.540     -6.545     -8.469
  -1   -2     15.440      4.372      2.059
  -1   -2     -3.540     -6.545     -8.469
  -1   -2     15.440      4.372      2.059
  -1   -2     -3.540     -6.545     -8.469
  -1   -2     15.440      4.372      2.059
  -1   -2     -3.540     -6.545     -8.469
  -1   -2     15.440      4.372      2.059
  -1   -2     15.440      4.372      2.059
  -1   -2     -3.540     -6.545     -8.469
  -1   -2     15.440      4.372      2.059
  -1   -2     -3.540     -6.545     -8.469
  -1   -2     15.440      4.372      2.059
  -1   -2     15.440      4.372      2.059
  -1   -2     -3.540     -6.545     -8.469
  -1   -2     15.440      4.372      2.059
  -1   -2     -3.540     -6.545     -8.469
  -1   -2     15.440      4.372      2.059
  -1   -2     -3.540     -6.545     -8.469
  -1   -2     15.440      4.372      2.059
  -1   -2     -3.540     -6.545     -8.469
  -1   -2     15.440      4.372      2.059
  -1   -2     -3.540     -6.545     -8.469
  -1   -2     15.440      4.372      2.059
  -1   -2     -3.540     -6.545     -8.469
  -1   -2     15.440      4.372      2.059
  -1   -2     -3.540     -6.545     -8.469
  -1   -2     15.440      4.372      2.059
  -1   -2     -3.540     -6.545     -8.469
  -1   -2     15.440      4.372      2.059
  -1   -2     -3.540     -6.545     -8.469
  -1   -2     15.440      4.372      2.059
  -1   -2     -3.540     -6.545     -8.469
  -1   -2     15.440      4.372      2.059
  -1   -2     -3.540     -6.545     -8.469
 326  324     15.440      4.372      2.059
  -1   -2     -3.540     -6.545     -8.469
  -1   -2     -3.540     -6.545     -8.469
  -1   -2     -3.540     -6.545     -8.469
  -1   -2     -3.540     -6.545     -8.469
  -1   -2     -3.540     -6.545     -8.469
  -1   -2     -3.540     -6.545     -8.469
   8  328     -3.540     -6.545     -8.469
