55
   0   -2    -13.437     -6.653     -4.938
   1   -2    -14.029     -3.168     -3.407
  30   -2     -1.059     -7.864     -6.652
  -1   32     -6.404    -10.828      1.814
   5   33      9.778     -9.509     -1.750
   3   -2     17.409     -6.404     -1.483
  31   36      9.968     -3.372      6.428
  -1   -2     -8.767    -10.859     -2.581
  20   46      8.574     -6.759      9.796
   6   -2      9.182     -9.134      1.319
  18   -2     -0.510     -6.506      9.734
  -1   -2     11.332     -8.460      0.029
  -1   -2      9.982     -9.962     -3.634
  41    0     17.945     -5.455     -3.743
  36   -2     -6.906     -5.432     -8.603
  13   13      8.145     -9.510      5.631
  -1   12     14.643     -4.624     10.561
  -1   -2     15.795     -1.257      1.880
   2    1     16.580     -3.955    -10.180
  39   24      1.565     -8.868      4.035
  16   14      9.056     -6.049      9.943
  10   27     -4.862     -8.115      9.878
  -1   -2      8.192      6.213     10.898
  -1    2     -4.297    -10.372     -2.769
  19    5      7.102     -6.452     10.289
  -1    3      9.725     -4.930     -4.021
  -1   40     12.595    -10.283    -11.486
  -1   -2      3.453      5.986      2.359
   9   43      0.342    -10.931     -7.619
  -1   -2      0.967    -10.898     -7.948
  -1   -2     18.884     -8.456    -10.157
  -1   -2     -5.128      1.599      6.556
  51   -2      2.158      3.033      5.236
  -1   39      1.122     -9.805      8.722
  11   11      1.478     -7.692      5.853
  -1   -2      3.495     -1.055     -1.124
  27   31     -4.825     -1.377      7.108
  -1   -2    -12.046    -10.446     -2.797
  -1   -2    -11.614     -8.572     -4.377
  -1   28      5.268     -6.277      9.795
  -1   -2     17.668     -7.676     -9.447
  29   -2      4.046     -6.613      2.393
  34   34     -2.337    -10.741      9.805
  33   -2    -11.099      1.209     -1.034
  42   19     12.900     -5.231      4.801
   4   47    -11.469     -5.798     -5.354
  -1   20     -6.698     -4.317     -6.046
  52   16     10.847     -3.320     10.253
  -1   -2     -6.835     -7.808     -0.428
  -1   -2     -6.750     -0.254      7.158
  54   -2      9.974     -1.165      6.491
  53   45     -1.852     -6.014      0.413
  -1   -2     15.795     -1.257      1.880
  55   -2     -5.804     -7.721     -4.359
  56   50     15.795     -1.257      1.880
