187
  -1    0     -3.173     -6.923      4.755
   0    1    -10.732     -8.414    -10.020
   3   -2     15.296     -6.487     -1.259
  84   27     10.893     -9.264      9.537
  13   11     -3.491     -7.431      4.027
  15   34      2.128     -9.123      1.556
   7    8    -11.047     -1.938     -2.758
  43   -2      4.835     -8.284      1.104
  16   80     15.161    -10.121      3.349
  37   56     15.505    -10.216     -5.391
  90    2     16.950     -5.631      1.437
 150   -2      1.057     -2.087      4.805
  26   13     14.130     -3.462     -1.523
 121   -2     -6.571     -6.877      5.915
  61   -2     -4.768     -8.253     -5.363
 160   96     -5.382     -8.713     -1.841
  55   78     19.883     -8.584     -1.847
 123   -2     -3.894     -9.310     -0.178
  80   -2     -0.949     -7.996     -2.864
  18   -2     15.324     -5.341      2.145
  -1   49     11.156     -9.727      0.081
  25   97     17.325     -3.394     -2.830
  -1   93     -3.652     -6.566     -8.771
  -1   -2     15.253     -4.012      7.840
  30  129     16.079     -2.972     -7.963
  -1   -2     15.494     -8.090     -2.647
  47   -2     18.199     -4.140      1.314
  42   -2     19.740     -9.407     -5.129
 153    6      5.835     -9.169      7.506
  70   -2     17.847     -9.490     -4.250
 115   -2     -6.726     -4.075     -5.692
  11   -2     -6.653     -7.747     -2.424
  -1   -2     -4.286     -5.993      2.753
   4   31     10.860     -3.160     10.178
  71   33      9.800     -2.441      7.030
  -1   86     11.039     -5.409      3.815
 132  137      9.643     -0.430      7.330
  -1   88     14.025     -9.434     -9.917
  -1   70     -0.063     -7.783     -3.867
  34   41      8.737     -1.951     -2.036
  -1   38     15.300     -2.658     -7.083
  -1  109     -3.037     -0.763      1.702
  36   -2      5.460     -7.484     -2.877
  35  135      9.289     -9.776     -3.722
 102   83     12.593     -1.700     -0.032
 105   71     -0.239     -9.183     -5.464
  85   46      8.259     -5.036      3.864
  60   -2      5.592     -5.924      1.914
  52   -2      8.771     -7.551      3.234
  -1  163      3.064     -1.616      2.985
  45   12     13.228     -9.310     -3.082
  -1   -2     -6.586     -9.552      6.108
  53   89     17.960    -10.197      2.939
   9   91      9.771     -7.396      2.627
  -1   25     19.547     -6.005      0.372
 109   -2      9.828     -8.161      9.969
 103   -2      0.177     -5.514      6.491
  -1   -2      9.867     -2.584     -2.020
  -1   68     -9.436     -8.786     -2.943
  -1   -2     10.288     -5.780     10.779
  -1   -2     15.487     -4.688      2.524
  65   64     -5.169     -1.869      5.608
  -1   -2     16.168     -4.425     -9.088
  -1   16     -4.798     -8.951     -1.961
  -1   24      8.967     -7.485     -9.646
  99   79     16.172     -5.288      5.092
 101   74     14.856     -8.856     -1.264
 154  146     16.912     -0.186      4.086
  -1  164      2.232     -3.238      8.929
  -1   35      2.519     -7.585     -6.860
  69   67     16.912     -2.131      3.017
  -1   15     -0.154     -7.521     10.734
  64   23     12.461     -9.195      9.941
  50   -2    -11.189     -7.869     -9.925
   1   -2     13.223    -10.293      4.982
   8   81     11.686     -6.380      1.771
  66   -2      9.458     -5.580      8.469
  29   -2      9.436     -4.129      4.302
  -1   -2     -1.393     -5.921     -7.365
  -1   90     19.772      4.772     -6.430
  -1    9     15.125    -10.424     -1.864
  -1   99     -3.558    -10.693     -7.848
  88   10     -2.044     -9.139      2.275
  82  121     12.745      1.299     -0.510
  -1    4     -0.605     -7.803      0.187
 130   -2     14.124    -10.018     -3.371
  49   48     18.577     -9.515      1.481
  92   59     19.717     -7.908     -2.747
  91   28      5.102     -5.708      8.714
  48   55     12.356     -4.781      5.518
  -1   37      2.461     -7.313      9.917
  -1  143     -1.348     -4.880     -7.079
  -1   85     10.329     -9.880      3.715
  -1   -2     14.980     -5.665      3.547
  -1   -2      6.822     -7.868     -8.001
 142   14     10.597     -4.992     -0.880
  -1   26      6.678     -8.437      5.574
  -1   -2      6.411     -4.745     -5.415
 149   87      6.036      4.234     -0.226
  -1   98      4.180     -6.848     -9.863
  -1   53     20.416     -6.815     -5.838
  -1   66      6.133    -10.120     -6.931
  -1  112      8.228      5.425     -8.422
  51   -2     16.000      2.489     -8.906
  -1   -2     18.022      4.075      1.046
  -1   -2    -12.836     -3.641      8.734
  -1   -2     16.922     -1.422     -0.708
 133   19     10.674      0.611      8.239
  -1  127     19.299     -0.717     -6.423
  81   22     17.083     -1.061     -9.298
  -1   17     23.044     -6.116      7.317
  -1   -2      3.078    -10.675      8.877
  -1   -2      2.810     -2.164     -1.151
  -1  142     -6.944     -5.420     -8.392
  -1   -2     15.432      4.372      2.077
  -1   -2     13.364     -7.815     10.069
  -1   72    -10.088     -7.038      5.758
 144   -2     14.974      2.936     -5.921
  -1   -2     -5.867      0.912      3.039
  -1  114     17.520      3.818    -12.194
  -1  118     -5.410     -1.995      0.336
  78   40     11.828      0.387      3.322
  -1  100     -0.278     -3.459    -11.209
 137   -2     -8.163     -4.249      4.366
  -1  122    -12.223     -7.363     -8.159
 131   -2     -7.758      0.555    -10.051
 143   -2      8.805     -9.558      1.762
  -1  125     20.637     -3.929     -0.987
  -1   60    -10.901     -6.412    -10.130
  -1  113    -10.476     -7.039     -8.102
 129   -2     18.814      0.373     -6.146
  -1   36     14.035     -8.057      4.758
 128  128      7.580     -1.750      0.838
  -1   54     16.613      0.417    -10.138
  -1   -2     22.644     -0.219      5.162
 107   65      5.269      0.830      3.743
 119   -2    -12.896     -5.435     -3.246
  -1   84    -11.711     -9.626     -7.475
 116   -2      5.251     -1.255      2.321
  -1   -2     10.690     -9.740     -8.713
  73   32     -6.289     -5.019    -10.403
  -1   -2     13.899     -2.076      1.668
  -1  152    -10.734     -3.687     -9.314
 134  141      8.842     -1.430    -11.202
  -1   -2     18.193     -7.466     10.152
  -1   94     17.053    -10.245    -11.460
  -1   75     19.728      1.477     -8.484
 139   -2     -5.078     -4.154    -10.315
  75  110     -2.559     -1.213     -0.242
  -1   51     -7.984     -3.789     -3.207
  77   -2     10.461     -6.585      0.356
  -1   -2      6.120      0.885      3.801
  -1  144     12.787     -2.649      0.510
 140  105     17.111     -0.948     -5.681
 141   -2     14.511     -9.041      9.009
  -1   -2     -0.148     -3.701    -10.302
 147   -2    -10.609     -1.400     -5.923
  -1  139    -10.364     -2.017     -7.614
 152   -2     17.604     -2.651      6.171
 148  145     -5.578      4.392     -4.329
 145   -2    -11.534     -2.940     -4.672
  -1   92      6.758      2.990      2.474
  -1  102      2.072    -10.648     -3.454
  -1   -2     17.223     -7.139      8.199
  -1  153    -10.702     -8.384     -9.835
  21  154     -3.529     -6.541     -8.432
 156   -2      2.809     -1.637      3.704
  -1  169      9.591     -2.606     -1.296
  -1  166     -5.950     -8.689      0.934
  68   -2      2.452     -3.244      8.327
 110   -2     18.022      4.075      1.046
 112  159    -12.836     -3.641      8.734
  -1   -2     15.431      4.372      2.077
  -1   -2      9.591     -2.606     -1.296
  -1   -2     15.431      4.372      2.077
  -1   -2      9.591     -2.606     -1.296
  -1   -2     15.431      4.372      2.077
 159  170     15.431      4.372      2.077
 163  156      9.591     -2.606     -1.296
  -1   -2    -11.030     -1.896     -2.172
  -1   -2     -3.380     -6.931      5.254
  -1   -2     -3.380     -6.931      5.254
  -1   -2    -11.030     -1.896     -2.172
  -1   -2    -11.030     -1.896     -2.172
  -1   -2     -3.380     -6.931      5.254
 165  171     -3.380     -6.931      5.254
 167  173    -11.030     -1.896     -2.172
