265
   0   -2     15.296     -6.487     -1.263
  93   -2     14.133     -3.465     -1.524
  36  116     -1.571     -7.155      3.334
  -1    2     -8.318     -9.137     -9.234
  -1   -2     -3.645     -6.562     -8.759
 120   37     16.082     -2.977     -7.969
   8   10     10.328     -7.606      1.084
   9    9     14.581     -6.227     -4.997
   7   56      6.845     -9.577      4.560
  -1   -2     14.933    -10.231     -7.385
  11   14     10.865     -3.158     10.189
  -1   46     -1.484     -9.022      9.594
  99   -2     -4.284     -5.993      2.751
  -1  197      9.639     -0.431      7.338
   6   15     15.307     -2.662     -7.100
  -1   -2      3.308     -7.679      5.093
  -1   -2     11.917     -9.074      8.377
  21   20     12.898     -9.944      4.644
  28   18     17.850     -9.493     -4.256
  43   21     15.726    -10.196      1.318
  17   22      9.288     -9.776     -3.723
  23   44      9.596     -8.253      9.578
  18   48     12.593     -1.700     -0.033
  -1   -2      3.510     -8.763      4.957
  48   -2     -6.006     -8.671      1.129
  26   24     -0.714     -9.449     -0.067
  49   -2     13.897     -3.968     -3.395
  -1   25      4.744     -6.796     -8.756
  -1   -2     19.221     -8.482     -0.623
  12   28     -1.265     -9.415      6.838
  -1   31     20.748    -10.088     -3.618
  -1   -2      6.890     -6.359      5.970
  37   -2     -5.167     -1.871      5.608
  30  239      2.230     -3.239      8.943
  38   39      8.963     -7.486     -9.638
  81  101     15.848     -7.051      5.041
  -1   40     13.556     -6.889      8.540
  -1   43     -0.148     -7.520     10.723
 101   63     17.212     -3.846      3.511
  40   41      9.727      0.747      7.571
  41   47      9.462     -5.582      8.460
  50   27     10.321     -7.302      4.386
  32   -2     13.730     -3.301     -2.943
  72   -2     12.990      1.369     -0.931
  -1   -2      9.439     -4.130      4.294
  59   -2     -6.761     -6.822      6.115
  20   49     17.033    -10.628      0.304
  -1   52     10.327     -5.003     -0.201
  53   29     -5.552     -9.500      4.367
  51   -2     -3.829     -8.645     -9.059
  46   23      3.518     -8.272      2.934
  76   58     -3.901     -6.107      8.584
  54   55     -2.907     -6.095     -2.471
  -1   -2     10.687      3.241     -7.529
  -1   -2     15.999      2.492     -8.906
  -1   50     -8.745    -10.364      6.230
  -1   -2     18.028      4.074      1.034
  -1  107     16.911     -1.429     -0.748
  -1   -2      4.139     -3.701      8.264
  -1   -2      0.427    -10.380      9.130
  -1   78      1.057     -0.041     -0.294
  63  112     -6.949     -5.419     -8.409
  31    8     17.089     -1.063     -9.294
  -1   -2    -14.794     -2.521      2.580
  -1   -2     15.435      4.372      2.076
  65   71     -4.862     -1.355      7.301
  -1   -2     -5.864      0.911      3.044
  -1   -2     -5.867     -3.111     -6.367
  74   -2     14.975      2.939     -5.927
  -1   -2     15.267      3.413     -6.558
 128   34     -5.406     -1.996      0.350
  -1   -2     11.828      0.386      3.318
  97   79    -10.231    -10.832      2.697
 121   -2      5.565      0.776      4.597
 106   -2     23.041     -5.537     -8.062
  -1   42     16.710     -4.849      5.228
  -1   -2     20.635     -3.930     -0.987
  79   83     18.815      0.369     -6.153
  -1   -2     -8.172     -4.250      4.340
  -1   87      7.563     -1.749      0.784
  80   84     14.303     -2.483      5.671
  82   32     18.501     -7.529     11.303
  83   86     -7.958      0.446    -10.928
  -1   -2     19.973      1.583     -7.509
  -1   85    -12.682     -7.606     -9.215
  -1   61     16.612      0.420    -10.134
  -1   -2    -11.306    -10.618     -9.660
  90   92      8.846      6.073      9.494
  -1   -2     17.095    -10.251    -11.568
  89   82    -11.706     -9.622     -7.474
  -1   -2     15.601     -8.520      8.527
 185    1     13.898     -2.079      1.666
  94   30     11.546     -5.031     -9.290
  91   -2     10.704     -9.743     -8.752
  -1   17     11.331     -0.864     -2.830
  -1    0     17.362     -5.065     -2.956
  -1  102     -6.843     -4.127     -7.143
  -1   -2     10.069    -10.549     10.846
  77  205     -7.698     -3.762     -2.484
 105   98    -10.725     -3.691     -9.304
  -1  105      2.979     -9.869      9.024
  -1   -2     15.860     -0.274      0.069
  84    6      7.896     -4.801      5.572
  -1  106     -2.379     -5.059     -4.436
   1   -2     16.630     -7.375      1.974
 103  111     -5.581      4.396     -4.326
  -1  104     14.501     -9.044      9.015
  -1  109    -11.532     -2.942     -4.671
  -1   -2     -6.308     -5.031    -10.341
  -1   -2     17.332     -0.211     10.219
   3  113     -8.199     -9.093     -9.212
  -1   -2     -3.505     -6.538     -8.374
  10    4     15.132    -10.209     -6.653
  -1   -2     11.917     -9.074      8.377
  52   38      5.724     -7.004     -5.960
  33   97     18.847     -8.487      0.245
  -1   -2     17.089     -1.063     -9.294
  -1   75     10.687      3.241     -7.529
  -1   26     15.999      2.492     -8.906
  -1   -2     16.911     -1.429     -0.748
  -1   -2     18.028      4.074      1.034
  -1   -2      4.139     -3.701      8.264
  -1   -2      1.057     -0.041     -0.294
  -1   -2    -14.794     -2.521      2.580
  -1   -2     15.435      4.372      2.076
  -1   77     -5.867     -3.111     -6.367
  -1   -2     -5.864      0.911      3.044
  -1   51     11.828      0.386      3.318
  -1   -2     20.635     -3.930     -0.987
  -1   -2     -8.172     -4.250      4.340
  -1   -2     19.973      1.583     -7.509
  -1   -2     -3.505     -6.538     -8.374
  86   -2     11.917     -9.074      8.377
  -1   -2     17.089     -1.063     -9.294
  -1   -2     15.999      2.492     -8.906
  -1   -2     10.687      3.241     -7.529
  -1   -2     18.028      4.074      1.034
  -1   -2     16.911     -1.429     -0.748
  -1   -2      4.139     -3.701      8.264
  -1   -2      1.057     -0.041     -0.294
  -1   -2     15.435      4.372      2.076
  -1   -2     -5.864      0.911      3.044
  -1   -2     11.828      0.386      3.318
  -1   -2     -5.867     -3.111     -6.367
  -1   -2     -8.172     -4.250      4.340
  -1   -2     20.635     -3.930     -0.987
  -1   -2     19.973      1.583     -7.509
  -1   -2     10.687      3.241     -7.529
  -1   -2     18.028      4.074      1.034
  -1   -2     15.999      2.492     -8.906
  -1   -2     16.911     -1.429     -0.748
  -1   -2     17.089     -1.063     -9.294
  -1   -2      4.139     -3.701      8.264
  -1   -2      1.057     -0.041     -0.294
  -1   -2     15.435      4.372      2.076
  -1   93    -12.841     -9.966     -3.523
  -1   -2     -5.864      0.911      3.044
  -1   -2     11.828      0.386      3.318
  -1   -2     -5.867     -3.111     -6.367
  -1   -2     -8.172     -4.250      4.340
  -1   -2     20.635     -3.930     -0.987
  -1   -2     19.973      1.583     -7.509
  -1   -2     -3.505     -6.538     -8.374
  56  166     18.028      4.074      1.034
  -1   -2     10.687      3.241     -7.529
  -1   -2     16.911     -1.429     -0.748
  -1   -2     17.089     -1.063     -9.294
  -1   -2      4.139     -3.701      8.264
  -1   -2      1.057     -0.041     -0.294
  -1   -2     15.435      4.372      2.076
  -1  124     -5.864      0.911      3.044
  -1   -2    -14.794     -2.521      2.580
  -1   -2     -5.867     -3.111     -6.367
  -1   -2     11.828      0.386      3.318
  -1   -2     -8.172     -4.250      4.340
  -1   -2     20.635     -3.930     -0.987
  -1   -2     19.973      1.583     -7.509
  -1   -2     -3.505     -6.538     -8.374
  -1   -2     10.687      3.241     -7.529
  -1   -2     16.911     -1.429     -0.748
  -1   -2      4.139     -3.701      8.264
  -1   -2     17.089     -1.063     -9.294
  -1   -2      1.057     -0.041     -0.294
  -1   -2     15.435      4.372      2.076
 183  195    -14.794     -2.521      2.580
  -1   -2     -5.867     -3.111     -6.367
  85   95     11.828      0.386      3.318
  -1   -2     20.635     -3.930     -0.987
  96   -2     -8.172     -4.250      4.340
  -1   -2     19.973      1.583     -7.509
  -1   -2     -3.505     -6.538     -8.374
  -1   -2     10.687      3.241     -7.529
  -1   -2     16.911     -1.429     -0.748
  -1   -2      4.139     -3.701      8.264
  -1   -2     17.089     -1.063     -9.294
  -1   -2      1.057     -0.041     -0.294
  -1   -2     15.435      4.372      2.076
 193   74     -5.867     -3.111     -6.367
  -1   -2     20.635     -3.930     -0.987
  -1   -2     19.973      1.583     -7.509
  -1   -2     -3.505     -6.538     -8.374
 164  178     17.089     -1.063     -9.294
  -1   -2     10.687      3.241     -7.529
 104  110     16.911     -1.429     -0.748
  -1   -2      4.139     -3.701      8.264
  -1   -2      1.057     -0.041     -0.294
  -1   -2     15.435      4.372      2.076
  -1   -2     20.635     -3.930     -0.987
 130  207     19.973      1.583     -7.509
  -1   -2     -3.505     -6.538     -8.374
  -1   -2     10.687      3.241     -7.529
  -1   -2      4.139     -3.701      8.264
  -1   -2      1.057     -0.041     -0.294
  -1   -2     15.435      4.372      2.076
  -1   -2     20.635     -3.930     -0.987
  -1   -2     -3.505     -6.538     -8.374
  -1   -2     10.687      3.241     -7.529
  -1   -2      4.139     -3.701      8.264
  -1   -2      1.057     -0.041     -0.294
  -1   -2     15.435      4.372      2.076
  -1   -2     20.635     -3.930     -0.987
  -1   -2     -3.505     -6.538     -8.374
  -1   -2      4.139     -3.701      8.264
  -1   -2     10.687      3.241     -7.529
  -1   -2      1.057     -0.041     -0.294
  -1   -2     15.435      4.372      2.076
  -1   -2     20.635     -3.930     -0.987
  -1   -2     -3.505     -6.538     -8.374
 117  233     10.687      3.241     -7.529
  -1   -2      4.139     -3.701      8.264
  -1   -2      1.057     -0.041     -0.294
  -1   -2     15.435      4.372      2.076
 226   -2     20.635     -3.930     -0.987
  -1   -2     -3.505     -6.538     -8.374
  -1   -2      4.139     -3.701      8.264
  -1   -2      1.057     -0.041     -0.294
  -1   -2     15.435      4.372      2.076
  -1   -2     -3.505     -6.538     -8.374
  -1   -2      4.139     -3.701      8.264
  -1   -2      1.057     -0.041     -0.294
  -1   -2     15.435      4.372      2.076
  -1   -2     -3.505     -6.538     -8.374
  -1   -2      4.139     -3.701      8.264
  -1   -2      1.057     -0.041     -0.294
  -1   -2     15.435      4.372      2.076
  -1   -2     -3.505     -6.538     -8.374
 114   35      4.139     -3.701      8.264
  -1   -2      1.057     -0.041     -0.294
  -1   -2     15.435      4.372      2.076
  -1   -2     -3.505     -6.538     -8.374
  -1   -2     15.435      4.372      2.076
  -1   -2     -3.505     -6.538     -8.374
  -1   -2     15.435      4.372      2.076
  -1   -2     -3.505     -6.538     -8.374
  -1   -2     15.435      4.372      2.076
  -1   -2     -3.505     -6.538     -8.374
  -1   -2     15.435      4.372      2.076
  -1   -2     15.435      4.372      2.076
  -1   -2     -3.505     -6.538     -8.374
  -1   -2     15.435      4.372      2.076
 111  259     -3.505     -6.538     -8.374
  -1   -2     15.435      4.372      2.076
  -1   -2     15.435      4.372      2.076
  -1   -2     15.435      4.372      2.076
 249  258     15.435      4.372      2.076
