407
  81    3     15.296     -6.487     -1.266
  14    0      3.147     -9.605      5.856
  98   27     14.134     -3.465     -1.539
   2    4     -1.570     -7.156      3.324
  15  104     15.045    -10.301     -6.480
  -1   -2     -3.652     -6.564     -8.780
   5   -2     16.195     -3.026     -8.406
   1   -2     14.573     -6.227     -4.980
  -1    8      6.845     -9.578      4.556
  -1   -2     -3.029     -9.404     -5.164
   9   10     10.858     -3.161     10.178
  12   -2     10.329     -7.607      1.087
  11   11     -1.487     -9.022      9.586
  10   12     -4.284     -5.994      2.748
  -1    6     15.370     -1.830     -6.808
  13   -2     15.304     -2.660     -7.095
  -1   -2     11.911     -9.071      8.354
  29   18      9.598     -8.253      9.584
  -1   16     12.591     -1.700     -0.032
  36   -2      3.312     -7.679      5.077
   3   43     12.894     -9.944      4.652
  19   21      9.289     -9.777     -3.729
  55   20      3.511     -8.763      4.959
  -1   22     18.143     -9.536     -4.949
  20   24     15.727    -10.194      1.315
  57   23     -0.718     -9.451     -0.078
  -1   15     14.297     -1.795     -3.900
  56   28      4.746     -6.797     -8.755
  42   35     -1.652     -8.408     -1.270
  96   44     13.402     -4.126     -6.922
  59   -2     16.086      0.541     -8.703
  -1   -2     16.161     -4.424     -9.077
  34  171     -5.167     -1.871      5.607
  -1   33      2.232     -3.239      8.930
  -1   32     20.745    -10.089     -3.616
  33  118     -1.578     -9.546      6.148
  31  108     19.227     -8.483     -0.639
 109   -2     13.552     -6.889      8.547
  35   60      1.398    -10.027     10.188
  41   39      8.968     -7.485     -9.651
  -1   78     17.205     -3.843      3.524
  -1   17     -0.148     -7.521     10.714
  44   41      9.441     -4.131      4.291
  74   13     10.327     -7.299      4.402
  48   47    -10.349    -10.857      2.867
  46   42      9.446     -5.577      8.490
  22   49     16.426    -10.573      1.717
  16    7     13.712     -3.302     -2.901
  52   48     11.817    -10.099     10.254
  49   -2     -8.256     -6.800     -2.366
 123   -2     10.328     -5.003     -0.208
 119   25     -3.407     -8.505     -8.400
 110   -2      0.993     -7.375     -0.594
 112   51     -3.589     -6.417     -3.819
  60   34     -6.619     -9.342      7.769
  25   -2     -1.036     -9.390     -2.111
 102   99     15.574    -10.378      5.216
  -1   -2     16.000      2.490     -8.911
 361  371     17.084     -1.062     -9.291
  -1   -2     18.013      4.072      1.066
 269   58      8.233      5.425     -8.435
  -1   -2      4.135     -3.702      8.261
  -1   75     10.688      3.244     -7.537
  -1   -2     15.808     -1.257      1.851
  67   66     -6.946     -5.420     -8.405
  -1   31     -4.862     -1.356      7.301
  -1   -2     15.441      4.373      2.061
  -1   -2      1.062     -0.046     -0.280
  -1  105      6.955      1.796     -3.496
  70   70      0.149    -10.734     10.917
  -1   46     14.974      2.938     -5.928
  71  128     -8.648     -7.251     -3.390
 157   76     -5.866      0.914      3.033
  -1  306     15.266      3.412     -6.560
  -1   -2     11.829      0.386      3.317
  -1   -2    -12.841     -9.964     -3.528
  -1   -2     -5.412     -1.997      0.331
  -1   -2     -5.870     -3.106     -6.364
 124   -2      5.565      0.776      4.598
  -1  107     -8.177     -4.249      4.328
  -1    9     14.655    -10.953     -8.555
 101   -2    -10.478     -7.041     -8.116
  51   71     12.067     -8.572      9.207
  -1   -2     20.634     -3.929     -0.986
  -1    1     16.381     -7.924     -0.850
  82   84    -14.179    -10.531      5.525
  83   -2     18.815      0.369     -6.154
  -1   -2     14.304     -2.484      5.668
  75   89      7.549     -1.749      0.741
 115   86     14.952      0.649      7.981
  -1  112     20.091     -7.097     -4.843
  -1   92     -7.953      0.444    -10.921
  -1   87     19.974      1.583     -7.510
  89   93    -12.682     -7.608     -9.218
  94   -2     18.485     -7.531     11.247
  92   96    -11.703     -9.621     -7.471
  97   38      9.944     -0.520      8.724
  90   98      8.844      6.075      9.497
  -1   -2    -12.896     -5.435     -3.250
  93  100     10.700     -9.741     -8.751
  -1   97     11.547     -5.031     -9.295
  86   -2     13.899     -2.077      1.659
  99   -2     15.545     -8.314      9.996
  -1   -2      2.606    -10.593      7.916
  -1  334     14.143     -8.960      7.783
  -1   -2      8.843     -1.435    -11.209
  -1  115    -10.729     -3.684     -9.312
  39   36     16.975     -7.376      3.241
  -1   -2     -6.840     -4.129     -7.136
  -1   37     17.160     -5.482      5.749
  78   -2     -7.697     -3.762     -2.491
  80   85     17.146     -5.993      1.639
 106   -2      3.735     -2.744     10.059
  61  109     15.859     -0.276      0.063
  -1   -2     -2.381     -5.058     -4.438
 107  111     -5.577      4.395     -4.343
  85   -2      9.140    -10.516     10.967
 116   94    -11.537     -2.943     -4.691
  -1   -2     17.326     -0.212     10.200
  -1   52     -3.523     -6.540     -8.423
  -1   19     11.911     -9.071      8.354
  32  394      2.452     -3.244      8.328
  -1   -2     16.000      2.490     -8.911
  -1   -2     10.688      3.244     -7.537
 111  121     16.919     -1.422     -0.714
  -1   -2     17.084     -1.062     -9.291
  -1   50      4.135     -3.702      8.261
  -1   80      1.062     -0.046     -0.280
  -1   -2     15.441      4.373      2.061
  -1   -2      6.955      1.796     -3.496
  -1   -2     -5.866      0.914      3.033
  -1   -2     14.974      2.938     -5.928
  -1   -2     -8.648     -7.251     -3.390
  -1   -2     11.829      0.386      3.317
  87   45     -5.870     -3.106     -6.364
  66   -2     -5.412     -1.997      0.331
  -1   -2     20.634     -3.929     -0.986
  43   14     14.304     -2.484      5.668
  -1   -2     19.974      1.583     -7.510
  -1   -2     -3.523     -6.540     -8.423
  -1   -2     11.911     -9.071      8.354
  -1   -2     16.000      2.490     -8.911
  -1   -2     10.688      3.244     -7.537
  -1   -2      4.135     -3.702      8.261
  -1   -2     17.084     -1.062     -9.291
  -1   -2      1.062     -0.046     -0.280
  -1   -2     -5.866      0.914      3.033
  -1   -2     15.441      4.373      2.061
  -1   -2     -5.870     -3.106     -6.364
  -1   -2     14.974      2.938     -5.928
 144  159    -12.841     -9.964     -3.528
  -1   -2     11.829      0.386      3.317
  -1   -2     20.634     -3.929     -0.986
  -1   -2     19.974      1.583     -7.510
  -1   -2     -3.523     -6.540     -8.423
  -1   -2     11.911     -9.071      8.354
 304   90     16.000      2.490     -8.911
  -1   -2     17.084     -1.062     -9.291
  -1   -2     10.688      3.244     -7.537
  -1   -2      4.135     -3.702      8.261
  -1   -2      1.062     -0.046     -0.280
  -1   -2     -5.866      0.914      3.033
  -1   -2     15.441      4.373      2.061
  -1   -2     -5.870     -3.106     -6.364
  -1   -2     14.974      2.938     -5.928
  -1   -2     11.829      0.386      3.317
  -1   -2     20.634     -3.929     -0.986
  -1   -2     19.974      1.583     -7.510
  -1   -2     -3.523     -6.540     -8.423
  -1   -2     11.911     -9.071      8.354
  -1   -2     10.688      3.244     -7.537
  -1   -2     17.084     -1.062     -9.291
  -1   -2      4.135     -3.702      8.261
  -1   -2      1.062     -0.046     -0.280
  -1   -2     15.441      4.373      2.061
  -1   -2     14.974      2.938     -5.928
  -1   -2     -5.866      0.914      3.033
  -1   -2     11.829      0.386      3.317
  -1   -2     -5.870     -3.106     -6.364
  -1   -2     20.634     -3.929     -0.986
  -1   -2     19.974      1.583     -7.510
  -1   -2     -3.523     -6.540     -8.423
  -1   -2     11.911     -9.071      8.354
  -1   -2     17.084     -1.062     -9.291
  -1   -2     10.688      3.244     -7.537
  -1   -2      4.135     -3.702      8.261
  -1   -2      1.062     -0.046     -0.280
  -1   -2     15.441      4.373      2.061
  -1   -2     14.974      2.938     -5.928
  -1   -2     -5.870     -3.106     -6.364
  -1   -2     11.829      0.386      3.317
  -1   -2     20.634     -3.929     -0.986
  -1   -2     19.974      1.583     -7.510
  -1   -2     -3.523     -6.540     -8.423
  -1   -2     11.911     -9.071      8.354
  -1   -2     10.688      3.244     -7.537
  -1   -2     17.084     -1.062     -9.291
  -1   -2      4.135     -3.702      8.261
  -1   -2      1.062     -0.046     -0.280
  -1   -2     15.441      4.373      2.061
  -1   -2     -5.870     -3.106     -6.364
  -1   -2     14.974      2.938     -5.928
  -1   -2     11.829      0.386      3.317
  -1   -2     20.634     -3.929     -0.986
  -1   -2     19.974      1.583     -7.510
  -1   -2     -3.523     -6.540     -8.423
  -1   -2     11.911     -9.071      8.354
  -1   -2     17.084     -1.062     -9.291
  -1   -2     10.688      3.244     -7.537
  -1   -2      4.135     -3.702      8.261
  -1   -2      1.062     -0.046     -0.280
  -1   -2     15.441      4.373      2.061
  -1   -2     14.974      2.938     -5.928
  -1   -2     -5.870     -3.106     -6.364
  -1   -2     11.829      0.386      3.317
  -1   -2     20.634     -3.929     -0.986
  -1   -2     19.974      1.583     -7.510
  -1   -2     -3.523     -6.540     -8.423
  -1   -2     11.911     -9.071      8.354
  -1   -2     10.688      3.244     -7.537
  -1   -2     17.084     -1.062     -9.291
  -1   -2      4.135     -3.702      8.261
  -1   -2      1.062     -0.046     -0.280
  -1   -2     15.441      4.373      2.061
  -1   -2     14.974      2.938     -5.928
  -1   -2     11.829      0.386      3.317
  -1   -2     -5.870     -3.106     -6.364
  -1   -2     20.634     -3.929     -0.986
  -1   -2     19.974      1.583     -7.510
  -1   -2     -3.523     -6.540     -8.423
  -1   -2     11.911     -9.071      8.354
  -1   -2     17.084     -1.062     -9.291
  -1   -2     10.688      3.244     -7.537
  -1   -2      4.135     -3.702      8.261
  -1   -2      1.062     -0.046     -0.280
  -1   -2     15.441      4.373      2.061
  -1   -2     14.974      2.938     -5.928
  -1   -2     -5.870     -3.106     -6.364
  -1   -2     11.829      0.386      3.317
  -1   -2     20.634     -3.929     -0.986
  -1   -2     19.974      1.583     -7.510
  -1   -2     -3.523     -6.540     -8.423
  -1   -2     11.911     -9.071      8.354
  -1   -2     10.688      3.244     -7.537
  -1   -2     17.084     -1.062     -9.291
  -1   -2      4.135     -3.702      8.261
  -1   -2      1.062     -0.046     -0.280
  -1   -2     15.441      4.373      2.061
  -1   -2     -5.870     -3.106     -6.364
  -1   -2     14.974      2.938     -5.928
  -1   -2     11.829      0.386      3.317
  -1   -2     20.634     -3.929     -0.986
  -1   -2     -3.523     -6.540     -8.423
  -1   -2     11.911     -9.071      8.354
  -1   -2     10.688      3.244     -7.537
  -1   -2      4.135     -3.702      8.261
  -1   -2     17.084     -1.062     -9.291
  -1   -2      1.062     -0.046     -0.280
  -1   -2     15.441      4.373      2.061
  -1   -2     14.974      2.938     -5.928
  50  232     11.829      0.386      3.317
  -1   -2     20.634     -3.929     -0.986
  -1   -2     -5.870     -3.106     -6.364
  -1   -2     11.911     -9.071      8.354
  -1   -2     17.084     -1.062     -9.291
  -1   -2      4.135     -3.702      8.261
  -1   -2     10.688      3.244     -7.537
  -1   -2      1.062     -0.046     -0.280
  -1   -2     15.441      4.373      2.061
  72   -2     14.974      2.938     -5.928
 294  305     -5.870     -3.106     -6.364
  -1   -2     20.634     -3.929     -0.986
  -1   -2     -3.523     -6.540     -8.423
  -1   -2     11.911     -9.071      8.354
  -1   -2     10.688      3.244     -7.537
  -1   -2     17.084     -1.062     -9.291
  -1   -2      4.135     -3.702      8.261
  -1   -2      1.062     -0.046     -0.280
  -1   -2     15.441      4.373      2.061
  -1   -2     20.634     -3.929     -0.986
  -1   -2     -3.523     -6.540     -8.423
  -1   -2     11.911     -9.071      8.354
  -1   -2     10.688      3.244     -7.537
  -1   -2     17.084     -1.062     -9.291
  -1   -2      4.135     -3.702      8.261
  -1   -2      1.062     -0.046     -0.280
  -1   -2     15.441      4.373      2.061
  -1   -2     20.634     -3.929     -0.986
  -1   -2     -3.523     -6.540     -8.423
  -1   -2     11.911     -9.071      8.354
  -1   -2      4.135     -3.702      8.261
  -1   -2     17.084     -1.062     -9.291
  62  280     10.688      3.244     -7.537
  -1   -2      1.062     -0.046     -0.280
  -1   -2     15.441      4.373      2.061
  -1   -2     20.634     -3.929     -0.986
  -1   -2     11.911     -9.071      8.354
  -1   -2      1.062     -0.046     -0.280
  -1   -2      4.135     -3.702      8.261
  -1   -2     17.084     -1.062     -9.291
  -1   -2     15.441      4.373      2.061
  -1   -2     20.634     -3.929     -0.986
  -1   -2     -3.523     -6.540     -8.423
  -1   -2     11.911     -9.071      8.354
  -1   -2     17.084     -1.062     -9.291
  -1   -2      4.135     -3.702      8.261
  -1   -2      1.062     -0.046     -0.280
  -1   -2     15.441      4.373      2.061
  -1   -2     20.634     -3.929     -0.986
  -1   -2     -3.523     -6.540     -8.423
  -1   -2     11.911     -9.071      8.354
  -1   -2     17.084     -1.062     -9.291
  -1   -2      4.135     -3.702      8.261
  -1   -2      1.062     -0.046     -0.280
  -1   -2     15.441      4.373      2.061
  -1   -2     20.634     -3.929     -0.986
  -1   -2     -3.523     -6.540     -8.423
  -1   -2     11.911     -9.071      8.354
  -1   -2     17.084     -1.062     -9.291
  -1   -2      4.135     -3.702      8.261
 318   -2      1.062     -0.046     -0.280
  -1   -2     15.441      4.373      2.061
 321  331     20.634     -3.929     -0.986
  -1   -2     -3.523     -6.540     -8.423
  -1   -2     11.911     -9.071      8.354
  -1   -2     17.084     -1.062     -9.291
  -1   -2      4.135     -3.702      8.261
  -1   -2     15.441      4.373      2.061
  -1   -2     -3.523     -6.540     -8.423
  -1   -2     11.911     -9.071      8.354
  -1   -2      4.135     -3.702      8.261
  -1   -2     17.084     -1.062     -9.291
  -1   -2     15.441      4.373      2.061
  -1   -2     -3.523     -6.540     -8.423
  -1   -2     11.911     -9.071      8.354
  -1   -2     17.084     -1.062     -9.291
  -1   -2      4.135     -3.702      8.261
  -1   -2     15.441      4.373      2.061
  -1   -2     11.911     -9.071      8.354
  -1   -2     17.084     -1.062     -9.291
  -1   -2      4.135     -3.702      8.261
  -1   -2     15.441      4.373      2.061
  -1   -2     -3.523     -6.540     -8.423
  -1   -2     11.911     -9.071      8.354
  -1   -2      4.135     -3.702      8.261
  -1   -2     17.084     -1.062     -9.291
  -1   -2     15.441      4.373      2.061
 324   -2     11.911     -9.071      8.354
  -1   -2      4.135     -3.702      8.261
  -1   -2     17.084     -1.062     -9.291
  -1   -2     15.441      4.373      2.061
  -1   -2     -3.523     -6.540     -8.423
  -1   -2     17.084     -1.062     -9.291
  -1   -2      4.135     -3.702      8.261
  -1   -2     15.441      4.373      2.061
  -1   -2     -3.523     -6.540     -8.423
  -1   -2      4.135     -3.702      8.261
  -1   -2     17.084     -1.062     -9.291
  -1   -2     15.441      4.373      2.061
  64   -2     17.084     -1.062     -9.291
  -1   -2      4.135     -3.702      8.261
  -1   -2     15.441      4.373      2.061
  -1   -2     -3.523     -6.540     -8.423
  -1   -2      4.135     -3.702      8.261
  -1   -2     15.441      4.373      2.061
  -1   -2     -3.523     -6.540     -8.423
  -1   -2      4.135     -3.702      8.261
  -1   -2     15.441      4.373      2.061
  -1   -2     -3.523     -6.540     -8.423
  -1   -2      4.135     -3.702      8.261
  -1   -2     15.441      4.373      2.061
  -1   -2     -3.523     -6.540     -8.423
  -1   -2      4.135     -3.702      8.261
  -1   -2     15.441      4.373      2.061
  -1   -2     -3.523     -6.540     -8.423
  -1   -2     15.441      4.373      2.061
  -1   -2     -3.523     -6.540     -8.423
  -1   -2     15.441      4.373      2.061
  -1   -2     15.441      4.373      2.061
  -1   -2     -3.523     -6.540     -8.423
  -1   -2     15.441      4.373      2.061
  -1   -2     -3.523     -6.540     -8.423
  -1   -2     15.441      4.373      2.061
  -1   -2     -3.523     -6.540     -8.423
  -1   -2     15.441      4.373      2.061
  -1   -2     -3.523     -6.540     -8.423
  -1   -2     15.441      4.373      2.061
  -1   -2     -3.523     -6.540     -8.423
  -1   -2     15.441      4.373      2.061
  -1   -2     -3.523     -6.540     -8.423
  -1   -2     15.441      4.373      2.061
  -1   -2     -3.523     -6.540     -8.423
  -1   -2     15.441      4.373      2.061
  -1   -2     -3.523     -6.540     -8.423
  -1   -2     15.441      4.373      2.061
  -1   -2     -3.523     -6.540     -8.423
  -1   -2     15.441      4.373      2.061
  -1   -2     -3.523     -6.540     -8.423
  -1   -2     15.441      4.373      2.061
  -1   -2     -3.523     -6.540     -8.423
  -1   -2     15.441      4.373      2.061
  -1   -2     -3.523     -6.540     -8.423
  -1   -2     15.441      4.373      2.061
  -1   -2     -3.523     -6.540     -8.423
  68  415     15.441      4.373      2.061
  -1   -2     -3.523     -6.540     -8.423
   4  418     -3.523     -6.540     -8.423
