235
   7   -2     15.296     -6.486     -1.257
  98    9     14.138     -3.464     -1.526
  39   -2     -1.572     -7.155      3.331
  -1  120     12.296     -7.854      8.004
  -1   53     -3.644     -6.562     -8.758
  -1    7     16.198     -3.029     -8.415
   8    6      6.846     -9.576      4.558
  10  113     14.936    -10.231     -7.384
  -1    0     14.575     -6.225     -4.978
  12   11     10.859     -3.160     10.189
  13   12     -1.485     -9.021      9.597
  11   14     -4.283     -5.993      2.752
  -1  191      9.639     -0.430      7.339
  21   -2     17.852     -9.493     -4.260
  15   15     15.299     -2.660     -7.078
  22   -2     15.729    -10.197      1.315
  -1   23     12.590     -1.703     -0.028
   4   -2      3.313     -7.679      5.082
  -1   21      9.598     -8.253      9.586
  40   -2     -1.273     -9.425      6.774
  -1   26     11.913     -9.069      8.359
  -1   -2     12.895     -9.944      4.654
  23   22      9.288     -9.775     -3.719
  -1    2     -0.714     -9.450     -0.065
  36   -2      3.511     -8.764      4.964
  46   -2     13.152     -6.888      9.464
  18   -2      9.775     -7.396      2.635
  29   27      4.744     -6.799     -8.751
 111   30     19.222     -8.482     -0.624
  -1   -2     15.486     -4.686      2.544
  43   34      2.231     -3.238      8.934
 103   -2     15.665     -8.679      8.414
   1   31     13.887     -3.969     -3.369
  79   -2     -5.168     -1.871      5.607
  44   38      8.963     -7.486     -9.637
  59   39     -0.148     -7.524     10.722
  -1   -2      9.437     -4.130      4.303
 106   -2    -10.706     -3.688     -9.280
  52   46     13.723     -3.303     -2.925
  47   -2     17.207     -3.843      3.520
  -1   28     -2.496    -10.582     -5.418
  25   -2     -6.679     -7.762      0.514
  -1   41      9.460     -5.582      8.471
  73   -2     12.986      1.373     -0.923
  33   44     -6.745     -6.825      6.098
  20   19     17.026    -10.628      0.321
 129   -2     10.333     -5.005     -0.214
  57   47     -6.421     -9.352     -8.444
  58   -2      0.993     -7.368     -0.585
  -1   50     11.822    -10.104     10.249
  -1   36     -9.078    -10.317      4.790
  -1    4     15.328    -10.289      5.804
   3   -2      3.764     -9.912      9.994
 114   18      4.634     -8.118      7.322
  -1   -2     -5.459     -6.449      4.247
 117   17     14.793     -9.902      4.051
  -1  123     16.000      2.491     -8.908
  -1  251     18.008      4.074      1.080
  -1   -2     10.685      3.240     -7.531
  -1   -2     16.920     -1.424     -0.714
  -1   -2      4.143     -3.699      8.283
  -1   -2     17.096     -1.063     -9.268
  -1   32      0.424    -10.380      9.137
  -1   -2      1.057     -0.048     -0.288
 119   65     -6.941     -5.421     -8.390
  62   82      6.956      1.796     -3.495
  -1   -2     15.439      4.372      2.067
  71   37     -4.863     -1.354      7.302
  -1   -2     18.325    -11.513     -1.648
  -1   -2     -5.865      0.913      3.035
  -1   -2     14.974      2.937     -5.925
  -1   73     -5.870     -3.112     -6.356
  -1   -2     11.828      0.389      3.319
 135  131     -5.410     -1.997      0.337
  80   77      5.565      0.775      4.599
  -1  109     -8.172     -4.251      4.341
  85  136     22.921     -5.532     -8.049
  -1   43     20.636     -3.930     -0.987
  95   98    -10.475     -7.045     -8.117
  84   80     18.814      0.370     -6.152
  87    1     14.303     -2.482      5.673
  86   -2      7.559     -1.750      0.775
  -1   85     18.498     -7.531     11.295
  -1   90     -0.925    -10.055    -11.100
  -1   84    -12.683     -7.607     -9.217
  -1  100      5.576    -10.931      6.582
  93   88     -7.966      0.448    -10.948
  96   91      8.845      6.075      9.497
  66   -2     16.613      0.420    -10.140
  -1   -2    -11.705     -9.623     -7.467
  -1   94    -11.319    -10.612     -9.617
  -1   97    -12.898     -5.435     -3.256
  97   99      8.838     -1.436    -11.233
  17   95     13.899     -2.078      1.663
  -1   -2     19.973      1.584     -7.511
 109   40     14.143     -8.960      7.782
  99   -2     11.547     -5.026     -9.303
  30   42      9.602     -6.383      8.006
  55  108     -6.840     -4.127     -7.137
  -1   -2     16.980     -7.379      3.227
 104  107     17.148     -5.479      5.784
  90   -2    -12.687     -7.162     -6.309
  -1   24      1.713     -8.597     -1.131
  -1   81      2.785     -4.682     -0.554
  -1   52     -7.699     -3.761     -2.481
  -1  111     -5.898    -12.049    -10.049
  92   -2    -11.531     -2.948     -4.668
  -1   -2     15.859     -0.275      0.066
  -1   -2      7.893     -4.801      5.579
 102   49     -2.381     -5.056     -4.436
  -1   -2    -10.820     -2.092     -8.714
 115  112     -5.580      4.394     -4.329
  -1   -2     21.950     -8.782     10.873
  60  118    -10.602     -1.402     -5.908
  74  110    -12.241    -10.539     -2.082
  -1  246     -3.502     -6.537     -8.368
 122   16     11.913     -9.069      8.359
 124   86     16.000      2.491     -8.908
  -1   -2     10.685      3.240     -7.531
  63  141     18.008      4.074      1.080
  -1   -2     16.920     -1.424     -0.714
  -1   -2     17.096     -1.063     -9.268
  -1   48      4.143     -3.699      8.283
  -1  232      1.057     -0.048     -0.288
  -1   -2     15.439      4.372      2.067
  -1   -2     -5.865      0.913      3.035
  -1   45     14.974      2.937     -5.925
 116   -2    -12.843     -9.965     -3.522
  -1   -2     11.828      0.389      3.319
  -1   -2     -8.172     -4.251      4.341
  -1   -2     20.636     -3.930     -0.987
  -1   -2     -5.870     -3.112     -6.356
 178  193     19.973      1.584     -7.511
  -1   -2     16.980     -7.379      3.227
  -1   -2     -3.502     -6.537     -8.368
  -1   -2     17.096     -1.063     -9.268
  -1   -2     16.920     -1.424     -0.714
  -1   -2     10.685      3.240     -7.531
  -1   -2      4.143     -3.699      8.283
  -1   -2     -5.865      0.913      3.035
  -1   -2      1.057     -0.048     -0.288
  -1   -2     15.439      4.372      2.067
  -1   -2    -13.772     -2.810      2.484
  -1   -2     14.974      2.937     -5.925
  -1   -2     11.828      0.389      3.319
  -1   -2     -8.172     -4.251      4.341
  -1   -2     -5.870     -3.112     -6.356
  -1   -2     20.636     -3.930     -0.987
  -1   -2     19.973      1.584     -7.511
 168   -2     16.980     -7.379      3.227
  -1   -2     -3.502     -6.537     -8.368
  16  140      9.793     -0.413      6.964
  65  187     16.920     -1.424     -0.714
  -1   -2     10.685      3.240     -7.531
  -1   -2      4.143     -3.699      8.283
  -1   -2     17.096     -1.063     -9.268
  -1   -2      1.057     -0.048     -0.288
  -1   -2     15.439      4.372      2.067
 133  164    -13.772     -2.810      2.484
  64  150     14.974      2.937     -5.925
  -1   -2     -5.870     -3.112     -6.356
  -1   -2     11.828      0.389      3.319
  -1   -2     -8.172     -4.251      4.341
  -1   -2     20.636     -3.930     -0.987
  -1   -2     19.973      1.584     -7.511
  -1   -2     10.685      3.240     -7.531
  89   -2     17.096     -1.063     -9.268
  -1   -2      4.143     -3.699      8.283
  -1   -2      1.057     -0.048     -0.288
  -1   -2     15.439      4.372      2.067
  -1   -2     -5.870     -3.112     -6.356
  -1   -2     11.828      0.389      3.319
  -1   -2     20.636     -3.930     -0.987
  91   -2     19.973      1.584     -7.511
  -1   -2     -3.502     -6.537     -8.368
  -1   -2     10.685      3.240     -7.531
  -1   -2      4.143     -3.699      8.283
  -1   -2      1.057     -0.048     -0.288
  -1   -2     15.439      4.372      2.067
  -1   75     -5.870     -3.112     -6.356
  53  132     11.828      0.389      3.319
  -1   -2     20.636     -3.930     -0.987
  -1   -2     -8.172     -4.251      4.341
  -1   -2     -3.502     -6.537     -8.368
  -1   -2      4.143     -3.699      8.283
  -1   -2     10.685      3.240     -7.531
  -1   -2      1.057     -0.048     -0.288
  -1   -2     15.439      4.372      2.067
  81  181     -8.172     -4.251      4.341
  -1   -2     20.636     -3.930     -0.987
  -1   -2     -3.502     -6.537     -8.368
  -1   -2     10.685      3.240     -7.531
  -1   -2      4.143     -3.699      8.283
  -1   -2      1.057     -0.048     -0.288
  -1   -2     15.439      4.372      2.067
  -1   -2     20.636     -3.930     -0.987
  -1   -2     -3.502     -6.537     -8.368
  -1   -2      4.143     -3.699      8.283
  -1   -2     10.685      3.240     -7.531
  -1   -2      1.057     -0.048     -0.288
  -1   -2     15.439      4.372      2.067
  -1   -2     20.636     -3.930     -0.987
  -1   -2     -3.502     -6.537     -8.368
  -1   -2     10.685      3.240     -7.531
  -1   -2      4.143     -3.699      8.283
  -1   -2      1.057     -0.048     -0.288
  -1   -2     15.439      4.372      2.067
 203  217     20.636     -3.930     -0.987
  -1   -2     -3.502     -6.537     -8.368
  -1   -2     10.685      3.240     -7.531
  -1   -2      4.143     -3.699      8.283
  -1   -2     15.439      4.372      2.067
  -1   -2      1.057     -0.048     -0.288
  -1   -2     -3.502     -6.537     -8.368
 128   -2     10.685      3.240     -7.531
  -1   -2      4.143     -3.699      8.283
 218   -2      1.057     -0.048     -0.288
  -1   -2     15.439      4.372      2.067
  -1   -2     -3.502     -6.537     -8.368
  -1   -2      4.143     -3.699      8.283
  -1   -2     15.439      4.372      2.067
  -1   -2     -3.502     -6.537     -8.368
 100  235      4.143     -3.699      8.283
  -1   -2     15.439      4.372      2.067
  -1   -2     -3.502     -6.537     -8.368
  -1   -2     15.439      4.372      2.067
  -1   -2     -3.502     -6.537     -8.368
  -1   -2     15.439      4.372      2.067
  -1   -2     -3.502     -6.537     -8.368
  -1   -2     15.439      4.372      2.067
  -1   -2     -3.502     -6.537     -8.368
  -1   -2     15.439      4.372      2.067
  -1   -2     -3.502     -6.537     -8.368
  70   -2     15.439      4.372      2.067
 232   -2     -3.502     -6.537     -8.368
