322
   2    3     19.409     -1.345     -2.327
 185  133     15.844     -5.113      5.960
  -1   -2     -8.386     -3.138     -6.457
  32   -2     -0.869     -9.140      8.643
   6    5      6.371     -6.282      9.376
  11   21     -9.368     -7.047     -9.645
 128   -2     15.449     -9.598      5.175
   9   12     -7.219     -3.234      1.324
  50   -2     13.983     -9.745      5.294
 227  104    -10.341     -7.737      1.827
  -1   -2      6.208     -7.779     -0.664
 124  169     16.554      0.029      4.082
  31   10     11.439     -7.804     -5.795
 126   14     18.465     -2.907      1.226
  20   60      5.195     -9.055      8.912
 113  185      6.576     -2.732      7.254
 183  154      2.699     -7.477      9.248
  19   -2     15.300     -6.486     -1.253
 197   17     -2.564     -5.828      7.861
 105  102     16.945     -9.919     -2.437
  91   49      3.857     -9.043      0.808
   7   54     -1.812     -8.866      8.638
  15  163     -9.522     -9.498     -9.692
  26   33     -9.516     -4.820     -1.824
  54  306      9.856     -5.554      5.398
 229   -2     17.228      0.741      4.479
  17   -2      4.999     -8.387     -0.260
 103  271     16.769     -2.397      3.023
 146  188      0.414     -9.083      3.025
 140  161     17.465     -9.103     -5.792
 118   -2      3.700     -7.998     -4.226
  34  268     -0.316     -0.714     -3.177
  33  206      1.735     -4.562      9.535
  58   83      4.789     -7.579     -2.066
 148   -2     -9.164     -8.354     -6.071
 115   55     14.722    -10.291     -7.824
  -1   -2     -7.169     -9.118     -5.572
  -1   65      6.491     -7.265     -3.966
 162  226      7.181     -7.602     -4.513
 239  140     -9.943    -10.332     -5.815
  95  148     13.827     -8.775      7.263
 202   -2     17.525     -8.642      3.578
  60   66      3.106     -2.186     -2.361
  -1   74     16.192     -2.452     -3.591
  39   41     14.844     -4.900     -2.709
  88   -2      7.428     -8.150      2.907
 177   -2     15.213     -7.054      7.690
  -1   -2      0.447     -8.185     -6.997
  42   42      5.704     -5.709      8.802
  -1   -2     13.044     -4.088     -7.645
  43  160      3.881     -6.024      4.397
 167  139      1.917     -9.359      3.913
 213   -2     12.860     -7.470     -2.017
  -1   -2     -7.216     -6.887     -4.346
  99   -2     20.391     -7.053     -3.270
 287   -2     -5.465     -3.106     -5.644
 170  186     14.340     -9.680      2.064
 137  181     -1.318     -4.360      1.159
  -1   -2      5.461     -6.262     -3.408
  40   46      8.371      2.787     -9.138
  35    4     -3.784     -8.931     -3.363
  -1   56     14.765     -8.498     -0.567
 291  288     20.210     -0.355     -3.997
  45   57      1.418     -4.880      4.676
  61   71     -6.547     -5.592     -1.151
  -1   59     20.533     -1.740     -3.151
  -1   -2     -9.731     -5.776     -5.905
   1  162     18.498     -2.766      0.957
 180  147     -9.223     -9.337      0.762
  66  207     10.289     -4.070     -7.177
  59  194      8.318     -7.136      7.422
  51   64     -6.999     -7.051     -6.277
 223  124      5.887     -7.793      8.085
  -1   79     13.492      0.318     -2.872
 282   40      9.956     -4.518      1.001
  23   88     18.213     -6.930     -7.062
 285   -2     -0.827     -0.502      4.529
  73  192     -5.106     -7.321      9.954
 220   -2     12.322     -0.718      0.906
  68   -2     17.303     -1.159     -9.454
  81   44    -13.083     -5.026     -6.949
  -1   18     13.079     -6.212     -8.374
 151  179     14.408     -7.488      7.125
  -1    2     18.545     -6.079     -0.556
  -1  120      5.823     -8.879      4.218
 110    7      6.813     -5.729      2.136
  -1   -2    -11.431     -0.906      0.027
   3    8     -7.148     -8.097     -9.001
  89   92      2.461     -2.317      6.764
 253  205     -5.386    -10.043      7.399
 154   -2     -2.292     -9.297     -7.755
  13   94     -5.984     -3.721     -3.677
 189  157     13.490    -10.324     -4.679
 109   34     14.486     -7.741      8.538
  -1   -2     11.769      1.522      7.778
 136  132     16.189     -3.017     -8.411
  29   43     17.085     -8.492     -5.085
 144   -2     15.821     -1.246      1.815
  -1   93     16.528    -10.084     -0.059
  -1   50     10.316     -3.972     -1.516
  87   -2      8.761     -5.003     -1.915
 100   -2     16.820     -1.370      4.474
  -1   -2     -8.495    -10.748      2.069
  -1   -2     -0.019     -7.996      3.076
  76   -2     11.334     -5.468      3.463
 221   -2    -13.269     -9.953     -5.103
 141   -2     -0.705     -7.686      0.217
  -1  203      0.499     -9.848      4.912
  -1  257     14.064      3.089     -3.625
  -1   32     13.651    -10.050      2.841
  -1   -2     13.511    -10.446      2.701
  -1   -2      3.035     -8.736      6.367
  67  183     18.579     -9.551      0.167
 225   -2      4.461     -4.788    -10.363
  -1   -2     15.736     -8.867     -0.660
 161   28      4.844     -9.293     -0.813
 264  152     -8.532    -10.084     -5.632
 158  114     11.156    -11.087     -3.244
  -1   -2     -1.764     -9.679     -9.034
  -1   -2      3.092     -2.695      9.828
  48   30      9.960     -7.279      6.567
 111    9     14.641     -4.694      4.504
 246   -2     -8.464     -2.335     -2.927
 119   84     -0.061     -7.783     -3.855
 273   -2      9.875      1.293      6.557
 157   -2     12.596     -1.700     -0.045
  -1  122     -8.699    -10.384     -8.522
 129  127     10.621     -3.567     -9.914
  -1   77      0.017     -9.548      0.945
  -1  119     -9.371    -10.566     -4.752
 233  273      4.143     -3.667      8.290
  -1   -2     12.429     -2.277      0.052
 255   25     18.411    -10.607     -3.203
 303  138     13.652     -1.324      1.175
 165   -2      9.725     -6.525      7.288
 121   90      3.962    -10.630     -9.001
  -1   62     16.026     -7.521     -1.028
  -1   -2      5.314     -8.108     -4.584
 278  151     16.849      2.039     -5.273
  -1   -2     13.132     -5.382     -7.738
 191  121     18.255     -7.658      2.224
  -1   80     -9.526     -7.031      2.304
  -1   -2      7.249     -8.569     -9.121
  -1  143     14.410     -0.341      6.818
  -1   -2      3.155     -5.424      9.172
  -1  184     16.657    -10.237    -10.537
 209   -2     14.419     -3.468     -2.664
 257   -2     16.788     -8.045      5.095
 267  191     19.999     -5.284     -2.504
  46   -2     -0.720     -6.322      8.231
  -1   -2      9.089     -7.188     -9.840
 149   67     -5.448     -2.693      1.968
 107   -2     17.121     -7.075     -2.913
  -1   86      7.717     -5.582     -1.457
  -1  135     13.162     -6.697      6.714
 178   -2     18.792    -10.229     -0.705
 147   35      7.069     -7.636      2.522
 284   99     -3.992     -6.690     -9.522
  -1  165     -6.560     -7.824     -1.354
  -1  168     15.960     -3.729     -8.499
  -1  111     20.566     -4.450     -3.772
 195  136     -5.414     -6.163      1.536
  -1  103     10.330     -9.728      6.346
 106   -2     16.147     -4.427     -9.036
  -1  177     -4.493     -2.010      2.674
 292  198     14.258      0.738     -3.054
 130  204      6.879     -6.355      5.960
  -1   -2      4.185     -4.290     -2.056
  -1   87      5.380     -4.542     -3.779
  72  109      4.671     -8.481      8.356
  -1    0      4.940     -7.793     -0.048
 241   -2     -0.213     -3.549     -1.110
  65   95     12.773     -9.322     -3.936
 173  214      2.235     -3.235      8.926
  16   -2     13.510     -8.977      3.414
  -1  153    -12.713     -9.302     -9.800
 182  144     10.962     -2.936      5.115
  21   -2     12.877     -3.974     -7.076
 234   -2      0.510     -4.875     -5.575
 272   -2     18.968      0.333      1.043
  -1   -2      7.434     -6.884     -3.719
 102   68      9.439     -4.127      4.296
 187   -2     -7.691     -8.245     -2.451
 150  146     -0.179     -6.402      3.213
 288   82      8.525     -3.774     -5.909
  -1  252     13.018      1.362     -1.005
  -1   20     15.029    -10.601      2.214
  69   72     18.399     -0.510     -5.362
  -1  222     -1.914     -9.048     10.199
  -1   -2     18.423     -2.664     -9.761
  47   -2      8.349     -7.523     -8.432
 184   13      1.259     -9.516      5.575
  74   -2     -0.635    -10.487     -8.887
  -1   -2    -12.163     -9.228     -5.352
  75   -2     18.569     -1.597     -1.953
  71  166     -3.738     -6.357     -4.106
 208   78      0.899     -3.557     -6.818
 171  200     -6.469     -7.402      0.676
  -1   96      3.082     -8.581      7.794
 114   -2     11.406      3.607     -2.014
   0   69      9.182     -5.440      7.427
  -1   -2     11.571    -11.147     -2.921
 175   22     18.521     -2.038      1.422
  -1   45     -4.424     -2.093     -6.571
  -1    1     14.010     -7.667      9.965
  -1   -2     20.430      0.639     -2.248
 132   -2     -4.205    -10.196     -6.226
  63  176     14.756     -2.999     -6.627
 192  164     -6.406     -6.434     -7.123
 219  190     -1.582     -6.479      3.415
  -1  209     15.443     -2.063     -6.388
  -1   37     20.078    -10.905     -2.825
 281   -2     -5.982     -4.951     -9.445
  -1   -2      1.873     -7.135      0.269
 168   -2      5.289     -7.082     -4.287
  86  210      7.631     -8.378      5.550
 164  155     11.455     -0.920     -4.699
 212   85     -3.265     -9.391     -2.652
  -1  180     15.675     -6.354      8.896
 194  248     16.437      2.287     -8.758
 237  227     -0.338      1.270    -11.247
  -1   -2     18.025      4.075      1.039
  -1  246     -1.868     -9.772    -12.521
 226   -2     16.141     -5.916     -1.233
 190   -2    -12.044    -10.408     -2.969
  -1   -2    -14.702      2.516     -1.214
  -1   -2      2.004     -0.874     -7.633
  -1   -2    -10.544     -2.241     -6.836
  94   -2      3.116    -10.646      2.442
 271   -2      0.997      0.758     -7.742
 181  156     12.622      4.437      0.052
  -1   -2     21.865     -4.733      8.498
  -1  231     -7.440      1.327     -0.926
  -1   -2     10.804      3.596    -12.144
  -1   26     11.457     -7.493     -3.634
  -1   19     20.635     -3.927     -0.981
  -1  237     -9.135      4.499    -10.164
 276   -2     -7.917      0.498     -3.360
  -1  150      1.232     -2.325     11.842
 259  238     10.562      5.430      3.570
  -1   -2     -4.656     -3.099      5.067
  -1  258     22.288     -0.884      6.637
 277  254      6.783      1.727     -3.015
 145   -2      7.577     -1.746      0.839
  77   -2     -7.555     -3.721     -6.293
 198   -2    -10.141     -7.475     -7.122
 263  196      5.027      2.606      5.668
 152   -2     18.554     -1.883      6.612
  -1  279     17.696      3.290      4.233
 235   -2     14.415      1.115      3.721
  -1  212     19.726      1.476     -8.490
  -1  233     -2.336      3.053     -9.067
 108   97     10.165     -3.006      8.182
 243  171      7.226      3.940     -0.212
  -1   27      2.183    -10.647     -8.007
  -1   -2      6.167    -11.077     -3.462
 261  239     11.944      6.059     -1.915
  -1  243      3.734      2.982      7.517
  -1   52     21.554     -0.322      1.098
  -1  241      0.316      5.013      0.752
  -1   -2     -0.129      0.056      2.864
  -1   -2      2.993    -10.819    -12.451
  -1   -2     -5.579      4.394     -4.334
  -1   -2    -11.174      0.762     10.634
  -1  228     21.757      2.993      2.942
  -1   -2      9.779      2.954      5.116
 286  259     13.517      4.894     -8.301
  -1  129     -7.207     -4.762    -10.225
  24  223     15.356    -10.443     -9.930
  82   -2      6.563     -5.760     -3.244
  12   47     -9.382     -8.370     -5.627
  52  269     -9.711     -5.760     -5.950
  -1   -2    -11.523     -0.911      0.362
  -1  294     10.260     -4.018     -6.539
  -1   -2     14.249     -0.349      7.193
  -1   -2     18.025      4.075      1.039
  -1   -2    -11.399     -3.680      4.706
  -1   -2    -14.702      2.516     -1.214
 245   -2      2.004     -0.874     -7.633
  -1  290      6.208     -7.791     -0.763
  -1   -2    -11.523     -0.911      0.362
 297  277     11.704      1.525      7.933
  -1   -2     10.260     -4.018     -6.539
 299  278     14.249     -0.349      7.193
 300   -2     18.025      4.075      1.039
  -1   -2    -14.702      2.516     -1.214
  -1   -2     -7.198     -3.200      1.610
  -1   -2      6.208     -7.791     -0.763
  -1   -2    -11.523     -0.911      0.362
 307   -2    -14.702      2.516     -1.214
  -1   -2     -7.198     -3.200      1.610
  62   91     17.000      0.739      3.433
  -1   -2     17.000      0.739      3.433
  -1   -2      6.208     -7.791     -0.763
  -1   -2      6.208     -7.791     -0.763
  -1   -2    -11.523     -0.911      0.362
  -1   -2     10.260     -4.018     -6.539
 312  287     -8.294     -3.102     -6.366
 309  284     -7.198     -3.200      1.610
  -1   -2     17.000      0.739      3.433
  -1   -2     17.000      0.739      3.433
 315   -2      6.208     -7.791     -0.763
  -1   -2     10.260     -4.018     -6.539
  -1   -2     17.000      0.739      3.433
  -1   -2     17.000      0.739      3.433
  -1   -2      0.541     -8.122     -6.715
  -1   -2     17.000      0.739      3.433
  -1   -2     17.000      0.739      3.433
  -1   -2      2.948     -2.209     -2.019
 174   51      9.615     -5.565      5.984
  -1   -2    -11.523     -0.911      0.362
  -1   -2     10.260     -4.018     -6.539
 322  296      0.541     -8.122     -6.715
 333   -2      9.615     -5.565      5.984
 320  170     10.260     -4.018     -6.539
  -1   -2      2.948     -2.209     -2.019
  -1   -2     17.000      0.739      3.433
  -1   -2     17.000      0.739      3.433
  -1   -2     17.000      0.739      3.433
 313   -2     17.000      0.739      3.433
 325  299      2.948     -2.209     -2.019
 330  303    -11.523     -0.911      0.362
