198
 108   -2     15.297     -6.487     -1.258
  64   -2     12.962    -10.397      5.704
  45   -2     15.360     -8.235      9.002
  98    2     14.139     -3.463     -1.523
   1    5     18.332     -8.263     -0.584
  58   -2     18.706     -9.582     -6.152
   5   -2     -1.571     -7.155      3.327
  -1   -2     15.033    -10.299     -6.432
  -1   -2     -3.651     -6.564     -8.776
  -1   -2      4.315     -8.297     -2.136
  10   -2     14.578     -6.226     -4.990
  34   -2     16.174     -3.038     -8.350
   9   35      5.836     -9.168      7.504
  12   -2     10.862     -3.160     10.185
  -1   -2     -4.285     -5.994      2.748
  79   49      9.800     -2.443      7.030
 105   -2     15.107     -8.143      2.186
  -1   57      5.468    -10.151     -4.506
  19    8     15.310     -2.663     -7.105
  14   -2     17.186    -10.640     -1.256
  17   -2     15.725    -10.196      1.322
  -1   16      3.309     -7.679      5.093
 127   33     12.596     -1.703     -0.040
  -1   60      5.709     -7.014     -5.999
  23   19      9.289     -9.777     -3.722
  47   -2      9.597     -8.252      9.584
  -1   -2     11.911     -9.072      8.371
  22   -2     12.894     -9.944      4.658
  33   38     20.209     -8.414     -2.950
 106    4     -0.712     -9.451     -0.062
  18   22      3.512     -8.764      4.965
 114   12     -6.012     -8.671      1.132
  -1   76     16.402      2.677     -9.726
  30   31      9.776     -7.395      2.640
  27   30     13.148     -6.887      9.473
  89   -2    -10.442     -7.110     -8.601
 100   46     13.406     -4.124     -6.903
  67   15     16.082      0.541     -8.690
  -1   27     20.750    -10.090     -3.621
  40   -2      9.314     -7.401    -10.063
  63   -2      6.885     -6.358      5.960
  36   -2     -5.168     -1.871      5.609
  35   -2      2.234     -3.237      8.931
  -1   -2     16.162     -4.424     -9.074
  90   43     17.207     -3.843      3.525
  39  122     -4.918     -8.932     -2.287
  49   21      9.442     -5.575      8.511
  91   50      9.438     -4.128      4.296
 102   -2     17.202     -7.452      2.895
  -1    1     17.300    -10.697     -0.314
 140   51     12.967      1.375     -0.875
   4   -2     15.354     -9.893     -3.862
  -1   55     -9.961    -10.265    -10.827
  59   94    -12.940    -10.644     -4.057
  -1    9      9.395    -10.448      4.514
 110   47     -3.593     -6.416     -3.834
  51   53     10.333     -5.005     -0.216
  26  135     18.673     -6.191     -1.892
  56   40      2.670    -10.734     -5.213
  -1   -2     17.768    -10.495     -8.552
  53   -2      0.993     -7.371     -0.584
  -1   -2     -5.558     -9.498      4.382
  -1   29     -3.829     -8.646     -9.049
  15   26      5.261     -7.420     -3.803
  61   -2      4.642     -6.777     -8.410
  -1   11     16.194     -9.951     -9.096
  -1   -2     -2.858    -10.085      0.493
  -1   10     13.062     -7.395     -1.013
  62   36     -3.727     -7.975     -1.429
  -1   54     10.686      3.242     -7.527
  32   71     -8.734    -10.365      6.260
  -1   -2     18.006      4.074      1.083
  -1   68     16.920     -1.423     -0.716
  31  125     17.091     -1.066     -9.255
  -1   62      6.995    -10.533     -1.723
  -1   -2      4.134     -3.700      8.259
  -1   -2      1.059     -0.043     -0.291
  -1   72     -6.940     -5.421     -8.387
  -1   -2     15.437      4.373      2.070
  48  112     15.654    -10.416      5.186
  -1   37     -4.863     -1.354      7.304
  87  168      6.956      1.795     -3.491
  -1  179     -5.869     -3.106     -6.356
  43   -2      6.381     -9.788      1.025
  77   75     -5.869      0.911      3.034
  -1   -2    -11.968     -3.337     11.149
  83   -2     15.267      3.413     -6.556
 126   -2     -5.412     -1.994      0.331
  -1   -2     11.828      0.387      3.317
  -1   86      5.564      0.777      4.600
  60   85    -11.270     -6.656      1.807
  -1   -2     20.637     -3.927     -0.988
  -1  108     -8.165     -4.251      4.364
  72   -2     14.304     -2.483      5.674
  -1   91      7.557     -1.750      0.759
  -1   -2     18.498     -7.530     11.299
  93  144     -7.957      0.445    -10.929
  54  104     10.701     -9.743     -8.744
  94   90    -12.682     -7.606     -9.213
  -1  116    -11.706     -9.622     -7.474
  99   96      8.843      6.073      9.500
  -1   -2    -12.894     -5.435     -3.243
  -1   -2      5.011     -9.608      9.423
  -1   99     11.552     -5.031     -9.306
 164   -2     11.459     -8.617      7.270
  -1   -2     13.897     -2.078      1.666
  97   13      9.942     -0.521      8.722
  -1   44     17.153     -5.480      5.773
  -1   -2     -6.838     -4.129     -7.130
  -1   -2      8.842     -1.434    -11.204
  82   -2     -7.699     -3.761     -2.483
  37   -2     15.856     -0.277      0.063
 125  134     -6.303     -2.872      2.227
  -1   56     -2.382     -5.059     -4.440
  -1   -2     15.048     -9.752      7.623
 177   89     19.730      1.471     -8.470
  -1    0     16.629     -7.373      1.978
  -1  117     19.671     -5.844     -7.644
 115  115     -5.580      4.394     -4.329
  -1   23     -0.685    -10.481     -3.511
 103  119     -6.309     -5.036    -10.339
 113   -2    -11.538     -2.938     -4.687
  -1   -2     -6.274    -10.321    -10.169
  -1   -2     -7.282    -10.579      0.113
  96  114    -11.008     -6.770     -7.112
  -1   -2     -9.284     -6.115    -10.031
  -1   -2     -3.523     -6.541     -8.422
  21   20     11.892     -9.089      8.308
 179  186     18.006      4.074      1.083
  -1   -2      0.424    -10.380      9.134
  -1   -2      4.134     -3.700      8.259
  -1   -2     10.686      3.242     -7.527
  -1   -2      1.059     -0.043     -0.291
  -1   -2     15.437      4.373      2.070
  -1   -2     -5.869     -3.106     -6.356
  92   -2     -8.165     -4.251      4.364
  -1   -2     11.828      0.387      3.317
  -1   -2     20.637     -3.927     -0.988
  85   28     16.976     -7.376      3.239
  -1   -2     -3.523     -6.541     -8.422
  -1   -2     11.892     -9.089      8.308
  -1   -2     18.006      4.074      1.083
  -1   -2     10.686      3.242     -7.527
  71   -2      0.424    -10.380      9.134
  -1   -2      4.134     -3.700      8.259
  -1   -2      1.059     -0.043     -0.291
  -1   -2     15.437      4.373      2.070
  -1   -2     11.828      0.387      3.317
  -1   -2     20.637     -3.927     -0.988
  -1   -2     -3.523     -6.541     -8.422
  -1   -2      4.134     -3.700      8.259
  -1   -2     18.006      4.074      1.083
  -1   -2     10.686      3.242     -7.527
  -1   -2      1.059     -0.043     -0.291
  -1   -2     15.437      4.373      2.070
  84  145     11.828      0.387      3.317
  -1   -2     20.637     -3.927     -0.988
  -1   -2     -3.523     -6.541     -8.422
 143  156     17.840     -9.502     -4.388
  -1   -2     10.686      3.242     -7.527
  -1   -2      4.134     -3.700      8.259
  -1   -2     18.006      4.074      1.083
  -1   -2      1.059     -0.043     -0.291
  -1   -2     15.437      4.373      2.070
 152  165     20.637     -3.927     -0.988
  -1   -2     -3.523     -6.541     -8.422
 118  167     11.892     -9.089      8.308
  -1   -2     18.006      4.074      1.083
  -1   -2     10.686      3.242     -7.527
  -1   -2      4.134     -3.700      8.259
  -1   -2     15.437      4.373      2.070
  -1   -2      1.059     -0.043     -0.291
  -1   -2     -3.523     -6.541     -8.422
  -1   -2     10.686      3.242     -7.527
  -1   -2     18.006      4.074      1.083
  -1   -2      4.134     -3.700      8.259
 181  188      1.059     -0.043     -0.291
  -1   -2     15.437      4.373      2.070
  -1   -2     -3.523     -6.541     -8.422
  -1   -2     18.006      4.074      1.083
  -1   -2      4.134     -3.700      8.259
  -1   -2     15.437      4.373      2.070
  -1   -2     -3.523     -6.541     -8.422
  -1   -2      4.134     -3.700      8.259
  73   -2     18.006      4.074      1.083
  -1   -2     15.437      4.373      2.070
  -1   -2     -3.523     -6.541     -8.422
  74  191      4.134     -3.700      8.259
  -1   -2     15.437      4.373      2.070
  -1   -2     -3.523     -6.541     -8.422
  -1   -2     15.437      4.373      2.070
  -1   -2     -3.523     -6.541     -8.422
  -1   -2     15.437      4.373      2.070
  -1   -2     -3.523     -6.541     -8.422
  -1   -2     15.437      4.373      2.070
  -1   -2     -3.523     -6.541     -8.422
 200  207     15.437      4.373      2.070
   7  202     -3.523     -6.541     -8.422
