412
  84   -2     15.294     -6.486     -1.262
  24   -2     -0.518     -7.997      1.737
  -1   -2      3.210     -9.609      5.999
   0   16     14.135     -3.465     -1.542
  51   41     -1.571     -7.155      3.334
  -1   -2     -2.870     -9.398     -3.539
  -1  428     -3.646     -6.563     -8.765
  63   -2     16.068     -2.980     -7.939
   5   17      6.845     -9.578      4.556
  92   -2     14.574     -6.227     -4.980
  11   11     10.326     -7.605      1.069
 106   -2     10.861     -3.159     10.190
  -1   -2     14.930    -10.231     -7.399
  54   12     -4.285     -5.994      2.745
  14   31     -1.485     -9.022      9.591
  77   45     12.594     -1.702     -0.039
  -1  251      9.638     -0.429      7.339
   8   -2      3.310     -7.681      5.087
  -1   -2     11.909     -9.071      8.365
  16    6     15.307     -2.662     -7.102
  28   -2      9.594     -8.254      9.575
 109   19     16.323     -8.255      3.782
  -1   21     18.148     -9.538     -4.960
  20   -2     12.894     -9.944      4.649
  18   18      9.290     -9.777     -3.726
  38   -2      3.514     -8.765      4.961
  56   25     -0.716     -9.450     -0.074
  22   22     15.726    -10.194      1.313
  17   -2      5.712     -7.015     -5.996
  -1   58     -1.530     -7.839     -7.989
  30   -2     13.912     -3.969     -3.433
  -1   -2      2.233     -3.235      8.923
  35   49     19.220     -8.481     -0.621
  32   -2     -5.167     -1.870      5.605
  -1   -2      6.881     -6.359      5.959
  75   -2     -1.576     -9.547      6.144
  -1   -2      1.408    -10.027     10.203
  42   38      8.961     -7.489     -9.631
 113   28     13.555     -6.888      8.541
  85  131     17.211     -3.844      3.517
  41   42      9.459     -5.580      8.471
 115    0     10.326     -7.300      4.401
  29    7     13.733     -3.306     -2.951
  -1   -2      9.438     -4.130      4.292
  80   -2     -8.259     -6.801     -2.370
  48   -2    -10.351    -10.857      2.876
  -1  104     17.199     -7.454      2.902
  -1   54     19.611    -10.056     -0.959
 119   24     -3.582     -6.417     -3.815
  46   44     11.816    -10.100     10.256
  47   -2     10.329     -5.005     -0.209
  50   50     -5.457     -7.496     -5.060
  -1   13     -3.253     -8.647      2.054
  25   -2     20.320     -7.106     -7.255
  27   55      4.639     -6.778     -8.425
  -1  425     17.998      4.073      1.102
  -1   -2     17.088     -1.065     -9.268
  57   81      0.420    -10.378      9.124
  60  137     16.919     -1.425     -0.716
  66   30     10.688      3.244     -7.536
  -1   -2      4.138     -3.698      8.271
  -1   82      1.060     -0.044     -0.288
  79    3     -3.052     -4.594      1.534
  -1   92      6.958      1.793     -3.487
  72   69     -4.863     -1.355      7.302
  -1   -2     15.432      4.371      2.081
  74   72      0.150    -10.736     10.913
  -1   -2     -5.868     -3.110     -6.359
  -1   -2     14.974      2.937     -5.922
  70   -2     14.106      0.899      5.121
  19   79     11.808     -8.614      8.382
 132   76     15.267      3.413     -6.558
 149   47     -8.649     -7.250     -3.379
  -1   -2     -5.409     -1.997      0.338
  -1   -2     -5.866      0.911      3.029
  -1   46     11.829      0.387      3.322
  81   -2      5.564      0.776      4.598
  -1   -2    -12.842     -9.965     -3.531
  -1   -2     20.634     -3.927     -0.984
 105   -2     12.743     -6.393     -9.181
  87   84    -14.183    -10.532      5.542
  53   57     14.036     -8.060      4.753
  40   10     14.304     -2.483      5.673
  -1   53      7.443    -11.166      9.533
  94   -2      7.561     -1.750      0.778
 112   -2     -7.963      0.445    -10.946
  -1  310     -3.133      1.713     -9.007
  10   88     17.090    -10.257    -11.551
  -1   60     16.613      0.416    -10.138
  -1   -2     19.972      1.582     -7.513
  -1  100    -12.682     -7.607     -9.221
 100   93    -12.897     -5.435     -3.251
 103   98     10.697     -9.746     -8.744
  99   96      8.844      6.072      9.497
 107  184    -11.705     -9.624     -7.473
  91    2     13.900     -2.076      1.663
  43   51      9.979     -4.516      0.633
  -1   48    -13.486    -10.717     -1.402
  61   -2     11.328     -0.870     -2.822
 111   -2     -6.839     -4.128     -7.132
  -1  103    -10.726     -3.692     -9.302
  -1   -2      1.791    -10.319     10.170
  -1   27     11.549     -5.028     -9.307
  59   -2     15.858     -0.276      0.063
 137   -2     -7.696     -3.761     -2.494
  -1    4     19.679     -5.844     -7.663
 118  110     -5.581      4.395     -4.339
 117  111      9.132    -10.516     10.989
  -1  105    -11.535     -2.947     -4.678
  37   -2     17.618     -5.890      4.097
  -1   29     19.867    -11.139     -2.594
  -1   52      3.437     -9.775      9.128
  -1   -2      3.226     -9.598      6.026
  -1  112     -3.507     -6.537     -8.382
  -1   20     11.909     -9.071      8.365
 128   35      2.458     -3.240      8.307
  -1   -2     17.998      4.073      1.102
  -1   -2     17.088     -1.065     -9.268
  -1   -2      1.060     -0.044     -0.288
  -1   -2      4.138     -3.698      8.271
  -1   -2     15.432      4.371      2.081
  -1   -2     -8.649     -7.250     -3.379
  -1   -2     14.974      2.937     -5.922
  -1   -2     11.829      0.387      3.322
  -1   33     -5.409     -1.997      0.338
  -1  195     -5.866      0.911      3.029
  -1   40     20.634     -3.927     -0.984
  -1   -2     -5.868     -3.110     -6.359
 138  148      7.443    -11.166      9.533
 338  344     19.972      1.582     -7.513
  -1   -2    -10.726     -3.692     -9.302
 121  134      3.204     -9.589      6.083
   1   -2      3.210     -9.609      5.999
  -1   -2     -3.507     -6.537     -8.382
  -1   -2     11.909     -9.071      8.365
  -1   -2     17.088     -1.065     -9.268
 124  118     17.998      4.073      1.102
  -1   -2      4.138     -3.698      8.271
  -1   -2     15.432      4.371      2.081
  -1   -2      1.060     -0.044     -0.288
  -1   -2     14.974      2.937     -5.922
  -1   -2     -8.649     -7.250     -3.379
  -1   -2     -5.866      0.911      3.029
  -1   -2     11.829      0.387      3.322
  -1   -2    -12.842     -9.965     -3.531
  -1   -2     -5.409     -1.997      0.338
  -1   -2     -5.868     -3.110     -6.359
  -1   -2     20.634     -3.927     -0.984
  -1   -2     19.972      1.582     -7.513
  97   91    -10.726     -3.692     -9.302
  -1   -2     -3.507     -6.537     -8.382
  -1   -2     11.909     -9.071      8.365
  -1   -2     17.088     -1.065     -9.268
  -1   -2      4.138     -3.698      8.271
  -1   -2      1.060     -0.044     -0.288
  -1   -2     15.432      4.371      2.081
  -1   -2     -5.866      0.911      3.029
  -1   -2     14.974      2.937     -5.922
  78   74     -8.649     -7.250     -3.379
  -1   -2     11.829      0.387      3.322
  -1   -2     -5.868     -3.110     -6.359
  -1   -2     20.634     -3.927     -0.984
  -1   -2     19.972      1.582     -7.513
  -1   -2     -3.507     -6.537     -8.382
  -1   -2     11.909     -9.071      8.365
  -1   -2      4.138     -3.698      8.271
  -1   -2     17.088     -1.065     -9.268
  -1   -2      1.060     -0.044     -0.288
  -1   -2     -5.866      0.911      3.029
  -1   -2     15.432      4.371      2.081
  -1   -2     -5.868     -3.110     -6.359
  -1   -2     14.974      2.937     -5.922
 177   80    -12.842     -9.965     -3.531
  -1   -2     11.829      0.387      3.322
  -1   -2     20.634     -3.927     -0.984
  -1   -2     19.972      1.582     -7.513
  -1   -2     -3.507     -6.537     -8.382
  -1   -2     11.909     -9.071      8.365
  -1   -2     17.088     -1.065     -9.268
  -1   -2      4.138     -3.698      8.271
  -1   -2      1.060     -0.044     -0.288
  -1   -2     -5.866      0.911      3.029
  -1   -2     15.432      4.371      2.081
  -1   -2     -5.868     -3.110     -6.359
  -1   -2     14.974      2.937     -5.922
  -1   -2     11.829      0.387      3.322
  -1   -2     20.634     -3.927     -0.984
  -1   -2     19.972      1.582     -7.513
  -1   -2     -3.507     -6.537     -8.382
  -1   -2     11.909     -9.071      8.365
  -1   -2     17.088     -1.065     -9.268
  -1   -2      4.138     -3.698      8.271
  -1   -2      1.060     -0.044     -0.288
  -1   -2     15.432      4.371      2.081
  -1   -2     14.974      2.937     -5.922
  -1   -2     -5.866      0.911      3.029
  -1   -2     11.829      0.387      3.322
  -1   -2     -5.868     -3.110     -6.359
  -1   -2     20.634     -3.927     -0.984
  -1   -2     19.972      1.582     -7.513
  -1   -2     -3.507     -6.537     -8.382
  -1   -2     11.909     -9.071      8.365
  -1   -2     17.088     -1.065     -9.268
  -1   -2      4.138     -3.698      8.271
  -1   -2      1.060     -0.044     -0.288
  -1   -2     15.432      4.371      2.081
  -1   -2     14.974      2.937     -5.922
  -1   -2     -5.868     -3.110     -6.359
  -1   -2     11.829      0.387      3.322
  -1   -2     20.634     -3.927     -0.984
  -1   -2     19.972      1.582     -7.513
  -1   -2     -3.507     -6.537     -8.382
  -1   -2     11.909     -9.071      8.365
  -1   -2     17.088     -1.065     -9.268
  -1   -2      4.138     -3.698      8.271
  -1   -2      1.060     -0.044     -0.288
  -1   -2     15.432      4.371      2.081
  -1   -2     -5.868     -3.110     -6.359
  -1   -2     14.974      2.937     -5.922
  -1   -2     11.829      0.387      3.322
  -1   -2     20.634     -3.927     -0.984
  -1   -2     19.972      1.582     -7.513
  -1   -2     -3.507     -6.537     -8.382
  -1   -2     11.909     -9.071      8.365
  -1   -2     17.088     -1.065     -9.268
  -1   -2      4.138     -3.698      8.271
  -1   -2      1.060     -0.044     -0.288
  -1   -2     15.432      4.371      2.081
  -1   -2     14.974      2.937     -5.922
  -1   -2     -5.868     -3.110     -6.359
  -1   -2     11.829      0.387      3.322
  -1   -2     20.634     -3.927     -0.984
  -1   -2     19.972      1.582     -7.513
  -1   -2     -3.507     -6.537     -8.382
  -1   -2     11.909     -9.071      8.365
  -1   -2     17.088     -1.065     -9.268
  -1   -2      4.138     -3.698      8.271
  -1   -2      1.060     -0.044     -0.288
  -1   -2     15.432      4.371      2.081
  -1   -2     14.974      2.937     -5.922
  -1   -2     11.829      0.387      3.322
  -1   -2     -5.868     -3.110     -6.359
  -1   -2     20.634     -3.927     -0.984
  -1   -2     19.972      1.582     -7.513
  -1   -2     -3.507     -6.537     -8.382
  -1   -2     11.909     -9.071      8.365
  -1   -2     17.088     -1.065     -9.268
  -1   -2      4.138     -3.698      8.271
  -1   -2      1.060     -0.044     -0.288
  -1   -2     15.432      4.371      2.081
  -1   -2     14.974      2.937     -5.922
  -1   -2     -5.868     -3.110     -6.359
  -1   -2     11.829      0.387      3.322
  -1   -2     20.634     -3.927     -0.984
 139   -2     19.972      1.582     -7.513
  -1   -2     -3.507     -6.537     -8.382
  -1   -2     11.909     -9.071      8.365
  -1   -2     17.088     -1.065     -9.268
  -1   -2      4.138     -3.698      8.271
  -1   -2      1.060     -0.044     -0.288
  -1   -2     15.432      4.371      2.081
  -1   -2     -5.868     -3.110     -6.359
  -1   -2     14.974      2.937     -5.922
  -1   -2     20.634     -3.927     -0.984
  -1   -2     -3.507     -6.537     -8.382
  -1   -2     11.909     -9.071      8.365
  -1   -2      4.138     -3.698      8.271
  -1   -2     17.088     -1.065     -9.268
  -1   -2      1.060     -0.044     -0.288
  -1   -2     15.432      4.371      2.081
  -1   -2     14.974      2.937     -5.922
  -1   -2     20.634     -3.927     -0.984
  -1   -2     -5.868     -3.110     -6.359
  -1   -2     11.909     -9.071      8.365
  -1   -2     17.088     -1.065     -9.268
  -1   -2      4.138     -3.698      8.271
  -1   -2      1.060     -0.044     -0.288
  -1   -2     15.432      4.371      2.081
 302  309     14.974      2.937     -5.922
  -1   -2     -5.868     -3.110     -6.359
  -1   -2     20.634     -3.927     -0.984
  -1   -2     -3.507     -6.537     -8.382
  -1   -2     11.909     -9.071      8.365
  -1   -2     17.088     -1.065     -9.268
  -1   -2      4.138     -3.698      8.271
  -1   -2      1.060     -0.044     -0.288
  -1   -2     15.432      4.371      2.081
  -1   -2     20.634     -3.927     -0.984
  -1   -2     -3.507     -6.537     -8.382
  -1   -2     11.909     -9.071      8.365
  -1   -2     17.088     -1.065     -9.268
  -1   -2      4.138     -3.698      8.271
  -1   -2      1.060     -0.044     -0.288
  -1   -2     15.432      4.371      2.081
  -1   -2     20.634     -3.927     -0.984
  -1   -2     -3.507     -6.537     -8.382
  -1   -2     11.909     -9.071      8.365
  -1   -2      4.138     -3.698      8.271
  -1   -2     17.088     -1.065     -9.268
  -1   -2      1.060     -0.044     -0.288
  -1   -2     15.432      4.371      2.081
  -1   -2     20.634     -3.927     -0.984
  -1   -2     11.909     -9.071      8.365
  -1   -2      1.060     -0.044     -0.288
  -1   -2      4.138     -3.698      8.271
  -1   -2     17.088     -1.065     -9.268
  -1   -2     15.432      4.371      2.081
  -1   -2     20.634     -3.927     -0.984
  -1   -2     -3.507     -6.537     -8.382
  -1   -2     11.909     -9.071      8.365
  -1   -2     17.088     -1.065     -9.268
  -1   -2      4.138     -3.698      8.271
  -1   -2      1.060     -0.044     -0.288
  -1   -2     15.432      4.371      2.081
  -1   -2     20.634     -3.927     -0.984
  -1   -2     -3.507     -6.537     -8.382
  -1   -2     11.909     -9.071      8.365
  -1   -2     17.088     -1.065     -9.268
  -1   -2      4.138     -3.698      8.271
  -1   -2      1.060     -0.044     -0.288
  -1   -2     15.432      4.371      2.081
  -1   -2     20.634     -3.927     -0.984
  -1   -2     -3.507     -6.537     -8.382
  -1   -2     11.909     -9.071      8.365
  -1   -2     17.088     -1.065     -9.268
  -1   -2      4.138     -3.698      8.271
 129  340      1.060     -0.044     -0.288
  -1   -2     15.432      4.371      2.081
  -1   83     20.634     -3.927     -0.984
  -1   -2     -3.507     -6.537     -8.382
  -1   -2     11.909     -9.071      8.365
  -1   -2     17.088     -1.065     -9.268
  -1   -2      4.138     -3.698      8.271
  -1   -2     15.432      4.371      2.081
  -1   -2     -3.507     -6.537     -8.382
  -1   -2     11.909     -9.071      8.365
  -1   -2      4.138     -3.698      8.271
  -1   -2     17.088     -1.065     -9.268
  -1   -2     15.432      4.371      2.081
  -1   -2     -3.507     -6.537     -8.382
  -1   -2     11.909     -9.071      8.365
  -1   -2     17.088     -1.065     -9.268
  -1   -2      4.138     -3.698      8.271
  -1   -2     15.432      4.371      2.081
  -1   -2     11.909     -9.071      8.365
  -1   -2     17.088     -1.065     -9.268
  -1   -2      4.138     -3.698      8.271
  -1   -2     15.432      4.371      2.081
  -1   -2     -3.507     -6.537     -8.382
 332  338     11.909     -9.071      8.365
  -1   -2      4.138     -3.698      8.271
  -1   -2     17.088     -1.065     -9.268
  -1   -2     15.432      4.371      2.081
  -1   -2      4.138     -3.698      8.271
  -1   -2     17.088     -1.065     -9.268
  -1   -2     15.432      4.371      2.081
  -1   -2     -3.507     -6.537     -8.382
  -1   -2     17.088     -1.065     -9.268
  -1   -2      4.138     -3.698      8.271
  -1   -2     15.432      4.371      2.081
  -1   -2     -3.507     -6.537     -8.382
  -1   -2      4.138     -3.698      8.271
  -1   -2     17.088     -1.065     -9.268
  -1   -2     15.432      4.371      2.081
 376  382     17.088     -1.065     -9.268
  -1   -2      4.138     -3.698      8.271
  -1   -2     15.432      4.371      2.081
  -1   -2     -3.507     -6.537     -8.382
  -1   -2      4.138     -3.698      8.271
  -1   -2     15.432      4.371      2.081
  -1   -2     -3.507     -6.537     -8.382
  -1   -2      4.138     -3.698      8.271
  -1   -2     15.432      4.371      2.081
  -1   -2     -3.507     -6.537     -8.382
  -1   -2      4.138     -3.698      8.271
  -1   -2     15.432      4.371      2.081
  -1   -2     -3.507     -6.537     -8.382
 396  402      4.138     -3.698      8.271
  -1   -2     15.432      4.371      2.081
  -1   -2     -3.507     -6.537     -8.382
  -1   -2     15.432      4.371      2.081
  -1   -2     -3.507     -6.537     -8.382
  -1   -2     15.432      4.371      2.081
  -1   -2     15.432      4.371      2.081
  -1   -2     -3.507     -6.537     -8.382
  -1   -2     15.432      4.371      2.081
  -1   -2     -3.507     -6.537     -8.382
  -1   -2     15.432      4.371      2.081
  -1   -2     -3.507     -6.537     -8.382
  -1   -2     15.432      4.371      2.081
  -1   -2     -3.507     -6.537     -8.382
  -1   -2     15.432      4.371      2.081
  -1   -2     -3.507     -6.537     -8.382
  -1   -2     15.432      4.371      2.081
  -1   -2     -3.507     -6.537     -8.382
  -1   -2     15.432      4.371      2.081
  -1   -2     -3.507     -6.537     -8.382
  -1   -2     15.432      4.371      2.081
  -1   -2     -3.507     -6.537     -8.382
  -1   -2     15.432      4.371      2.081
  -1   -2     -3.507     -6.537     -8.382
  -1   -2     15.432      4.371      2.081
  -1   -2     -3.507     -6.537     -8.382
  -1   -2     15.432      4.371      2.081
  -1   -2     -3.507     -6.537     -8.382
  -1   -2     15.432      4.371      2.081
  -1   -2     -3.507     -6.537     -8.382
  -1   -2     15.432      4.371      2.081
  -1   -2     -3.507     -6.537     -8.382
  -1   -2     15.432      4.371      2.081
  -1   -2     -3.507     -6.537     -8.382
 422   -2     -3.507     -6.537     -8.382
