364
 103   -2     -9.325     -9.203     -1.158
  66  149     -4.498     -8.855     -3.422
 350    2      4.325     -8.660     -0.805
   3   79     -1.548     -8.694     -6.965
 222   44     16.266     -6.513      0.416
  -1   -2     -6.514     -2.390     -5.290
  -1   -2     -5.471     -2.492      1.229
  -1    8      9.337     -6.195     -1.398
  -1   -2     -3.538     -6.567     -8.261
  11   26     -1.649     -9.029      9.512
  89   64      0.051     -2.890     -3.581
 215   -2     14.820    -10.260     -7.337
 374   45     13.689     -6.164     -2.920
  13   14    -10.191     -8.595     -1.056
  -1   62      3.901     -8.526      0.990
 137  131      7.858     -8.232      5.033
  16   -2     10.694     -8.511      0.647
  20   10      7.740     -7.064     -4.672
  15  335      5.502     -7.301     -0.827
 133   60     -9.981    -10.530     -6.612
  -1   70     14.305     -8.393     -6.700
  -1   20     -7.490     -6.274     -7.786
  28   29     16.788     -7.202     -7.168
 336  121     15.899      2.083      2.215
 160  109     -1.737     -9.673      4.749
  -1   -2      0.183      2.329    -10.078
  31   18     -7.799     -2.909     -3.706
 267   33     18.363     -4.637     -2.540
   7   97     12.549     -6.282     -9.180
 184   -2     18.721     -9.960     -1.854
  23    9     -7.686     -4.887    -10.215
 253   83      5.869     -9.153      7.267
  26  237      6.128     -7.337      9.469
 341   99      9.247     -1.357      6.093
  -1   -2     -0.514     -6.808     -9.998
 339   49     -0.142     -4.089      9.181
 166   -2    -11.085     -9.058     -1.718
  78   16     -7.839     -6.077      0.541
  40   38      2.006     -2.388      6.761
  35   47      8.040      3.848     -9.912
 328   -2     -9.740     -5.087     -0.110
  39   32     -1.287     -3.257      5.358
  38   -2      0.907     -8.929      5.158
  43   50      4.083     -3.509      2.046
  55  233     13.334     -7.901      4.362
 228   -2     16.388     -7.391     -1.221
  -1   40     11.046     -9.606     -9.089
  -1  166     14.803     -3.167     -8.907
  32   -2      7.085     -6.334      7.147
  54   -2      2.620     -7.707      6.844
  47   -2      4.129     -7.277     -0.743
  -1    5     13.859    -10.434     -8.622
  58   58      9.473     -3.357      3.201
  98   -2      4.063     -9.273      9.039
 210   53      0.882     -2.211     -2.446
   4   65     -6.821     -5.878     -1.159
 149  184      8.123     -8.963     -8.210
  -1  183      1.425     -8.704     -6.513
 318   -2     12.999     -5.930      5.826
 202  176     12.603     -9.072     -1.370
 271  181     13.725    -10.786     -3.708
 244   59      5.738     -3.799     -5.307
 225   -2     -1.671     -7.194      3.382
 204   77      2.201     -3.209      9.263
 278   -2     -0.772     -2.276      1.064
  64  318     -4.084     -4.943     -5.549
  36   30     -1.301     -8.931      7.488
  70   71      3.042     -0.407     -2.277
 344   -2     15.709     -1.948      3.827
 144   -2     15.356     -3.158     -5.744
  -1  307      9.858     -6.064     -4.953
 174  197     20.105    -10.165     -3.190
  83  180     13.097     -7.078      9.014
  52   -2      0.039     -8.800     -1.680
  73   67     -4.886     -4.382     -3.203
  74   37      3.914     -9.757      3.359
 138  159     -3.375     -8.518      4.746
  -1   57     15.808     -7.498      6.845
 101   -2     18.757     -9.388     -2.347
  27   -2     10.016     -8.220      0.982
 249   -2     -4.480     -5.439      9.694
  -1   -2      5.661     -8.415     -1.914
 256   -2     14.369      1.307      8.027
 236   -2     -4.630     -6.649     -6.028
  -1   -2      9.884     -1.920     -7.490
 195   82      1.125     -6.377     -0.079
  87  106     16.589     -1.459      0.480
 252   11     17.224     -9.883     -1.505
  71   -2      9.672     -3.355      7.113
 311   24    -11.757    -10.165     -8.753
 250   -2     18.212     -1.956     -8.415
 115   -2      4.911     -8.576      8.068
 313   -2     17.190     -4.877      4.467
 147  136     16.002     -7.699     -4.135
 237  232     16.961     -8.236      2.121
  -1  194     11.448     -4.641      0.806
  -1   -2     -9.403    -10.370     -9.832
   1  154     10.987     -4.676     -3.279
  -1   -2     -9.321      0.534     -2.234
  -1   90     13.038     -3.926     -2.661
  59   -2      7.312     -1.782      5.224
 196   -2     11.839     -9.486     -6.237
 247   -2     -0.192    -10.878     -2.603
  -1   -2     17.006    -10.194     -8.421
 171   -2     -1.558     -3.668      4.878
 140  219     -4.211     -9.916      3.663
 208   -2     -2.456     -9.979      4.881
  46   -2    -10.338     -8.970     -9.678
  -1  173    -10.134    -10.256      2.781
  -1   43     15.800     -7.033     -5.225
 178   34      4.011    -10.321     -3.473
 342  320    -11.599      2.520     -3.130
 141  258     14.722      0.628      7.094
 118   -2     -6.713    -10.005      4.733
  -1   -2      8.994     -7.455      7.087
   2  110     11.920     -5.115      1.472
  -1   -2     15.821    -11.119     -7.639
  -1   56     17.703     -9.388     -0.320
 230   -2      7.172    -10.519     -8.964
 281  225     -9.131     -7.618    -10.065
 100   -2     18.840     -8.490      0.261
 218   -2     14.734     -4.636      4.189
  86  247     -1.296     -6.467      4.098
 163  254     11.197    -10.582     -7.366
  -1  230      8.383     -2.266     10.442
 156   -2     -6.382    -10.564     -7.452
  79   54     10.708     -6.135      2.103
 224   42      4.555     -6.719     -9.342
  10  150     14.029     -9.843     -8.552
 173  144     -3.137     -9.370     -5.462
  -1  124     -4.279     -5.992      2.763
 177  218     18.423    -11.033     -5.526
  -1  163     11.374     -6.675      1.500
  -1  128     12.994     -9.897      4.421
 262  262     20.452     -2.654     -1.662
  -1  269     -9.536     -7.428     -5.701
 323   -2     -9.817     -6.040     -5.998
 206   -2      1.956     -8.806      9.818
  -1   23     16.112     -9.716      5.301
 243  255     10.991     -3.204     10.602
  -1   -2      9.165      1.958      8.591
  29  209      2.300     -9.189      1.703
 283   -2     14.771     -9.366      2.085
 136   -2      7.341     -7.577      2.153
  -1  133     -5.057     -7.803      4.853
  61  147     10.123     -7.267     -8.791
 152   -2    -10.115     -9.177      2.989
 172  217      5.845     -3.549      7.677
 197  224    -10.156     -2.423     -0.694
 240   -2    -10.158    -10.273      0.068
  -1   -2      2.512    -10.507     -1.077
 167  151     16.085     -2.923     -9.036
  90   51     -0.068     -7.784     -3.874
  -1  238      9.634     -6.430      8.100
 168   -2     14.297     -3.702     -1.591
  -1   -2     13.426     -8.902      6.174
  -1  164     -8.797    -10.841     -0.827
 183   55      3.414     -6.143      5.273
  -1   46      0.168     -9.433      5.760
  -1   -2      3.894    -10.186     -0.703
  -1  141     16.873     -4.831     -7.424
  -1  135     12.983     -1.826     -0.889
 231   -2      6.600     -7.786      1.628
 126   -2     15.182     -6.498     -0.950
  -1   -2     16.639     -7.662      0.027
  -1  167     16.440      0.710      5.443
 139   -2     17.646     -0.898     -2.394
  63   -2     -0.391     -3.609     -1.408
 192   -2      0.096     -8.073      3.487
  -1   21     15.435     -9.874      5.114
  -1   -2      5.513     -0.771     -9.996
 275  188      0.591     -9.447      3.433
  -1  155     16.301     -4.286      7.197
 189   68     -6.039     -8.067     -3.168
 181  142     -9.834     -8.265     -7.498
  -1    0      9.488     -7.607      1.816
  -1  242     10.890    -11.038     -7.071
  -1   -2     10.198     -9.700     -3.642
  -1  231     18.487     -6.717     -8.396
 235   -2    -10.694    -10.262     -8.257
  -1   -2     -4.175    -10.299      4.784
 245   -2      8.468    -10.289     -1.754
 148  179    -10.989     -7.535    -11.100
 161  236      7.960     -4.457      5.420
 359  213     17.576     -1.235     -4.687
  -1  172      7.546    -10.384     -3.571
 305   -2     16.401      2.677     -9.721
 329  132     -9.868     -3.173     -9.451
  -1   -2     12.781     -8.754     -9.310
 295  252     19.214      0.272      1.665
 169   -2     20.981     -6.771     -0.608
  -1   -2      4.407     -8.320      7.102
 193   36      2.170    -10.690     -6.154
  -1   -2     -5.933     -8.791      5.075
 260  107     19.365     -7.350     -3.738
  -1  153     19.915     -0.599     -8.657
  -1   -2      0.673     -6.383     -4.827
 122  222     10.567      0.053      6.683
  -1  251      5.247    -10.786     -6.131
  -1   -2     -0.298     -4.960     -1.522
  -1   -2     -7.581     -2.672     -0.408
  -1  170      9.329     -5.567      8.537
 213  143     18.159      1.703     -1.129
 214  200      9.230      2.249     -9.648
 272   -2      7.413     -4.984     -7.621
  -1   -2      3.672     -3.953      8.227
 182   -2     -0.980     -1.209     -0.170
  -1  245     15.809     -6.472      7.714
 217  205     18.896     -7.045     -2.181
 346   -2      2.623     -2.336      8.836
 280   -2      8.999     -7.040     -7.870
  -1  134     16.480     -1.575     -9.760
 117   61     -3.400     -6.458     -4.087
 259   -2     18.728     -0.096     -7.493
 233  202     16.629     -4.308     -8.097
  -1   -2      8.139     -5.743     -9.076
 263   -2     -1.806     -9.605     10.374
 110   -2     15.996     -3.870     -7.014
 269  146     -9.426     -9.866     -2.445
  -1   -2     19.838     -5.730     -1.623
 157   -2     20.774     -4.841     -3.065
  -1   -2      3.089     -9.610      0.887
  42   -2      9.437     -4.125      4.306
 264   15     -9.680    -10.369     -3.081
 238   -2     -5.223     -9.249      4.859
 258   87     -8.988     -6.640     -5.288
 315  211     15.198      4.470     -0.223
  -1  212      1.105     -7.189     -1.070
  -1  174      2.007     -7.943     10.112
  -1   86    -12.702     -4.976     -7.010
  -1    4     -3.435     -8.797     -3.262
 296   76     16.485      0.213     -9.739
 135   -2     15.430     -3.539      7.975
  -1   -2     17.680      0.206    -10.453
  -1   52      1.496     -6.723      8.218
  45   92     -3.090     -7.474     -5.982
  -1   -2      3.676     -1.620      6.373
 158   -2     13.672     -8.816      7.743
 251  156     -2.685     -9.730     -0.908
 114   -2     14.654    -10.266      4.141
 274   39      1.069     -7.815      9.009
  -1   -2      2.041     -9.145     -8.632
  68  145     14.233     -2.378     -3.257
 105   -2      5.943     -2.440      5.153
  -1  295     -5.454      2.159      0.059
 290   -2    -12.760     -3.267     -5.277
 307   -2     17.680     -2.701      0.097
 107  223      9.385    -10.212     -1.315
  37   -2     11.251     -5.130    -10.180
 162   -2      5.019    -10.757      1.450
  -1   -2      1.303     -9.657      6.898
  -1   -2     10.332     -2.599     -0.384
 116  175     18.826     -9.539     -6.264
 227   35      4.480     -6.666     -4.438
  65  214     17.753     -4.577     -0.042
  -1   80     -1.621      1.108     -4.899
 109   -2     -9.747     -2.223      0.436
 292  297     -0.398     -0.371      2.602
  88  152     14.327     -7.488     -2.540
   0   -2     11.658     -9.832      6.274
 273  260     -2.287     -4.592     -0.599
 314  177     -4.415      1.017     -8.670
  80   -2      5.097     -7.297     -3.656
  -1   13     -2.480     -7.061     -8.722
  -1  220     18.504     -2.965     -7.360
 232   -2     16.298     -3.592     -8.254
  -1  116     11.752     -8.732     -4.266
  -1   -2     18.654     -1.945     -1.461
  -1   74     -8.206     -5.987      6.009
  -1   -2      5.056    -10.404     -9.001
 165  191      8.684     -8.018     -0.782
  44  196      4.490     -8.337      3.304
 223   -2      8.450     -6.813      5.424
 322   -2     16.813    -10.904     -6.112
  -1   72     15.082    -10.870    -11.712
  92  210     -9.441     -3.412      3.533
  -1   -2     21.677     -2.814      1.943
  -1  283    -15.136      1.206      2.785
 304  235      9.608      2.509      3.937
  -1   -2      3.965      4.748    -10.079
  -1   -2      8.092     -3.323      9.115
 302   -2     -6.179     -1.659      3.696
 291  273    -14.718     -3.168      4.295
  -1   -2     23.032     -8.543     11.579
  -1  199     20.637     -3.929     -0.985
  -1  279      5.863      5.609     -1.850
  -1  139    -13.417     -9.031    -10.362
  -1   -2    -13.039     -9.905     -0.892
  -1   -2     17.431     -0.794     -9.341
 348  221     14.399      2.825     -8.152
 276   -2     19.601     -6.682     -3.999
  -1   -2      1.702     -1.304     11.199
  -1   -2      9.237     -6.750     -7.384
  -1  280      7.250      2.842     -4.931
  -1  243     20.918     -6.774    -11.848
  -1   -2     -8.077     -1.500     -6.657
  -1  171      8.271      0.008     -0.417
  -1  125      2.812    -10.574    -12.493
  -1   -2      9.478      4.409     -8.920
  -1   -2      7.149     -3.823     -7.852
  -1   -2     15.506      6.389      0.843
  -1   94     -8.994    -10.383     -7.779
  -1   25     -2.971     -3.553      2.860
  -1  287    -11.109     -1.393     -4.484
  81  284    -11.947     -3.809     -9.904
 268   -2    -13.378    -10.555     -4.131
 324  305     -1.435      4.183     -9.518
  -1   -2    -12.370      0.975     -9.002
 106   -2    -10.862     -2.904     -6.278
 285   22     10.426     -0.544      1.746
  -1   -2     15.039      5.110      4.716
  -1   -2     22.472    -11.186     -7.331
 317  234     16.130     -1.719      3.364
 319  310      4.853      3.903      2.850
  -1  263     20.777      4.557     -5.230
  -1  264     17.842      5.976     -9.588
  -1  276     -5.578      4.398     -4.354
  -1   -2     22.447     -3.119     -9.062
  -1  241     19.762      3.512     -6.103
  -1   -2     -9.503     -7.827     -0.633
  -1   -2      0.870      2.036      8.211
   6  313      4.325     -8.660     -0.805
  -1   -2     15.776      2.083      1.663
  -1   -2      3.923     -8.520      0.950
  -1  193      4.128     -7.275     -0.830
  75   -2     12.218     -1.666      0.884
 345  329      5.694     -3.548      8.074
  -1   -2      9.115      1.995      8.705
 294  321    -15.136      1.206      2.785
 246   -2    -11.173     -7.879     -2.653
 334  332     -5.414     -2.479      1.170
   8   -2     -5.513     -2.497      1.405
  -1   -2     -6.424     -2.362     -5.433
  -1   -2      0.241      2.353     -9.964
  12   -2      3.959     -8.512      0.847
  -1   -2     -9.321      0.534     -2.234
 351  331     -6.447     -2.372     -5.351
 384  354     15.776      2.083      1.663
  -1   -2      0.954     -6.358     -5.689
 357   -2      5.557     -7.289     -0.959
 356   27      0.230      2.351     -9.929
  -1   -2      0.954     -6.358     -5.689
  -1  355      3.029     -0.378     -1.858
  -1   -2      4.042     -3.470      2.626
  -1   41     15.626     -1.932      4.223
  -1   -2     -9.321      0.534     -2.234
 343  348      9.728     -1.995     -7.675
  -1   -2      0.954     -6.358     -5.689
 373  346      0.954     -6.358     -5.689
  -1   -2      9.398     -3.321      3.779
  -1   -2     -9.321      0.534     -2.234
 385  342      3.029     -0.378     -1.858
  -1  101      2.738     -0.422     -3.258
  -1  168      7.758     -8.162      5.774
  -1   -2      9.398     -3.321      3.779
  -1   -2      9.398     -3.321      3.779
  -1   -2      9.398     -3.321      3.779
 388  356      4.042     -3.470      2.626
 340  357     -9.374      0.532     -2.048
  -1   -2      7.758     -8.162      5.774
  -1   -2      9.398     -3.321      3.779
  -1   -2      9.398     -3.321      3.779
 376  347      9.398     -3.321      3.779
 390  358      7.758     -8.162      5.774
