47
  26   -2      9.804    -10.168     -3.877
   0    2     15.591    -10.315     -5.493
  10   25     19.264    -10.319     -6.003
  -1   -2     13.386    -10.687     -8.384
   9    3     10.201     -8.264     -0.715
  -1   -2     16.775    -11.277     -4.417
   3   -2     16.348    -10.410     -8.331
   1   11     13.952    -10.458      2.317
   4   14     15.626     -9.635      2.545
   7    5     13.235     -2.205     -1.740
  17   -2     14.928    -10.833     -6.277
  -1   -2     20.244    -10.842     -2.527
  -1   -2     17.598    -10.346     -1.182
   8    7     13.629    -11.099     -7.410
   5   -2     19.849     -9.578     -3.131
  14   10      9.963     -3.373      6.435
  -1   -2     17.291    -11.014    -10.054
  -1   41     -7.666     -6.775      2.881
  11    1     16.634    -10.173      1.753
  -1   18     10.958    -10.454      7.778
  27   -2     18.199     -6.721     -2.063
  -1   -2     15.186     -7.358      0.903
  -1   -2      4.121     -7.561      4.282
  24   28     14.898     -7.371      2.374
   6   20      9.041     -7.123      5.852
  -1   -2     22.720     -9.889    -10.970
  28   -2     11.604     -5.308      2.218
  -1   26     17.541      3.822    -12.251
  32   44     -5.184    -10.737     -2.334
  -1   12     10.392    -11.245      4.437
  37   29     -2.447     -9.365     -0.376
  -1   -2      5.034     -7.585      8.400
  -1   13     20.234     -9.047     -2.219
  -1   -2    -11.192     -8.600     -5.305
  -1   -2     14.143     -0.705     -1.927
  -1   32     11.268     -1.335    -12.239
  34   -2      3.137     -5.461      1.569
  25   39      5.865     -6.953      7.717
  -1   21     16.223    -10.399    -12.363
  29   31     -7.662     -6.867     -2.872
  -1   -2     18.574     -9.784     -3.468
  39   34    -13.993     -4.041      5.784
  -1   30     19.861     -9.482     -5.197
  -1   -2     -8.765    -10.293     -5.105
  42   33     -1.600     -7.943     -3.862
  19   -2      4.196     -9.616     -1.195
  -1   27     23.098     -9.991    -10.320
