374
   0   -2     15.295     -6.486     -1.255
  53   11      5.159     -9.055      9.140
  -1  116      9.203     -9.830     -3.968
 110   10     14.137     -3.463     -1.538
   5    0     15.932     -9.175     -0.072
  37   -2     -1.567     -7.151      3.324
  -1   -2     -3.655     -6.565     -8.783
  19    8     16.070     -2.977     -7.948
  41   -2     14.579     -6.225     -4.995
  12   -2     14.935    -10.232     -7.378
   2   98     12.539     -8.978     -0.166
  15   12     10.864     -3.158     10.189
  -1   31     10.330     -7.606      1.090
  -1    4     -4.283     -5.992      2.756
  17   -2     15.730    -10.196      1.315
  74   -2     15.306     -2.658     -7.097
  46   69      3.308     -7.678      5.092
  62   30      9.599     -8.251      9.591
  88   26     12.595     -1.700     -0.040
  16   52      9.548     -2.417      7.686
 106   96     13.310     -9.742      9.045
  21   -2     -5.922     -7.567     -3.502
  -1   16      5.719     -7.013     -6.002
  -1   -2     -6.011     -8.665      1.139
  -1   63     19.224     -8.482     -0.629
  26   -2      8.192     -7.974     -3.095
  64   -2     -1.533     -7.836     -7.988
  22   -2     -0.701     -9.452     -0.031
  63   -2     15.919     -8.270      1.729
  55   -2      9.032     -7.361      9.163
  70   13     16.082      0.543     -8.691
  44   34     12.895     -9.944      4.656
  33   -2     -4.921     -8.931     -2.293
 101   89      9.438     -0.178      2.921
  78   58     13.407     -4.125     -6.921
  32   37     20.903    -10.109     -3.971
  49   -2    -10.526    -10.187      0.962
  -1   -2     16.169     -4.420     -9.096
  39   18     -4.756     -4.924     -2.826
  -1   14     12.478    -10.176      5.896
  36   41      6.885     -6.357      5.966
 119   29     13.555     -6.886      8.542
  83   46     -5.168     -1.870      5.607
   1   70      2.319     -9.073      1.753
 125   -2     -3.804    -10.190      3.960
  40   44      8.966     -7.484     -9.650
  35  117     -6.240     -2.893      2.384
  42   45      2.235     -3.236      8.925
  34   -2     11.382     -9.328      5.808
  -1   53     17.208     -3.842      3.520
  50   -2      9.460     -5.580      8.462
   7   -2     -2.398     -9.877     -2.171
  48   51      9.439     -4.127      4.290
 148   -2     -3.579     -6.420     -3.802
 116   -2     12.988      1.371     -0.933
  94   -2     -8.254     -6.798     -2.377
  89  109    -12.912     -5.447     -3.519
  95    5    -11.333    -10.322     -5.997
  -1   61     10.332     -5.002     -0.217
  23   39     -5.845     -9.463      5.311
  28   15     11.132     -9.962      9.880
  27   65      4.639     -6.778     -8.420
  59   -2     -1.037     -9.392     -2.113
 123   50     -8.488    -10.743     -5.533
  -1   20      6.130    -10.120     -6.932
  -1   -2     10.686      3.241     -7.526
  -1   33     16.000      2.489     -8.910
  93   67    -11.748     -8.549     -4.409
  -1   -2     18.000      4.074      1.097
  -1  245     17.092     -1.064     -9.267
 168  121     16.927     -1.419     -0.688
  -1  124      4.134     -3.698      8.254
 117   -2     -8.081    -10.271     -4.801
 124  130      5.332    -10.784     -6.393
  -1   -2     -5.869      0.915      3.030
  -1   42     -4.863     -1.354      7.304
  -1  120      1.060     -0.040     -0.291
  -1  103      6.959      1.799     -3.488
  -1   57    -10.017     -6.161     -6.279
  -1  373     15.433      4.372      2.074
  -1   -2     -5.870     -3.108     -6.368
  -1   -2    -12.358     -5.033     -5.745
  -1   55     14.975      2.939     -5.932
  87   91     15.266      3.414     -6.561
  -1   -2     -5.406     -1.995      0.348
  92   92    -12.225     -7.363     -8.165
  91   93      5.564      0.777      4.597
  -1   -2     20.638     -3.928     -0.989
  -1  141     -2.907      1.469     -8.302
  -1    3     14.036     -8.056      4.756
  98   -2     18.812      0.372     -6.147
  -1   -2     14.303     -2.481      5.670
  -1  126    -12.179     -3.453     -5.456
  -1   99     19.974      1.586     -7.512
  -1   -2     -7.955      0.446    -10.920
 120  107    -11.712     -9.624     -7.478
 108    7    -10.673     -7.763     -8.427
  -1   22     10.680     -9.738     -8.691
 105  112      8.845      6.072      9.494
 111  113     11.547     -5.027     -9.308
 138   -2     -6.842     -4.125     -7.144
 102    2     13.899     -2.077      1.661
 109   -2      8.824     -1.432    -11.273
  68   80    -12.922    -10.642     -3.685
  -1   17     14.018    -10.300      8.579
 112   -2     -7.698     -3.761     -2.491
  30   47     17.141     -5.988      1.650
  -1   -2     16.973     -7.375      3.249
  -1  101     16.004     -0.700      6.708
  25  122    -11.530     -2.946     -4.669
  -1   56     16.160     -7.022      6.071
  -1   -2     13.992     -8.796      7.267
 121  127     -5.581      4.395     -4.329
  69   36      2.073    -10.648     -3.461
  -1   82    -10.606     -1.401     -5.911
  -1  123     -4.269      1.209      7.588
  -1   -2     -6.315     -5.036    -10.331
  -1   24     -6.011     -8.665      1.139
  18  129      5.719     -7.013     -6.002
 118  157      2.461     -3.241      8.308
  -1   -2     17.092     -1.064     -9.267
  -1   -2     18.000      4.074      1.097
  -1   -2      4.134     -3.698      8.254
  -1  227     10.686      3.241     -7.526
  -1   -2      1.060     -0.040     -0.291
  -1   -2     15.433      4.372      2.074
  -1   90     -5.870     -3.108     -6.368
  -1   -2     -5.869      0.915      3.030
  -1   -2     14.975      2.939     -5.932
  -1   -2     20.638     -3.928     -0.989
  -1   -2     -8.158     -4.251      4.370
 100   -2     -2.907      1.469     -8.302
  54  106     14.303     -2.481      5.670
  51   -2     14.018    -10.300      8.579
  -1   -2     -3.533     -6.542     -8.445
 145   -2      4.134     -3.698      8.254
  -1   -2     10.686      3.241     -7.526
  -1   -2     17.092     -1.064     -9.267
 128  145     18.000      4.074      1.097
  -1   -2      1.060     -0.040     -0.291
  -1   -2     15.433      4.372      2.074
  -1   -2     14.975      2.939     -5.932
 103   71     -5.870     -3.108     -6.368
  -1   -2     -5.869      0.915      3.030
  -1   -2     20.638     -3.928     -0.989
  -1   -2     -8.158     -4.251      4.370
  -1   -2     -3.533     -6.542     -8.445
  -1   -2     17.092     -1.064     -9.267
  -1   -2     10.686      3.241     -7.526
  -1   -2      1.060     -0.040     -0.291
  -1   -2     15.433      4.372      2.074
  -1   -2     14.975      2.939     -5.932
  -1   -2     -5.869      0.915      3.030
  -1   -2     20.638     -3.928     -0.989
  -1   -2     -8.158     -4.251      4.370
  -1   -2     -3.533     -6.542     -8.445
  -1   -2     10.686      3.241     -7.526
  -1   -2     17.092     -1.064     -9.267
  -1   -2      1.060     -0.040     -0.291
  -1   -2     15.433      4.372      2.074
  -1   -2     14.975      2.939     -5.932
  -1   -2     -5.869      0.915      3.030
  -1   -2     -8.158     -4.251      4.370
  -1   -2     20.638     -3.928     -0.989
  -1   -2     -3.533     -6.542     -8.445
  -1   -2     17.092     -1.064     -9.267
  -1   -2     10.686      3.241     -7.526
  -1   -2      1.060     -0.040     -0.291
  -1   -2     15.433      4.372      2.074
  80  188     -5.869      0.915      3.030
  -1   -2     14.975      2.939     -5.932
  -1   -2     20.638     -3.928     -0.989
  -1   -2     -8.158     -4.251      4.370
  -1   -2     -3.533     -6.542     -8.445
  -1   -2     10.686      3.241     -7.526
  -1   -2     17.092     -1.064     -9.267
  -1   -2      1.060     -0.040     -0.291
  -1   -2     15.433      4.372      2.074
  -1   -2     14.975      2.939     -5.932
  -1   -2     -8.158     -4.251      4.370
  -1   -2     20.638     -3.928     -0.989
  -1   -2     -3.533     -6.542     -8.445
  -1   -2     10.686      3.241     -7.526
  -1   -2     17.092     -1.064     -9.267
  79  136      1.060     -0.040     -0.291
  -1   -2     15.433      4.372      2.074
  -1   -2     14.975      2.939     -5.932
  -1   -2     -8.158     -4.251      4.370
  -1   -2     20.638     -3.928     -0.989
  -1   -2     -3.533     -6.542     -8.445
  -1   -2     17.092     -1.064     -9.267
  -1   -2     10.686      3.241     -7.526
  -1   -2     15.433      4.372      2.074
  -1   -2     14.975      2.939     -5.932
  -1   -2     20.638     -3.928     -0.989
  -1   -2     -3.533     -6.542     -8.445
  -1   -2     17.092     -1.064     -9.267
  -1   -2     10.686      3.241     -7.526
  -1   -2     15.433      4.372      2.074
  -1   -2     14.975      2.939     -5.932
  -1   -2     -8.158     -4.251      4.370
  -1   -2     20.638     -3.928     -0.989
  -1   -2     -3.533     -6.542     -8.445
  -1   -2     10.686      3.241     -7.526
  -1   -2     17.092     -1.064     -9.267
  -1   -2     15.433      4.372      2.074
  -1   -2     14.975      2.939     -5.932
  -1   -2     20.638     -3.928     -0.989
  -1   -2     -3.533     -6.542     -8.445
  -1   -2     10.686      3.241     -7.526
  -1   -2     17.092     -1.064     -9.267
  -1   -2     15.433      4.372      2.074
 228   -2     14.975      2.939     -5.932
  -1   -2     20.638     -3.928     -0.989
  -1   -2     -3.533     -6.542     -8.445
  -1   -2     10.686      3.241     -7.526
  -1   -2     17.092     -1.064     -9.267
  -1   -2     15.433      4.372      2.074
  -1   -2     20.638     -3.928     -0.989
  -1   -2     -3.533     -6.542     -8.445
  -1   -2     17.092     -1.064     -9.267
  -1   -2     10.686      3.241     -7.526
  -1   -2     15.433      4.372      2.074
  -1   -2     20.638     -3.928     -0.989
  -1   -2     -3.533     -6.542     -8.445
  -1   -2     10.686      3.241     -7.526
 107   -2     17.092     -1.064     -9.267
  -1   -2     15.433      4.372      2.074
  -1   -2     20.638     -3.928     -0.989
  -1   -2     -3.533     -6.542     -8.445
  -1   -2     10.686      3.241     -7.526
  -1   -2     15.433      4.372      2.074
  -1   -2     20.638     -3.928     -0.989
  -1   -2     -3.533     -6.542     -8.445
  -1   -2     10.686      3.241     -7.526
  -1   -2     15.433      4.372      2.074
 253  247     20.638     -3.928     -0.989
  -1   -2     -3.533     -6.542     -8.445
  -1   -2     10.686      3.241     -7.526
  -1   -2     15.433      4.372      2.074
  -1   -2     -3.533     -6.542     -8.445
  -1   -2     10.686      3.241     -7.526
  -1   -2     15.433      4.372      2.074
  -1   -2     -3.533     -6.542     -8.445
  -1   -2     10.686      3.241     -7.526
  -1   -2     15.433      4.372      2.074
  -1   -2     -3.533     -6.542     -8.445
  -1   -2     10.686      3.241     -7.526
  -1   -2     15.433      4.372      2.074
  -1   -2     -3.533     -6.542     -8.445
  -1   -2     10.686      3.241     -7.526
  -1   -2     15.433      4.372      2.074
  -1   -2     10.686      3.241     -7.526
  -1   -2     15.433      4.372      2.074
  -1   -2     -3.533     -6.542     -8.445
  -1   -2     10.686      3.241     -7.526
  -1   -2     15.433      4.372      2.074
  -1   -2     -3.533     -6.542     -8.445
  -1   -2     10.686      3.241     -7.526
  -1   -2     15.433      4.372      2.074
 285  114     10.686      3.241     -7.526
  -1   -2     15.433      4.372      2.074
  -1   -2     -3.533     -6.542     -8.445
  -1   -2     15.433      4.372      2.074
  -1   -2     -3.533     -6.542     -8.445
  -1   -2     15.433      4.372      2.074
  -1   -2     15.433      4.372      2.074
  -1   -2     15.433      4.372      2.074
  -1   -2     15.433      4.372      2.074
  -1   -2     -3.533     -6.542     -8.445
  -1   -2     15.433      4.372      2.074
  -1   -2     -3.533     -6.542     -8.445
  -1   -2     15.433      4.372      2.074
  -1   -2     -3.533     -6.542     -8.445
  -1   -2     15.433      4.372      2.074
  -1   -2     -3.533     -6.542     -8.445
  -1   -2     15.433      4.372      2.074
  -1   -2     -3.533     -6.542     -8.445
  -1   -2     15.433      4.372      2.074
  -1   -2     -3.533     -6.542     -8.445
  -1   -2     15.433      4.372      2.074
  -1   -2     -3.533     -6.542     -8.445
  -1   -2     15.433      4.372      2.074
  -1   -2     -3.533     -6.542     -8.445
  -1   -2     15.433      4.372      2.074
  -1   -2     -3.533     -6.542     -8.445
  -1   -2     15.433      4.372      2.074
  -1   -2     -3.533     -6.542     -8.445
  -1   -2     15.433      4.372      2.074
  -1   -2     -3.533     -6.542     -8.445
  -1   -2     15.433      4.372      2.074
  -1   -2     -3.533     -6.542     -8.445
  -1   -2     15.433      4.372      2.074
  -1   -2     -3.533     -6.542     -8.445
  -1   -2     15.433      4.372      2.074
  -1   -2     -3.533     -6.542     -8.445
  -1   -2     15.433      4.372      2.074
  -1   -2     -3.533     -6.542     -8.445
  -1   -2     15.433      4.372      2.074
  -1   -2     -3.533     -6.542     -8.445
  -1   -2     15.433      4.372      2.074
  -1   -2     -3.533     -6.542     -8.445
  -1   -2     15.433      4.372      2.074
  -1   -2     -3.533     -6.542     -8.445
  -1   -2     15.433      4.372      2.074
  -1   -2     -3.533     -6.542     -8.445
  -1   -2     15.433      4.372      2.074
  -1   -2     15.433      4.372      2.074
  -1   -2     -3.533     -6.542     -8.445
  -1   -2     15.433      4.372      2.074
  -1   -2     -3.533     -6.542     -8.445
  -1   -2     15.433      4.372      2.074
  -1   -2     -3.533     -6.542     -8.445
  -1   -2     15.433      4.372      2.074
  -1   -2     15.433      4.372      2.074
  -1   -2     -3.533     -6.542     -8.445
  -1   -2     15.433      4.372      2.074
  -1   -2     -3.533     -6.542     -8.445
  -1   -2     15.433      4.372      2.074
  -1   -2     -3.533     -6.542     -8.445
  -1   -2     15.433      4.372      2.074
  -1   -2     -3.533     -6.542     -8.445
  -1   -2     15.433      4.372      2.074
  -1   -2     -3.533     -6.542     -8.445
  -1   -2     15.433      4.372      2.074
  -1   -2     -3.533     -6.542     -8.445
  -1   -2     15.433      4.372      2.074
  -1   -2     15.433      4.372      2.074
  -1   -2     -3.533     -6.542     -8.445
  -1   -2     15.433      4.372      2.074
  -1   -2     15.433      4.372      2.074
  -1   -2     -3.533     -6.542     -8.445
  -1   -2     15.433      4.372      2.074
  -1   -2     -3.533     -6.542     -8.445
  -1   -2     15.433      4.372      2.074
  -1   -2     15.433      4.372      2.074
  -1   -2     -3.533     -6.542     -8.445
  -1   -2     15.433      4.372      2.074
  -1   -2     -3.533     -6.542     -8.445
  -1   -2     15.433      4.372      2.074
  -1   -2     -3.533     -6.542     -8.445
  -1   -2     15.433      4.372      2.074
  -1   -2     -3.533     -6.542     -8.445
  -1   -2     15.433      4.372      2.074
  -1   -2     -3.533     -6.542     -8.445
  -1   -2     15.433      4.372      2.074
  -1   -2     -3.533     -6.542     -8.445
  -1   -2     15.433      4.372      2.074
  -1   -2     15.433      4.372      2.074
  -1   -2     -3.533     -6.542     -8.445
  -1   -2     15.433      4.372      2.074
  -1   -2     -3.533     -6.542     -8.445
  -1   -2     15.433      4.372      2.074
  -1   -2     -3.533     -6.542     -8.445
  -1   -2     15.433      4.372      2.074
  -1   -2     -3.533     -6.542     -8.445
  -1   -2     15.433      4.372      2.074
  -1   -2     -3.533     -6.542     -8.445
  -1   -2     15.433      4.372      2.074
  -1   -2     -3.533     -6.542     -8.445
  -1   -2     15.433      4.372      2.074
  -1   -2     -3.533     -6.542     -8.445
  -1   -2     15.433      4.372      2.074
  -1   -2     -3.533     -6.542     -8.445
  -1   -2     15.433      4.372      2.074
  -1   -2     -3.533     -6.542     -8.445
  -1   -2     15.433      4.372      2.074
  -1   -2     -3.533     -6.542     -8.445
 389   -2     15.433      4.372      2.074
  -1   -2     -3.533     -6.542     -8.445
  -1   -2     -3.533     -6.542     -8.445
  -1   -2     -3.533     -6.542     -8.445
  -1   -2     -3.533     -6.542     -8.445
   8  382     -3.533     -6.542     -8.445
