351
 120   -2     15.297     -6.485     -1.245
   1   33      1.311     -9.466      1.676
  95   36     14.135     -3.465     -1.535
  -1   85     -2.697     -9.324     -4.045
   4    4     -1.568     -7.154      3.326
  21   -2     -2.981     -4.608      1.316
  -1   95      2.170     -9.174      1.320
  -1   63     -3.651     -6.562     -8.771
  62    1     -4.512     -6.039      2.162
   9   10     16.083     -2.972     -7.974
  -1   -2     14.934    -10.232     -7.379
 114   17     13.747     -7.917      3.804
  23    5     -4.294     -8.877     -0.665
  11   11     14.580     -6.223     -4.996
 107   12     17.852     -9.496     -4.256
  14   21      4.449     -3.702      9.135
  12   -2     10.327     -7.605      1.088
 103   -2      9.823     -5.247     -4.617
  17   14     -1.489     -9.021      9.589
  18   16     10.869     -3.157     10.200
  -1   94      9.801     -2.441      7.027
  13    9     -3.328     -9.797      5.353
 121    2     -0.083     -9.374      1.656
  -1   -2      3.308     -7.678      5.099
  50   59     19.225     -8.486     -0.624
  -1   -2     15.300     -2.657     -7.081
  -1   -2     15.374     -1.828     -6.819
 111   -2     12.602     -1.700     -0.058
   2   -2      8.186     -9.207      9.498
  68   -2      9.597     -8.252      9.583
  -1   13     11.600     -8.477     -1.288
  -1   -2     20.269     -6.020     -9.278
  30   58      5.711     -7.012     -6.004
  -1   40      7.154     -8.300     -6.602
  93   -2     -1.178     -3.914      0.126
  -1   -2     14.300    -10.232     -7.879
  26   -2     13.909     -3.973     -3.426
  36   -2     16.085      0.542     -8.698
   0   -2     16.172     -8.050     -2.483
  43   -2      6.889     -6.360      5.979
  -1   19      3.976     -5.460      6.396
  76   45     -5.167     -1.871      5.608
   5   -2      0.568     -8.802      2.447
  48   -2     -8.605     -9.053      5.162
  20   30      7.394     -8.995      5.885
 108   55     13.556     -6.887      8.540
  61   -2     -1.810     -9.784     -4.272
  -1   -2      8.964     -7.485     -9.639
  27   48     20.210     -8.335     -1.770
  34   15      0.350     -8.019     -2.377
  -1  257      9.719      0.746      7.584
  59   65      1.089     -9.788      8.767
  66  117      6.185     -2.638     -1.784
  -1   18      9.441     -4.129      4.294
 109   70     17.209     -3.842      3.517
  58   -2      9.453     -5.578      8.478
  44   -2     -6.040     -8.646      0.667
  29   -2      1.003     -5.421     -5.749
 101   -2     -6.555     -7.826     -1.374
  31   57     -8.255     -6.799     -2.380
  19   44      1.105     -7.321      0.439
  -1   37     12.480     -8.649      6.797
  -1  130     -5.285    -10.734     -4.702
  -1   56     10.330     -5.004     -0.208
   8   -2     -3.588     -6.417     -3.813
  -1   23      4.193     -6.674      8.375
  52   25     18.297     -7.957      1.065
  67   -2      4.637     -6.778     -8.417
  69   80     15.999      2.489     -8.907
  -1  231     10.686      3.240     -7.525
  -1   68     17.996      4.074      1.106
  -1   -2     17.083     -1.062     -9.277
  -1   -2     17.832    -10.437     -8.216
  71   97     15.774     -1.261      1.921
  46   -2     13.834     -9.707     -6.583
  -1   -2     14.605     -0.597     -4.519
  -1   77      8.228      5.426     -8.419
  -1   -2     15.436      4.373      2.070
  -1   60     -3.760     -4.288    -10.877
 129   35     -4.864     -1.355      7.302
  -1   -2     -5.870     -3.106     -6.353
  87   72      1.448     -2.383      2.759
  -1   -2     14.973      2.937     -5.924
  -1   -2    -12.843     -9.966     -3.530
  -1   -2     -5.865      0.913      3.033
  86   79    -10.234    -10.833      2.689
  -1  172     -5.408     -1.996      0.342
  -1   24     11.828      0.389      3.319
  -1   -2     17.591      3.834    -12.371
 117   -2      5.564      0.776      4.598
  90   -2    -14.189    -10.532      5.556
 105  115    -10.479     -7.043     -8.119
  -1   49     16.711     -4.844      5.226
  16   -2     -2.630    -10.604    -11.282
 156  175     20.637     -3.928     -0.987
  91   93     18.510     -7.530     11.340
 113   51     -9.768     -7.345     -0.556
 102   92     18.814      0.373     -6.149
  -1   42     12.643    -10.667    -10.166
  -1  109     14.302     -2.482      5.674
  75   52      7.552     -1.750      0.745
  -1   -2     -8.179     -4.252      4.324
  88   -2     12.327     -8.591     10.062
  -1   -2     14.952      0.651      7.983
  -1   54      7.069     -4.264      9.037
 100  101     -7.958      0.446    -10.930
  -1  102    -12.683     -7.608     -9.220
  -1   -2     19.974      1.585     -7.509
  -1   69    -11.702     -9.622     -7.465
  -1   22      9.943     -0.520      8.722
 106  119    -12.894     -5.434     -3.249
 110   -2      8.833     -1.433    -11.232
 104  106      8.846      6.073      9.496
  -1    3     13.898     -2.077      1.662
  -1   -2     10.689     -9.739     -8.714
 112   -2     -6.841     -4.126     -7.136
  99   -2    -11.022     -5.648     -6.994
  -1    0     16.974     -7.376      3.244
  55   -2     17.143     -5.989      1.648
  -1  111    -10.228     -1.531     -7.347
 119   -2     -7.700     -3.759     -2.477
  53   39      7.891     -4.799      5.587
  -1   -2     -4.689     -6.256      6.535
  -1   -2    -10.091     -2.782     -4.300
  -1   20     -2.378     -5.057     -4.432
  -1   -2     11.696     -4.982     -8.772
  -1  118    -10.494     -3.497     -8.710
 122  126     -5.579      4.393     -4.343
  -1   27      0.141     -9.854      4.952
 124  125     13.521      4.895     -8.313
  -1   -2     17.335     -0.212     10.234
  -1   64      8.756    -10.263      9.575
 339  354     -3.518     -6.538     -8.402
  28   -2     -4.549     -8.894     -1.331
  -1   -2     17.083     -1.062     -9.277
  -1   -2     10.686      3.240     -7.525
  -1   -2     -5.865      0.913      3.033
  -1  347     15.436      4.373      2.070
  -1  181     14.973      2.937     -5.924
  78   86     -5.870     -3.106     -6.353
  -1   -2     11.828      0.389      3.319
 131  150    -12.843     -9.966     -3.530
  -1   -2     -5.408     -1.996      0.342
  -1   -2     -8.179     -4.252      4.324
  -1   -2     20.637     -3.928     -0.987
  -1  215     19.974      1.585     -7.509
  -1   -2     -3.518     -6.538     -8.402
  -1   -2     10.686      3.240     -7.525
  -1   -2     17.083     -1.062     -9.277
  -1   -2     15.436      4.373      2.070
  -1   -2     -5.865      0.913      3.033
  -1   -2     14.973      2.937     -5.924
  -1   81     -5.408     -1.996      0.342
  -1   -2     11.828      0.389      3.319
  -1   -2     20.637     -3.928     -0.987
  -1   -2     -8.179     -4.252      4.324
  -1   -2     19.974      1.585     -7.509
  -1   -2     -3.518     -6.538     -8.402
  -1   -2     10.686      3.240     -7.525
  -1   -2     17.083     -1.062     -9.277
  -1   -2     15.436      4.373      2.070
  -1   -2     -5.865      0.913      3.033
  -1   -2     14.973      2.937     -5.924
  -1   -2     11.828      0.389      3.319
  -1   -2     20.637     -3.928     -0.987
  -1   -2     -8.179     -4.252      4.324
  -1   -2     19.974      1.585     -7.509
  -1   -2     -3.518     -6.538     -8.402
  -1   -2     10.686      3.240     -7.525
  -1   -2     17.083     -1.062     -9.277
  -1   -2     15.436      4.373      2.070
  -1   -2     -5.865      0.913      3.033
  -1   -2     14.973      2.937     -5.924
  -1   -2     11.828      0.389      3.319
  94  176     -8.179     -4.252      4.324
  -1   -2     20.637     -3.928     -0.987
 199   -2     19.974      1.585     -7.509
  -1   -2     -3.518     -6.538     -8.402
  -1   -2     17.083     -1.062     -9.277
  -1   -2     10.686      3.240     -7.525
  -1   -2     15.436      4.373      2.070
  -1   -2     14.973      2.937     -5.924
  -1   -2     -5.865      0.913      3.033
  -1   -2     11.828      0.389      3.319
  -1   -2     -3.518     -6.538     -8.402
  -1   -2     10.686      3.240     -7.525
 126   96     17.083     -1.062     -9.277
  -1   -2     15.436      4.373      2.070
  60   -2     14.973      2.937     -5.924
  -1   -2     -5.865      0.913      3.033
  -1   -2     11.828      0.389      3.319
  -1   -2     -3.518     -6.538     -8.402
  -1   -2     10.686      3.240     -7.525
  -1   -2     15.436      4.373      2.070
  -1   -2     -5.865      0.913      3.033
  -1   -2     11.828      0.389      3.319
  -1   -2     -3.518     -6.538     -8.402
  -1   -2     10.686      3.240     -7.525
  -1   -2     15.436      4.373      2.070
  -1   -2     -5.865      0.913      3.033
  -1   -2     11.828      0.389      3.319
  -1   -2     -3.518     -6.538     -8.402
  -1   -2     10.686      3.240     -7.525
  -1   -2     15.436      4.373      2.070
  -1   -2     -5.865      0.913      3.033
  -1   -2     11.828      0.389      3.319
  -1   -2     10.686      3.240     -7.525
  -1   -2     15.436      4.373      2.070
  -1   -2     -5.865      0.913      3.033
  -1   -2     11.828      0.389      3.319
  -1   -2     -3.518     -6.538     -8.402
  -1   -2     10.686      3.240     -7.525
  -1   -2     15.436      4.373      2.070
  -1   -2     -5.865      0.913      3.033
  -1   -2     11.828      0.389      3.319
  -1   -2     -3.518     -6.538     -8.402
  -1   -2     10.686      3.240     -7.525
  -1   -2     15.436      4.373      2.070
  -1   -2     -5.865      0.913      3.033
  -1   -2     11.828      0.389      3.319
  -1   -2     10.686      3.240     -7.525
  -1   -2     15.436      4.373      2.070
  -1   -2     -5.865      0.913      3.033
  -1   -2     11.828      0.389      3.319
  -1   -2     -3.518     -6.538     -8.402
  -1   -2     10.686      3.240     -7.525
  -1   -2     15.436      4.373      2.070
  -1   -2     -5.865      0.913      3.033
  -1   -2     11.828      0.389      3.319
  -1   -2     -3.518     -6.538     -8.402
  -1   -2     10.686      3.240     -7.525
  -1   -2     15.436      4.373      2.070
  -1   -2     11.828      0.389      3.319
  70   -2     10.686      3.240     -7.525
  -1   -2     15.436      4.373      2.070
  -1   -2     11.828      0.389      3.319
  -1   -2     15.436      4.373      2.070
  -1   -2     11.828      0.389      3.319
  -1   -2     15.436      4.373      2.070
  -1   -2     11.828      0.389      3.319
  -1   -2     -3.518     -6.538     -8.402
  -1   -2     15.436      4.373      2.070
  -1   -2     11.828      0.389      3.319
  -1   -2     -3.518     -6.538     -8.402
  -1   -2     15.436      4.373      2.070
  -1   -2     11.828      0.389      3.319
  -1   -2     -3.518     -6.538     -8.402
  -1   -2     15.436      4.373      2.070
  -1   -2     11.828      0.389      3.319
  -1   -2     -3.518     -6.538     -8.402
  -1   -2     15.436      4.373      2.070
  -1   -2     11.828      0.389      3.319
  -1   -2     -3.518     -6.538     -8.402
  -1   -2     15.436      4.373      2.070
 132   -2     11.828      0.389      3.319
  -1   -2     -3.518     -6.538     -8.402
  -1   -2     15.436      4.373      2.070
  -1   -2     -3.518     -6.538     -8.402
  -1   -2     15.436      4.373      2.070
  -1   -2     -3.518     -6.538     -8.402
  -1   -2     15.436      4.373      2.070
  -1   -2     -3.518     -6.538     -8.402
  -1   -2     15.436      4.373      2.070
  -1   -2     -3.518     -6.538     -8.402
  -1   -2     15.436      4.373      2.070
  -1   -2     -3.518     -6.538     -8.402
  -1   -2     15.436      4.373      2.070
  -1   -2     -3.518     -6.538     -8.402
  -1   -2     15.436      4.373      2.070
  -1   -2     -3.518     -6.538     -8.402
  -1   -2     15.436      4.373      2.070
  -1   -2     -3.518     -6.538     -8.402
  -1   -2     15.436      4.373      2.070
  -1   -2     -3.518     -6.538     -8.402
  -1   -2     15.436      4.373      2.070
  -1   -2     -3.518     -6.538     -8.402
  -1   -2     15.436      4.373      2.070
  -1   -2     -3.518     -6.538     -8.402
  -1   -2     15.436      4.373      2.070
  -1   -2     -3.518     -6.538     -8.402
  -1   -2     15.436      4.373      2.070
  -1   -2     -3.518     -6.538     -8.402
  -1   -2     15.436      4.373      2.070
  -1   -2     15.436      4.373      2.070
  -1   -2     -3.518     -6.538     -8.402
  -1   -2     15.436      4.373      2.070
  -1   -2     -3.518     -6.538     -8.402
  -1   -2     15.436      4.373      2.070
  -1   -2     -3.518     -6.538     -8.402
  -1   -2     15.436      4.373      2.070
  -1   -2     15.436      4.373      2.070
  -1   -2     -3.518     -6.538     -8.402
  -1   -2     15.436      4.373      2.070
  -1   -2     -3.518     -6.538     -8.402
  -1   -2     15.436      4.373      2.070
  -1   -2     -3.518     -6.538     -8.402
  -1   -2     15.436      4.373      2.070
  -1   -2     -3.518     -6.538     -8.402
  -1   -2     15.436      4.373      2.070
  -1   -2     -3.518     -6.538     -8.402
  -1   -2     15.436      4.373      2.070
  -1   -2     -3.518     -6.538     -8.402
  -1   -2     15.436      4.373      2.070
  -1   -2     15.436      4.373      2.070
  -1   -2     -3.518     -6.538     -8.402
  -1   -2     15.436      4.373      2.070
  -1   -2     15.436      4.373      2.070
  -1   -2     -3.518     -6.538     -8.402
  -1   -2     15.436      4.373      2.070
  -1   -2     -3.518     -6.538     -8.402
  -1   -2     15.436      4.373      2.070
  -1   -2     15.436      4.373      2.070
  -1   -2     -3.518     -6.538     -8.402
  -1   -2     15.436      4.373      2.070
  -1   -2     -3.518     -6.538     -8.402
  -1   -2     15.436      4.373      2.070
  -1   -2     -3.518     -6.538     -8.402
  -1   -2     15.436      4.373      2.070
  -1   -2     -3.518     -6.538     -8.402
  -1   -2     15.436      4.373      2.070
  -1   -2     -3.518     -6.538     -8.402
  -1   -2     15.436      4.373      2.070
  -1   -2     -3.518     -6.538     -8.402
  -1   -2     15.436      4.373      2.070
  -1   -2     15.436      4.373      2.070
  -1   -2     -3.518     -6.538     -8.402
  -1   -2     15.436      4.373      2.070
  -1   -2     -3.518     -6.538     -8.402
  -1   -2     15.436      4.373      2.070
  -1   -2     -3.518     -6.538     -8.402
  -1   -2     15.436      4.373      2.070
  -1   -2     -3.518     -6.538     -8.402
  -1   -2     15.436      4.373      2.070
  -1   -2     -3.518     -6.538     -8.402
  -1   -2     15.436      4.373      2.070
  -1   -2     -3.518     -6.538     -8.402
  -1   -2     15.436      4.373      2.070
  -1   -2     -3.518     -6.538     -8.402
  -1   -2     15.436      4.373      2.070
  -1   -2     -3.518     -6.538     -8.402
  -1   -2     15.436      4.373      2.070
  -1   -2     -3.518     -6.538     -8.402
  -1   -2     15.436      4.373      2.070
  -1   -2     -3.518     -6.538     -8.402
  -1   -2     15.436      4.373      2.070
  -1   -2     -3.518     -6.538     -8.402
 332   -2     15.436      4.373      2.070
  -1   -2     -3.518     -6.538     -8.402
  -1   -2     -3.518     -6.538     -8.402
  -1   -2     -3.518     -6.538     -8.402
 137    6     -3.518     -6.538     -8.402
