192
  53   -2      2.898     -9.120      3.138
  14   53      2.592     -8.513     -4.571
  40   49      0.720     -7.152     -3.734
  12  134     -0.510     -9.034     -3.084
   3    7      2.682     -1.339      6.361
  48   -2      0.076     -8.302     -0.534
 125   -2      5.028     -8.002      4.323
  84   -2     -1.218     -6.354     -3.161
  49   -2     -1.237     -9.610     -1.079
  23   48      6.497     -8.623     -3.428
  -1   -2      1.475     -9.081      1.885
  39   -2     -1.103     -7.801     -6.284
 139   19      6.160     -8.947     -0.455
  27   -2      1.203     -8.595      3.395
  98   80      1.849     -8.187     -8.382
  -1   -2     10.099     -7.282      5.681
  16  170      2.741     -7.149      8.909
  -1    2      2.713     -7.407      9.255
  13   21      6.046     -5.716      0.078
  56    4      0.111     -6.474      1.985
  97   41      2.136     -7.418    -10.498
  78   -2     -0.052     -8.083     -0.077
  -1   -2      3.043     -7.923     -2.553
 110   -2      5.077     -7.704     -3.883
  17   -2      3.425     -9.334     -7.750
  54  195      1.181     -2.295     -2.204
   8   61      0.088     -7.506     -7.364
  20   71      6.317     -7.103     -5.127
  -1   23      6.489     -7.506     -3.784
  -1    1      0.080     -9.008     -0.575
  -1   -2      5.674     -8.135     -2.659
 140  201      7.994     -8.244      2.889
  15   82      4.048     -7.041     -4.502
  -1   -2      3.848     -9.066    -10.341
  18  185      3.684     -6.933      9.341
  81   76      7.016     -7.197     -1.523
  31   35      1.453     -9.013     -1.976
  33  126     10.671     -8.353     -1.493
  -1   64      3.880     -7.091     -1.323
   5   10      4.846     -7.841      1.375
 100   -2      8.954     -8.024     -5.685
 145  171      6.845     -5.713      5.239
  -1   63      3.655     -7.907     -6.807
   7   29      5.096     -8.179      3.155
   6   26      0.167     -7.323      2.400
  -1   -2      0.568     -7.694      7.514
  -1   -2      5.985     -8.826      4.263
 116  120     10.290     -5.735      6.375
  63   12     -2.405     -9.597      3.769
  76  222     16.782     -8.348     -8.720
  41    6      1.057     -7.013     -4.056
  -1   46      5.726     -8.078     -9.272
 107   28     -1.532     -8.918     -3.625
  91   -2     -1.802     -5.933      1.662
  -1   -2      6.351     -5.731     -6.219
 146   84      3.183     -9.497      1.554
   9   75     -1.465     -7.952     -0.249
  -1  189      6.213     -6.334     -8.721
  21  143      3.931     -7.248     -9.277
  34   40      5.396     -9.303     -6.407
  -1   11      5.267     -7.548     -3.541
  -1  121      3.025     -7.623      0.718
  -1   83      2.338     -9.278     -9.349
  88   22      0.205     -7.248      3.522
  -1    8     -1.576     -9.259     -1.045
  -1   13      3.194     -8.523      2.596
  -1   89     14.752     -9.553    -10.273
  -1   59     -2.691     -8.893      6.447
  -1   -2     -4.443    -10.806     -5.209
  92  203      8.250     -9.516      8.013
  -1   -2     -0.568    -10.375      5.986
  61  117      5.930     -9.322      9.858
  -1   -2     -0.188    -10.184      8.342
  10   -2     -0.970    -10.389      1.533
  43   -2     -3.747     -9.427      2.125
  -1  137      9.802     -9.128     -7.221
 144  175     12.222     -3.070      0.836
 120   -2      0.166     -6.219     -9.090
 126   -2     16.314     -9.389      1.045
  -1   -2      8.307     -5.164     -3.369
  19   -2      1.322    -10.331     -6.877
  -1  133      3.435    -10.297     -9.414
  -1  125      3.833    -10.412     -9.329
  -1   -2     -1.215     -6.390      6.418
  65   58     16.781     -4.745    -10.662
  -1   18      1.726     -9.649     -5.191
  -1  186     12.540     -9.313      3.395
 103   -2     12.970     -8.364      4.188
  80  115     12.287     -7.474      3.793
  -1   39     -2.168     -7.121     -5.970
  89   72      9.848     -5.545     -5.039
  -1   -2     10.146     -8.767      8.357
  -1   -2      2.262     -1.975      1.056
  69  161     16.328     -8.577      6.364
  35  123     -2.114     -4.932     -3.939
 135  216    -10.667    -10.825      3.808
  77   27     10.190     -8.191      7.495
 118  150     -3.435     -7.620      3.047
  -1   68     -2.546     -8.024      8.898
  -1  198     -2.247     -6.724     -3.326
  24   16      7.465     -6.886     -4.423
 149  132      6.947     -7.050      3.248
 115  106      0.062     -9.868      3.325
  -1   81      2.607    -10.139     -8.973
  -1    0      5.620     -9.361     -0.408
  -1  112     -1.359     -8.425     10.160
  -1  148      6.109     -5.533     -7.179
  37  231      4.477     -8.016      1.630
  -1   -2     12.123     -6.303      0.830
  38  149      5.325     -6.522    -10.241
  67   47     13.003     -6.780      6.221
  -1   -2      7.834     -8.671      4.314
  32   -2      0.001     -8.547     -4.256
  -1   -2      8.667     -8.959      4.770
  -1  179      1.118     -7.087     10.240
  28  163     -2.556     -7.123      3.701
  -1   55      9.452     -7.435     -5.634
  -1   91     -4.598    -10.559     -0.867
  -1   -2      0.422     -5.074     -9.087
 132   -2     17.502     -7.837     -0.030
  -1   -2      2.901    -10.577    -10.064
  72  146     16.003     -8.547     -2.862
  -1   -2      3.109     -9.204     -0.982
  -1   -2     -0.597     -5.231     -2.050
  -1   77      0.859     -5.680    -10.617
  79   33     -2.280     -6.446     -5.873
  99  155      4.051     -5.860     -7.048
  -1    5      2.061     -6.398     -5.840
 108  205     -0.637     -6.488      9.598
  -1    3      2.967     -8.633     -9.596
 109  196     10.125     -8.456    -10.168
  -1   -2     -0.684    -11.017      2.750
  -1  177     -1.763     -5.609      7.226
  93  181     13.705     -6.599      7.393
  -1   -2      1.283     -9.532     -9.387
  -1  142      1.105     -3.675     -2.447
  -1   62      4.582     -9.170     10.127
  46   -2     10.038     -6.897     -2.398
  -1   -2      4.909     -7.738     -6.231
  85   14      6.873     -6.962      9.040
  44   34      9.898     -7.839      1.983
 114   85     -2.658     -5.964     -2.403
  -1   -2      0.589     -8.398     -8.360
  -1  183     -6.538     -7.827     -1.422
  74   -2     -2.032     -6.812     -2.902
  86    9      2.535     -5.652      0.501
  -1   -2     19.115     -8.845     -1.468
 131  166     -2.625     -3.283     -2.090
  51  119     13.360     -7.701      6.052
  42   38     -3.619    -10.030     -1.772
 152   95      3.541     -7.067      3.348
  87   52      2.046     -8.885     -3.215
  -1  144      9.378     -5.952      3.225
  -1   79      6.134     -8.852      2.531
  -1   43     -4.253     -5.543      7.817
 137   88     -6.889    -10.249      4.700
 105   -2      2.381     -8.197     -9.497
  57   74      5.256     -8.379     -2.418
  -1   -2     13.799     -8.534      4.845
  -1   45      6.121     -7.435      7.654
  -1   50     -6.078    -11.256      0.848
 134   -2     16.882     -5.181     -1.012
  -1   -2     15.787     -1.259      1.899
 104  160     -7.016     -6.680      4.485
  -1  227     -7.193     -4.123     -5.981
 130   93     -4.863     -1.354      7.304
 136   54      9.920     -5.369      0.225
  -1  114      8.877     -4.875     -9.315
  -1  127     -2.154     -5.142    -11.228
  -1   -2      0.435     -3.565     -8.343
  29  156     13.037     -5.828      9.167
  -1   99     -0.272     -3.071     -4.937
  -1   -2     13.546    -10.000      7.256
  -1  122     17.880     -5.811      4.063
  -1  100      2.957     -4.931    -11.203
  -1  130     16.018      1.176     -8.508
  -1  104      8.761     -3.744      9.420
  -1   96     19.857     -8.653     -1.713
  -1   30     -6.761     -4.015     -5.732
 147  220     -2.216      5.323     -9.424
  -1   -2     10.667     -4.140     -5.233
  -1  221     -0.619     -4.528     -8.765
  -1  187     -3.677      0.324     -1.666
  64   -2      3.015     -3.478      5.348
 154   -2     13.244     -3.279     -1.229
  -1  214    -10.613     -5.650     -8.495
  -1  124     18.251     -8.189     10.255
  -1  153     19.800     -9.939     -9.069
  -1  192      3.766     -3.971     -2.584
  -1  109      2.597     -2.043      0.076
  -1   90     15.787     -1.259      1.899
 138  234     15.787     -1.259      1.899
