463
   1  443      7.799     -4.921      9.971
 148   -2      3.515     -8.394      3.854
   2  444      1.828     -8.636     -3.712
  -1   -2      5.919     -5.014      4.148
 354    1      3.353     -7.769     -9.365
   3  445      9.373     -4.830      7.911
   7    8      6.921     -7.647      3.854
   5    6     -2.945     -6.866      3.356
  96   -2     -3.335     -9.634      1.222
  10  449     12.331     -7.656     -1.071
  13   10      8.436     -7.141     -5.724
  82  233     -4.397    -10.504     -6.366
  -1   11     11.301     -4.621     -4.988
 471  482      9.390     -5.265      2.710
  60   -2      9.937     -9.685     -8.150
 190   34     -0.831     -8.934     -4.195
  -1   -2     -3.234     -5.911     -0.114
  41  454      6.166     -5.504     -7.104
 238   -2     -1.891     -9.240     -3.624
  26   25      0.184     -5.576      0.227
 327   -2     -3.879     -8.859     -8.918
 366  256     16.159     -8.570     -2.928
   0   -2     -2.177     -9.111      2.252
  16   21    -11.911     -6.533     -3.931
  -1  122      6.001     -7.704     -1.423
  20   41      7.771     -7.241     -7.391
  35  453      5.157     -5.746     -3.840
  36   33      1.686     -6.706     -9.320
  91   20     -1.490     -7.526      6.344
 262  395     -7.781     -7.165      5.007
  -1  128     -1.375     -7.953     -6.806
 153    9     -3.981     -6.726      4.091
 195   -2     -8.948    -10.482     -4.757
  59    3      1.292     -7.769     -3.301
  -1   14      1.972     -8.822      0.113
 159  360      1.740     -9.243      0.429
  73  101      2.098     -9.194     -5.263
  93   -2      2.889     -8.629     -4.184
 405   -2      8.562     -7.487      2.755
  -1  161      8.449     -9.661     -6.270
 242   -2     -8.742    -10.808     -2.385
  53   56      2.188      0.340     -5.112
  97  355      0.788     -8.271      1.825
  64   40      5.756     -2.119      0.829
  46   43      4.929     -7.197      1.420
  -1   -2     13.534     -4.660      1.034
  99  183      3.259     -8.959     -1.737
  55   64      8.723     -6.169     -3.676
 364   -2     -3.518     -7.789     -1.126
  50   -2     -2.200     -5.189      1.200
  40  148     -5.010     -9.547     -8.827
  62   -2     -3.794     -9.988     -9.032
  -1   37     11.982     -6.620     -3.527
  -1   -2      6.682     -9.114     -6.865
  54  376     -3.963     -7.850      9.663
 340   54      0.045     -9.830     -3.442
 456   -2     -6.917     -4.897     -1.304
  66  153      2.493     -6.615     -2.053
  -1   70      0.076    -10.304     -4.803
  -1   51     10.368     -3.717     -7.867
  -1  130     -3.325     -7.692      1.353
  -1   -2     -7.663     -6.726     -2.857
  -1   -2      3.373     -5.394      3.765
  71   49      4.767     -6.931      0.141
  -1   72     -4.307     -7.506     -8.892
 120   -2     -3.780     -6.599     -9.684
  -1   42     -2.929     -5.761     -0.746
  75  138      6.430     -9.221      7.639
  -1   -2     19.162     -6.203     -6.583
  -1  289      6.502     -5.832     -1.488
  -1   -2     -5.325     -7.488     -2.123
  -1   -2     -3.950     -8.067     -1.593
  23   -2     -7.285    -10.647     -0.733
 231  205     -2.481     -0.173     -9.650
 234   -2     12.789     -8.578      5.936
  95   -2     -1.604     -1.748     -7.417
 390   -2      3.068     -5.998     -2.199
 220   36     -2.517     -4.325      1.110
 348   -2      6.281     -8.577     -2.481
 403  383     -1.736     -5.004     -3.649
  -1   27    -10.291     -9.993     -4.605
 200   -2     -5.753     -8.414      2.301
  -1  239     -3.659     -8.009      3.235
 322   -2     -7.201     -4.087     -1.620
 228  283     -6.540     -7.737      0.334
 111  109      0.310     -9.601     -5.226
 261   86     14.119     -1.698     -2.450
 105   44     10.465     -9.644     -7.271
 185   71     -0.760     -3.973      7.385
 138   -2     -3.293     -6.760      7.205
 251  318     12.368     -9.501     -9.809
 188  248     -8.086     -4.125      1.500
 173  388      2.480     -3.518      8.508
 150  113      4.677     -7.153     -9.545
  32   47      9.558     -9.500     -0.512
 100   -2      8.423     -7.419      6.017
 193  125     -3.517    -10.227     -6.199
 210   13     -7.671     -9.959     -8.816
  -1  158     -0.056     -3.251      5.491
 122   91     13.872     -1.377      6.989
  -1  142      1.738     -2.197      5.890
 381   -2     -7.623     -8.803     -5.086
  80  106     12.666     -8.299      8.304
 117  338     -2.289     -8.856     -8.999
 306   -2     18.458     -8.554      0.131
  39   -2      4.123     -8.495     -2.404
 119  111      1.499     -2.131     -4.389
  85  309      5.755     -6.661     -1.122
 236   -2      0.283     -3.803      3.183
 425   -2     -9.563    -10.830     -5.147
  94   -2     -9.781     -5.952     -2.676
 118    7      3.196     -7.085      7.200
 103  103    -10.867     -3.059     -9.530
  -1  123      3.281     -1.138     -2.940
 359   94     -0.416     -8.545     -3.075
 132   -2      9.399     -9.273     -1.276
  88  118      0.999      0.406      4.524
 270  126      7.620     -7.336     -9.241
 191  174     -7.205     -8.015      0.336
 125   97     11.570      0.782     -5.492
 171   -2     -0.061    -10.051     -8.080
 128  115     -6.909      2.286     -0.052
 140  127     -2.026     -6.371      7.740
 115   -2     -6.127     -1.797      8.025
 343  266     15.297     -2.825     -7.385
  -1   -2      4.018     -9.843     -6.262
 266  296      0.901     -8.179     -2.627
  -1   81      7.233     -4.822     -5.155
 127  145      1.632     -8.463     -6.502
  -1  448     -4.095     -6.583      6.451
 161  134     14.231     -4.286     -1.924
  -1  258      5.735     -9.090      8.590
  -1   -2     -1.511     -8.467     -0.455
 213  116     -6.728     -6.978     -3.918
 131   -2     -3.388     -6.242     -5.683
 258   60     -4.202     -8.638     -4.085
 181  155      5.660     -7.408      0.338
 137  131      4.884     -5.160      8.642
 375  192     14.498     -2.793     -3.665
 468   -2     10.727     -9.573     -9.231
 326  370     13.232     -5.661      8.008
 305   58      4.394     -7.384     -1.274
 318  330     -7.886     -8.975      4.530
 166  333     -7.426     -7.409      2.990
 372  321      7.103     -8.635     -5.907
 337  313     14.884     -7.824      4.725
  -1  193     -4.277     -3.509      5.608
 146   -2      9.859     -4.758     -7.662
 164   -2      3.517     -4.138      6.956
 208  307      6.880     -2.651     -4.818
 109   -2      9.534     -3.401      4.267
 384   29      4.375     -6.821     -6.497
 170  154      2.104     -5.261     -1.551
 130   -2      5.900     -8.374     -9.022
 304  235     -0.835     -7.010     -7.522
  -1   -2     -9.125     -9.038     -5.513
 253   -2     -6.443     -6.460     -3.947
  -1   -2      0.857     -6.393      0.068
 288   -2      2.103     -5.688      1.015
 186   -2      6.890     -7.360      9.478
 297  322      6.974     -8.758    -10.130
  -1  144      9.054     -8.787     -1.562
 136   88      9.348     -7.166     -1.017
  -1   -2     -2.334     -6.948      0.502
  77   -2     -7.276     -6.957     -0.337
  -1  194     -5.699     -6.615     -0.911
  -1   74    -11.455     -5.646     -2.338
 388   -2     -0.013     -1.240      0.680
 382   -2      2.774     -9.454     -5.601
 339  393    -10.006     -3.851     -8.153
 291  391     -8.083     -1.489     -8.571
 404   23     -3.649     -5.930     -2.022
  -1  308      7.730     -6.054      2.569
 154  463      2.127     -8.487     -5.477
  87  365      3.904     -6.521      3.378
  -1   62     15.389     -3.637     -6.439
 397   -2      4.609     -1.875      7.233
 187   -2      5.911     -7.257      7.840
  -1  140     11.248     -6.056      9.019
  -1  334      3.936     -7.697     -5.592
 335  349     15.180     -4.346     -6.526
  45   -2      0.873     -8.759      0.099
 149   -2      9.861     -8.778      3.876
  -1   -2      9.251     -8.080      2.982
  -1  136      4.954     -0.976     -7.360
 448  223     -4.928     -0.785     -5.588
  -1   69     -1.769     -4.970      7.334
 212  198    -11.482     -4.840     -3.854
  -1  199     -8.868     -6.317     -1.015
  -1   15     -5.273    -10.716      2.333
  -1   -2     -2.513    -10.571      4.126
 223  403     -1.728    -10.309      3.691
 256   80     13.415     -9.221      4.158
  28  238     -6.401     -9.793     -1.391
  -1  202     -6.434     -4.883      4.660
 233   -2     -6.537     -3.012     -1.670
 276  179     -9.585     -2.881      0.436
 260   67     -0.243     -9.722      6.328
 222   -2      6.114     -9.400     -6.213
  -1  392     -6.999     -5.379     -8.528
 221  242      3.607    -10.547      4.671
 215   -2      0.850    -10.272      0.269
 226   -2      1.418    -10.585     -1.405
 156   66     -6.251     -4.099     -0.105
  -1   59     -1.734     -1.964    -10.222
 274   -2      0.036    -10.411     -0.617
  83   93     -8.027     -2.262      0.681
 227   -2      4.764     -4.741    -10.302
  -1  285     -4.474    -10.435      7.135
  -1   -2     16.729     -8.772     -3.002
 265  293    -10.548     -9.359      2.123
 418   -2     -8.805    -10.706      0.481
 347  163     13.963     -3.681     -8.225
  -1  477     12.429     -6.415     -4.122
  -1   16     -1.180     -9.121     10.598
 112   -2     14.594     -8.741      3.855
  -1   -2     -9.054     -3.925     -2.404
 244   -2     -9.367     -1.921     -2.269
 434  120     -9.614     -7.386     -0.111
  57   77     -2.170     -8.448     -5.593
 152  216     14.999     -8.669     -3.120
  -1  132      9.018     -8.321     -5.437
  38   39      8.583     -7.531     -8.261
  -1  361     -0.022     -5.616     -2.793
 376  259     -8.469     -7.941     -0.326
  -1  255      5.675     -9.674     -8.827
 361  182     -0.531     -7.815     -7.852
  -1  298     -3.503     -4.335     -6.384
 254   -2     -0.454     -7.518      6.148
 252  211      6.025     -9.666      5.112
  -1  276      9.697      1.258      6.987
 310   -2     -6.459     -5.817     -3.054
  -1  232    -12.017     -8.703     -4.539
  -1   -2     -6.944    -10.442     -8.327
  -1  397     19.489     -5.889     -3.655
  72  146      3.953     -8.375      7.439
 106   96     14.116     -2.004     -3.895
 126   -2     -7.813     -7.207     -2.879
 158   -2     17.247     -5.625      2.858
  -1   -2      8.536     -4.950     -8.646
  -1   68     -8.225    -11.138     -1.213
 296  419     16.583     -6.073      6.595
  -1   -2     -4.449     -5.427    -10.498
 319  221      3.077     -9.043      7.504
 465  319     11.630     -8.943      4.777
  -1   50     10.139     -9.792      1.643
 367  230     -2.626     -4.013      4.193
  -1   -2     -7.708     -0.405     -3.265
  -1   -2     -5.684     -6.111     -3.006
  -1   -2     -3.066     -0.999     -6.487
  -1   -2     11.086     -3.678     -8.028
 240   -2     17.161     -7.592      1.473
 294  368     -3.219    -10.862      1.263
  -1   -2     19.756     -7.909     -7.755
  98  141     16.581     -8.230     -1.412
 209  277     19.532     -6.688     -2.961
  -1  175     -7.365     -6.537      4.099
 147  367     16.685     -4.709     -2.382
 311  467      3.509     -0.079     -1.250
  -1   82      3.166     -9.283      4.100
  -1  151      2.365     -5.599     -4.976
 344  117    -11.694     -9.805     -6.445
  -1  294     10.553     -4.911      9.414
 399  402     14.875     -1.199     -5.731
 235  114     -9.507     -9.937      2.813
  -1  226    -13.176     -7.729     -8.133
 175  384     12.772     -9.952    -10.003
  -1   -2    -11.880     -2.046     -9.608
 172  172     -8.470     -3.977     -5.079
 229  234     19.715     -8.302     -0.629
 272   -2     -2.470     -9.304      7.331
 196   -2      2.117     -7.443      8.103
 433  348     -0.895     -0.365     -5.281
 315   19     14.194     -7.560     -2.729
 192   76     -1.477    -10.518     -7.972
 230   -2      2.435    -10.228     -2.125
  -1   -2      0.584    -10.459    -10.096
 247  270      2.815     -1.794     -2.953
  -1   17     -2.432     -7.777     -3.592
 246   -2     -3.816     -8.096     -9.577
  -1  195      7.391     -8.833      9.394
  -1   87      1.538     -7.598     -4.177
  -1   -2    -10.106     -9.552      0.151
 290  301     -7.058     -2.295     -6.889
 447  185     19.227     -5.626     -5.157
  -1  249    -10.651    -10.493      2.668
  -1   -2     -6.429     -6.337     -6.896
  -1   -2     15.464     -2.641     -6.835
  70   -2      7.755     -7.198     -0.247
 329  468     13.854      0.017     -0.402
  86  281      6.950     -8.942      5.209
  -1  279     -7.510     -2.371     -4.032
  15  204     -3.926     -8.925      0.135
 282  400     11.953     -7.021     -1.270
  -1   -2     16.851      0.980    -10.566
 402  458      6.594     -2.597     -2.896
  -1   -2      0.957     -3.419      5.547
  -1  189      1.654     -7.293      3.151
 323  311     14.689     -8.291      2.410
  -1  375     16.234     -9.550      2.851
  -1  108     11.241     -6.266      3.983
  -1   -2     -2.009     -9.850     -3.395
  -1   -2      4.576     -8.038      9.708
  -1  102     -0.359     -6.079     -2.892
 422  247     13.428      0.516      6.734
  -1   18     -3.538     -8.626      0.155
  -1  196      8.904     -3.919      0.795
 332   -2     -9.535     -6.149    -10.015
 401  357      5.992     -0.678      3.049
  -1   -2      0.266     -4.488     -5.192
 167   52      2.991     -4.694      6.024
 204   -2     12.656     -1.767      8.801
  -1   -2     -8.514     -2.160      6.518
 426  261     -4.074     -3.428     -4.700
 268  287      1.170     -6.869     -1.486
 133  363     -4.023     -8.393    -10.032
  -1  162      1.178     -3.548      9.859
  -1  181      2.084     -5.779     -2.204
 358   -2     17.682     -3.818     -8.310
 444   -2      3.480     -0.708     -3.203
  -1   -2      7.626     -6.789      7.681
 432   -2     10.958     -9.704     -3.339
 211  180      8.016     -6.660      3.354
  -1  386     19.466     -1.980     -7.167
 396  387     13.341     -4.614      7.310
  -1   -2     12.630     -4.795     -4.205
  -1  385      6.211     -5.793      5.891
 338  373      1.896    -10.017      8.121
  -1   -2     19.579     -6.571     -5.206
  33  147      0.148    -10.525     -9.792
 201  150     12.659    -10.349     -8.663
 351   -2     -0.608      4.215      6.098
 328   53     -9.233    -10.941     -6.113
  -1  347     -3.329     -8.937      8.282
 428   30     18.636     -3.640     -0.100
  -1   -2     -0.087     -6.843     -9.427
 408  121     -2.102     -3.164     -6.754
  -1  257      2.932    -10.430      8.974
 174  366     -5.789     -2.102     -0.713
  -1  328      3.418     -9.858      9.358
 250   -2     -7.805     -7.096      6.645
 321  407      4.054    -10.020     -0.788
  -1  157     -6.168     -6.295     -5.452
 371  320     17.098     -6.376     -6.982
 324  350      8.543     -2.879      8.798
  -1   -2      3.787     -4.660     -8.961
 143   -2     -8.461     -8.821      0.186
  -1   -2     13.781    -10.237     -5.100
 178   -2     -4.605     -7.013     -9.128
  -1  206    -11.307     -9.688     -6.750
 316   -2     -7.412     -3.083     -7.030
 393  372     12.624      5.132     -8.217
 218   -2     -6.992     -4.950     -0.526
  76   -2     -7.231     -7.282     -4.455
 409   -2     14.478     -2.684      8.088
 273   -2     17.723     -8.593     -6.078
  -1  187     -7.507     -6.925     -1.707
 163   -2      6.501    -10.009     -9.711
  -1  224     18.754     -7.022     -9.622
  -1   -2     10.081     -2.817      1.411
  -1  284     10.666    -11.043     -4.137
  -1  188     -3.401     -6.428     -4.276
 199   -2     10.060     -5.622      6.962
  -1   -2     -8.544     -6.021      6.569
 108   -2     -4.214     -0.067      3.609
  -1  460      0.564     -3.303     -6.771
  -1  178     -9.830     -8.331     -7.462
 121  278     -8.945     -9.684     -2.392
  -1   -2      3.505     -4.236     -6.654
  -1  428     -2.659      0.758     -9.504
 378   -2      4.747     -6.049      1.099
  -1  268     -8.514     -2.845     -7.337
  -1  166     -7.889     -9.350     -9.370
  -1   -2      6.896     -7.019     -7.014
  -1   -2     10.171     -1.354      8.994
 197  253     -4.330     -5.377     -3.308
 320  215     10.967     -9.323     -1.112
  -1  176      9.502     -2.316     -1.747
  -1   -2     13.918     -9.526     -9.864
 248   -2     -5.100     -4.366      4.247
  19   -2      1.824     -8.944     -2.634
 443  426     -8.142      1.283     -3.795
 168   31      3.844     -8.039     -3.300
  -1   -2      3.665      1.195      5.789
 342  435     13.254     -0.762     -8.192
  -1   -2     14.665     -8.055      6.507
  -1   -2    -11.118     -5.748     -6.072
  -1   -2      0.162     -8.624     -2.939
 406   -2      8.617     -2.840     -1.358
 436   -2      1.485      0.181     -3.586
  -1   -2      1.875     -2.341     -8.847
  11  104     -5.324     -5.985      0.855
 365   -2      5.052     -5.637     -8.482
  -1   -2     19.468     -0.354     -4.821
  -1  343     -2.490    -10.069      5.911
 356  208      5.844     -3.810     -7.540
  -1  240      1.304     -1.247      0.303
  -1   -2     12.367     -1.283     -9.907
  -1  432      9.569      5.517    -10.086
 373   -2    -12.870     -4.785     -6.189
 325   -2     12.839      2.817     -0.567
  -1  317      6.667     -4.549     11.592
 439  382     11.366      0.912      3.127
 415  351    -12.003     -2.041     -8.240
  -1   -2     11.334      0.568     -9.341
  -1  353     19.922    -10.011     -8.265
 437   -2     11.733      4.646     -4.374
 301   -2     15.438      2.813     -7.159
 424  306      5.874      3.375      5.400
  -1   28     -0.406    -10.784      6.244
  -1   -2     11.153     -9.146    -11.188
  -1   -2      7.372      1.645    -11.327
  -1  431    -15.726     -1.890     11.117
 441  437     11.765     -0.892      4.695
  -1   -2    -15.956     -3.018    -10.793
  -1   -2     -4.092     -2.471     -2.555
  -1   -2    -14.902     -9.820      1.816
  -1   -2      3.550     -0.196     -5.635
  -1   -2      3.139      5.789      5.731
  -1   -2    -14.184     -1.592     10.179
  -1   -2    -11.086     -5.293     -9.961
  -1  129      6.432     -0.729     -8.658
  -1   -2     10.983      0.268     -0.838
  -1  271      1.156      2.534      4.029
  -1   98      1.158     -5.354     -6.796
  -1   -2     18.311     -4.587     10.052
  -1  323     11.155     -1.660     11.323
 446  229      1.947      2.375     -5.126
 420  197     18.134     -4.686      6.722
  -1  374     -7.776     -4.852     -7.388
 417  119     -6.670     -1.550     -1.119
  -1   -2    -12.093     -6.600      7.219
  -1  184      2.021     -8.590     -4.362
   4  447      5.919     -5.014      4.148
 449  479      8.545     -7.127     -5.914
 450  470     12.229     -7.670     -1.333
  -1   -2      9.406     -5.260      2.728
  21   -2     11.338     -4.615     -5.142
  24   -2     -3.145     -5.906     -0.506
 475  484      7.845     -6.004      2.680
  -1   -2     13.569     -4.655      0.986
 462  476     12.025     -6.623     -3.668
  -1  457      8.822     -6.162     -4.007
 145  282      5.835     -2.120      0.518
  81   -2     10.392     -3.721     -7.993
  -1  213     -1.037     -9.013     -1.326
 464  461      9.998     -4.750     -8.141
  -1   -2     13.866     -1.378      7.142
 157   -2     -0.661     -3.991      7.127
 466   -2     10.553     -4.911      9.414
 477   -2      6.502     -5.832     -1.488
 257  464     -9.091     -3.915     -2.272
 278  465     -7.702     -0.393     -3.291
  -1   -2    -11.814     -2.025     -9.867
 281  352    -12.017     -5.738     -3.265
 452  486      6.904     -7.617      4.114
 284   -2      5.924     -5.019      4.208
 151   -2      9.406     -5.260      2.728
  -1   -2      3.367     -5.363      4.030
  51  475     13.534     -4.660      1.034
  -1   -2      7.845     -6.004      2.680
 481  488      3.367     -5.363      4.030
 459   -2      7.837     -6.007      2.636
