274
  23   -2     15.293     -6.488     -1.263
  85   -2     14.140     -3.466     -1.542
   2   -2     15.010    -10.358     -6.787
   3    2     -1.569     -7.156      3.333
  -1   -2     -3.648     -6.563     -8.768
   6   -2     16.180     -3.023     -8.378
  -1    5      6.844     -9.578      4.561
   0    6     14.578     -6.227     -4.990
  72   -2     10.329     -7.607      1.088
  11   10     10.865     -3.158     10.199
  12    9     -4.286     -5.994      2.744
  13   12     -1.486     -9.022      9.596
  14   -2     15.301     -2.659     -7.086
   1   15     12.595     -1.703     -0.038
  21   27      5.458     -7.484     -2.887
  -1   -2     11.911     -9.071      8.368
  18   17      9.288     -9.776     -3.723
  84   -2      3.509     -8.764      4.951
  -1    8     18.140     -9.534     -4.944
  -1   -2     -1.527     -7.840     -7.985
  87   37     13.405     -4.126     -6.923
   8   31      9.833     -8.162      9.978
  42   20      4.746     -6.797     -8.753
  44   13     16.087      0.542     -8.704
  -1    4     16.170     -4.423     -9.095
  -1   28      2.232     -3.240      8.934
 102   -2      6.889     -6.359      5.971
  27   14      5.159     -8.405     -0.299
  26   63     -5.167     -1.872      5.608
  25   89     19.223     -8.482     -0.627
 110   -2      1.042     -9.042      4.571
  32   29      8.963     -7.486     -9.641
 163   -2      9.723      0.746      7.577
  29   -2     13.549     -6.888      8.554
 123  115     17.208     -3.844      3.519
  -1   33     -0.150     -7.521     10.726
  17   -2     10.325     -7.297      4.398
  38   32      9.451     -5.578      8.480
 118  156     13.007      1.365     -0.973
  -1   23     13.734     -3.305     -2.949
  73   -2      9.441     -4.129      4.294
  -1   38     -3.605     -6.413     -3.842
  35   40     10.330     -5.005     -0.203
  -1   -2     -3.313     -9.328     -1.979
  -1   18     -1.030     -9.387     -2.091
  43   97     -3.200     -8.462     -8.288
  -1   -2     15.999      2.490     -8.905
  -1   -2     16.911     -1.429     -0.748
  -1   -2     17.091     -1.061     -9.287
  -1   22      0.425    -10.382      9.120
  -1   -2      4.131     -3.700      8.243
 109   60     -8.744    -10.362      6.233
  -1   -2      1.058     -0.047     -0.281
  52   53     -6.946     -5.421     -8.405
  53   56     -4.862     -1.356      7.303
  -1   -2     15.440      4.371      2.059
  -1   -2     -5.868     -3.107     -6.358
  -1   -2     14.975      2.936     -5.926
  -1   -2     -5.869      0.912      3.035
  61   26     -5.410     -1.996      0.336
 107   61     15.266      3.412     -6.555
  -1   -2    -10.233    -10.835      2.694
 104   35     11.829      0.387      3.317
  -1   -2      5.565      0.775      4.602
  -1   -2     -8.161     -4.252      4.368
  -1   30     20.634     -3.931     -0.984
  -1   19     12.066     -8.571      9.205
  33    0     16.381     -7.925     -0.850
  76   68     18.817      0.370     -6.156
  -1   -2     13.904    -11.009     -6.653
  -1   72      7.548     -1.749      0.746
  34   11     14.303     -2.483      5.671
  -1   -2     19.972      1.581     -7.511
  -1   75    -12.682     -7.607     -9.219
  75   74     -7.961      0.445    -10.935
  88   -2     18.500     -7.532     11.296
  96   49    -11.314    -10.611     -9.626
  81   76    -12.896     -5.435     -3.248
  79   79      8.846      6.072      9.494
  80   81     10.700     -9.744     -8.753
  83   96    -11.706     -9.621     -7.472
  -1   -2     11.550     -5.029     -9.311
  54    1     11.327     -0.867     -2.819
  15   85     13.898     -2.079      1.662
  -1   42     13.492     -7.973      2.895
  -1   36     16.247    -10.280     -2.414
  91  100     -6.843     -4.127     -7.138
  68   -2     -7.700     -3.763     -2.482
  -1   94     16.010     -0.704      6.696
  65   -2    -10.488     -3.501     -8.697
  -1   41     -1.229    -10.273     -1.973
  93   -2     17.145     -5.995      1.634
 112   -2     15.858     -0.275      0.062
  90   39     -2.385     -5.061     -4.449
  -1   -2     -7.594     -9.765     -9.320
  -1   98     -5.581      4.394     -4.333
  -1  111     -6.311     -5.031    -10.330
  41  281     -3.514     -6.539     -8.398
  -1   -2     11.911     -9.071      8.368
  67   -2      2.451     -3.245      8.334
  57  120     -8.744    -10.362      6.233
  -1   -2     15.999      2.490     -8.905
  -1   -2     17.091     -1.061     -9.287
  -1   -2      0.425    -10.382      9.120
  -1   66      1.058     -0.047     -0.281
  -1  255      4.131     -3.700      8.243
  -1   -2     15.440      4.371      2.059
  -1   -2     -5.869      0.912      3.035
  39  166     14.975      2.936     -5.926
  -1   64     -5.868     -3.107     -6.358
  -1   -2     11.829      0.387      3.317
  -1   -2     20.634     -3.931     -0.984
  -1   -2     -8.161     -4.252      4.368
  -1   -2     19.972      1.581     -7.511
  -1   -2     -3.514     -6.539     -8.398
  -1   -2     11.911     -9.071      8.368
  -1   -2     15.999      2.490     -8.905
  -1   -2     17.091     -1.061     -9.287
 130  138     16.911     -1.429     -0.748
  -1   -2      4.131     -3.700      8.243
  -1   -2      1.058     -0.047     -0.281
  -1   -2     -5.869      0.912      3.035
  -1   -2     15.440      4.371      2.059
  -1   -2     14.975      2.936     -5.926
  -1   -2     11.829      0.387      3.317
  -1   -2     -5.868     -3.107     -6.358
  -1   -2     -8.161     -4.252      4.368
  -1   -2     20.634     -3.931     -0.984
  -1   -2     19.972      1.581     -7.511
  -1   -2     -3.514     -6.539     -8.398
  -1   -2     11.911     -9.071      8.368
 172   70     15.999      2.490     -8.905
  -1   -2      4.131     -3.700      8.243
  49  153      1.058     -0.047     -0.281
  -1   -2     17.091     -1.061     -9.287
  -1   -2     15.440      4.371      2.059
  99   -2     -5.869      0.912      3.035
  -1   -2     -5.868     -3.107     -6.358
  -1   -2     14.975      2.936     -5.926
  -1   -2     11.829      0.387      3.317
  -1   -2     20.634     -3.931     -0.984
  -1   -2     -8.161     -4.252      4.368
 211  209     19.972      1.581     -7.511
  -1   -2     -3.514     -6.539     -8.398
  -1   -2     11.911     -9.071      8.368
  -1   -2     17.091     -1.061     -9.287
  -1   -2      4.131     -3.700      8.243
  -1   -2     15.440      4.371      2.059
  -1   -2     14.975      2.936     -5.926
  -1   -2     -5.868     -3.107     -6.358
  10   -2     11.829      0.387      3.317
 153  159     20.634     -3.931     -0.984
  -1   -2     -8.161     -4.252      4.368
  -1   -2     -3.514     -6.539     -8.398
  -1   -2     11.911     -9.071      8.368
  -1   -2     17.091     -1.061     -9.287
  -1   -2      4.131     -3.700      8.243
  -1   -2     15.440      4.371      2.059
  -1   -2     14.975      2.936     -5.926
  -1   -2     -8.161     -4.252      4.368
  -1   -2     -5.868     -3.107     -6.358
  -1   -2     -3.514     -6.539     -8.398
  -1   -2     11.911     -9.071      8.368
  -1   -2      4.131     -3.700      8.243
  -1   -2     17.091     -1.061     -9.287
  -1   -2     15.440      4.371      2.059
  -1   -2     14.975      2.936     -5.926
  -1   -2     -5.868     -3.107     -6.358
  -1   -2     -8.161     -4.252      4.368
  -1   -2     -3.514     -6.539     -8.398
  -1   -2     11.911     -9.071      8.368
  -1   -2      4.131     -3.700      8.243
  -1   -2     17.091     -1.061     -9.287
  -1   -2     15.440      4.371      2.059
  -1   -2     14.975      2.936     -5.926
  -1   -2     -5.868     -3.107     -6.358
  -1   -2     -8.161     -4.252      4.368
  -1   -2     -3.514     -6.539     -8.398
  -1   -2     11.911     -9.071      8.368
  -1   -2     17.091     -1.061     -9.287
  -1   -2      4.131     -3.700      8.243
  -1   -2     15.440      4.371      2.059
 162  167     -5.868     -3.107     -6.358
 143   59     14.975      2.936     -5.926
  -1   -2     -8.161     -4.252      4.368
  -1   -2     -3.514     -6.539     -8.398
  -1   -2     11.911     -9.071      8.368
  -1   -2      4.131     -3.700      8.243
  -1   -2     17.091     -1.061     -9.287
  -1   -2     15.440      4.371      2.059
  -1   -2     -8.161     -4.252      4.368
  -1   -2     -3.514     -6.539     -8.398
  -1   -2     11.911     -9.071      8.368
  -1   -2     17.091     -1.061     -9.287
  -1   -2      4.131     -3.700      8.243
  -1   -2     15.440      4.371      2.059
  -1   -2     -8.161     -4.252      4.368
  -1   -2     -3.514     -6.539     -8.398
  -1   -2     11.911     -9.071      8.368
  -1   -2     17.091     -1.061     -9.287
  -1   -2      4.131     -3.700      8.243
  -1   -2     15.440      4.371      2.059
  -1   -2     -8.161     -4.252      4.368
  -1   -2     -3.514     -6.539     -8.398
  -1   -2     11.911     -9.071      8.368
  -1   -2     17.091     -1.061     -9.287
  -1   -2      4.131     -3.700      8.243
  -1   -2     15.440      4.371      2.059
  -1   -2     -8.161     -4.252      4.368
 119  222     11.911     -9.071      8.368
  -1   -2      4.131     -3.700      8.243
  -1   -2     17.091     -1.061     -9.287
  -1   -2     15.440      4.371      2.059
  -1   -2     -8.161     -4.252      4.368
  -1   -2     -3.514     -6.539     -8.398
  -1   -2     17.091     -1.061     -9.287
  -1   -2      4.131     -3.700      8.243
  -1   -2     15.440      4.371      2.059
  -1   -2     -8.161     -4.252      4.368
  -1   -2     -3.514     -6.539     -8.398
  -1   -2     17.091     -1.061     -9.287
  -1   -2      4.131     -3.700      8.243
  -1   -2     15.440      4.371      2.059
  -1   -2     -8.161     -4.252      4.368
  -1   -2     17.091     -1.061     -9.287
  -1   -2      4.131     -3.700      8.243
  -1   -2     15.440      4.371      2.059
  -1   -2     -8.161     -4.252      4.368
  -1   -2     -3.514     -6.539     -8.398
  -1   -2     17.091     -1.061     -9.287
  -1   -2      4.131     -3.700      8.243
  -1   -2     15.440      4.371      2.059
  -1   -2     -3.514     -6.539     -8.398
  -1   -2      4.131     -3.700      8.243
  78   -2     17.091     -1.061     -9.287
  -1   -2     15.440      4.371      2.059
  -1   -2     -3.514     -6.539     -8.398
  -1   -2      4.131     -3.700      8.243
  -1   -2     15.440      4.371      2.059
  -1   -2     -3.514     -6.539     -8.398
  -1   -2      4.131     -3.700      8.243
  -1   -2     15.440      4.371      2.059
  -1   -2     -3.514     -6.539     -8.398
  -1   -2      4.131     -3.700      8.243
  -1   -2     15.440      4.371      2.059
  -1   -2     -3.514     -6.539     -8.398
  -1   -2      4.131     -3.700      8.243
  -1   -2     15.440      4.371      2.059
  -1   -2     -3.514     -6.539     -8.398
  30   24      4.131     -3.700      8.243
  -1   -2     15.440      4.371      2.059
  -1   -2     -3.514     -6.539     -8.398
  -1   -2     15.440      4.371      2.059
  -1   -2     -3.514     -6.539     -8.398
  -1   -2     15.440      4.371      2.059
  -1   -2     -3.514     -6.539     -8.398
  -1   -2     15.440      4.371      2.059
  -1   -2     -3.514     -6.539     -8.398
  -1   -2     15.440      4.371      2.059
  -1   -2     -3.514     -6.539     -8.398
  -1   -2     15.440      4.371      2.059
  -1   -2     -3.514     -6.539     -8.398
  -1   -2     15.440      4.371      2.059
  -1   -2     -3.514     -6.539     -8.398
  -1   -2     15.440      4.371      2.059
  -1   -2     -3.514     -6.539     -8.398
  -1   -2     15.440      4.371      2.059
  -1   -2     -3.514     -6.539     -8.398
  -1   -2     15.440      4.371      2.059
  -1   -2     15.440      4.371      2.059
  -1   -2     -3.514     -6.539     -8.398
  -1   -2     15.440      4.371      2.059
 285   -2     -3.514     -6.539     -8.398
  45  280     15.440      4.371      2.059
