252
   8    0     15.295     -6.488     -1.262
  80   43     14.138     -3.463     -1.528
  23    3     -1.571     -7.155      3.329
  -1    1     -6.776     -9.207     -8.634
  51   53     15.624     -9.794      6.440
  -1  248     -3.653     -6.564     -8.777
   6   10      6.843     -9.576      4.565
   5    6     16.080     -2.978     -7.966
  -1    8     14.934    -10.233     -7.395
   1   -2     14.582     -6.229     -5.000
  -1    7     10.329     -7.606      1.084
   9   12     10.867     -3.157     10.204
  10   44     -1.484     -9.021      9.601
  -1   -2      9.641     -0.431      7.335
  11   14     -4.284     -5.994      2.752
  14   -2     15.304     -2.659     -7.089
 116  139     11.913     -9.072      8.378
  55   46     15.727    -10.196      1.311
  53   -2      3.309     -7.680      5.090
  45   88     17.544     -9.525     -0.283
  -1   -2     17.843     -9.488     -4.245
  18   29      9.599     -8.254      9.590
  22   21      9.287     -9.776     -3.718
  16   -2     12.594     -1.699     -0.035
 102   -2      3.511     -8.764      4.961
  -1   23     -0.715     -9.449     -0.068
  20   22     12.893     -9.944      4.660
  27   18      5.699     -7.010     -6.037
  40   -2     -6.015     -8.669      1.144
  -1   11      8.155     -7.950     -3.205
  28   34     19.226     -8.484     -0.633
  32   31     13.408     -4.125     -6.904
  62   50     -1.268     -9.417      6.830
  -1   -2     20.747    -10.089     -3.617
  30  120      2.236     -3.238      8.923
  -1   -2     16.163     -4.425     -9.078
  50   13     -6.129     -9.418      6.210
  67   36     -5.165     -1.871      5.613
  34   41      8.960     -7.488     -9.628
  35   -2     -2.870     -6.718     10.437
  95   39     13.557     -6.888      8.536
  42   -2     10.070     -5.640      6.951
  97   47      9.432     -4.131      4.318
  77   91     17.203     -3.842      3.529
  44   48     -6.762     -6.822      6.140
 126   -2     12.991      1.368     -0.938
  38    2     13.727     -3.307     -2.937
  47   -2     -3.164    -10.625     -7.204
 122    9     10.327     -5.005     -0.202
 109   40      0.995     -7.374     -0.579
  49   -2     11.805    -10.242      8.137
  -1   30      4.641     -6.779     -8.412
 104   54     -8.261     -6.996     -0.242
   4   -2     -2.914     -6.092     -2.487
  -1   20     17.741    -10.416     -6.198
  -1   17     17.088     -1.066     -9.274
  -1   -2     15.999      2.491     -8.903
  -1   24     -8.733    -10.365      6.262
  -1  225     10.693      3.243     -7.539
  -1   28      0.424    -10.377      9.135
  -1  109     18.001      4.075      1.097
  -1   -2     16.918     -1.426     -0.725
  -1   51      4.136     -3.699      8.265
  -1   -2    -10.955     -1.996     -9.041
  -1   -2      1.061     -0.045     -0.283
  64   -2     -6.939     -5.421     -8.384
  -1   90      6.954      1.795     -3.497
  -1  114     -4.863     -1.354      7.303
  -1   32     14.600     -0.595     -4.539
  -1   33     15.442      4.373      2.056
  -1   -2     23.265     -5.507     -8.777
  -1   -2     -5.870      0.914      3.029
  -1   -2     14.974      2.938     -5.922
  71   -2     -5.417     -1.995      0.318
  -1   -2     11.827      0.388      3.315
 179   84     -5.871     -3.107     -6.347
  -1   79     17.597      3.836    -12.386
  74   85      5.564      0.774      4.599
  -1   56     -8.163     -4.250      4.361
  -1   -2     20.636     -3.929     -0.984
  79  174     18.815      0.370     -6.155
 103  137      2.468     -4.636     -1.207
  65   -2      7.553     -1.746      0.754
  -1  100     14.303     -2.483      5.669
  84   68    -12.682     -7.607     -9.215
  82   92     18.502     -7.532     11.309
 117  126     16.615      0.416    -10.141
  -1  111    -10.821     -3.620     -9.521
  86   93     -7.967      0.446    -10.947
  -1   -2     19.972      1.583     -7.511
  83   -2      0.689     -9.628     -6.376
  87   97      8.844      6.072      9.499
  -1   -2     10.694     -9.743     -8.730
  -1   -2     17.065    -10.250    -11.491
  90   -2    -11.704     -9.623     -7.469
  93   -2     13.899     -2.080      1.665
  -1   -2    -11.311    -10.612     -9.645
  91   95    -12.809     -7.221     -5.841
  78  196     -6.841     -4.125     -7.137
  92   99      8.834     -1.432    -11.226
  85   61      5.169    -11.171      7.628
  -1   -2     11.549     -5.026     -9.316
  -1   55     14.146     -8.954      7.773
  -1   -2     16.974     -7.375      3.239
  -1  204    -10.179     -5.606      3.187
  -1  234      6.272     -1.757     10.053
  -1   -2     -7.597     -9.765     -9.324
 100  107     17.157     -5.480      5.760
  98   52     -2.382     -5.059     -4.441
  75  101     -7.696     -3.763     -2.491
 114   82    -11.492    -10.666     -0.300
 105   35     -5.210    -11.763     -8.208
 111  110     -5.580      4.393     -4.328
   7   38     16.555     -8.018     -9.382
  -1  116    -11.531     -2.943     -4.672
  -1   26     19.680     -5.841     -7.668
  -1   -2     -1.268     -3.215      4.326
  -1   -2     17.325     -0.213     10.185
 113   -2    -10.210     -1.429     -7.330
  -1  188      9.795     -0.413      6.959
   3   58     11.913     -9.072      8.378
  -1   -2     10.693      3.243     -7.539
  -1   -2     18.001      4.075      1.097
  56  140     15.999      2.491     -8.903
  -1   -2     16.918     -1.426     -0.725
  -1   -2     17.088     -1.066     -9.274
  -1   -2      4.136     -3.699      8.265
  -1   -2      1.061     -0.045     -0.283
  -1   -2     15.442      4.373      2.056
  -1   49     14.974      2.938     -5.922
  -1   78    -12.841     -9.963     -3.520
  73  160     -5.870      0.914      3.029
 180   16     11.827      0.388      3.315
  -1   -2     -5.871     -3.107     -6.347
  -1   -2     -8.163     -4.250      4.361
  -1   -2     20.636     -3.929     -0.984
  76  133     23.265     -5.507     -8.777
  -1   -2     19.972      1.583     -7.511
  -1   15     16.974     -7.375      3.239
  -1   57     -3.523     -6.541     -8.418
 151   -2      9.795     -0.413      6.959
 119  122     18.001      4.075      1.097
  -1   -2     10.693      3.243     -7.539
  -1   -2     16.918     -1.426     -0.725
  -1   -2     17.088     -1.066     -9.274
  -1   -2      4.136     -3.699      8.265
  -1   -2      1.061     -0.045     -0.283
  -1   -2     15.442      4.373      2.056
  -1   -2     -5.870      0.914      3.029
  -1   -2    -13.987     -2.672      2.526
 159   -2     14.974      2.938     -5.922
  -1   -2     -5.871     -3.107     -6.347
  -1   -2     11.827      0.388      3.315
  -1   -2     -8.163     -4.250      4.361
  -1   -2     20.636     -3.929     -0.984
  -1   -2     19.972      1.583     -7.511
  -1   -2     16.974     -7.375      3.239
  -1   -2     -3.523     -6.541     -8.418
  -1   -2     10.693      3.243     -7.539
  -1   -2     16.918     -1.426     -0.725
  -1   -2      4.136     -3.699      8.265
  -1   -2     17.088     -1.066     -9.274
  -1   -2      1.061     -0.045     -0.283
  -1   -2     15.442      4.373      2.056
 158  177    -13.987     -2.672      2.526
  -1   -2     -5.871     -3.107     -6.347
  -1   -2     11.827      0.388      3.315
  -1   -2     20.636     -3.929     -0.984
  -1   -2     -8.163     -4.250      4.361
  -1   -2     19.972      1.583     -7.511
  -1   -2     16.974     -7.375      3.239
  -1   -2     -3.523     -6.541     -8.418
  -1   -2     10.693      3.243     -7.539
  -1   -2     16.918     -1.426     -0.725
  -1   -2      4.136     -3.699      8.265
  -1   -2     17.088     -1.066     -9.274
  -1   -2      1.061     -0.045     -0.283
  -1   -2     15.442      4.373      2.056
  -1   -2     11.827      0.388      3.315
  -1   -2     -5.871     -3.107     -6.347
  -1   -2     20.636     -3.929     -0.984
 188   -2     -8.163     -4.250      4.361
  -1   -2     19.972      1.583     -7.511
  -1   -2     16.974     -7.375      3.239
  -1   -2     -3.523     -6.541     -8.418
  -1   -2     17.088     -1.066     -9.274
  -1   -2     10.693      3.243     -7.539
 152  171     16.918     -1.426     -0.725
  -1   -2      4.136     -3.699      8.265
  -1   -2      1.061     -0.045     -0.283
  -1   -2     15.442      4.373      2.056
  12   -2     11.827      0.388      3.315
  -1   -2     20.636     -3.929     -0.984
 132   89     19.972      1.583     -7.511
  -1   -2     -3.523     -6.541     -8.418
  -1   -2     10.693      3.243     -7.539
  -1   -2      4.136     -3.699      8.265
  -1   -2      1.061     -0.045     -0.283
  -1   -2     15.442      4.373      2.056
  -1   -2     20.636     -3.929     -0.984
  -1   -2     -3.523     -6.541     -8.418
  -1   -2     10.693      3.243     -7.539
  -1   -2      4.136     -3.699      8.265
  -1   -2      1.061     -0.045     -0.283
  -1   -2     15.442      4.373      2.056
  -1   -2     20.636     -3.929     -0.984
  -1   -2     -3.523     -6.541     -8.418
  -1   -2      4.136     -3.699      8.265
  -1   -2     10.693      3.243     -7.539
  -1   -2      1.061     -0.045     -0.283
  -1   -2     15.442      4.373      2.056
  -1   -2     20.636     -3.929     -0.984
  -1   -2     -3.523     -6.541     -8.418
  -1   -2     10.693      3.243     -7.539
  -1   -2      4.136     -3.699      8.265
  -1   -2      1.061     -0.045     -0.283
  -1   -2     15.442      4.373      2.056
 207  223     20.636     -3.929     -0.984
  -1   -2     -3.523     -6.541     -8.418
  -1   -2      4.136     -3.699      8.265
  -1   -2      1.061     -0.045     -0.283
  -1   -2     15.442      4.373      2.056
  -1   -2     -3.523     -6.541     -8.418
  -1   -2      4.136     -3.699      8.265
  -1   -2      1.061     -0.045     -0.283
  -1   -2     15.442      4.373      2.056
  -1   -2     -3.523     -6.541     -8.418
  -1   -2      4.136     -3.699      8.265
  -1   -2      1.061     -0.045     -0.283
  -1   -2     15.442      4.373      2.056
  -1   -2     -3.523     -6.541     -8.418
  -1   -2      4.136     -3.699      8.265
 123  231      1.061     -0.045     -0.283
  -1   -2     15.442      4.373      2.056
  -1   -2     -3.523     -6.541     -8.418
 222   -2      4.136     -3.699      8.265
  -1   -2     15.442      4.373      2.056
  -1   -2     -3.523     -6.541     -8.418
  -1   -2     15.442      4.373      2.056
  -1   -2     -3.523     -6.541     -8.418
  -1   -2     15.442      4.373      2.056
  -1   -2     -3.523     -6.541     -8.418
  -1   -2     15.442      4.373      2.056
  -1   -2     15.442      4.373      2.056
  -1   -2     -3.523     -6.541     -8.418
  -1   -2     15.442      4.373      2.056
 115   86     -3.523     -6.541     -8.418
  -1   -2     15.442      4.373      2.056
  -1   -2     15.442      4.373      2.056
  -1   -2     15.442      4.373      2.056
  -1   -2     15.442      4.373      2.056
  57  247     15.442      4.373      2.056
