461
   0    2     -4.703     -9.578     -9.411
 135   -2     16.747     -4.562     -0.463
   8    1     15.143     -5.789     -2.486
   6   -2     -0.469     -7.436     -5.443
   2   -2      0.619     -9.179     -5.992
  42    5     -7.300     -8.877     -6.449
  -1   29     18.804     -6.081     -9.724
 115  120     -6.414     -7.821     -2.886
 386  392      6.161     -8.655      3.441
  14   70     -6.553     -8.507      4.601
  30   17      2.416     -9.588     -1.425
  10   10      7.814     -5.994      6.944
  13   11      6.798     -6.223      6.311
  12   16     10.136     -6.095      3.557
  19   14     -7.437     -6.611     -0.732
   4   26     10.515     -9.110     -7.524
 179   -2     -6.591      1.223     -4.915
  -1   -2     -8.192     -8.314      6.456
  -1   13     -4.140     -2.657     -3.807
  22  371     -3.296     -2.751      1.122
 156    6      3.802     -9.073     -0.822
  24  379      0.919      2.501     -8.130
  -1   -2     14.228      2.562     -0.701
  -1   -2     14.640     -5.263     -6.345
  28   24      7.942     -6.636     -5.386
  15  157     10.598     -9.399     -7.237
 158   -2     -0.506     -8.612     -1.161
  29   27      4.845     -2.874      9.042
 249   -2      6.967     -6.287     -7.842
 229  304     -5.739     -6.489     -8.862
  -1   55     13.985     -6.183     -5.720
 251   96      1.718     -8.802      9.666
 239   72     18.641     -6.327     -5.178
  27   34     11.707     -6.548      5.035
 106  234     16.252     -9.748      0.519
  -1   -2     17.930     -1.377      3.511
 142   -2      5.868     -9.162      7.596
  43   -2      2.723     -8.435      6.305
  75  216     14.205     -9.689     -4.659
  73  122    -11.724     -8.984     -8.131
 235   -2     -7.726     -9.752      1.801
  39  396      1.439     -5.417     -4.455
 133  374      3.928     -9.128      1.202
  38  209     12.979     -7.714      2.524
  44   43      5.719     -7.325      4.890
   9   47      0.620     -8.874      2.589
  41   37     -5.559     -1.646     -6.037
 149  127     -8.500     -6.858     -8.198
  -1   -2     12.458     -4.241     -4.330
 387   20      5.114     -7.786     -4.930
  35   -2     18.043    -10.145      0.574
  -1   36     -7.705     -9.135    -10.056
 166  159      7.182     -3.063     -3.375
 184   -2     -5.624     -9.109     -3.951
  62   56      2.411     -0.892      3.186
  57   41      2.316     -1.280      9.915
  -1  110     20.289     -7.244     -2.883
  50   -2     -0.488     -2.121      1.213
 172  310      3.139     -9.472     -0.202
 240  248     -9.356     -6.692     -6.363
  64   40      4.626     -7.939     -0.770
 193  128     -8.798    -10.742     -5.965
  55   81      6.072     -9.135      7.357
  58   -2     14.702    -10.300     -7.718
 230   73     19.420     -2.296     -3.604
  -1   -2     -7.620     -6.892     -0.749
  79  155     -3.342     -8.601     -7.725
  -1  137      7.189    -10.056    -10.232
  -1   63     14.655     -6.445      7.504
  81  158     13.190     -0.661      3.857
  63   57     -0.025     -1.310      0.883
  -1   -2     11.658     -6.045      6.871
 146  210     17.776     -7.773     -9.492
  52   51      1.216     -7.376     -5.989
 274   39     15.554     -5.485      1.359
 153   -2     10.951     -6.484      3.305
 232   88      4.462     -8.357      3.829
  46  135     -1.293     -8.055     -3.683
 332   -2     17.381     -4.758      3.278
 209   -2     -0.154     -7.981      3.210
  76  270     -0.363     -8.080    -10.440
  -1   -2     -0.063     -0.876      0.929
  68   83      1.116     -0.868      9.504
  93  132      9.936     -2.615      6.964
  61   69     -5.430     -4.659     -9.407
  67   78      1.258     -6.716     -1.890
 164  183      9.763     -5.199      7.354
 309   97      5.240     -8.703      2.727
 138   80      1.379     -9.538     -0.773
 111  292      4.758     -9.686     -0.950
 460   -2      8.662     -8.118      6.418
 422   76      9.135     -1.586      0.550
  85   87      4.386     -1.575     -1.492
 302   71     -6.663     -7.338     -5.075
  92   -2     18.729     -3.105     -3.856
 301   67      4.831     -4.964      5.625
 248  177      7.307     -8.622     -6.218
 219  241     -3.855     -8.911     -3.971
 102  184     16.687     -9.935     -9.486
  56   84      4.482     -8.128      5.969
  -1  233    -11.075     -5.500      0.654
 204  258     10.482     -5.975     -4.502
  -1   -2     -7.800     -3.710     -2.212
 252   -2    -12.418     -5.173     -6.126
  -1  246     13.206     -7.820     -6.977
 236   -2     -8.269     -9.612     -7.173
 329   -2     -3.157     -6.124     -3.367
 186  207     19.490     -4.541     -1.270
  -1   -2      9.037     -0.662     -9.232
 100  104     15.645     -1.358      7.543
  -1   -2     14.369    -11.113     -7.666
 324   -2     18.670     -3.362     -9.745
  94   -2     19.780     -6.733     -4.293
  -1   -2     -7.476     -7.165     -8.340
 107   -2     18.671     -8.566     -6.147
  -1  199     15.783     -7.085      0.837
  -1   38     -4.620     -7.249      0.876
  -1  271      2.222     -5.344     -1.263
 211   -2      6.021     -8.603      6.652
 119   77      1.138     -7.151      4.509
  -1   -2     13.486     -6.362     -4.623
 221  118      0.916     -5.253      6.182
 250  303      8.050     -4.372     -6.896
  -1  112     -4.455     -5.812      2.781
 101   98      5.972     -1.855     -7.871
  -1   -2     -4.311     -5.971      2.667
 223   -2      0.045     -7.473     -3.479
  -1   -2     -6.920     -8.085     -3.265
  -1   -2      8.695     -7.168     -8.678
 124  107     -3.274     -4.063      8.983
  78   -2     -2.505     -7.394      6.195
 304  173     18.869     -9.729     -2.583
 297   -2    -12.661     -8.443     -8.274
 195   -2     17.424    -10.194     -0.793
  -1   92     -1.972     -6.356      6.105
 163   60     18.538     -7.456     -9.582
  97   42     -9.130     -9.581     -7.514
 275   -2     -8.860     -9.206      1.445
 144   -2     12.711     -8.318      9.521
  -1  102      4.187     -9.117      7.804
  40  282     10.377     -8.204     -4.545
  -1  149     12.484     -6.616      2.657
  -1  321     -5.677    -10.258     -4.535
 121   -2     16.312     -6.600      1.085
  -1    0     16.387     -4.536     -3.609
   7   -2     -4.460     -9.684     -6.327
 220  142     18.094     -3.874     -3.054
  -1  166     12.317     -2.857     -0.988
 148   -2     -3.863     -5.415     -4.465
  -1   22      6.201    -10.386     -6.858
  72  345     -9.061     -2.895     -9.911
 394   -2     11.493     -9.382     -7.288
 258  125     13.411     -9.993      3.409
 317  232     -8.979     -9.131      3.948
 208  301     -2.227     -7.186     -6.575
 255   -2     11.914     -8.489      8.950
  -1   -2     -0.159     -9.742     -3.178
 171   -2     -7.144     -5.415     -8.911
 323   -2     -2.561    -10.187      5.915
 168   -2    -12.381     -4.254     -8.070
 256   99     17.718    -10.813     -2.774
 346   -2     -6.135     -4.708     -2.382
  -1   -2     12.205     -2.063      1.446
  -1   -2      5.737     -6.767     -0.976
  -1  105     20.283     -3.260     -6.185
 388  215      9.625     -9.169     -6.161
  -1  182     18.566     -5.423     -1.932
 315   -2    -10.637     -6.204     -0.175
 175  375     -8.297     -8.138     -2.770
  -1  279      9.196     -4.180     10.158
  60  223     16.175     -8.744     -6.053
 182  203     18.618     -9.045     -9.212
  -1  162     -7.548      1.377     -5.545
 268  138      8.651    -11.145     -7.575
  -1   -2     20.407     -7.138     -4.208
 267  187     15.131      0.532     -6.337
  48  204     17.369     -6.842      2.210
 241  312     10.867     -3.158     10.191
 161   62     -8.806    -10.777      0.865
 400   -2     -1.841     -2.807     10.453
  -1  206      0.953    -10.424     -3.756
  -1  167     11.942     -1.500     -9.452
  -1   -2    -12.165     -2.769     -2.028
  -1  244    -12.633    -10.747     -4.050
  -1   -2     18.473    -10.082     -7.737
 262  201     -4.224     -9.756      2.966
  -1   12     -0.920     -9.313      7.827
 191  344    -10.227     -5.034      2.313
 198   -2     15.304     -2.658     -7.093
 294   -2      1.130     -8.833      7.976
  -1  197     12.475     -7.704     -0.451
  -1  268     10.838     -9.324      6.689
 196  116     16.880    -10.047     -5.961
 109  148      0.468     -7.132      9.029
 141   -2     16.943     -8.515     -4.708
 178  189     19.171     -5.684     -6.183
  -1  150     15.206     -1.242      3.255
  -1   -2      3.482     -5.458     -4.710
  89   -2     20.064     -6.167     -1.921
 233   75     12.536     -1.647      0.098
  -1   59     -1.488     -8.504     -1.308
  -1   28     15.309     -9.927     -4.490
 192   -2    -13.697     -8.700     -4.669
 117  101     17.248     -4.612      0.833
  17  253     13.616     -2.261      2.632
 189  141    -10.910     -7.209     -4.233
 231    4      5.722     -7.019     -5.958
 215   -2     18.736     -5.514      0.275
  -1  320     13.317      0.191     -2.761
  -1   -2    -13.046     -2.510     -7.257
 330   -2    -12.044     -7.107     -2.110
  -1  389     16.806     -8.066      5.143
 203   -2     17.067     -7.624      1.042
  -1   -2     -1.549    -10.338      7.484
 343   -2      5.993    -10.621     -2.272
  70   35     16.632     -9.041      3.779
  -1   -2      6.059     -8.716      2.463
 289  294     -6.357     -5.332      2.940
  -1  119      2.746     -8.071      7.757
  -1   -2      3.156      0.706     -1.879
 200   -2    -13.069     -6.653     -7.328
 162   -2    -11.932     -9.489     -6.382
 350   -2     16.401      2.676     -9.720
 177  290     -7.297     -7.674      6.970
  36  175     -1.912     -9.206      7.016
 327   54     15.341     -5.411      7.995
  -1  220     -8.581     -5.750      5.379
 393  191      9.663     -9.834     -4.711
  -1  188     13.457     -1.110      2.015
 226   -2     -4.946     -3.311    -10.472
  -1  211     15.835     -0.597      8.832
  87   -2      2.952     -8.695      3.427
  -1   94     19.671     -8.262     -0.541
 132  237     -7.083     -7.242     -4.325
  -1   -2     -3.264     -9.502      8.347
 401  245     15.388     -9.314     -6.013
 265   -2      4.483    -10.015     -5.316
 321   -2      0.042     -6.581     -5.237
  -1   90     16.563     -7.161     -3.463
 104  139     -3.989     -6.691     -9.520
 331   -2      2.792     -7.323     -1.460
  -1  131      0.118     -5.503      6.444
  51  348     -5.094     -6.882     -9.473
 290   -2     -2.636     -3.473      8.147
  -1   -2      7.917     -1.001      9.842
 369   -2     12.688     -1.485      7.920
  -1  284     -6.995     -9.426     -0.130
 145   -2      8.014     -4.126      4.731
 216   -2    -11.568     -2.481     -8.487
  -1   -2     12.610     -8.602      8.028
  -1  106     -6.195     -9.581      6.973
 312   -2     16.366     -3.803      5.896
  -1   89     -7.371     -7.046      8.339
  82   -2     -6.107     -7.398      0.801
  -1   64     15.662    -10.146     -4.353
  -1  147     19.081     -8.960     -8.865
  -1   -2      4.228     -6.173     -0.584
 118    7     -9.087     -9.539     -0.070
  -1   -2     17.179     -8.551      4.001
 390   -2     15.848     -1.751      2.876
 264  254      5.191     -0.603     -3.007
  -1  230      7.554     -5.097     -8.941
  -1  264     -5.282    -10.998      1.424
 299  302      6.712    -10.231      0.427
 358  267    -12.166     -5.916     -1.648
 185  242     -0.350    -10.041      3.643
 122   -2     -7.420     -6.840     -8.852
 404   -2     18.700     -9.326     -1.140
  20  217     -6.471     -7.896      7.677
  -1   -2    -10.145     -3.498     -8.052
  -1  134    -12.537    -10.415     -0.746
 383   -2     13.004      1.353     -0.972
  -1  109     19.397     -7.401     -9.671
  -1  314     -1.755     -6.943     -0.871
   5  136     14.992     -5.358     -3.544
 310  288     -7.035     -3.455     -3.646
 282   -2     15.217     -4.368     -6.503
  -1   93     10.173     -2.643      4.277
 214  208     -2.235     -8.402      6.620
 201   -2     -2.690     -9.820      4.234
  -1  259     -1.819     -5.772      2.105
 276   -2    -11.478     -4.540     -5.349
  -1   -2     14.833     -7.964     -1.977
  -1   -2      9.701     -6.809      2.903
 206  337    -12.535     -6.517     -2.087
 288  170      0.886     -9.798      5.747
 368   25     -6.097     -1.986     -1.417
  -1   49      9.529     -5.572      8.261
  54  228     12.762     -2.662      8.717
  -1   -2      6.206     -2.639     -1.841
  -1   -2     -6.283      2.044     -6.015
 131   -2     20.022     -7.702     -0.167
 293  283     18.669      3.235     -0.863
 187   -2      2.360     -9.325      1.197
 130  200      7.092     -4.039     -5.629
  -1  154    -10.426     -8.410      1.948
  -1   32     16.862    -10.504    -10.334
  -1  214     -7.979     -7.883     -9.995
  -1  311      8.563     -4.507     10.026
 353  213     -5.471      0.845      1.474
 126  151     13.805     -3.356     -2.018
  -1   -2     -4.422     -3.730      7.536
  -1  266     -3.908     -0.899     -9.566
  -1   -2      2.209      3.082      6.122
 125  129     -7.390     -6.211     -6.595
  -1   48     12.090     -8.141     -2.622
  -1  226     -3.233     -9.667      5.558
  -1  307     13.300     -4.433      2.696
  95  240      3.427     -5.639     -0.352
 285  278     19.819      1.249     -4.869
 114   46     19.855     -9.722     -2.724
  -1  156      8.190     -8.373     10.529
  -1   -2      1.864     -5.394      2.977
  66  218     -9.982     -4.037    -10.376
  -1   -2      1.719     -8.192     -7.318
 335  172    -10.945     -6.533     -3.356
 320  115     -0.563     -6.435      2.015
  -1   -2     11.283     -4.539      6.624
 228  324      4.819     -4.078      1.972
 152   -2      2.735     -3.535      3.973
  -1  153     -0.635     -3.641     -0.458
 337  317      0.108     -5.519     -7.959
  84   -2      9.544     -1.556     -9.153
 306   -2      9.214     -4.097      4.848
  -1  273      0.507     -8.708     -0.876
  -1   -2      0.623     -7.847      3.753
  -1  257      1.452     -9.745      9.387
 280   65     11.735     -8.605      2.095
 159   66      5.644     -7.429     -3.422
 202   19     -7.533     -8.487      0.256
 151   -2      1.189     -6.162      2.070
  -1  161     -1.067     -7.267      2.861
  -1  124     13.620     -7.355     -2.411
 128  343    -11.898    -10.869     -9.377
 272  117      8.047     -5.901     -1.436
 238   -2    -10.272    -10.390     -3.197
 373   -2    -10.192     -2.080     -5.749
 253   -2    -12.632     -5.513     -4.665
  -1  185      3.682     -6.104      3.639
  -1   -2     10.054      0.111      7.919
  -1   -2      1.537     -3.747     -4.471
  -1  212     13.936     -3.795     -1.569
  -1  111      9.649     -7.397      1.918
 194   -2     17.071     -1.815      2.545
  -1  178     15.375     -3.228    -11.614
  -1   -2      1.299     -9.978      9.916
 167  325    -10.673      1.676     -5.684
 254   58     18.788     -2.763     -8.334
  -1  340    -13.301     -3.357     -5.015
 341  328    -10.814     -0.030     -8.975
  -1   -2    -14.063     -4.478      8.517
  -1   -2    -10.226      0.014      5.703
 349  326      7.702      3.977    -11.084
 347  330    -11.848      2.379      1.638
 339  295     -1.485     -2.833     -5.737
  -1  351     -9.463      2.496    -10.340
  -1  327      3.753     -0.369     -5.452
 234  329     17.530      3.821    -12.219
  -1  296      6.223     -1.961     -3.651
  -1  299    -10.198      0.174     -3.339
  -1   -2      3.048    -10.752      0.073
  -1   -2     20.240      4.051     -0.897
 362  336      7.659      3.949    -10.799
  -1  289     12.280      1.091      5.682
  -1  365     21.539     -0.453     10.322
  -1   -2     -5.956     -3.963    -10.806
  -1   -2     14.529     -5.828    -11.110
 380   -2      9.836     -0.802      3.451
  -1   -2     -6.007     -0.074     -6.097
  -1   -2    -13.081     -9.729     -5.329
  -1   -2     -5.279      4.525     -3.698
  -1   -2    -11.433     -5.072      4.613
  -1   -2     -3.568     -3.709     -2.307
  -1   -2     15.210      0.571     -8.434
  -1  113      8.947     -4.767     -6.300
  -1   -2    -13.332     -3.301      8.221
 360   -2      1.871      0.772     10.354
  -1   -2     10.116     -7.297    -11.631
  -1   -2      3.467     -0.676    -11.962
  -1   -2     21.053     -0.689     -3.310
 377  359    -13.684      3.958      1.751
  -1   -2      5.644      0.578      7.504
  -1   -2    -10.171     -1.730      7.788
  -1  140     -8.575     -1.345     -9.651
  -1  103    -12.894     -4.965     -7.439
  -1  192      3.437    -11.023     -1.030
  -1  363      6.473      5.038      9.292
  -1  368    -13.318     -0.366     -6.023
 365   -2     -8.790      1.683     -4.702
  -1   -2     20.290      4.693     -4.122
  -1  176     14.646     -5.225     -6.071
  21   -2     -4.104     -2.662     -4.050
 389  378      0.983      2.515     -8.301
  -1   -2      7.987     -6.597     -5.229
  -1   -2     17.914     -1.362      3.528
  -1   -2      1.480     -5.402     -4.468
 397  384      1.304     -7.347     -6.084
  -1   -2     14.237      2.565     -0.668
  45   -2      1.837     -9.009     -4.519
 437  412      3.218      0.723     -1.764
 183   -2      1.091     -0.873      9.553
  -1  419      4.399     -1.553     -1.265
 222   -2     13.475     -1.110      2.078
  -1   -2     -6.642      1.204     -5.092
  -1  164    -10.226      0.014      5.703
  -1   -2      9.086     -0.640     -9.155
 245   -2      2.464     -3.241      8.292
 364   -2    -17.197     -1.282      9.177
  -1   -2      1.524     -5.392     -4.602
 414  380      1.524     -5.392     -4.602
  -1   -2     17.914     -1.362      3.528
 278   -2      1.304     -7.347     -6.084
  -1   -2     -0.438     -2.102      1.283
  -1   -2     12.497     -4.213     -4.179
  -1   -2      2.412     -0.879      3.338
  -1   -2     -0.015     -0.858      0.969
  -1   -2      9.200     -1.554      0.550
  -1  404     -3.307     -4.041      9.249
 424   -2     -3.307     -4.041      9.249
  -1   -2     -6.642      1.204     -5.092
  -1   -2    -10.226      0.014      5.703
 270  100     18.837     -8.488      0.275
  -1   -2    -12.214     -2.765     -1.849
 406  403      9.097     -0.641     -9.187
 395   -2      3.218      0.723     -1.764
 385    3     -0.299     -7.377     -5.817
  -1  422      7.748     -5.954      7.397
  -1   -2      6.871     -6.176      6.361
 457  426     14.677     -5.235     -6.173
  -1   -2      4.784     -2.857      9.422
 412  409      5.727     -7.303      5.081
  -1   -2     12.497     -4.213     -4.179
  -1   -2     12.497     -4.213     -4.179
  -1  255     17.952     -1.368      3.668
  32   -2     17.963     -1.377      3.412
 392  411     14.235      2.561     -0.640
 438  414     -0.015     -0.858      0.969
  -1   -2      9.200     -1.554      0.550
  -1  402      9.113     -1.567      0.827
  -1   -2      9.200     -1.554      0.550
  -1   -2      2.412     -0.879      3.338
 445   -2      4.399     -1.553     -1.265
 402  420     -6.642      1.204     -5.092
 447   -2    -10.226      0.014      5.703
  -1   -2    -12.214     -2.765     -1.849
  -1   -2      7.748     -5.954      7.397
  -1   -2      6.871     -6.176      6.361
 454   -2      4.784     -2.857      9.422
 455  424     12.497     -4.213     -4.179
 444  418     -0.438     -2.102      1.283
 442  416      2.412     -0.879      3.338
  -1   -2      9.200     -1.554      0.550
  -1   -2      9.200     -1.554      0.550
 396   -2      9.113     -1.567      0.827
 448  421    -12.214     -2.765     -1.849
 449   -2      7.748     -5.954      7.397
  -1   -2      6.871     -6.176      6.361
  -1   -2      6.871     -6.176      6.361
 456  425      6.871     -6.176      6.361
  -1  316      9.097     -8.116      5.152
  -1   -2      9.097     -8.116      5.152
