414
   0   -2     15.292     -6.486     -1.254
 109    2     11.864     -9.163      7.423
 105   -2     14.130     -3.466     -1.542
 393   -2     -1.574     -7.155      3.327
  -1    9      1.808     -7.806      9.231
  -1   51     -3.651     -6.564     -8.772
  12   -2     16.077     -2.980     -7.956
  52   58     14.587     -6.227     -5.016
  13   -2     10.329     -7.606      1.089
   3   13     10.858     -3.161     10.174
  50   41     15.188     -7.900      0.694
  64   -2     -4.284     -5.993      2.748
  86   -2      9.621     -0.437      7.383
 120    5     -1.486     -9.023      9.585
  -1   19     15.303     -2.658     -7.092
  19   38     19.225     -8.487     -0.625
  30   60     11.104     -8.514      8.982
  35    8      2.241     -8.100      9.279
  -1   39      2.445     -8.354      4.144
  22   22     12.590     -1.699     -0.026
   1    1      9.596     -8.254      9.587
  95   -2      6.237     -9.149      7.494
  61   -2      5.703     -7.012     -6.024
  45   -2     -0.614     -8.045      1.459
  -1   23      5.292     -8.533      0.395
  -1   56     -0.719     -9.452     -0.080
  28   -2     19.646     -8.022     -7.010
 130   -2     15.176     -1.888     -6.300
  -1   -2     13.412     -4.122     -6.887
   5   30     11.417     -9.281      5.945
  41   -2     -6.128     -9.423      6.196
  36   28     11.777     -7.816     10.388
  40   32      2.232     -3.237      8.930
  20  107      4.885     -8.268      0.488
 116   -2      6.883     -6.358      5.980
  53   -2     13.555     -6.888      8.542
  11   33     16.168     -4.421     -9.093
  43   -2     -5.165     -1.871      5.611
 101   37     15.666     -8.344      1.874
  39   -2     17.198     -7.455      2.903
  74   -2      2.315     -9.074      1.743
  -1   53     20.213     -8.335     -1.769
 140   88     17.214     -3.846      3.516
  -1   55     -3.205     -4.640      2.370
  32   -2     13.727     -3.300     -2.939
  -1   91     -8.651    -10.393      8.171
  -1   25      7.353     -6.860     -3.870
  14    3      9.438     -5.573      8.509
  47   -2      9.431     -4.130      4.311
  -1   -2      3.972     -5.922     -9.435
  51   -2    -10.354    -10.855      2.881
  -1   -2     15.130     -7.284     -0.382
  93   47     -8.256     -6.801     -2.372
  48   -2     -3.585     -6.416     -3.815
  18   -2     18.292     -7.964      1.064
  -1   54      0.987     -7.371     -0.599
  55   42     10.594     -4.992     -0.879
  63   45     -3.264    -10.143      1.180
  -1   -2     16.025     -9.899     -8.681
  -1   -2     11.502     -7.027      2.828
  -1   27      4.640     -6.778     -8.419
  62   26     -1.047     -9.395     -2.135
  -1   -2     18.014      4.073      1.063
 117   31     16.000      2.492     -8.909
  -1  379     12.161    -10.343      7.364
  -1   -2      8.230      5.422     -8.419
  -1   -2     17.088     -1.061     -9.277
  -1  122     10.690      3.244     -7.543
  -1   -2     15.792     -1.258      1.877
  -1   -2      4.133     -3.701      8.253
  -1   -2      1.061     -0.043     -0.282
  75  111     -6.945     -5.422     -8.405
  -1   -2     15.441      4.373      2.060
  76   71     -4.862     -1.355      7.301
  -1   -2      6.957      1.795     -3.496
  -1   -2     14.973      2.937     -5.924
  97   48     -5.868     -3.113     -6.354
  -1   -2     -5.869      0.913      3.028
  84   76     15.266      3.413     -6.558
 137   35     -5.405     -1.995      0.342
  -1   -2     11.829      0.386      3.318
  -1   -2      7.128    -10.406     -2.072
  -1  113      5.564      0.775      4.599
  -1    0     15.825     -5.329      2.606
  -1   -2     -8.183     -4.252      4.312
  -1   44     20.636     -3.928     -0.985
  91   -2     18.813      0.370     -6.149
 180   49      7.563     -1.750      0.783
  90   81    -14.190    -10.529      5.567
  -1  104     14.952      0.650      7.984
   8   -2     11.149     -9.706    -10.427
  46   -2     14.302     -2.483      5.676
  -1   90     -7.966      0.446    -10.953
  -1  135     16.612      0.417    -10.137
  -1   18     14.062    -10.076    -10.268
  -1   -2     14.140     -8.957      7.788
  98   93    -12.681     -7.609     -9.221
  -1   85     19.972      1.585     -7.514
  31   -2     -8.842     -9.731      8.153
  -1   17     18.216     -9.336      2.552
 102  110    -12.896     -5.437     -3.254
  -1   29     11.547     -5.031     -9.300
  -1   -2     21.869     -5.640     -5.446
  99   36      9.760     -7.221     -7.768
  56   -2     -5.796    -10.217      7.082
 100   95      8.843      6.073      9.499
  -1   -2    -11.312    -10.614     -9.639
 104   -2     13.897     -2.077      1.666
 134    4     11.331     -0.865     -2.828
 114   59     17.143     -5.990      1.648
  -1   67     -0.075     -9.773     -8.257
 139  128     -7.698     -3.763     -2.489
  -1   -2     22.389     -6.441      7.315
 111  214     15.858     -0.276      0.067
  85   -2    -10.467     -6.945     -8.215
 108  102    -10.491     -3.491     -8.699
 112   -2      3.959     -9.937     10.190
  -1   -2     -5.576      4.393     -4.344
  -1   -2     13.522      4.895     -8.303
  -1   -2     -6.843    -12.471     -9.363
  -1   -2     17.329     -0.211     10.200
  -1  106     -0.155      6.695     -3.932
  -1   68     -6.311     -5.037    -10.338
  -1   -2     11.886     -9.087      8.284
  -1   -2     16.000      2.492     -8.909
  -1  168      8.230      5.422     -8.419
  -1  176     18.014      4.073      1.063
  -1   -2     17.088     -1.061     -9.277
  -1   -2     16.913     -1.423     -0.731
  -1   -2     10.690      3.244     -7.543
  -1   -2      4.133     -3.701      8.253
  -1   -2      1.061     -0.043     -0.282
  -1   99      6.957      1.795     -3.496
  -1   -2     15.441      4.373      2.060
  -1   -2     -5.869      0.913      3.028
  67   -2     14.973      2.937     -5.924
  -1  293    -12.841     -9.966     -3.527
  -1   50     11.829      0.386      3.318
 115   -2     -5.868     -3.113     -6.354
  -1  101     -8.183     -4.252      4.312
  -1   -2     20.636     -3.928     -0.985
  -1   -2     14.140     -8.957      7.788
  -1   -2     19.972      1.585     -7.514
  -1   -2     -3.519     -6.540     -8.409
  -1   -2     11.886     -9.087      8.284
  -1   -2     16.000      2.492     -8.909
  -1   -2     16.913     -1.423     -0.731
  -1   -2     10.690      3.244     -7.543
  -1   -2     18.014      4.073      1.063
  -1   -2      4.133     -3.701      8.253
  -1   61     17.088     -1.061     -9.277
  -1   -2      1.061     -0.043     -0.282
  -1   -2      8.230      5.422     -8.419
  -1   -2     15.441      4.373      2.060
  -1   -2     -5.869      0.913      3.028
  -1   -2      6.957      1.795     -3.496
  -1   -2    -12.841     -9.966     -3.527
  -1   -2     11.829      0.386      3.318
  -1   -2     20.636     -3.928     -0.985
  -1   -2     -8.183     -4.252      4.312
  -1   -2     19.972      1.585     -7.514
  -1   -2     -3.519     -6.540     -8.409
  -1   -2     11.886     -9.087      8.284
 145   73     16.000      2.492     -8.909
  -1   -2     10.690      3.244     -7.543
  -1   -2     18.014      4.073      1.063
  -1   -2     16.913     -1.423     -0.731
  -1   -2      4.133     -3.701      8.253
  -1  121      8.230      5.422     -8.419
  -1   -2      1.061     -0.043     -0.282
  -1   -2     15.441      4.373      2.060
  71   87      6.957      1.795     -3.496
  -1   -2     -5.869      0.913      3.028
  -1   -2     11.829      0.386      3.318
  -1   -2    -12.841     -9.966     -3.527
 171   15     -8.183     -4.252      4.312
  -1   -2     19.972      1.585     -7.514
  -1   -2     11.886     -9.087      8.284
  -1   -2     10.690      3.244     -7.543
  -1   -2     16.913     -1.423     -0.731
 175   -2     18.014      4.073      1.063
 132  180      1.061     -0.043     -0.282
  -1   -2      4.133     -3.701      8.253
  -1   -2     15.441      4.373      2.060
  -1   -2     -5.869      0.913      3.028
  -1   -2    -12.841     -9.966     -3.527
  -1   -2     11.829      0.386      3.318
  -1   -2     19.972      1.585     -7.514
  -1   -2     -3.519     -6.540     -8.409
  -1   -2     11.886     -9.087      8.284
  -1   -2     10.690      3.244     -7.543
  -1   -2     16.913     -1.423     -0.731
  -1   -2      4.133     -3.701      8.253
  -1   -2     15.441      4.373      2.060
  -1   -2     -5.869      0.913      3.028
  -1   -2    -12.841     -9.966     -3.527
  -1   -2     11.829      0.386      3.318
  -1   -2     -3.519     -6.540     -8.409
  -1   -2     11.886     -9.087      8.284
  -1   -2     16.913     -1.423     -0.731
  -1   -2      4.133     -3.701      8.253
 215  108     10.690      3.244     -7.543
  -1   -2     15.441      4.373      2.060
  -1   -2     -5.869      0.913      3.028
  -1   -2     11.829      0.386      3.318
  -1   -2    -12.841     -9.966     -3.527
  -1   -2     -3.519     -6.540     -8.409
  -1   -2     11.886     -9.087      8.284
  -1   -2      4.133     -3.701      8.253
  -1   -2     15.441      4.373      2.060
  -1   -2     11.829      0.386      3.318
  -1   -2     -5.869      0.913      3.028
  -1   -2    -12.841     -9.966     -3.527
  -1   -2     -3.519     -6.540     -8.409
  -1   -2     11.886     -9.087      8.284
  -1   -2      4.133     -3.701      8.253
  -1   -2     15.441      4.373      2.060
  -1   -2     -5.869      0.913      3.028
  -1   -2     11.829      0.386      3.318
  -1   -2    -12.841     -9.966     -3.527
  -1   -2     -3.519     -6.540     -8.409
  -1   -2     11.886     -9.087      8.284
  -1   -2      4.133     -3.701      8.253
  -1   -2     15.441      4.373      2.060
  81  208     -5.869      0.913      3.028
  -1   -2     11.829      0.386      3.318
  -1   -2    -12.841     -9.966     -3.527
  -1   -2     -3.519     -6.540     -8.409
  -1   -2     11.886     -9.087      8.284
  -1   -2      4.133     -3.701      8.253
  -1   -2     15.441      4.373      2.060
  -1   -2    -12.841     -9.966     -3.527
  -1   -2     11.829      0.386      3.318
  -1   -2     -3.519     -6.540     -8.409
  -1   -2     11.886     -9.087      8.284
  -1   -2      4.133     -3.701      8.253
  -1   -2     15.441      4.373      2.060
  -1   -2     11.829      0.386      3.318
  -1   -2     -3.519     -6.540     -8.409
  -1   -2     11.886     -9.087      8.284
  -1   -2      4.133     -3.701      8.253
  -1   -2     15.441      4.373      2.060
  -1   -2     11.829      0.386      3.318
  -1   -2     -3.519     -6.540     -8.409
  -1   -2     11.886     -9.087      8.284
  -1   -2      4.133     -3.701      8.253
  -1   -2     15.441      4.373      2.060
  -1   -2     11.829      0.386      3.318
  -1   -2     -3.519     -6.540     -8.409
  -1   -2     11.886     -9.087      8.284
  -1   -2      4.133     -3.701      8.253
  -1   -2     15.441      4.373      2.060
  -1   -2     11.829      0.386      3.318
  -1   -2     -3.519     -6.540     -8.409
  -1   -2     11.886     -9.087      8.284
  -1   -2      4.133     -3.701      8.253
  -1   -2     15.441      4.373      2.060
  -1   -2     11.829      0.386      3.318
  -1   -2     11.886     -9.087      8.284
  -1   -2      4.133     -3.701      8.253
  -1   -2     15.441      4.373      2.060
  -1   -2     11.829      0.386      3.318
  -1   -2     -3.519     -6.540     -8.409
  -1   -2     11.886     -9.087      8.284
  -1   -2      4.133     -3.701      8.253
  -1   -2     15.441      4.373      2.060
 103   94     11.829      0.386      3.318
  -1   -2     -3.519     -6.540     -8.409
  -1   -2      4.133     -3.701      8.253
  -1   -2     15.441      4.373      2.060
  -1   -2     -3.519     -6.540     -8.409
  -1   -2     11.886     -9.087      8.284
  -1   -2      4.133     -3.701      8.253
  -1   -2     15.441      4.373      2.060
  -1   -2     -3.519     -6.540     -8.409
  -1   -2     11.886     -9.087      8.284
  -1   -2      4.133     -3.701      8.253
  -1   -2     15.441      4.373      2.060
  -1   -2     -3.519     -6.540     -8.409
  -1   -2     11.886     -9.087      8.284
  -1   -2      4.133     -3.701      8.253
  -1   -2     15.441      4.373      2.060
  -1   -2     -3.519     -6.540     -8.409
  -1   -2     11.886     -9.087      8.284
  -1   -2      4.133     -3.701      8.253
  -1   -2     15.441      4.373      2.060
  -1   -2     -3.519     -6.540     -8.409
  -1   -2     11.886     -9.087      8.284
  -1   -2      4.133     -3.701      8.253
  -1   -2     15.441      4.373      2.060
  -1   -2     11.886     -9.087      8.284
  -1   -2     11.886     -9.087      8.284
  -1   -2      4.133     -3.701      8.253
  -1   -2     15.441      4.373      2.060
  -1   -2     -3.519     -6.540     -8.409
  -1   -2     11.886     -9.087      8.284
  -1   -2      4.133     -3.701      8.253
  -1   -2     15.441      4.373      2.060
  -1   -2     -3.519     -6.540     -8.409
  -1   -2     11.886     -9.087      8.284
  -1   -2      4.133     -3.701      8.253
  -1   -2     15.441      4.373      2.060
  -1   -2     11.886     -9.087      8.284
  -1   -2      4.133     -3.701      8.253
  -1   -2     15.441      4.373      2.060
  -1   -2     11.886     -9.087      8.284
  -1   -2      4.133     -3.701      8.253
  -1   -2     15.441      4.373      2.060
  -1   -2     -3.519     -6.540     -8.409
  -1   -2     11.886     -9.087      8.284
  -1   -2      4.133     -3.701      8.253
  -1   -2     15.441      4.373      2.060
  -1   -2     -3.519     -6.540     -8.409
  -1   -2     11.886     -9.087      8.284
  -1   -2      4.133     -3.701      8.253
  -1   -2     15.441      4.373      2.060
  -1   -2     -3.519     -6.540     -8.409
  -1   -2     11.886     -9.087      8.284
  -1   -2      4.133     -3.701      8.253
  -1   -2     15.441      4.373      2.060
  -1   -2     -3.519     -6.540     -8.409
  -1   -2     11.886     -9.087      8.284
  -1   -2      4.133     -3.701      8.253
  -1   -2     15.441      4.373      2.060
  -1   -2     -3.519     -6.540     -8.409
  -1   -2     11.886     -9.087      8.284
  -1   -2      4.133     -3.701      8.253
  -1   -2     15.441      4.373      2.060
  -1   -2     -3.519     -6.540     -8.409
  -1   -2     11.886     -9.087      8.284
  -1   -2      4.133     -3.701      8.253
  -1   -2     15.441      4.373      2.060
  -1   -2     -3.519     -6.540     -8.409
  -1   -2     11.886     -9.087      8.284
  -1   -2      4.133     -3.701      8.253
  -1   -2     15.441      4.373      2.060
  -1   -2     -3.519     -6.540     -8.409
  -1   -2     11.886     -9.087      8.284
  -1   -2      4.133     -3.701      8.253
  -1   -2     15.441      4.373      2.060
  -1   -2     -3.519     -6.540     -8.409
 381   -2     11.886     -9.087      8.284
  -1   -2      4.133     -3.701      8.253
  -1   -2     15.441      4.373      2.060
  -1   -2     -3.519     -6.540     -8.409
  -1   -2      4.133     -3.701      8.253
  -1   -2     15.441      4.373      2.060
  -1   -2     -3.519     -6.540     -8.409
  -1   -2      4.133     -3.701      8.253
  -1   -2     15.441      4.373      2.060
  -1   -2     -3.519     -6.540     -8.409
  -1   -2      4.133     -3.701      8.253
  -1   -2     15.441      4.373      2.060
  -1   -2     -3.519     -6.540     -8.409
  -1   -2      4.133     -3.701      8.253
  -1   -2     15.441      4.373      2.060
  -1   -2     -3.519     -6.540     -8.409
  -1   -2      4.133     -3.701      8.253
  -1   -2     15.441      4.373      2.060
  -1   -2     -3.519     -6.540     -8.409
  -1   -2      4.133     -3.701      8.253
  -1   -2     15.441      4.373      2.060
  -1   -2     -3.519     -6.540     -8.409
  -1   -2      4.133     -3.701      8.253
  -1   -2     15.441      4.373      2.060
  -1   -2     -3.519     -6.540     -8.409
  -1   -2      4.133     -3.701      8.253
  -1   -2     15.441      4.373      2.060
  -1   -2     -3.519     -6.540     -8.409
  -1   -2      4.133     -3.701      8.253
  -1   -2     15.441      4.373      2.060
  -1   -2      4.133     -3.701      8.253
  -1   -2     15.441      4.373      2.060
  -1   -2     -3.519     -6.540     -8.409
  -1   -2      4.133     -3.701      8.253
  -1   -2     15.441      4.373      2.060
  -1   -2     -3.519     -6.540     -8.409
  -1   -2      4.133     -3.701      8.253
  -1   -2     15.441      4.373      2.060
  -1   -2      4.133     -3.701      8.253
  -1   -2     15.441      4.373      2.060
  -1   -2     -3.519     -6.540     -8.409
  -1   -2      4.133     -3.701      8.253
  -1   -2     15.441      4.373      2.060
  -1   -2     -3.519     -6.540     -8.409
  -1   -2      4.133     -3.701      8.253
  -1   -2     15.441      4.373      2.060
  -1   -2     -3.519     -6.540     -8.409
 125  388      4.133     -3.701      8.253
  -1   -2     15.441      4.373      2.060
  -1   -2     -3.519     -6.540     -8.409
  -1   -2     15.441      4.373      2.060
  -1   -2     -3.519     -6.540     -8.409
  -1   -2     15.441      4.373      2.060
  -1   -2     -3.519     -6.540     -8.409
  -1   -2     15.441      4.373      2.060
  -1   -2     -3.519     -6.540     -8.409
  -1   -2     15.441      4.373      2.060
  -1   -2     -3.519     -6.540     -8.409
  -1   -2     15.441      4.373      2.060
  -1   -2     -3.519     -6.540     -8.409
  -1   -2     15.441      4.373      2.060
  -1   -2     -3.519     -6.540     -8.409
  -1   -2     15.441      4.373      2.060
  -1   -2     -3.519     -6.540     -8.409
  -1   -2     15.441      4.373      2.060
  -1   -2     -3.519     -6.540     -8.409
 133  427     15.441      4.373      2.060
  -1   -2     -3.519     -6.540     -8.409
  -1   -2     -3.519     -6.540     -8.409
  -1   -2     -3.519     -6.540     -8.409
  -1   -2     -3.519     -6.540     -8.409
  -1   -2     -3.519     -6.540     -8.409
   9  431     -3.519     -6.540     -8.409
