221
  30   -2     15.296     -6.486     -1.257
 101    0     14.137     -3.464     -1.532
  55   -2     -1.570     -7.154      3.332
   2    4      4.504     -8.059      7.220
   4   21     15.028    -10.296     -6.428
  36   41     16.512     -8.647     -4.655
  31   -2     -2.866     -9.398     -3.549
  25  232     -3.652     -6.564     -8.777
 158   -2     16.083     -2.978     -7.973
  -1    8      6.845     -9.576      4.564
  -1   -2     10.327     -7.606      1.079
  12   -2     14.578     -6.226     -4.991
 115  106     -9.509     -7.366     -0.018
  15   11     -4.285     -5.994      2.749
  17   -2     17.854     -9.490     -4.266
  21  100      9.803     -2.441      7.021
  16   12     10.860     -3.160     10.178
  26   -2     11.909     -9.069      8.360
 112  184      9.639     -0.429      7.339
  24   13     -1.485     -9.021      9.594
  20   -2      3.310     -7.679      5.087
  70   35     15.307     -2.662     -7.104
  22   -2     15.727    -10.196      1.314
  -1   -2     12.598     -1.702     -0.046
  -1   -2     12.893     -9.944      4.658
  10   -2      9.597     -8.252      9.584
  34   36      5.713     -7.015     -5.996
  29   -2      3.511     -8.763      4.962
  23   23      9.286     -9.776     -3.718
   7  118     -0.715     -9.450     -0.075
  -1   -2     20.261     -6.024     -9.262
  33   -2     -1.524     -7.840     -7.973
  38   31     -1.573     -9.546      6.154
  -1   28     19.222     -8.483     -0.625
  52   -2     13.901     -3.967     -3.404
   5   -2      2.233     -3.237      8.922
  -1   -2      6.882     -6.357      5.968
  42   44      8.963     -7.487     -9.640
 211   18      1.350     -5.379     -6.436
  72   -2     -6.452     -6.565     -6.795
  37   34     20.749    -10.089     -3.623
  82   71     -5.166     -1.870      5.608
   6   -2     15.080     -8.681     -0.489
  85   -2      9.718      0.746      7.594
  45  117     13.554     -6.887      8.541
  87   87     17.209     -3.844      3.523
  39   -2      9.438     -4.130      4.297
  58   49     10.321     -7.299      4.387
  51   50      9.445     -5.576      8.502
  -1   51     17.030    -10.627      0.303
 169  149     13.022      1.358     -1.018
  43   47     17.040     -4.795      4.802
  57   27     -2.431    -10.567     -5.403
  -1   -2     10.334     -5.005     -0.217
  14   -2     -5.669     -9.685     -8.235
 113   60    -11.691     -2.900     -3.943
   9   56     -3.368     -8.517     -8.270
 107   -2     -3.581     -6.417     -3.809
  47   29      4.641     -6.777     -8.414
  -1   14     17.096    -10.047     -9.362
  -1    3      3.890     -9.949      9.453
  63   64     16.000      2.490     -8.905
  -1   77     10.686      3.239     -7.528
  61  123     18.009      4.077      1.073
  -1   -2     16.923     -1.423     -0.701
  -1   72      8.229      5.424     -8.427
  -1   -2     17.087     -1.061     -9.293
  -1   -2      4.138     -3.701      8.265
  -1   -2      1.060     -0.043     -0.290
  62   58     -6.945     -5.420     -8.398
  -1  102    -10.287     -4.096     -9.036
  -1   -2     -4.862     -1.355      7.303
  -1   -2     15.431      4.371      2.081
  -1   24     14.590    -10.802      0.780
  -1  132     -5.867      0.912      3.028
  -1   53     14.974      2.938     -5.925
  -1   95    -12.841     -9.965     -3.523
  81   38     -5.405     -1.996      0.349
  50  124     15.266      3.414     -6.557
  -1   -2     11.829      0.389      3.315
  -1   80      5.563      0.775      4.599
 143  166     -8.188     -4.250      4.305
  -1   -2     20.637     -3.928     -0.988
  27   20     14.429     -9.460      2.681
  93  122     12.067     -8.569      9.209
  -1   -2     -5.874     -3.108     -6.346
  90   -2     18.815      0.370     -6.153
  -1   -2      7.841    -10.013      8.450
  -1   46     14.036     -8.058      4.756
  76   48      7.555     -1.746      0.761
  92   98     14.304     -2.481      5.672
  96   89     16.612      0.418    -10.138
  -1   -2     20.091     -7.098     -4.843
  91   93     -7.965      0.447    -10.951
  95   90    -12.682     -7.607     -9.215
 102   96      8.844      6.071      9.497
  -1   -2      6.697     -2.339      9.917
  -1   84     19.973      1.585     -7.513
  -1    1     13.900     -2.077      1.661
  99   57    -11.707     -9.622     -7.475
 100   92    -12.897     -5.435     -3.253
  -1   32     11.551     -5.023     -9.306
 178   17     11.329     -0.865     -2.825
  32   69     -6.841     -4.128     -7.135
  83  108     16.978    -11.206     -6.017
  -1   39     -7.593     -9.761     -9.314
  -1   -2     16.009     -0.704      6.700
  86   -2     -6.312     -2.872      2.204
  -1   22     17.149     -5.479      5.778
  -1   -2     16.975     -7.378      3.236
  -1  105     -3.402     -4.688     -7.248
  48   59      7.900     -4.800      5.561
 149  110     15.860     -0.274      0.073
  59  109     15.065     -9.754      7.580
 114  115     -5.577      4.396     -4.328
 116  119     -6.309     -5.033    -10.333
  -1  116    -11.644    -10.568     -0.664
  -1   -2     -3.524     -6.541     -8.422
  -1   -2     17.087     -1.061     -9.293
  67  128      8.229      5.424     -8.427
  -1   -2     16.923     -1.423     -0.701
  -1   -2     10.686      3.239     -7.528
  -1   -2      4.138     -3.701      8.265
  75   -2     -5.867      0.912      3.028
  -1   -2      1.060     -0.043     -0.290
  -1   -2     15.431      4.371      2.081
  -1   -2    -13.334     -3.206      2.424
  -1   -2     14.974      2.938     -5.925
  -1   -2     11.829      0.389      3.315
  -1   -2     -8.188     -4.250      4.305
  -1   79     -5.874     -3.108     -6.346
  -1   -2     20.637     -3.928     -0.988
  -1   -2     19.973      1.585     -7.513
 132  168     16.975     -7.378      3.236
  -1   -2     -3.524     -6.541     -8.422
  18  121      9.790     -0.413      6.970
  -1   -2     16.923     -1.423     -0.701
  -1   -2     10.686      3.239     -7.528
  -1   -2      4.138     -3.701      8.265
  -1   -2     17.087     -1.061     -9.293
  -1   -2      1.060     -0.043     -0.290
  -1   -2     15.431      4.371      2.081
 125  148    -13.334     -3.206      2.424
 126   -2     14.974      2.938     -5.925
  -1   -2     -5.874     -3.108     -6.346
  -1   -2     11.829      0.389      3.315
  -1   -2     -8.188     -4.250      4.305
  -1   -2     20.637     -3.928     -0.988
  -1   -2     19.973      1.585     -7.513
  -1   -2     10.686      3.239     -7.528
  66  170     17.087     -1.061     -9.293
  -1   -2      4.138     -3.701      8.265
  -1   -2      1.060     -0.043     -0.290
  -1   -2     15.431      4.371      2.081
  -1   -2     -5.874     -3.108     -6.346
  -1   -2     11.829      0.389      3.315
  -1   -2     20.637     -3.928     -0.988
 155  178     19.973      1.585     -7.513
  -1   -2     -3.524     -6.541     -8.422
  -1   -2     10.686      3.239     -7.528
  -1   -2      4.138     -3.701      8.265
  -1   -2      1.060     -0.043     -0.290
  -1   -2     15.431      4.371      2.081
  -1   -2     -5.874     -3.108     -6.346
  -1   -2     11.829      0.389      3.315
  -1   -2     20.637     -3.928     -0.988
  -1   -2     -8.188     -4.250      4.305
  -1   -2     -3.524     -6.541     -8.422
  -1   -2      4.138     -3.701      8.265
  -1   -2     10.686      3.239     -7.528
  -1   -2      1.060     -0.043     -0.290
  -1   -2     15.431      4.371      2.081
  -1   81     -8.188     -4.250      4.305
 118   -2     11.829      0.389      3.315
  -1   -2     20.637     -3.928     -0.988
  -1   -2     -3.524     -6.541     -8.422
  -1   -2     10.686      3.239     -7.528
  -1   -2      4.138     -3.701      8.265
  -1   -2      1.060     -0.043     -0.290
  -1   -2     15.431      4.371      2.081
  -1   -2     20.637     -3.928     -0.988
  -1   -2     -3.524     -6.541     -8.422
  -1   -2      4.138     -3.701      8.265
  -1   -2     10.686      3.239     -7.528
  -1   -2      1.060     -0.043     -0.290
  -1   -2     15.431      4.371      2.081
  -1   -2     20.637     -3.928     -0.988
  -1   -2     -3.524     -6.541     -8.422
  -1   -2     10.686      3.239     -7.528
  -1   -2      4.138     -3.701      8.265
  -1   -2      1.060     -0.043     -0.290
  -1   -2     15.431      4.371      2.081
 182  203     20.637     -3.928     -0.988
  -1   -2     -3.524     -6.541     -8.422
  -1   -2     10.686      3.239     -7.528
  -1   -2      4.138     -3.701      8.265
  -1   -2     15.431      4.371      2.081
  -1   -2      1.060     -0.043     -0.290
  -1   -2     -3.524     -6.541     -8.422
  64  199     10.686      3.239     -7.528
  -1   -2      4.138     -3.701      8.265
 197  218      1.060     -0.043     -0.290
  -1   -2     15.431      4.371      2.081
  -1   -2     -3.524     -6.541     -8.422
  -1   -2      4.138     -3.701      8.265
  -1   -2     15.431      4.371      2.081
  -1   -2     -3.524     -6.541     -8.422
  -1   -2      4.138     -3.701      8.265
  -1   -2     15.431      4.371      2.081
  -1   -2     -3.524     -6.541     -8.422
  79   43      4.138     -3.701      8.265
  -1   -2     15.431      4.371      2.081
  -1   -2     -3.524     -6.541     -8.422
  -1   -2     15.431      4.371      2.081
  -1   -2     -3.524     -6.541     -8.422
  -1   -2     15.431      4.371      2.081
  -1   -2     -3.524     -6.541     -8.422
  -1   -2     15.431      4.371      2.081
  -1   -2     -3.524     -6.541     -8.422
 216  237     15.431      4.371      2.081
 117   -2     -3.524     -6.541     -8.422
