274
   1    1      4.772     -4.683      8.550
  93   -2      2.756     -7.093      3.605
 200    8     13.172     -5.961      7.007
   0    4     17.301     -1.805     -3.447
  69   -2      5.744     -6.371     -2.027
  -1   11     10.006    -10.881     -5.241
   9   63    -11.098     -9.284     -8.184
  89  179     16.507     -3.597      0.305
   8   18      3.808     -8.420      7.285
  -1   -2     15.275     -2.683     -7.201
   3    5     -9.813     -4.338     -7.310
   5    6     -8.593     -4.444      1.388
  -1  153     -2.970     -8.115      9.786
  76   59     15.861     -7.972     -2.541
 231   82     15.297     -6.485     -1.246
  -1   -2    -11.939     -9.627     -9.406
 176   -2      9.411     -8.618      1.787
  -1    0      2.761     -7.264     -1.868
  40  184      3.559     -9.133     -8.607
  -1   12     -1.185     -0.237     -3.707
 172   -2      6.818     -7.230     -3.968
  -1   -2      4.673     -9.335     -8.361
  30   17     -6.545     -1.205     -5.277
  27   65    -10.895     -6.878     -0.333
  20   -2      5.802     -9.853     -9.012
  28   -2      1.952     -9.205      0.863
  25   15      4.041     -4.175      7.884
  53   47     12.809     -1.875     -1.046
  21   23     14.792     -3.530      3.915
  -1  109      2.525     -9.038      6.961
  29   25     12.370     -5.751     -2.881
  -1  123    -10.652    -10.544     -4.541
  -1   34     -1.684     -6.564      1.473
  37   22      8.635      1.326     -8.552
  35   -2      1.756     -8.707      9.253
 101  128     19.387     -8.771     -1.560
  49   38     18.536     -0.758     -4.756
 143   -2     10.299     -6.285     -8.463
 155   27     14.762     -9.779     -5.657
 186  154      9.373     -4.127      4.553
  -1  145      1.567     -7.327      9.872
  -1    2      4.617     -8.491      1.429
 154   48      2.272     -3.210      9.087
  73   -2     16.481    -10.362     -1.751
  45   35     -8.740     -6.020     -6.137
  52   41     18.833     -2.375     -3.434
  54  130      4.792     -5.605      8.631
  -1   -2     16.639     -3.816      4.616
  42   40      1.305     -5.833      5.188
  61   53     14.864     -1.166      7.600
 245   37     -6.389      3.143     -2.097
  -1   -2     11.366     -1.980      1.813
 166  112      2.937     -4.295     -2.937
  36   -2     -3.025     -8.355      9.753
  56   46     -7.714     -7.049      0.552
  -1   -2    -11.818     -6.296     -9.074
 217   98     16.303     -8.899      2.608
 138   -2     13.367     -1.438     -2.152
 242   -2      7.266     -8.762     -3.045
 202  141     -2.266     -6.934      5.192
 100  142     -0.918     -9.333      7.566
  24   -2     16.222     -6.994     -0.390
 198   60     14.286     -0.876      4.737
 266   33      8.739     -5.543     -3.187
  -1  173    -11.594    -10.210     -9.957
  75  175     17.116    -10.288     -6.650
 229   -2     14.363    -10.338      1.976
  72   13    -10.582     -4.979     -3.538
 115   64     -1.271     -3.366      7.932
  85   -2     -7.261     -5.447     -9.210
 204  108     -8.291     -9.692     -5.260
  67   66      3.334    -10.270      1.027
  79   -2     14.472     -2.398      6.012
 142   -2     13.405     -7.942      4.885
 145   -2     -0.005     -7.983      3.120
  -1   67     -3.646     -6.562     -8.757
  -1  191      9.870     -5.410     -7.548
  64   -2     -1.438     -9.460     -0.903
  83  111     16.094     -2.970     -7.995
   7   79     16.183     -2.126      6.427
 114   -2    -11.544     -9.925     -7.133
  78   -2      7.334     -4.805     -1.504
 135   91     12.058     -6.861     10.438
  -1   -2     10.117     -9.520     -0.803
  34   -2     14.135    -10.167      1.751
 104  124     14.574     -6.224     -4.982
 113   70     14.229    -10.956     -4.335
  -1   43     10.052     -2.616      6.219
 252   -2      9.889      1.223      6.548
  31   24     16.916     -3.209      2.027
 160   84      9.567     -5.444      6.566
  -1  201      4.969    -10.499     -0.300
  -1   -2    -13.197    -10.305     -2.662
 130   -2     18.684     -6.939     -4.804
  39   -2     15.206     -8.431     -0.696
 121   -2     13.912     -7.486     -2.742
  -1   -2     -4.287     -5.993      2.749
 105   -2     10.861     -3.160     10.185
  -1   61     19.390    -11.257     -5.374
 109  185     -0.339     -7.978     -1.799
 137   -2     -7.218     -8.376     -5.217
 124   -2     10.070     -8.713      2.350
 112   56     14.201     -8.871      3.783
  -1   -2     -2.419     -9.086     10.321
 224   -2    -10.750     -9.616     -3.259
  -1   -2    -10.033     -6.964     -9.308
 179  129     18.114     -8.150     -3.767
  97   -2      5.841     -9.168      7.492
 157   -2     14.638     -4.705      4.507
 180   -2      8.992     -7.300      9.285
  -1   -2      0.867     -6.881      9.211
 247   -2     17.294     -3.225      6.776
  -1   -2     -7.408     -6.008     -9.413
 159  181      8.478     -6.263      2.706
 243   -2      8.039     -5.112     -9.097
 133   -2     18.026     -9.533     -0.940
 106   -2     -0.142     -9.767     -8.696
  -1   -2      4.844     -7.769      0.885
  -1   81     -1.385     -8.751      7.910
 185  169     -3.559     -9.447     -3.113
  60  106     15.543     -2.165     -9.780
  47   20     10.612     -8.700     -2.132
 111   -2     15.363     -1.190      3.168
  -1   -2     -8.691     -4.416      3.556
  -1   -2     11.704     -9.535      1.887
 132  236      8.686      3.317     -0.819
  -1  240    -12.771     -7.266     -9.352
 192  167     19.150      0.414      1.748
  46   16      1.023     -9.776      8.844
  -1  170     -1.634     -5.050     -2.406
 102   -2     11.498     -3.536      2.599
  -1  206     -8.736     -2.374     -3.595
  81  165     11.774      1.477     -1.236
  -1   -2     20.036     -8.180     -2.240
 108  150     20.075     -9.582     -3.455
  -1   -2     18.506     -6.024      2.116
 107   -2      1.039     -9.188      1.099
  99   87     20.105     -7.063     -4.249
  50   -2      9.969     -6.032     -3.678
  -1   -2     -7.421     -7.541     -1.419
  -1   -2     10.700      3.804      0.549
 184   -2      8.161     -7.785      0.834
 120   42     10.370     -8.381     -0.795
 129   85     -5.658     -6.421      4.414
  -1  190      7.397     -4.506    -10.085
  -1   -2    -13.239     -7.504     -2.298
  86   -2      3.861    -10.068      0.877
 156  127     12.851     -2.920      5.178
  -1   -2      0.916     -9.765      5.146
  63   -2     -2.311     -8.464      1.352
  -1   -2     -6.559     -7.825     -1.357
 152   89     14.950     -0.581     -3.519
  26  186     11.809    -10.750     -4.376
 254   -2      2.637     -8.739      2.694
  -1  104     13.855     -2.450     -8.791
  66   -2      9.569     -0.444      7.522
  -1  164     14.390     -3.505     -2.846
 240  149      4.048    -10.928     -2.309
  70   -2      6.244     -7.097     -0.734
  95   -2    -11.802    -10.391     -2.557
 234   -2     13.242      3.039     -1.588
  -1   44     13.088     -1.667      7.522
 149  187     17.392     -0.624      3.311
  62   69      2.522     -7.584     -6.884
 187  168     -3.061      1.658     -8.966
 147   -2     16.687     -9.617     -0.709
 239  194      9.457     -5.580      8.469
  -1   51     16.235     -4.010      4.460
  -1  132     14.714      0.744      9.177
 151   72      1.881     -4.675      8.660
  -1  193     -0.960     -7.941     -7.658
  -1   -2    -11.546    -10.301     -4.884
 232  140     17.095      2.156     -6.177
  -1   -2     19.484     -7.266     -2.494
 190  211    -10.803     -8.366      0.385
 178   -2     -1.401     -5.755      2.307
  -1  163      7.039     -9.029     -1.741
 203   -2     -1.423      3.156     -0.506
 241  225     -5.678     -3.035     -9.444
  -1   -2      6.542     -7.978      2.849
  -1   -2     19.001     -1.252     -0.922
  -1  158     19.720     -7.907     -2.757
  58   -2     19.727     -4.626     -0.741
 215  161      0.148    -10.223     -7.459
 228   -2     18.038      1.859      2.153
 177  105     16.070     -5.256     -1.658
 233   -2     14.576     -3.865     -2.603
 197   -2     13.837     -4.485     -6.781
  -1    9     -1.147     -9.656      0.734
 170   -2     -6.382     -9.431      8.180
  65  160     13.475     -8.872      8.363
 165   -2     -8.094     -3.883     -3.776
  -1  171     -1.208     -2.644      5.378
 230   -2      9.008      0.447      3.400
  98   -2      7.283     -3.987      0.444
 196   -2     -1.537     -3.212      5.108
   6   49      1.686     -8.744      0.037
  -1  174    -11.306     -9.397     -5.705
  -1  189     -5.386     -9.924      0.573
 153   -2      1.080     -9.801    -10.096
  -1   -2      4.194     -8.250      2.070
  -1   -2     -8.512     -2.482      2.338
  55   -2      3.158     -5.640     -0.973
  96   90     -8.716     -1.096     -2.949
  -1  204    -13.167     -2.597      2.245
 220   94     18.007      4.074      1.079
 225  221     -0.744     -0.181    -12.328
  -1   75     -0.511     -6.774     -7.724
  -1   -2      1.059     -0.045     -0.285
 248   -2      7.651      1.050      4.246
 214   -2    -10.835     -7.518      4.490
 140  210     15.102      4.219     -9.967
  -1   19     13.013     -9.346      8.191
  -1   -2     -5.408     -1.994      0.344
 208  182     -3.092     -1.914    -11.773
  -1   -2     21.020     -9.293      7.699
  -1   -2     -2.681     -0.793      2.629
  -1   30     20.995      1.308     -2.637
  -1  103      7.563     -1.742      0.776
 227   80     16.836     -5.680     -7.378
 161   -2     11.310     -0.865     -2.889
  -1  203     15.185      4.396      2.589
 223  216     -4.311     -2.060     -6.375
  -1   -2    -12.896     -5.433     -3.239
  -1   -2     18.258     -5.299      4.776
  -1   -2     11.919     -3.062     -5.205
  -1   -2     21.166     -1.749     -7.485
  -1   36     12.873     -2.100    -12.483
 103   97     17.337    -10.921     -0.301
  -1   -2     17.357     -5.000      7.802
 125   -2      9.434     -9.805     -4.098
  -1  199      6.461      2.752      3.820
 218   -2    -10.734     -3.686     -9.312
  -1  143     -8.924      1.407      3.128
 219   -2     16.869      2.381     -9.733
  -1   68     10.256     -5.864    -11.100
  -1   -2     14.715      0.429    -10.151
  -1  222    -12.294     -7.188     11.343
  -1   -2      7.392     -9.684     -4.106
  -1   -2     -3.501      0.398     -4.662
  -1  213      9.002      2.890      1.203
  -1   -2     -6.650      0.796     -7.146
  -1  137     23.245     -4.179      8.476
 226  152     -6.312     -5.032    -10.336
  -1  110    -12.074     -1.075     -9.599
  -1  223     -0.153      6.691     -3.934
  -1   -2     17.311    -11.125    -10.193
 174  230     -5.579      4.393     -4.337
  -1   -2      4.207      1.882      8.280
  -1   -2      6.935     -0.746      4.308
  -1   -2     13.516      4.893     -8.323
 162  162      1.979     -0.910     -2.264
  -1   -2     21.844      2.945     -6.454
 182   -2      3.549     -2.979      0.427
 201   -2     19.395      5.324     -3.149
  15  238     -1.148     -0.231     -3.806
  12   14      5.455     -8.354     -1.116
  -1   -2    -11.710     -6.253     -9.134
 150  237     10.582      3.795      0.848
  -1    3      3.830     -7.454     -5.225
  -1  147      6.684     -8.817     -0.617
 255   -2    -11.762     -6.266     -9.043
  -1   -2      6.684     -8.817     -0.617
 261  245     -8.581     -4.395      1.893
  -1   -2      6.684     -8.817     -0.617
  -1   -2     -8.581     -4.395      1.893
  -1   -2      6.684     -8.817     -0.617
  -1   -2      6.684     -8.817     -0.617
 263  247     -9.749     -4.284     -6.917
 256   -2     -8.581     -4.395      1.893
 264  248      6.684     -8.817     -0.617
  -1   -2      2.893     -4.232     -2.109
  -1   -2      2.893     -4.232     -2.109
 265  250      2.893     -4.232     -2.109
