279
  73    1     15.296     -6.487     -1.255
  91   -2     14.135     -3.465     -1.524
  22   -2     15.042    -10.298     -6.471
  10    2     -1.575     -7.157      3.331
  20   -2     -2.870     -9.396     -3.547
  -1   -2     -3.654     -6.564     -8.775
  -1   -2      8.420     -9.017     10.234
 232   -2     16.091     -2.975     -7.991
   1   -2     14.584     -6.227     -5.004
   5   96      5.835     -9.168      7.500
  67   26     10.329     -7.607      1.087
   9   -2     10.868     -3.157     10.199
  40   91     -4.285     -5.994      2.747
  11   11     -1.486     -9.022      9.593
  -1    9      9.800     -2.442      7.029
  80   39     15.376     -1.829     -6.820
  14    8     15.304     -2.661     -7.093
  29   18      5.458     -7.485     -2.886
  16   13     12.590     -1.702     -0.028
  -1  183     11.906     -9.070      8.352
  19   17      9.288     -9.776     -3.721
  47    5      3.513     -8.764      4.971
  -1   43     -1.526     -7.841     -7.981
  46   41     10.663     -9.718     -8.648
  26   22     18.139     -9.531     -4.938
  23   46      4.747     -6.797     -8.751
  24   24      9.831     -8.163      9.973
 164   81     16.085      0.542     -8.698
  71   -2     15.484     -4.687      2.539
  79   -2    -10.535     -7.162     -7.930
  25   -2     20.747    -10.087     -3.616
  -1   -2     16.168     -4.423     -9.087
  64   59     -5.167     -1.870      5.606
  28   29      2.230     -3.235      8.938
  -1   16      4.889     -8.268      0.481
 102   31      6.886     -6.358      5.956
  32   37      8.968     -7.486     -9.648
  -1   25     19.224     -8.483     -0.628
   2   -2      1.038     -9.042      4.561
  35   76     13.556     -6.889      8.535
  95   35     17.206     -3.842      3.527
 113   -2     -0.145     -7.522     10.720
  42   36      9.450     -5.578      8.487
  34    6     10.326     -7.297      4.397
  -1   20      5.119     -9.603      9.500
 124   -2     12.998      1.365     -0.954
  76   -2      9.439     -4.128      4.296
  44   44     10.332     -5.006     -0.211
 279   42     -3.586     -6.417     -3.822
  -1   -2     20.402     -3.824     -1.710
  48   -2     -1.039     -9.391     -2.111
  -1   -2     10.688      3.244     -7.540
  52   49     16.002      2.493     -8.910
  -1   -2     17.086     -1.062     -9.278
  -1   32      0.426    -10.380      9.123
  -1   -2      4.137     -3.699      8.263
  -1   -2     -8.742    -10.362      6.237
  -1   90     -3.198     -8.459     -8.290
  -1   47      1.056     -0.046     -0.288
  21   85     13.251     -4.212     -7.723
  54   78     15.808     -1.258      1.862
  -1   -2      8.230      5.424     -8.422
  58   -2     -6.941     -5.421     -8.392
  60   27     -4.863     -1.355      7.301
  -1   77      6.959      1.792     -3.488
  -1   -2     15.436      4.372      2.070
  -1  151     14.973      2.936     -5.924
  -1   -2     -5.865      0.912      3.025
  -1   64     15.267      3.414     -6.557
  69   -2     -5.407     -1.998      0.345
  -1   -2     -5.869     -3.110     -6.368
 112  127     11.829      0.386      3.319
  -1   -2    -10.233    -10.834      2.692
  -1   -2      9.757    -10.959     -4.446
  70   -2      5.565      0.775      4.598
  -1   -2     -8.180     -4.245      4.325
 128   53     18.814      0.371     -6.149
  -1   33     16.025     -8.544      7.562
  -1    3     13.903    -11.010     -6.657
 100   87     14.304     -2.482      5.672
 121   40      7.561     -1.748      0.775
  82   -2     -7.961      0.446    -10.933
  -1   70    -11.308    -10.613     -9.649
  -1   -2    -12.682     -7.608     -9.214
  75  169     19.973      1.584     -7.509
  84   86      8.846      6.073      9.494
 108   -2     18.502     -7.531     11.295
 106   82    -12.899     -5.434     -3.257
 194   38     11.462     -8.619      7.275
  88   -2    -11.705     -9.623     -7.470
  89   23     11.551     -5.030     -9.307
  12   -2      9.942     -0.520      8.729
  -1   89     16.538     -9.049      1.896
  72   14     13.897     -2.077      1.667
  93   -2      8.818     -1.436    -11.281
  92   97     -6.841     -4.127     -7.136
  -1   93    -10.733     -3.684     -9.315
  -1    0     16.976     -7.376      3.236
  -1   92     -7.697     -3.762     -2.486
  33   83     17.163     -5.484      5.746
 103   -2     -2.381     -5.058     -4.446
  97   -2     15.858     -0.277      0.064
 105   98     -7.593     -9.764     -9.314
 107  100     -5.583      4.395     -4.334
  -1   -2      2.237      0.281      5.930
  85   94    -11.537     -2.945     -4.689
 109   57     -6.312     -5.033    -10.337
  -1   -2     17.329     -0.211     10.205
  -1  248     -3.529     -6.542     -8.430
  -1   -2     11.906     -9.070      8.352
  -1   21     -8.742    -10.362      6.237
  -1   -2      4.137     -3.699      8.263
  -1   -2     10.688      3.244     -7.540
  -1   -2     17.086     -1.062     -9.278
  -1   -2      8.230      5.424     -8.422
  -1   -2      1.056     -0.046     -0.288
  -1   -2      6.959      1.792     -3.488
  -1   62     15.436      4.372      2.070
  -1   -2     -5.865      0.912      3.025
  -1   -2     14.973      2.936     -5.924
  -1   66     -5.869     -3.110     -6.368
  -1   -2     11.829      0.386      3.319
  -1   -2    -10.233    -10.834      2.692
  -1   -2     -8.180     -4.245      4.325
  -1   -2     19.973      1.584     -7.509
  -1   -2     -3.529     -6.542     -8.430
  -1   -2     11.906     -9.070      8.352
  -1   -2     17.086     -1.062     -9.278
  -1   -2     10.688      3.244     -7.540
 126   45     -8.742    -10.362      6.237
  -1   -2      4.137     -3.699      8.263
  55  124      8.230      5.424     -8.422
  -1   -2      1.056     -0.046     -0.288
  -1   -2      6.959      1.792     -3.488
  -1   -2     15.436      4.372      2.070
  -1   -2     14.973      2.936     -5.924
  -1   -2     -5.869     -3.110     -6.368
  -1   -2     -5.865      0.912      3.025
  -1   15     11.829      0.386      3.319
  -1   -2    -10.233    -10.834      2.692
  -1   -2     -8.180     -4.245      4.325
  -1   -2     19.973      1.584     -7.509
  -1   -2     11.906     -9.070      8.352
  -1   -2     17.086     -1.062     -9.278
  -1   -2     10.688      3.244     -7.540
  -1   -2      4.137     -3.699      8.263
  -1   -2      1.056     -0.046     -0.288
  -1   -2     15.436      4.372      2.070
  -1   -2     14.973      2.936     -5.924
  -1   -2     -5.865      0.912      3.025
  90  149     -5.869     -3.110     -6.368
 101   56    -10.233    -10.834      2.692
  -1   -2     -8.180     -4.245      4.325
  -1   -2     19.973      1.584     -7.509
  -1   -2     -3.529     -6.542     -8.430
  -1   -2     11.906     -9.070      8.352
  -1   -2     10.688      3.244     -7.540
  -1   -2      4.137     -3.699      8.263
  -1   -2     17.086     -1.062     -9.278
  -1   -2      1.056     -0.046     -0.288
  -1   -2     -5.865      0.912      3.025
  -1   -2     15.436      4.372      2.070
  -1   -2     -8.180     -4.245      4.325
  -1   -2     19.973      1.584     -7.509
  -1   -2     11.906     -9.070      8.352
 118  174     10.688      3.244     -7.540
  -1   -2      4.137     -3.699      8.263
  -1   -2     17.086     -1.062     -9.278
  -1   -2      1.056     -0.046     -0.288
  -1   -2     15.436      4.372      2.070
  -1   -2     -5.865      0.912      3.025
  -1   -2     -8.180     -4.245      4.325
  -1   -2     19.973      1.584     -7.509
  -1   -2     -3.529     -6.542     -8.430
  -1   -2     11.906     -9.070      8.352
  -1   -2     17.086     -1.062     -9.278
  -1   -2      4.137     -3.699      8.263
  -1   -2      1.056     -0.046     -0.288
  -1   -2     15.436      4.372      2.070
  -1   -2     -5.865      0.912      3.025
  -1   -2     -8.180     -4.245      4.325
 176   -2     19.973      1.584     -7.509
  -1   -2     -3.529     -6.542     -8.430
  -1   -2     11.906     -9.070      8.352
  -1   -2      4.137     -3.699      8.263
  -1   -2     17.086     -1.062     -9.278
  -1   -2     15.436      4.372      2.070
  -1   -2      1.056     -0.046     -0.288
  -1   -2     -5.865      0.912      3.025
  -1   -2     -8.180     -4.245      4.325
  -1   -2     11.906     -9.070      8.352
  -1   -2     17.086     -1.062     -9.278
  -1   -2      4.137     -3.699      8.263
  -1   -2      1.056     -0.046     -0.288
  -1   -2     15.436      4.372      2.070
  -1   -2     -5.865      0.912      3.025
  -1   -2     -8.180     -4.245      4.325
  -1   -2     -3.529     -6.542     -8.430
  -1   -2     11.906     -9.070      8.352
  -1   -2     17.086     -1.062     -9.278
  -1   -2      4.137     -3.699      8.263
  -1   -2      1.056     -0.046     -0.288
  -1   -2     15.436      4.372      2.070
  -1   -2     -5.865      0.912      3.025
  -1   -2     -8.180     -4.245      4.325
  -1   -2     -3.529     -6.542     -8.430
  -1   -2     11.906     -9.070      8.352
  -1   -2      4.137     -3.699      8.263
  -1   -2     17.086     -1.062     -9.278
  -1   -2      1.056     -0.046     -0.288
  -1   -2     15.436      4.372      2.070
  -1   -2     -5.865      0.912      3.025
  -1   -2     -8.180     -4.245      4.325
  -1   -2     -3.529     -6.542     -8.430
  -1  105     11.906     -9.070      8.352
  -1   -2      4.137     -3.699      8.263
  -1   -2     17.086     -1.062     -9.278
  -1   -2      1.056     -0.046     -0.288
  -1   -2     15.436      4.372      2.070
 213   -2     -5.865      0.912      3.025
  -1   -2     -8.180     -4.245      4.325
  -1   -2     -3.529     -6.542     -8.430
 115  208     17.086     -1.062     -9.278
  -1   -2      4.137     -3.699      8.263
  -1   -2      1.056     -0.046     -0.288
  -1   -2     15.436      4.372      2.070
  -1   -2     -8.180     -4.245      4.325
  -1   -2     -3.529     -6.542     -8.430
  -1   -2      4.137     -3.699      8.263
  -1   -2      1.056     -0.046     -0.288
  -1   -2     15.436      4.372      2.070
 127  201     -8.180     -4.245      4.325
  -1   -2     -3.529     -6.542     -8.430
  -1   -2      4.137     -3.699      8.263
  -1   -2      1.056     -0.046     -0.288
  -1   -2     15.436      4.372      2.070
  -1   -2      4.137     -3.699      8.263
  -1   -2      1.056     -0.046     -0.288
  -1   -2     15.436      4.372      2.070
  -1   -2     -3.529     -6.542     -8.430
  -1   -2      4.137     -3.699      8.263
  -1   -2      1.056     -0.046     -0.288
  -1   -2     15.436      4.372      2.070
  -1   -2     -3.529     -6.542     -8.430
  -1   -2      4.137     -3.699      8.263
  -1   -2      1.056     -0.046     -0.288
  -1   -2     15.436      4.372      2.070
  -1   -2     -3.529     -6.542     -8.430
  -1   -2      4.137     -3.699      8.263
  -1   -2      1.056     -0.046     -0.288
  -1   -2     15.436      4.372      2.070
  -1   -2     -3.529     -6.542     -8.430
  56  229      4.137     -3.699      8.263
  -1   -2      1.056     -0.046     -0.288
  -1   -2     15.436      4.372      2.070
  -1   -2     -3.529     -6.542     -8.430
  -1   -2      1.056     -0.046     -0.288
  -1   -2     15.436      4.372      2.070
  -1   -2     -3.529     -6.542     -8.430
  -1   -2     15.436      4.372      2.070
  -1   -2      1.056     -0.046     -0.288
  -1   -2     -3.529     -6.542     -8.430
 266   -2      1.056     -0.046     -0.288
  -1   -2     15.436      4.372      2.070
  -1   -2     -3.529     -6.542     -8.430
  -1   -2     15.436      4.372      2.070
  -1   -2     -3.529     -6.542     -8.430
  -1   -2     15.436      4.372      2.070
  -1   -2     -3.529     -6.542     -8.430
  -1   -2     15.436      4.372      2.070
  -1   -2     -3.529     -6.542     -8.430
  -1   -2     15.436      4.372      2.070
  -1   -2     -3.529     -6.542     -8.430
  -1   -2     15.436      4.372      2.070
  -1   -2     -3.529     -6.542     -8.430
  -1   -2     15.436      4.372      2.070
  -1   -2     -3.529     -6.542     -8.430
 120   58     15.436      4.372      2.070
   3   -2     -3.529     -6.542     -8.430
