195
   0   13     -2.669     -6.072      4.798
  35    0    -11.035     -8.371    -10.345
  34    8     12.631     -5.807      5.468
  10    3     15.297     -6.485     -1.250
  -1   90     16.035     -3.843      6.165
  -1   -2     12.980     -4.319     -7.577
  33   79     15.201    -10.251     -6.710
   4    7    -10.754     -1.182     -3.030
  -1   14      9.343     -7.528      4.520
  58   -2     16.544     -7.138      3.252
  -1   22     15.603     -1.907     -8.959
  -1   53     16.475     -8.446      6.410
  -1   58     10.897     -8.162      5.793
  62   77     16.474     -6.783     -9.684
  13   -2     -3.034     -6.502      4.059
  42   -2     -2.301     -6.602      2.820
  91   96     11.667     -6.378      0.883
  40   -2     -3.470     -9.221     -0.749
   5   -2      9.885     -8.209      0.761
 115   -2     14.981     -1.240     -5.559
  57   -2     10.868    -10.705     -6.637
  87   27      9.346     -8.117      8.613
  -1   45     14.288     -8.613     -4.754
  50   89      2.423     -7.553     -7.053
  -1    9     11.326     -9.373      8.578
  29   69     16.597     -1.553     -2.235
  23   21     -3.652     -6.564     -8.779
  -1   16     12.454     -9.443      8.764
  -1   -2     17.523     -9.601     -5.296
  -1   -2     -4.560     -6.941     -5.488
  78   -2     -6.790     -5.655     -3.925
   7   25     13.548     -2.692      2.830
 163   94      5.042    -10.693     -4.712
  45   -2     13.686     -9.713     -5.866
  51  156      3.488     -0.130      3.274
  -1   -2      9.493     -0.939     -1.605
  66   -2     18.356     -7.577     -7.415
  -1   -2     15.305     -2.660     -7.096
  80   28     13.229     -3.201     -1.701
 103   52     -0.065     -7.784     -3.866
  19   34      9.380     -0.618     -2.007
  39   91      3.310     -7.679      5.093
  -1   87     17.586     -9.506      0.025
  26   -2     16.199     -3.068     -8.399
  -1   31     -3.736     -4.925      8.400
  -1   20     -3.602     -9.435     -3.262
  49   35      9.287     -9.776     -3.715
 162  160     -6.013     -8.666      1.143
  69   -2     12.979     -1.822     -0.885
  -1   -2     -2.762     -4.665      1.077
  -1   55     19.219     -8.484     -0.615
  54   42     18.679     -7.743    -10.401
  -1   10      2.696     -7.434      1.704
 123   51     16.405      2.676     -9.735
  -1   60      8.567     -6.581      9.865
  -1  104      9.776     -7.394      2.642
  27   -2     17.973    -10.235      2.620
  -1   37     12.248    -10.707      0.158
  32   -2      3.516     -8.762      4.973
  -1   -2     -2.217     -6.104     -0.393
  -1   11     -7.603     -6.756     -5.248
  67   81     16.088      0.542     -8.705
 106   57     14.257     -3.515     -2.521
  64   59     13.224     -3.329      7.777
  -1    5     14.454    -10.433     -8.225
  73   44      4.455     -3.749      9.181
 125   67      6.203     -3.217     -5.574
 110   43     -0.825     -9.415     -0.311
 124   -2     -5.661     -1.653      4.975
  59    1     10.721     -9.044      9.326
  61   -2     -4.920     -8.933     -2.292
 154   -2     16.221      2.193     -7.883
  -1   -2     16.165     -4.421     -9.087
  -1  158      2.235     -3.237      8.931
  68   -2     14.447     -8.384     -0.938
  -1   -2      8.964     -7.486     -9.639
  -1  108      2.900     -0.205      0.304
  15   -2     13.792     -8.883      4.426
  96   -2      1.721     -8.937      4.219
 121   -2     -8.120     -2.387     -2.059
   8   -2     12.673    -10.489      5.125
  -1   70     19.228     -8.315    -10.412
  -1    4     10.332     -3.044      8.474
  -1   -2      9.224     -5.724      8.998
  -1   -2     -0.152     -7.522     10.730
  48   -2     19.212     -6.307     -4.224
 151   -2     17.210     -3.843      3.518
  77   33      8.591      0.400     10.001
  82   86     -6.765     -6.823      6.150
  -1   19     -6.675     -7.758      0.421
 130   -2     17.923     -2.112     -0.965
 132   23     -1.166     -9.297     -3.169
  56   72     20.070     -7.860     -3.701
  30   -2      8.711     -9.070     -3.152
  84   -2     17.756     -6.816      2.343
  55  101      9.727     -4.135      3.566
  76   -2      8.374     -6.556      1.305
  86  109      6.929     -9.897      1.276
  -1  118     -4.232      0.628     -2.489
  98   -2      7.793     -8.148      9.397
   3   93     10.335     -5.005     -0.222
  38   -2     18.553     -9.581     -5.918
  63   -2     14.184     -4.313     -3.701
 105   97      4.638     -6.777     -8.417
  36   -2      6.290     -6.367      7.479
  14   29     11.200     -6.045      4.855
 153   73     -5.698     -2.993     -6.627
  -1   -2      1.154     -0.648      3.639
 144   -2     -3.073     -9.947     -0.068
 102   -2      1.232    -10.508     -0.987
  -1   -2     12.370     -4.930      8.712
  -1  139     -7.622     -3.722     -2.616
  -1   -2     -6.863     -8.882     -2.388
  21   -2      2.818     -3.793      3.469
  95   80     -0.179     -8.592      4.257
 117  137    -11.647     -9.013      0.972
  -1   -2     10.687      3.243     -7.530
  70   46      6.134    -10.119     -6.931
  -1   -2     -6.391     -3.918      8.683
 146  159     18.008      4.074      1.077
  -1  112    -12.524     -2.094      8.266
  -1    6     17.090     -1.061     -9.277
  -1  111      8.225      5.425     -8.418
 142   -2      6.467     -9.692      7.695
  -1   -2     15.440      4.372      2.062
  -1   78      7.696      0.072     11.037
  -1   -2     -0.871    -10.471     -7.139
  -1  103     -3.055     -0.785      1.634
  -1   82     11.830      0.379      3.309
  -1  138     14.106      0.899      5.117
  94   -2     15.266      3.413     -6.559
  -1   -2     -5.414     -1.995      0.324
  -1   -2    -12.224     -7.363     -8.162
  -1  119    -15.308     -7.659     10.469
  -1   18     19.189     -5.892      0.524
  83   -2     16.974     -0.895      3.540
 127   17     -5.321     -4.956     -7.761
 134  128      7.571     -1.749      0.804
  -1   88     -7.405     -9.974    -10.001
 140   -2      8.960     -1.012     -5.593
 126   -2    -11.713     -9.634     -7.472
 100   -2     19.315     -3.357     -4.306
  28   -2    -12.898     -5.432     -3.251
  -1   63      8.843     -1.432    -11.218
 158   -2     -5.343     -1.807     -2.932
  74   -2     -6.842     -4.126     -7.137
  -1   -2      9.942     -0.522      8.721
 122   15     -6.101     -5.316      6.471
  -1   -2     22.210     -0.259      4.050
  11   12     15.884     -4.328      4.103
  -1   62      4.711     -2.087      2.548
 149   -2      5.533      0.951      5.291
 108   -2     -2.379     -5.058     -4.437
  -1  102     19.733      1.480     -8.464
  -1   -2     19.671     -5.841     -7.648
  -1   -2     20.263      5.978     -6.612
 129   47     18.606     -4.642     -1.000
 109  113     13.196     -3.641      7.360
 136  147    -10.493     -3.489     -8.706
  -1   -2      0.349     -3.796    -10.541
 138   -2      8.223      6.076      7.601
  93   -2      0.121     -4.165     -8.204
 157  148     -5.583      4.396     -4.327
  -1   50    -12.992     -8.987     -7.391
  -1   -2     19.573     -6.606     -4.108
  43   -2    -10.723     -6.899     -8.638
  -1   -2     -2.697      0.746     -1.143
   1   -2     15.312     -6.488     -0.968
  -1   95     -3.527     -6.541     -8.433
  60   -2      5.723     -7.004     -5.962
 114   75      2.457     -3.243      8.321
  -1   -2      6.134    -10.119     -6.931
  -1   -2     10.687      3.243     -7.530
  -1   -2      8.225      5.425     -8.418
  -1   -2      9.501     -0.928     -1.623
  -1   -2     15.440      4.372      2.062
  -1   65     -5.414     -1.995      0.324
 156   61     -5.966     -8.687      0.984
  -1   -2      9.501     -0.928     -1.623
  -1   -2     15.440      4.372      2.062
 118  135     15.440      4.372      2.062
 167  163      9.493     -0.939     -1.605
  -1   -2     -4.688     -6.941     -5.063
  -1  167    -10.727     -1.146     -2.559
  -1   -2     -2.713     -6.011      5.474
  -1   -2     -2.713     -6.011      5.474
  -1   -2    -10.727     -1.146     -2.559
  -1   -2    -10.727     -1.146     -2.559
  -1   -2     -2.713     -6.011      5.474
 169  165     -2.713     -6.011      5.474
  -1   -2     -4.688     -6.941     -5.063
 171   -2    -10.727     -1.146     -2.559
  -1   -2     -4.688     -6.941     -5.063
  -1   -2     -4.688     -6.941     -5.063
 175   -2     -4.688     -6.941     -5.063
