51
  13   -2     17.703     -6.343     -2.856
  18   -2     16.706     -4.700    -10.492
  23   -2     -4.757    -10.577     -4.101
  25   15     11.789     -5.384      2.586
  -1   -2     -2.229     -7.563    -10.135
  24   -2      8.735     -6.658      9.579
  -1    7      9.930    -10.270     -5.607
  -1   -2     20.102     -6.540     -4.208
  -1   51      4.238    -10.500     -9.499
  -1   -2     -2.215    -11.010      0.181
  -1   37    -11.416    -10.394      4.442
  34   50     -1.259     -6.621      8.373
  16    2     10.472     -3.180     10.434
  15   -2      8.356     -9.385      7.967
  20   -2      7.409     -2.011     10.629
  -1   -2      1.595      4.372      5.334
  47    4      9.009     -5.992     10.388
  -1    9     15.784     -1.261      1.921
  -1   -2     19.308     -4.166     -6.338
  44    1     15.485     -5.698      0.892
  46   20     -6.970     -5.422     -8.419
  -1   19      7.556     -2.009     11.583
  -1   24     20.797     -6.043     -4.378
  -1   48     -3.267     -1.028     -7.657
  19    5      3.788     -8.949     -4.754
  -1   13     -3.924    -12.329     -9.677
  -1   -2     17.495      3.811    -12.136
  21   52     -5.423     -8.205     10.121
  39   -2      6.559     -6.362      8.695
  -1   32      2.639     -6.925      3.850
  -1   38     -1.818      6.692      3.178
  36   16     -5.316     -1.478      5.963
   3   23     -4.964    -10.911      4.497
   4   18     10.683     -8.396      0.439
  42   -2     -4.690    -10.483      6.713
  -1   -2     -6.443    -11.045      5.738
   6   -2      9.827     -3.584      6.729
  -1    6     10.735     -8.010      9.754
  -1   44     15.427     -9.407    -11.935
  33   14      2.853     -7.777      9.624
  26    8      9.940    -10.382     -4.355
  -1   -2    -12.080      1.352     -0.890
  -1   -2     16.719     -8.698    -12.100
  28   -2     -0.059    -11.019     -7.603
  -1    0      6.717     -8.089      5.731
  51   54     -1.827     -6.013      0.467
   8   27      5.836     -6.696      7.536
  45   34    -11.267     -0.661     -2.313
  -1   -2     15.784     -1.261      1.921
  -1   -2     15.784     -1.261      1.921
  54   57     15.784     -1.261      1.921
