266
 100   -2     15.297     -6.486     -1.254
  94   -2     14.133     -3.463     -1.533
  25    3     -1.571     -7.154      3.325
  -1   47     -3.650     -6.563     -8.773
  54   27     16.077     -2.977     -7.956
  60    9      6.844     -9.576      4.559
   6    4     14.937    -10.230     -7.386
   0    7     14.578     -6.225     -4.988
  -1   69     10.327     -7.606      1.076
  11   10     10.857     -3.162     10.165
   2   12     -4.286     -5.994      2.747
   9   32     -1.486     -9.021      9.593
  -1   -2     11.910     -9.070      8.363
  14   -2     12.428     -2.279      0.054
  15   23      3.310     -7.680      5.087
  99  100     12.590     -1.702     -0.025
  39   18      9.595     -8.252      9.579
  22  109     12.895     -9.943      4.653
  18   21     15.728    -10.196      1.311
  21   19      9.289     -9.777     -3.719
  78   -2     20.265     -6.021     -9.272
 112   29      3.512     -8.764      4.964
  -1   20     -0.716     -9.451     -0.070
  -1   22     -2.573     -8.454     -8.083
  31   24     18.125     -9.532     -4.907
  26   -2     -1.524     -7.839     -7.975
   1   25     13.910     -3.970     -3.429
  50   26      4.746     -6.795     -8.751
  32   33     19.225     -8.482     -0.631
  52   15     16.082      0.541     -8.690
  70   -2     -5.168     -1.871      5.606
  44   35     20.750    -10.089     -3.625
  90   -2      8.965     -7.487     -9.646
  -1   46      6.885     -6.360      5.964
  20  102     -4.921     -8.932     -2.299
  35   -2     13.552     -6.888      8.549
  -1   -2      9.727      0.747      7.574
 102    2     -0.147     -7.521     10.714
  73   40     17.210     -3.845      3.520
  24   77      6.187     -2.637     -1.793
  57   73     -6.757     -6.824      6.116
  28   90     14.551     -9.913      6.164
  38   41      9.446     -5.577      8.496
 104   -2      9.436     -4.129      4.308
  13   45     13.736     -3.307     -2.958
  71   63     13.026      1.356     -1.020
  46   -2     10.330     -5.005     -0.209
  45   36     -1.652     -5.810     -8.384
  -1   28     -5.548     -9.501      4.350
  41   -2     -3.885    -10.212      4.870
   5   39      9.945     -7.432      3.208
  -1   -2     12.554     -6.520     -3.568
  -1   -2     -3.826     -8.644     -9.031
  -1  127     15.999      2.491     -8.904
  -1   59      8.226      5.424     -8.419
  -1   79     17.085     -1.066     -9.285
  -1   -2     16.922     -1.424     -0.708
  -1   -2     10.684      3.242     -7.527
  -1   -2      4.133     -3.700      8.254
  -1   -2      1.059     -0.045     -0.281
   4   -2     14.600     -0.600     -4.535
 108   -2     -0.955     -3.739     -3.068
  59   58     -6.943     -5.420     -8.394
  -1   -2     15.435      4.371      2.071
  -1   60     -4.863     -1.355      7.303
  76   -2     11.807     -8.613      8.387
  -1   -2     14.974      2.937     -5.926
  -1   -2     14.288     -9.137      7.133
  -1   -2    -12.902     -6.278      5.314
  -1   -2     -5.869      0.913      3.037
  -1   87    -13.805    -10.801     -4.343
  67  146     15.266      3.413     -6.555
 125   34     -5.404     -1.996      0.348
  -1   96     -5.872     -3.110     -6.349
  68  120    -10.232    -10.831      2.691
  -1   -2     16.709     -4.855      5.227
  -1   67     11.828      0.388      3.321
  72   70      5.566      0.777      4.602
  -1   98     20.637     -3.928     -0.987
  -1   -2     -8.191     -4.246      4.296
  79   -2     18.815      0.370     -6.153
  -1   30     14.036     -8.057      4.755
  -1    1     14.304     -2.483      5.669
  82   78    -12.682     -7.609     -9.215
  63   38      7.560     -1.749      0.779
  -1   -2     19.973      1.584     -7.508
  -1  135     -7.959      0.445    -10.933
  85   -2     18.449     -7.548     11.099
  93   -2    -11.307    -10.614     -9.657
  89   83      8.844      6.072      9.499
  91   -2    -11.703     -9.623     -7.462
  -1  105    -12.896     -5.434     -3.251
 109   86     11.550     -5.028     -9.314
  -1   14      9.943     -0.519      8.722
  92   -2     10.692     -9.743     -8.724
 105   -2     13.899     -2.078      1.665
  -1   16     11.331     -0.866     -2.829
  -1   -2     -6.842     -4.126     -7.142
  37   -2     -2.385     -5.052     -4.454
  96   64     19.788     -6.648     11.677
  10   -2     -7.698     -3.759     -2.482
  62   97     -6.311     -2.869      2.201
  -1   95     17.152     -5.478      5.772
  95   -2     19.030     -4.342     -5.580
  -1   -2     16.973     -7.376      3.240
  80   -2      7.906     -4.800      5.545
  88  103    -11.532     -2.943     -4.672
 106   -2    -10.605     -1.400     -5.917
  -1   93    -11.857     -7.048     -9.554
  -1  192     -5.576      4.391     -4.328
  -1   -2     -7.457    -10.479      3.401
  -1   68     -6.310     -5.034    -10.332
  -1   -2     17.347     -0.209     10.271
  -1   -2     -3.519     -6.539     -8.411
  -1   -2     11.910     -9.070      8.363
  -1   -2     10.684      3.242     -7.527
  -1  110     15.999      2.491     -8.904
  53   99     16.922     -1.424     -0.708
  -1   -2      4.133     -3.700      8.254
  -1   -2     17.085     -1.066     -9.285
  -1  240      1.059     -0.045     -0.281
  -1   -2     -5.869      0.913      3.037
 265  255     15.435      4.371      2.071
 116   42     14.974      2.937     -5.926
  12   -2     11.828      0.388      3.321
  -1   -2    -12.902     -6.278      5.314
 192  193     -8.191     -4.246      4.296
  84   44     -5.872     -3.110     -6.349
  -1   -2     20.637     -3.928     -0.987
  -1   -2     19.973      1.584     -7.508
  -1    0     16.973     -7.376      3.240
  -1   -2     11.910     -9.070      8.363
 147   -2     10.684      3.242     -7.527
  -1   -2      4.133     -3.700      8.254
  -1   -2     17.085     -1.066     -9.285
  -1   -2      1.059     -0.045     -0.281
  -1   -2     15.435      4.371      2.071
 115   -2     14.974      2.937     -5.926
  -1   -2     -5.869      0.913      3.037
 124  147    -12.902     -6.278      5.314
  -1   -2     -8.191     -4.246      4.296
  -1   -2     20.637     -3.928     -0.987
  -1   -2     19.973      1.584     -7.508
  -1   -2     -3.519     -6.539     -8.411
  -1   -2     11.910     -9.070      8.363
  -1   -2     17.085     -1.066     -9.285
  -1   -2      4.133     -3.700      8.254
  -1   -2      1.059     -0.045     -0.281
  -1   -2     15.435      4.371      2.071
  -1   -2     -5.869      0.913      3.037
  -1   -2     20.637     -3.928     -0.987
  -1   -2     -8.191     -4.246      4.296
  86   76     19.973      1.584     -7.508
  -1   -2     -3.519     -6.539     -8.411
  -1   -2     11.910     -9.070      8.363
  -1   -2      4.133     -3.700      8.254
  -1   -2     17.085     -1.066     -9.285
  -1   -2     15.435      4.371      2.071
  -1   -2      1.059     -0.045     -0.281
  -1   -2     -5.869      0.913      3.037
  -1   -2     20.637     -3.928     -0.987
  -1   -2     -8.191     -4.246      4.296
  -1   -2     11.910     -9.070      8.363
  -1   -2     17.085     -1.066     -9.285
  -1   -2      4.133     -3.700      8.254
  -1   -2      1.059     -0.045     -0.281
  -1   -2     15.435      4.371      2.071
  -1   -2     -5.869      0.913      3.037
  -1   -2     20.637     -3.928     -0.987
  -1   -2     -8.191     -4.246      4.296
  -1   -2     -3.519     -6.539     -8.411
  -1   -2     11.910     -9.070      8.363
  -1   -2     17.085     -1.066     -9.285
  -1   -2      4.133     -3.700      8.254
  -1   -2      1.059     -0.045     -0.281
  -1   -2     15.435      4.371      2.071
  -1   -2     -5.869      0.913      3.037
  -1   -2     -8.191     -4.246      4.296
  -1   -2     20.637     -3.928     -0.987
  -1   -2     -3.519     -6.539     -8.411
  -1   -2     11.910     -9.070      8.363
  -1   -2      4.133     -3.700      8.254
  -1   -2     17.085     -1.066     -9.285
  -1   -2      1.059     -0.045     -0.281
  -1   -2     15.435      4.371      2.071
  -1   -2     -5.869      0.913      3.037
  -1   -2     -8.191     -4.246      4.296
  -1   -2     20.637     -3.928     -0.987
  -1   -2     -3.519     -6.539     -8.411
  -1  167     11.889     -9.087      8.291
  -1   -2      4.133     -3.700      8.254
  -1   -2     17.085     -1.066     -9.285
  -1   -2      1.059     -0.045     -0.281
  -1   -2     15.435      4.371      2.071
  -1   -2     -5.869      0.913      3.037
  -1   -2     -8.191     -4.246      4.296
  -1   -2     20.637     -3.928     -0.987
  -1   -2     -3.519     -6.539     -8.411
  -1   -2     17.085     -1.066     -9.285
  -1   -2      4.133     -3.700      8.254
  -1   -2      1.059     -0.045     -0.281
  -1   -2     15.435      4.371      2.071
 110   -2     -5.869      0.913      3.037
  -1   -2     -8.191     -4.246      4.296
  -1   -2     20.637     -3.928     -0.987
  -1   -2     -3.519     -6.539     -8.411
  -1   -2     17.085     -1.066     -9.285
  -1   -2      4.133     -3.700      8.254
  -1   -2      1.059     -0.045     -0.281
  -1   -2     15.435      4.371      2.071
  -1   -2     -8.191     -4.246      4.296
  -1   -2     20.637     -3.928     -0.987
  -1   -2     -3.519     -6.539     -8.411
  -1   -2      4.133     -3.700      8.254
  -1   -2      1.059     -0.045     -0.281
  -1   -2     15.435      4.371      2.071
  -1   -2     20.637     -3.928     -0.987
  -1   -2      4.133     -3.700      8.254
  -1   -2      1.059     -0.045     -0.281
  -1   -2     15.435      4.371      2.071
  -1   -2     20.637     -3.928     -0.987
  -1   -2     -3.519     -6.539     -8.411
  -1   -2      4.133     -3.700      8.254
  -1   -2      1.059     -0.045     -0.281
  -1   -2     15.435      4.371      2.071
  -1   -2     20.637     -3.928     -0.987
  -1   -2     -3.519     -6.539     -8.411
  -1   -2      4.133     -3.700      8.254
  -1   -2      1.059     -0.045     -0.281
  -1   -2     15.435      4.371      2.071
  -1   -2     20.637     -3.928     -0.987
  -1   -2     -3.519     -6.539     -8.411
  -1   -2      4.133     -3.700      8.254
  -1   -2      1.059     -0.045     -0.281
  -1   -2     15.435      4.371      2.071
  -1   -2     20.637     -3.928     -0.987
  -1   -2     -3.519     -6.539     -8.411
  56  230      4.133     -3.700      8.254
  -1   -2      1.059     -0.045     -0.281
  -1   -2     15.435      4.371      2.071
  -1   -2     20.637     -3.928     -0.987
  -1   -2     -3.519     -6.539     -8.411
  -1   -2      1.059     -0.045     -0.281
  -1   -2     15.435      4.371      2.071
 126   -2     20.637     -3.928     -0.987
  -1   -2     -3.519     -6.539     -8.411
  -1   -2     15.435      4.371      2.071
  -1   -2      1.059     -0.045     -0.281
  -1   -2     -3.519     -6.539     -8.411
  -1   -2      1.059     -0.045     -0.281
  -1   -2     15.435      4.371      2.071
  -1   -2     -3.519     -6.539     -8.411
  -1   -2     15.435      4.371      2.071
  -1   -2     -3.519     -6.539     -8.411
  -1   -2     15.435      4.371      2.071
  -1   -2     -3.519     -6.539     -8.411
  -1   -2     15.435      4.371      2.071
  -1   -2     -3.519     -6.539     -8.411
  -1   -2     15.435      4.371      2.071
  -1   -2     -3.519     -6.539     -8.411
  -1   -2     15.435      4.371      2.071
  -1   -2     -3.519     -6.539     -8.411
  -1   -2     15.435      4.371      2.071
  -1   -2     -3.519     -6.539     -8.411
 121   -2     15.435      4.371      2.071
   3  253     -3.519     -6.539     -8.411
