176
   0    1    -10.092     -9.086     -9.179
   2   -2     15.295     -6.488     -1.260
 139   80     13.398     -8.447      6.565
   8    5    -11.732     -4.325     -2.046
  -1   17     19.463     -8.884     -5.676
 125   50     14.134     -3.461     -1.520
  -1    6     -0.119     -6.418      5.081
 108   -2     -2.231     -9.694     -3.748
  27   -2     -3.903     -7.825     -3.175
 129   -2     15.908     -5.592      2.974
  -1   13     12.229     -8.417      7.408
  -1   -2     17.438     -8.205      3.837
  -1   -2    -11.871     -8.334     -1.293
  -1  160     -3.647     -6.562     -8.766
  -1   27     12.663     -9.886     10.211
  20   -2     15.572     -8.097     -3.374
 104   15     16.803      4.304      2.298
  57   56     -4.663     -6.036      1.781
  18   18     16.083     -2.974     -7.974
  68   42      7.231     -9.587      3.554
  -1    2     14.582     -6.226     -5.000
  15   46     10.901     -9.374      9.612
  79   -2     17.414    -10.752     -2.474
  22  146     14.933    -10.231     -7.372
   7   22     17.524     -8.747     -5.546
  -1   -2      9.620     -0.436      7.391
  98   -2     -9.891     -8.989      1.989
  26  139     10.861     -3.159     10.185
  69   72     10.258      1.220      5.593
  39   30      3.308     -7.680      5.095
  48   -2     15.304     -2.659     -7.092
  -1   -2     12.592     -1.700     -0.033
  -1   16     13.550     -8.777      8.877
  -1   74     -0.068     -7.782     -3.873
  17   40     -7.171     -9.499      9.701
  35   35      9.287     -9.776     -3.714
  34   -2      9.598     -8.252      9.586
  -1   12     -2.998     -9.416     -4.921
   5   38      7.210     -5.723     -2.111
  31   21      3.513     -8.762      4.969
  -1   63     20.264     -6.023     -9.270
  -1   49      1.709     -5.754      3.259
  -1   44     20.899    -10.061     -3.997
 118   -2     10.483     -5.976      3.910
  -1   41     13.147     -6.888      9.474
  42   -2     19.223     -8.482     -0.625
 140   -2    -12.429    -10.675     -5.026
  -1   -2     10.143     -7.084     -1.478
  50   -2      9.776     -7.396      2.636
  84   77     18.421     -7.917      2.353
  45   82      4.748     -6.797     -8.745
 100  119      4.967      0.524      1.192
  46    7     13.892     -3.966     -3.383
 143   -2      6.910     -5.015      1.588
  55   85      6.882     -6.362      5.935
  91   45     15.845    -10.185      1.600
 147   59     -5.168     -1.870      5.606
   3   76     -4.920     -8.932     -2.291
  61   61      8.970     -7.487     -9.658
  -1   -2      2.231     -3.237      8.939
  88   -2      7.371     -9.202      4.286
  -1   -2     -0.166     -7.529     10.751
  11   66      8.842     -5.687      9.943
  94    0     18.376     -9.634     -0.023
  64   -2     14.671    -10.263     -7.156
  58   -2      4.725     -5.748      8.985
 110   52     -4.845     -5.150      0.624
  70   -2     17.205     -3.843      3.531
 128   79      3.161     -4.792      0.761
  81   -2     -0.643    -10.026    -10.160
  21   36      1.938     -8.991      4.568
  -1   75      9.439     -4.153      3.866
  38   -2     -6.554     -7.826     -1.367
  -1   -2     14.676     -9.377      2.915
  -1   -2     13.731     -3.306     -2.948
  67   48     -3.287     -8.571     -7.554
  -1   11     16.647    -10.165    -10.463
  53   -2     16.259     -4.215     -7.381
  -1   71     16.050    -10.536      4.261
  -1   -2     11.603     -6.246      6.496
  -1   -2     10.597     -4.993     -0.887
  -1   33     11.078     -8.636      7.914
  -1   -2     -3.285     -5.945     10.031
 105   26     12.869      1.086      4.137
 111   -2     -3.273     -6.227     -3.174
  89   67      0.955     -5.470     -8.167
  86   57      8.456     -7.191      7.148
  -1   -2     17.098     -5.418      5.566
 115  110    -10.472     -9.765     -4.676
  85   -2      1.822    -10.611     -2.718
 124   58     19.415      1.269     -7.892
  -1   93    -12.766      1.835      2.906
 103   28     16.930     -1.418     -0.686
  -1  167     18.000      4.075      1.098
  -1   37      1.060     -0.043     -0.288
  -1  127     10.689      3.242     -7.543
  -1   54     17.087     -1.059     -9.288
 138   83    -12.509     -8.046     -7.205
 131   -2     -7.847      0.493    -10.277
  -1   -2    -10.398     -3.875     -1.075
 101   -2      6.956      1.796     -3.493
 102   47     -6.943     -5.419     -8.390
  -1   -2    -15.175     -6.730      1.386
  -1   -2    -14.064     -3.562      6.013
  -1   -2     15.442      4.374      2.053
 106  100     -4.863     -1.353      7.306
  -1  108    -10.654    -10.224      1.709
 112   -2     17.615      3.837    -12.430
  -1   73     11.830      0.388      3.315
 149    3     -5.412     -1.994      0.328
  52  105    -12.223     -7.363     -8.163
  -1  129     16.712     -4.852      5.223
  -1  106     -5.864     -3.107     -6.370
 154  159     -5.866      0.914      3.018
  -1  107      5.565      0.776      4.599
  -1   -2     11.915    -10.127      9.877
  -1   -2    -15.788     -8.021      8.193
  -1  101     10.186      5.307      7.274
  -1   -2     10.073     -6.584      6.790
  -1   -2     18.495     -7.532     11.285
  -1   -2      7.567     -1.747      0.797
  -1   -2     21.190     -5.301      3.755
 120  121    -12.895     -5.434     -3.244
  40   91     19.694     -5.048     -4.738
  71  122     10.697     -9.742     -8.735
  -1   -2      8.845      6.075      9.497
  -1   31     11.328     -0.866     -2.817
 117   -2     11.717     -5.125      9.681
 122   97      8.158     -0.756     10.817
  -1  128     -6.841     -4.127     -7.137
  -1   -2     16.980     -7.380      3.233
  82   -2     11.549     -2.115     -1.900
  -1  125      9.242     -0.668     11.813
  73   -2     -7.697     -3.761     -2.489
  -1   -2      4.353     -4.399    -12.206
 134  131    -10.496     -3.497     -8.713
  -1   -2     18.383     -2.891      9.126
 137   60      7.885     -4.799      5.600
  -1   88     20.791     -0.053     -4.167
  -1   -2     -5.581      4.398     -4.336
  95   -2      6.626    -10.870    -10.003
  62   78     15.446      0.598      3.087
  -1  138     -0.152      6.694     -3.937
  -1  143     -6.899     -5.285    -11.571
  -1  116     16.387     -3.602      7.907
  -1   39     19.936     -3.011     -3.676
 126  117     11.138      1.862      3.692
 119  137    -10.212     -1.432     -7.320
  -1   -2    -10.328     -9.136     -9.719
 158  162      2.448     -3.242      8.345
  -1   -2      2.486     -8.984      6.079
  96  148     18.000      4.075      1.098
  -1   -2     17.087     -1.059     -9.288
  -1   -2      1.060     -0.043     -0.288
  -1   -2     -5.866      0.914      3.018
  -1   -2     15.442      4.374      2.053
  -1   -2      9.873     -7.089     -0.774
  -1   -2     -3.512     -6.539     -8.394
  -1   -2      2.448     -3.242      8.345
 144   96     10.689      3.242     -7.543
 136   -2      1.060     -0.043     -0.288
  -1   -2     15.442      4.374      2.053
  -1   -2     -5.866      0.914      3.018
 155   -2     -3.512     -6.539     -8.394
  -1   -2      9.873     -7.089     -0.774
  -1   -2      2.448     -3.242      8.345
  -1   -2     15.442      4.374      2.053
  43   87      1.435     -5.758      4.045
  59   -2      2.448     -3.242      8.345
  -1   -2     15.442      4.374      2.053
  -1   -2     15.442      4.374      2.053
  -1   -2     15.442      4.374      2.053
 164  168      9.873     -7.089     -0.774
 163   -2     15.442      4.374      2.053
  -1  172    -11.725     -4.264     -1.231
 168   -2    -11.725     -4.264     -1.231
