382
   4   63     15.295     -6.485     -1.247
  86   -2     11.774     -9.198      7.661
  94   34     14.137     -3.466     -1.544
  -1   -2     11.933     -9.295     -8.704
  15   -2     -1.569     -7.155      3.319
  -1    7      4.446    -10.267     -1.923
  23   28      2.312     -7.751      7.952
 103   -2     -2.349     -9.649      3.757
  -1   39     -3.165    -11.206     -2.087
  12   50      2.493     -8.367      4.464
  -1  385     -3.647     -6.562     -8.764
   1    1      5.886     -9.149      7.381
  58   59     14.942    -10.235     -7.330
  19   11     16.081     -2.977     -7.971
   0   -2     14.582     -6.225     -5.003
  42   14     10.327     -7.606      1.090
  -1   24     -3.754     -9.716      4.144
 379   56     11.276     -8.444      9.226
  11   15     10.856     -3.161     10.177
  -1   16     -4.286     -5.994      2.743
  88   92      9.634     -0.430      7.348
  17   -2     19.225     -8.486     -0.624
  31   -2     15.303     -2.659     -7.094
  -1   -2     12.597     -1.699     -0.045
  21   29      9.598     -8.254      9.592
  91   31     -7.271     -9.536      8.456
   8   32      3.510     -8.762      4.961
 107    9      7.409    -10.478    -10.597
  27   -2      5.848     -8.359     -2.185
  30   -2      5.723     -5.991      2.527
  -1   20     -0.716     -9.448     -0.068
  -1   -2     12.196     -9.600     -9.131
  98   54      9.414     -4.122      4.380
  96   52     13.408     -4.121     -6.887
  -1    8      9.188     -7.512      4.503
  -1   33     11.776     -7.813     10.394
  -1   -2      5.032     -4.603     -4.488
  33   -2     16.177     -4.419     -9.113
  34   -2     -6.122     -9.426      6.181
  -1   -2     -5.168     -1.872      5.608
  16   65     11.069     -8.551     -2.181
  -1   -2      8.962     -7.485     -9.635
  38   17     20.212     -8.336     -1.766
  28   36     13.554     -6.888      8.544
  68   -2     -7.432     -6.706     -6.386
  32  128      2.238     -3.237      8.925
  41   45     16.182     -7.570      3.482
  45   -2     -4.926     -8.934     -2.314
  -1    5     10.861    -10.371      5.952
 104   62     17.179     -3.849      3.560
  26   -2      2.517     -7.583     -6.875
  -1   -2     -6.553     -7.824     -1.374
  49   -2     10.071     -5.640      6.954
  48   -2    -10.353    -10.854      2.872
  73  267     13.002      1.363     -0.968
  72   55     -8.255     -6.797     -2.383
  29    4     13.726     -3.304     -2.935
  -1   42     18.292     -7.962      1.051
 113   -2     -0.150     -7.518     10.711
  51   -2     -3.273     -8.574     -7.521
 118   12     10.334     -5.004     -0.220
  52   -2     10.877     -6.090      5.339
  54   60      0.994     -7.369     -0.582
  37   -2     15.176     -8.424      0.998
  -1    3     -4.853    -10.199      7.645
  56   26     -1.044     -9.393     -2.125
   6   -2     -2.902     -6.095     -2.455
  76   69     15.998      2.490     -8.904
  -1  190     18.022      4.071      1.043
  -1   74     19.797    -11.160     -1.393
  -1   -2     16.919     -1.422     -0.708
  -1  174      8.227      5.422     -8.421
  -1   -2     10.687      3.242     -7.537
  -1   -2      4.137     -3.701      8.261
  -1   13      4.840    -10.209      1.164
  80   77      1.056     -0.044     -0.290
  -1   -2     17.092     -1.062     -9.277
  -1   -2     -6.945     -5.421     -8.405
  71   40     -4.863     -1.356      7.298
  -1   -2      6.956      1.796     -3.496
  -1   57     -5.871     -3.113     -6.357
  -1   -2     15.437      4.373      2.067
  40   71      8.697     -9.990      6.313
  50   18     14.600     -0.593     -4.547
  -1  217     -5.867      0.914      3.041
  -1   49     14.973      2.936     -5.924
  -1   -2     15.267      3.413     -6.559
  -1   95    -12.842     -9.966     -3.530
  78   -2     -5.409     -1.997      0.339
  -1   -2     11.830      0.389      3.316
  -1   -2      5.564      0.776      4.601
  46   -2      9.676     -5.416      6.959
  -1  115     -8.178     -4.250      4.325
  -1   -2     20.639     -3.927     -0.994
  93   -2    -10.479     -7.042     -8.112
  81   94    -14.181    -10.534      5.535
  97   98     18.813      0.371     -6.152
 121   -2      7.559     -1.750      0.769
  -1   99     14.302     -2.482      5.673
  -1  102     16.611      0.418    -10.137
  90  104     -7.956      0.444    -10.925
  -1  106     19.972      1.584     -7.514
  95  108      8.844      6.075      9.497
  -1   43    -12.680     -7.609     -9.219
  47   35     -8.843     -9.731      8.151
  39    2      1.838     -9.261     -3.169
  44   21     13.899     -2.077      1.661
  -1   -2      8.833     -1.434    -11.231
  92  109    -12.898     -5.436     -3.256
  -1  103     14.529    -10.256      7.467
  -1   -2     -6.841     -4.128     -7.138
 102   -2    -10.225     -1.536     -7.343
  83  112     -7.697     -3.761     -2.490
  -1    0     17.141     -5.992      1.646
  -1   30      4.233     -6.150     -9.944
  -1  342      3.736     -2.746     10.064
  -1   -2     22.073     -7.342      7.590
 100  120    -10.487     -3.497     -8.691
 105   61     -2.380     -5.059     -4.438
  -1   48     19.676     -5.848     -7.659
  60  123     16.739    -10.395      5.207
 106  121     -5.580      4.394     -4.329
  -1   -2     14.443     -9.657      9.091
  -1   -2     13.518      4.893     -8.316
  -1   -2     17.330     -0.212     10.213
  -1  117     -3.508     -6.537     -8.381
  -1   -2     18.022      4.071      1.043
  -1   -2     17.092     -1.062     -9.277
  -1   86     10.687      3.242     -7.537
  -1   -2      4.137     -3.701      8.261
  -1   -2      1.056     -0.044     -0.290
 427  381     15.437      4.373      2.067
  -1  114      6.956      1.796     -3.496
  70   -2     14.973      2.936     -5.924
 101  137     -5.871     -3.113     -6.357
  -1   -2     -5.867      0.914      3.041
  -1   -2     11.830      0.389      3.316
  -1   -2     -8.178     -4.250      4.325
 159  179     20.639     -3.927     -0.994
  -1   -2     19.972      1.584     -7.514
  -1   -2     18.022      4.071      1.043
  -1   -2     17.092     -1.062     -9.277
  -1   -2     16.919     -1.422     -0.708
  -1   -2     10.687      3.242     -7.537
  -1   -2      4.137     -3.701      8.261
  -1   -2      1.056     -0.044     -0.290
  -1   -2      6.956      1.796     -3.496
  -1   -2     15.437      4.373      2.067
  -1   -2     -5.867      0.914      3.041
  -1   -2    -12.842     -9.966     -3.530
  -1   -2     11.830      0.389      3.316
  -1   -2     -8.178     -4.250      4.325
  -1   -2     20.639     -3.927     -0.994
  -1   -2     19.972      1.584     -7.514
  -1   -2     -3.508     -6.537     -8.381
  -1   -2     16.919     -1.422     -0.708
  -1   -2     10.687      3.242     -7.537
  -1   -2     18.022      4.071      1.043
  -1   -2      4.137     -3.701      8.261
  61  147     17.092     -1.062     -9.277
  -1   -2      1.056     -0.044     -0.290
  -1   -2     15.437      4.373      2.067
  -1   -2     -5.867      0.914      3.041
  -1   82      6.956      1.796     -3.496
  -1   -2    -12.842     -9.966     -3.530
  -1   -2     11.830      0.389      3.316
  -1   -2     20.639     -3.927     -0.994
  -1   -2     -8.178     -4.250      4.325
  -1   -2     19.972      1.584     -7.514
  -1   -2     -3.508     -6.537     -8.381
  -1   -2     10.687      3.242     -7.537
  -1   -2     18.022      4.071      1.043
  -1   -2     16.919     -1.422     -0.708
  -1   -2      4.137     -3.701      8.261
  -1   -2      1.056     -0.044     -0.290
  -1   -2     15.437      4.373      2.067
  -1   -2     -5.867      0.914      3.041
  -1   -2     11.830      0.389      3.316
  -1   -2    -12.842     -9.966     -3.530
  -1   -2     -8.178     -4.250      4.325
  -1   -2     19.972      1.584     -7.514
  -1   -2     10.687      3.242     -7.537
  -1   -2     16.919     -1.422     -0.708
  -1   -2     18.022      4.071      1.043
 180  194      1.056     -0.044     -0.290
  -1   -2      4.137     -3.701      8.261
  -1   -2     15.437      4.373      2.067
  -1   -2     -5.867      0.914      3.041
  -1   -2    -12.842     -9.966     -3.530
  -1   -2     11.830      0.389      3.316
  -1   -2     19.972      1.584     -7.514
  -1   -2     -3.508     -6.537     -8.381
  -1   -2     10.687      3.242     -7.537
  -1   -2     16.919     -1.422     -0.708
  -1   -2      4.137     -3.701      8.261
  -1   -2     15.437      4.373      2.067
  -1   -2     -5.867      0.914      3.041
  -1   -2    -12.842     -9.966     -3.530
  -1   -2     11.830      0.389      3.316
  -1   -2     -3.508     -6.537     -8.381
  85  100     16.919     -1.422     -0.708
  -1   -2      4.137     -3.701      8.261
  -1   -2     10.687      3.242     -7.537
  -1   -2     15.437      4.373      2.067
  -1   -2     -5.867      0.914      3.041
  -1   -2     11.830      0.389      3.316
  -1   -2    -12.842     -9.966     -3.530
  -1   -2     -3.508     -6.537     -8.381
  -1   -2      4.137     -3.701      8.261
  -1   -2     15.437      4.373      2.067
  -1   -2     11.830      0.389      3.316
  -1   -2     -5.867      0.914      3.041
  -1   -2    -12.842     -9.966     -3.530
  -1   -2     -3.508     -6.537     -8.381
  -1   -2      4.137     -3.701      8.261
  -1   -2     15.437      4.373      2.067
  -1   -2     -5.867      0.914      3.041
  -1   -2     11.830      0.389      3.316
  -1   -2    -12.842     -9.966     -3.530
  -1   -2     -3.508     -6.537     -8.381
  -1   -2      4.137     -3.701      8.261
  -1   -2     15.437      4.373      2.067
  74   -2     -5.867      0.914      3.041
  -1   -2     11.830      0.389      3.316
  -1   -2    -12.842     -9.966     -3.530
  -1   -2     -3.508     -6.537     -8.381
  -1   -2      4.137     -3.701      8.261
  -1   -2     15.437      4.373      2.067
 293  275    -12.842     -9.966     -3.530
  -1   -2     11.830      0.389      3.316
  -1   -2     -3.508     -6.537     -8.381
  -1   -2      4.137     -3.701      8.261
  -1   -2     15.437      4.373      2.067
  -1   -2     11.830      0.389      3.316
  -1   -2     -3.508     -6.537     -8.381
  -1   -2      4.137     -3.701      8.261
  -1   -2     15.437      4.373      2.067
  -1   -2     11.830      0.389      3.316
  -1   -2     -3.508     -6.537     -8.381
  -1   -2      4.137     -3.701      8.261
  -1   -2     15.437      4.373      2.067
  -1   -2     11.830      0.389      3.316
  -1   -2     -3.508     -6.537     -8.381
  -1   -2      4.137     -3.701      8.261
  -1   -2     15.437      4.373      2.067
  -1   -2     11.830      0.389      3.316
  -1   -2     -3.508     -6.537     -8.381
  -1   -2      4.137     -3.701      8.261
  -1   -2     15.437      4.373      2.067
  -1   -2     11.830      0.389      3.316
  -1   -2      4.137     -3.701      8.261
  -1   -2     15.437      4.373      2.067
  -1   -2     11.830      0.389      3.316
  -1   -2     -3.508     -6.537     -8.381
  -1   -2      4.137     -3.701      8.261
  -1   -2     15.437      4.373      2.067
  -1   -2     -3.508     -6.537     -8.381
  -1   -2      4.137     -3.701      8.261
  -1   -2     15.437      4.373      2.067
  -1   -2     -3.508     -6.537     -8.381
  -1   -2      4.137     -3.701      8.261
  -1   -2     15.437      4.373      2.067
  -1   -2     -3.508     -6.537     -8.381
  -1   -2      4.137     -3.701      8.261
  -1   -2     15.437      4.373      2.067
  -1   -2     -3.508     -6.537     -8.381
  -1   -2      4.137     -3.701      8.261
  -1   -2     15.437      4.373      2.067
  -1   -2     -3.508     -6.537     -8.381
  -1   -2      4.137     -3.701      8.261
  -1   -2     15.437      4.373      2.067
  -1   -2     -3.508     -6.537     -8.381
  -1   -2      4.137     -3.701      8.261
  -1   -2     15.437      4.373      2.067
  -1   -2      4.137     -3.701      8.261
  -1   -2     15.437      4.373      2.067
  -1   -2     -3.508     -6.537     -8.381
  -1   -2      4.137     -3.701      8.261
  -1   -2     15.437      4.373      2.067
  -1   -2     -3.508     -6.537     -8.381
  -1   -2      4.137     -3.701      8.261
  -1   -2     15.437      4.373      2.067
  -1   -2      4.137     -3.701      8.261
  -1   -2     15.437      4.373      2.067
  -1   -2      4.137     -3.701      8.261
  -1   -2     15.437      4.373      2.067
  -1   -2     -3.508     -6.537     -8.381
  -1   -2      4.137     -3.701      8.261
  -1   -2     15.437      4.373      2.067
  -1   -2     -3.508     -6.537     -8.381
  -1   -2      4.137     -3.701      8.261
  -1   -2     15.437      4.373      2.067
  -1   -2     -3.508     -6.537     -8.381
  -1   -2      4.137     -3.701      8.261
  -1   -2     15.437      4.373      2.067
  -1   -2     -3.508     -6.537     -8.381
  -1   -2      4.137     -3.701      8.261
  -1   -2     15.437      4.373      2.067
  -1   -2     -3.508     -6.537     -8.381
  -1   -2      4.137     -3.701      8.261
  -1   -2     15.437      4.373      2.067
  -1   -2     -3.508     -6.537     -8.381
  -1   -2      4.137     -3.701      8.261
  -1   -2     15.437      4.373      2.067
  -1   -2     -3.508     -6.537     -8.381
  -1   -2      4.137     -3.701      8.261
  -1   -2     15.437      4.373      2.067
  -1   -2     -3.508     -6.537     -8.381
  -1   -2      4.137     -3.701      8.261
  -1   -2     15.437      4.373      2.067
  -1   -2     -3.508     -6.537     -8.381
  -1   -2      4.137     -3.701      8.261
  -1   -2     15.437      4.373      2.067
  -1   -2     -3.508     -6.537     -8.381
  -1   -2      4.137     -3.701      8.261
  -1   -2     15.437      4.373      2.067
  -1   -2     -3.508     -6.537     -8.381
  -1   -2      4.137     -3.701      8.261
  -1   -2     15.437      4.373      2.067
  -1   -2     -3.508     -6.537     -8.381
  -1   -2      4.137     -3.701      8.261
  -1   -2     15.437      4.373      2.067
  -1   -2     -3.508     -6.537     -8.381
  -1   -2      4.137     -3.701      8.261
  -1   -2     15.437      4.373      2.067
  -1   -2     -3.508     -6.537     -8.381
  -1   -2      4.137     -3.701      8.261
  -1   -2     15.437      4.373      2.067
  -1   -2     -3.508     -6.537     -8.381
  -1   -2      4.137     -3.701      8.261
  -1   -2     15.437      4.373      2.067
  -1   -2     -3.508     -6.537     -8.381
  -1   -2      4.137     -3.701      8.261
  -1   -2     15.437      4.373      2.067
  -1   -2     -3.508     -6.537     -8.381
  -1   -2      4.137     -3.701      8.261
  -1   -2     15.437      4.373      2.067
  -1   -2     -3.508     -6.537     -8.381
  -1   -2      4.137     -3.701      8.261
  -1   -2     15.437      4.373      2.067
  -1   -2      4.137     -3.701      8.261
  -1   -2     15.437      4.373      2.067
  -1   -2     -3.508     -6.537     -8.381
  -1   -2      4.137     -3.701      8.261
  -1   -2     15.437      4.373      2.067
  -1   -2     -3.508     -6.537     -8.381
  -1   -2      4.137     -3.701      8.261
  -1   -2     15.437      4.373      2.067
  -1   -2      4.137     -3.701      8.261
  -1   -2     15.437      4.373      2.067
  -1   -2     -3.508     -6.537     -8.381
  -1   -2      4.137     -3.701      8.261
  -1   -2     15.437      4.373      2.067
  -1   -2     -3.508     -6.537     -8.381
  -1  118      4.137     -3.701      8.261
  -1   -2     15.437      4.373      2.067
  -1   -2     -3.508     -6.537     -8.381
  -1   -2     15.437      4.373      2.067
  -1   -2     -3.508     -6.537     -8.381
  -1   -2     15.437      4.373      2.067
  -1   -2     -3.508     -6.537     -8.381
  -1   -2     15.437      4.373      2.067
  -1   -2     -3.508     -6.537     -8.381
  -1   -2     15.437      4.373      2.067
  -1   -2     -3.508     -6.537     -8.381
  -1   -2     15.437      4.373      2.067
  -1   -2     -3.508     -6.537     -8.381
  -1   -2     15.437      4.373      2.067
  -1   -2     -3.508     -6.537     -8.381
  -1   -2     15.437      4.373      2.067
  -1   -2     -3.508     -6.537     -8.381
  -1   -2     15.437      4.373      2.067
  -1   -2     -3.508     -6.537     -8.381
  -1   -2     15.437      4.373      2.067
  -1   -2     -3.508     -6.537     -8.381
 176   -2     15.437      4.373      2.067
  -1   -2     -3.508     -6.537     -8.381
  -1   -2     -3.508     -6.537     -8.381
  -1   -2     -3.508     -6.537     -8.381
  -1   -2     -3.508     -6.537     -8.381
  -1   -2     -3.508     -6.537     -8.381
 431  127     -3.508     -6.537     -8.381
