170
   0  137     -9.779     -9.874     -8.724
  24   -2     15.294     -6.487     -1.260
  70   -2     -4.712     -6.112      1.455
 109   -2     10.584      3.197      4.575
  64   81     10.156     -5.443      5.673
 120   -2     14.140     -3.463     -1.513
  50   36      6.054     -8.503     -3.199
  12    5     -1.568     -7.154      3.335
  37   -2      2.004     -8.315      4.591
  66   -2     -2.865     -9.398     -3.542
  -1   11      9.185    -11.032     -3.674
  21   10     16.067      1.977      2.156
 144   79     -3.651     -6.564     -8.769
  22  139     16.196     -3.024     -8.410
  -1   -2    -11.942     -6.011     -1.209
  -1   30      7.616     -9.677      2.544
  25  140     14.935    -10.230     -7.372
  30   17     17.847     -9.490     -4.249
  -1   64      8.552     -3.874      2.525
  74   58      8.362     -2.942     10.402
  60   62      2.242     -8.078     -8.359
  40   -2      9.633     -0.431      7.355
   4   22     15.305     -2.661     -7.098
 113  122     12.591     -1.700     -0.032
  33   76     -6.504     -9.545      6.105
  94   -2     15.726    -10.197      1.320
 111   -2     13.520     -9.842      8.573
  -1   -2      5.459     -7.483     -2.889
  31   -2     14.362      2.184     -4.659
 103   -2     14.892     -7.991     -0.683
  19    7      4.857     -7.849      1.855
  42   28      4.246     -2.022      1.367
  -1   83     17.486     -5.639      3.711
  -1   70     11.904     -5.590     10.342
 127   -2     16.785     -2.307     -4.842
  62   48     16.805     -7.712      0.748
  -1   -2      9.283     -9.777     -3.709
  41   -2     19.218     -8.481     -0.613
  -1   -2     -0.813     -7.946      8.586
  -1   -2     15.810     -1.300      1.850
 126   -2     -0.716     -9.449     -0.063
 102   -2      7.154     -8.300     -6.598
  -1   42      5.718     -7.015     -5.990
  -1   75      9.372    -10.713      0.133
  77   -2      9.815     -9.949      0.051
  11   47     13.403     -4.125     -6.924
   3   -2      9.053    -10.357     -6.323
  49   32      9.828     -8.161      9.965
  51   -2     20.467    -10.136     -2.955
  98   29     10.491     -9.080     10.307
  93   -2     -5.168     -1.868      5.608
  -1   61      1.892     -8.955      4.117
  -1   -2      6.878     -6.356      5.954
 118  165      2.237     -3.236      8.923
  -1   49      7.444     -8.630      9.349
  -1    2     20.212     -8.333     -1.775
  78    6      3.745     -8.489      6.568
  -1   55     -6.039     -8.646      0.675
 100  116     17.206     -3.843      3.529
  26   -2     18.609     -8.478     -3.489
  -1   68     -6.753     -6.823      6.109
  56  129      9.455     -5.578      8.476
  16   72     -6.556     -7.825     -1.360
  -1   69     13.719     -3.303     -2.917
  68   -2     -5.385     -7.957      0.161
  65   63     18.271     -1.160     -6.963
  -1   40     12.994      1.369     -0.943
  -1   -2     -5.747      0.878      3.166
  -1   -2     14.731    -10.324     -5.741
 128   31     -2.672     -9.916     -1.277
  72   80     10.334     -5.004     -0.220
  38   -2      7.008     -6.601      7.391
  44  127      0.988     -7.370     -0.589
 107   -2     10.180     -4.138      2.432
  32   -2      0.272     -8.282     -9.099
  63   37     15.198     -5.492      6.515
  73   44      4.639     -6.778     -8.417
 122   20     -2.329     -5.998     -0.887
  -1   14      1.766    -10.642     -2.574
  28   25     13.095     -9.671      8.061
  -1   -2    -13.249     -0.541      3.413
  -1   -2     19.010     -7.386     -2.987
 136   95      4.132     -3.700      8.254
  -1   -2     14.400    -11.233     -4.870
  86   -2      1.060     -0.044     -0.288
  -1   97     -6.946     -5.419     -8.402
  87   52     -4.863     -1.353      7.303
  -1   -2      6.958      1.797     -3.490
  -1   -2     15.439      4.372      2.062
  91   -2     -5.404     -1.995      0.351
  -1  105     -5.871     -3.107     -6.348
  -1   59     15.267      3.413     -6.561
  -1    4     -2.869    -10.978     -4.018
 129   39    -12.223     -7.364     -8.164
  -1    3     14.872     -4.101      2.518
  -1   -2      5.564      0.776      4.597
  -1   -2      9.465      0.457     -5.205
  -1   -2     11.829      0.389      3.314
  -1   60     20.640     -3.926     -0.995
  -1   -2     -8.155     -4.247      4.385
  -1   -2    -14.450      3.765     -1.963
 108   -2     10.523     -1.445      5.450
  99   -2    -10.477     -7.041     -8.105
 137   23     15.083     -1.888     -7.677
  96   -2      5.686     -2.727      5.105
  -1    1     11.049      3.381      4.890
  -1   -2      7.570     -1.750      0.806
 106   27     13.894     -0.083     -4.648
 110   33     14.304     -2.482      5.673
  34  123     16.876    -11.166      1.735
 105   98     -7.954      0.446    -10.919
 101  119     21.884     -6.788      5.879
  -1   -2    -12.896     -5.431     -3.247
 114  120      8.845      6.073      9.497
  -1    0     16.430     -7.193      3.565
  -1  113     19.972      1.584     -7.514
  -1  124      9.769     -7.223     -7.751
  52  118     10.686     -9.742     -8.710
  -1  106    -10.280     -3.141     -1.699
  -1   -2     22.250     -4.179     -9.120
  -1   -2      8.843     -1.432    -11.200
  -1   -2     12.211      2.026     -1.785
  -1   -2      6.305     -5.418     10.417
  48   -2     14.140     -8.954      7.791
  69   -2     15.349     -0.006      8.762
  -1   -2     -2.378     -5.056     -4.436
  -1  108      4.083      3.939     10.146
 116  133    -10.729     -3.684     -9.308
  -1  125     17.016      0.701     -8.511
 115   -2     -6.839     -4.127     -7.132
 117  126     -7.697     -3.760     -2.487
  -1   53      8.382      4.597      6.298
  -1   -2     15.858     -0.277      0.064
  -1   -2      1.311     -4.815    -11.089
  -1   -2     15.460      4.894     -8.581
  27   38     10.164     -3.013      8.178
   2   -2     15.945     -5.258      3.049
 123  131     -5.581      4.396     -4.336
  10   -2     15.099    -10.273      6.331
 125   -2    -10.602     -1.398     -5.914
 121   35     19.674     -5.850     -7.654
  -1  109    -12.242    -10.536     -2.090
  -1   19     13.317     -6.195     -8.935
  -1   -2     -3.521     -6.540     -8.412
  -1   -2      2.462     -3.242      8.306
 131  152    -13.249     -0.541      3.413
  84  143     16.917     -1.423     -0.728
  -1   -2     15.439      4.372      2.062
  -1   -2     -5.869      0.913      3.031
 134  148     -5.871     -3.107     -6.348
  -1   -2     20.640     -3.926     -0.995
  92   -2     -8.155     -4.247      4.385
  -1   -2     -3.521     -6.540     -8.412
  -1   -2      2.462     -3.242      8.306
  -1   -2     15.439      4.372      2.062
  -1   -2     -5.869      0.913      3.031
  -1   -2     -3.521     -6.540     -8.412
  -1   -2      2.462     -3.242      8.306
  -1   -2     -5.869      0.913      3.031
  -1   -2      2.462     -3.242      8.306
  -1   -2     15.439      4.372      2.062
 143  161     -5.869      0.913      3.031
  75  103     -3.521     -6.540     -8.412
 147  144      2.462     -3.242      8.306
  -1   -2     15.439      4.372      2.062
 151  169     15.439      4.372      2.062
  -1   -2    -12.077     -6.011     -0.706
  -1   -2    -12.077     -6.011     -0.706
  -1   -2    -12.077     -6.011     -0.706
 153  171    -12.077     -6.011     -0.706
