58
  44    9      6.739     -9.696      0.398
  19   -2     16.832     -6.441     -0.964
  12    0      6.893     -1.795     10.253
  -1    3      8.545    -10.113     -3.140
  16    7      8.793     -6.577      9.330
  24   12      8.807    -10.564     -8.506
  37   45      8.584     -5.815     10.220
   6    5      8.305     -9.689     -4.621
  40    2      7.489    -10.274      0.868
  17   28      9.963     -3.374      6.438
  -1   -2     16.249     -3.709     -9.227
  -1   -2      8.037     -9.267     -2.569
  -1   -2      4.564     -8.521      9.239
  25   -2     -5.605    -10.675     -4.760
  39   46      6.954     -6.382      9.831
   3   -2     14.172     -5.728      3.043
  31   31     -5.802     -1.599      4.818
  -1   39     15.775     -1.258      1.906
  33    8     11.603     -5.309      2.220
  21   32      9.143     -2.790      8.454
  20   42     -6.947     -5.426     -8.481
  -1   50     -6.044     -8.029     -2.619
  -1   -2     13.507     -9.966     -9.123
  32    6     -4.659    -10.951      5.274
  22   -2     19.934     -6.313     -6.154
  -1   -2     23.625     -6.695     11.029
  -1    4     14.447     -6.644     -3.467
  46   53      2.205     -7.046      2.625
  -1   -2     21.143     -7.390     11.594
  -1   -2    -15.333    -10.588    -12.119
  -1   -2     14.970     -9.530     -9.639
  -1   48     14.707     -8.886    -10.830
  29   -2      0.446     -7.468      3.013
  -1   33     13.000     -3.431     11.363
  47   -2    -11.278      3.769     -2.236
  -1   30      8.796      1.043      8.644
  -1   -2      3.221    -11.144      6.246
  10   -2     -9.365     -6.877      3.071
  30   24     -2.168      6.901      2.190
  -1   -2     -8.411     -0.276      5.931
  -1   44    -11.621      1.818     -5.850
  -1   11     20.685     -6.422     -2.393
  -1   55     18.179     -7.933    -11.055
  -1   37     -9.270     -8.967      8.821
  38   -2     14.427     -9.268    -10.674
  -1   16     19.637     -7.601     -9.530
  -1   35      9.332     -0.598      8.127
  -1    1      9.067    -10.695      5.314
  23   -2      2.317     -4.459     -1.984
  -1   -2     -5.837    -12.101     -6.654
  11   -2     -2.511     -9.145      9.904
   8   29     -0.715    -10.924     -6.721
  27   -2     -7.721    -10.596      9.431
  -1   10      9.560    -10.884     -9.359
  45   -2     -1.827     -6.015      0.471
  -1   -2     15.775     -1.258      1.906
  -1   -2     15.775     -1.258      1.906
  50   -2     15.775     -1.258      1.906
