201
  54   -2     15.295     -6.487     -1.257
  49    4     18.696     -8.424      0.439
   1   -2     14.143     -3.463     -1.515
  -1   -2     13.966    -10.289      8.295
   4   51     15.032    -10.298     -6.436
   2    6     -1.571     -7.155      3.330
  22   -2     10.985     -9.816     10.044
  -1  197     -3.650     -6.563     -8.771
  97   -2     16.080     -2.974     -7.964
  92   12      6.845     -9.577      4.561
  10   10     14.577     -6.225     -4.988
  -1   -2     17.854     -9.491     -4.267
  13   13     10.859     -3.161     10.177
  67   -2     -4.284     -5.993      2.751
  56   19     17.094    -10.593     -0.939
  -1   63      5.280     -8.564      0.471
  -1   -2     11.912     -9.071      8.363
  17   20     15.726    -10.197      1.322
  19   30      3.308     -7.680      5.094
  18   18     15.297     -2.657     -7.076
  -1   -2     12.597     -1.700     -0.046
   9  127      9.599     -8.253      9.586
  33   27     12.891     -9.944      4.664
  63   24      9.290     -9.776     -3.725
  26   -2     -0.713     -9.448     -0.060
  -1   -2     -6.010     -8.670      1.129
  -1   57     20.264     -6.022     -9.270
  31   34     13.150     -6.889      9.469
   3   -2      5.706     -7.012     -6.039
 107   -2     13.404     -4.125     -6.923
  34   33      9.773     -7.396      2.635
  82   73     16.083      0.541     -8.693
  27   70     -6.125     -9.423      6.196
  36   28     20.745    -10.089     -3.613
  -1   11     16.184     -4.417     -9.130
  38   42      2.235     -3.238      8.927
  77   41     -5.165     -1.871      5.612
  74  111     13.747      1.408     -2.807
  40   -2      2.320     -9.073      1.758
  41   45     -4.920     -8.932     -2.296
  43   39      8.964     -7.487     -9.639
  46   -2     17.208     -3.844      3.524
  87   -2      9.722      0.746      7.583
  25   83      6.805     -8.698      0.157
  88   -2     -6.550     -7.824     -1.379
  30    2     16.528     -8.127      4.940
  35   -2     13.722     -3.303     -2.925
  48   25      9.448     -5.577      8.490
  58   79     17.300    -10.698     -0.311
  96   46      9.439     -4.130      4.299
 100   -2     -8.813     -7.250     -4.714
  61   56     10.335     -5.004     -0.218
 133   -2     -3.586     -6.417     -3.819
  -1   60      0.993     -7.370     -0.584
  -1   97     10.982     -9.850     -9.477
  95   -2     13.103     -7.632     -0.688
  60   58      2.488    -10.768     -4.662
  -1   -2    -11.015     -3.770     -9.993
  -1    5     19.567     -8.712     -3.823
  85   53    -12.314    -10.516     -1.931
  42   90    -10.403     -7.422     -0.347
  66   64      4.641     -6.777     -8.410
  51   68     -3.754     -8.089     -2.539
   0   40     11.522     -6.329      1.210
  -1    1     12.122    -10.321      9.354
  -1   -2     18.021     -9.835      3.410
  -1   -2    -10.888     -6.265     -8.460
  -1   37     16.001      2.488     -8.910
  -1   -2     10.687      3.241     -7.535
  71   -2     17.093     -1.063     -9.276
  -1   -2     -8.738    -10.365      6.253
  -1  143      0.426    -10.378      9.134
  93   93     16.921     -1.426     -0.717
  -1  184     18.003      4.074      1.090
 187  187      4.138     -3.700      8.267
  -1   -2      1.060     -0.045     -0.284
  45   -2     -6.943     -5.420     -8.396
  -1   84     -4.863     -1.354      7.304
  -1   -2     15.441      4.373      2.055
  68   15     14.106      0.898      5.120
  55   -2     14.972      2.938     -5.925
  -1   -2     -5.866     -3.111     -6.361
  37  110     -5.398     -1.997      0.365
  32   86     15.267      3.414     -6.559
  -1  155     11.828      0.387      3.316
  -1  138     19.280     -6.085     -0.959
  -1   -2     -7.439      1.327     -0.940
  -1   81      5.564      0.776      4.597
 102   -2    -12.270     -5.458     -1.747
  50   35    -10.477     -7.042     -8.106
  -1   44     20.637     -3.928     -0.987
 129   47      7.558     -1.747      0.767
  84  135     -8.174     -4.252      4.350
  98   96     -7.959      0.446    -10.936
 101   98    -12.683     -7.607     -9.214
  -1   -2     19.972      1.584     -7.517
 103  124    -11.704     -9.623     -7.462
 156  106      9.942     -0.520      8.720
  -1    3     13.897     -2.077      1.668
 106  100      8.843      6.072      9.499
  -1   36     11.549     -5.028     -9.300
  79   -2     11.330     -0.866     -2.825
 112   48     17.162     -5.487      5.748
 117  120     -6.842     -4.128     -7.136
  83   -2     -7.699     -3.760     -2.483
 104   16     18.167     -7.462     10.057
  -1   29     -0.649    -10.416     -3.657
 110   -2     -6.037     -5.076     -9.664
  -1    0     16.975     -7.379      3.237
 118   -2     15.858     -0.276      0.067
 111   55     -2.383     -5.058     -4.450
   6   -2      9.890     -9.485      9.092
  -1   -2     12.786     -2.648      0.509
 115  121    -11.532     -2.947     -4.671
  -1   31     -7.143    -10.572     -0.305
 119  118     -5.582      4.393     -4.335
  -1   -2     21.733     -1.699     -8.361
  -1   -2     -3.516     -6.539     -8.401
 160  166     11.912     -9.071      8.363
  -1   -2     10.687      3.241     -7.535
  -1   -2     18.003      4.074      1.090
  -1   -2      4.138     -3.700      8.267
  -1   -2      0.426    -10.378      9.134
  -1   -2      1.060     -0.045     -0.284
  -1   -2     15.441      4.373      2.055
  -1  112     -5.398     -1.997      0.365
  -1   87     -5.866     -3.111     -6.361
  -1   22     11.828      0.387      3.316
  -1   -2     20.637     -3.928     -0.987
 135   -2    -10.888     -6.265     -8.460
  -1   -2     19.972      1.584     -7.517
  -1   -2     -3.516     -6.539     -8.401
  -1   -2     11.912     -9.071      8.363
  -1   -2      4.138     -3.700      8.267
 124   -2      0.426    -10.378      9.134
  -1   -2     10.687      3.241     -7.535
  -1   -2     18.003      4.074      1.090
  -1   -2      1.060     -0.045     -0.284
  -1   -2     15.441      4.373      2.055
  -1   -2     -5.398     -1.997      0.365
  16   50     11.828      0.387      3.316
  -1   -2     20.637     -3.928     -0.987
  -1   -2     19.972      1.584     -7.517
 149  158     17.843     -9.502     -4.396
  -1   -2     -3.516     -6.539     -8.401
  -1   -2     11.912     -9.071      8.363
  -1   -2     18.003      4.074      1.090
  -1   -2     10.687      3.241     -7.535
  -1   -2      4.138     -3.700      8.267
  -1   -2      1.060     -0.045     -0.284
  -1   -2     15.441      4.373      2.055
  -1   -2     -5.398     -1.997      0.365
 157  164     20.637     -3.928     -0.987
  -1   -2     19.972      1.584     -7.517
  -1   -2     -3.516     -6.539     -8.401
  -1   -2     11.912     -9.071      8.363
  -1   -2     10.687      3.241     -7.535
  -1   -2     18.003      4.074      1.090
  -1   -2      4.138     -3.700      8.267
  -1   -2      1.060     -0.045     -0.284
  -1   -2     15.441      4.373      2.055
  -1   -2     -5.398     -1.997      0.365
  -1   -2     19.972      1.584     -7.517
  -1   -2     -3.516     -6.539     -8.401
  65  104     11.892     -9.088      8.295
  69   -2     10.687      3.241     -7.535
  -1   -2     18.003      4.074      1.090
  -1   -2      4.138     -3.700      8.267
  -1   -2      1.060     -0.045     -0.284
  -1   -2     15.441      4.373      2.055
 145   -2     -5.398     -1.997      0.365
  -1   -2     19.972      1.584     -7.517
  -1   -2     -3.516     -6.539     -8.401
  -1   -2     18.003      4.074      1.090
  -1   -2      4.138     -3.700      8.267
  -1   -2      1.060     -0.045     -0.284
  -1   -2     15.441      4.373      2.055
  99  115     19.972      1.584     -7.517
  -1   -2     -3.516     -6.539     -8.401
  -1  128     18.003      4.074      1.090
  -1   -2      4.138     -3.700      8.267
 128  176      1.060     -0.045     -0.284
  -1   -2     15.441      4.373      2.055
  -1   -2     -3.516     -6.539     -8.401
  73   -2      4.138     -3.700      8.267
  -1   -2     15.441      4.373      2.055
  -1   -2     -3.516     -6.539     -8.401
  -1   -2     15.441      4.373      2.055
  -1   -2     -3.516     -6.539     -8.401
  -1   -2     15.441      4.373      2.055
  -1   -2     -3.516     -6.539     -8.401
  -1   -2     15.441      4.373      2.055
  -1   -2     15.441      4.373      2.055
  -1   -2     -3.516     -6.539     -8.401
  -1   -2     15.441      4.373      2.055
 201   -2     -3.516     -6.539     -8.401
  -1   -2     15.441      4.373      2.055
  -1   -2     15.441      4.373      2.055
  -1   -2     15.441      4.373      2.055
  -1   -2     15.441      4.373      2.055
 200  196     15.441      4.373      2.055
