423
  84    3     15.293     -6.489     -1.262
 116  132      3.196     -9.556      5.963
 101   -2     14.136     -3.467     -1.531
   2   -2     -1.574     -7.156      3.331
  -1   -2     -3.651     -6.564     -8.774
  28    8      8.415     -9.018     10.225
   9   -2     16.206     -3.031     -8.441
   0   -2     14.574     -6.226     -4.980
  91   17      5.834     -9.169      7.502
  11   -2     10.863     -3.160     10.183
  -1   87     14.932    -10.231     -7.396
  46   10     10.331     -7.608      1.090
  12   -2     -4.285     -5.994      2.748
  -1   -2     -0.419     -8.036      1.991
  13   14     -1.488     -9.023      9.583
 130   -2     12.595     -1.703     -0.040
  14   19     15.302     -2.659     -7.091
  33   28      5.458     -7.484     -2.890
  18   24      9.287     -9.776     -3.723
  -1   70     11.910     -9.071      8.366
  20   23     12.896     -9.944      4.646
  22   -2      3.511     -8.765      4.958
  48   27     15.726    -10.196      1.313
  49   -2     18.144     -9.537     -4.952
  23    1     -0.715     -9.450     -0.072
  54   53     20.095     -7.267     -5.201
  87   -2     15.488     -4.688      2.516
  27   54      4.746     -6.797     -8.752
  -1   20      9.833     -8.164      9.981
  15   42     13.257     -1.805     -1.323
   3   30     13.890     -3.970     -3.374
 120   -2     16.082      0.540     -8.689
  68   33     -5.167     -1.871      5.607
  70   -2     -1.579     -9.546      6.147
  34   -2      2.238     -3.239      8.923
  -1   32     20.746    -10.088     -3.611
  37   -2     13.552     -6.890      8.542
  30  109     19.225     -8.484     -0.633
  -1   25      4.892     -8.268      0.471
  41   -2     -0.147     -7.522     10.712
  80   82     17.207     -3.844      3.524
  47   40      9.456     -5.582      8.472
  36   37      8.963     -7.487     -9.635
  43   96      9.441     -4.130      4.291
  -1   -2     16.435    -10.573      1.707
  -1   -2     13.722     -3.299     -2.926
 344   49     11.818    -10.099     10.255
  74   50     10.327     -7.299      4.394
 133   45     -8.254     -6.801     -2.374
  45   -2    -10.351    -10.854      2.873
  50   51     -5.356     -7.526     -4.841
  -1    4     -0.709     -8.157      1.690
  53   -2     10.335     -5.006     -0.225
  82   81     15.261     -8.108      7.769
 117   13     -3.584     -6.420     -3.812
  60   -2     -6.618     -9.344      7.748
  58   26     -1.035     -9.390     -2.102
  -1   57      0.424    -10.378      9.118
  -1   -2     15.999      2.490     -8.906
  -1  103     18.024      4.074      1.040
 108   58     16.934     -1.418     -0.655
  -1   98     10.684      3.240     -7.533
  -1   -2      4.137     -3.700      8.267
  25    7     17.090     -1.062     -9.266
  -1   -2     -8.740    -10.361      6.240
  -1   -2    -12.463     -9.024      5.683
  -1   59      8.230      5.420     -8.427
  -1   -2      1.059     -0.043     -0.285
  67   -2     -5.114     -5.647     -6.736
  -1   -2     -6.943     -5.421     -8.397
  -1   69     15.435      4.371      2.075
  64   -2      6.957      1.794     -3.494
  -1   64     -4.863     -1.355      7.299
  -1   -2     -5.866      0.914      3.039
  -1   66      0.147    -10.735     10.924
  39   35      1.145     -9.808      8.916
  -1   -2     14.974      2.936     -5.924
  -1   15     11.827      0.387      3.316
 147  158     -8.646     -7.251     -3.383
 129   62     -5.406     -1.998      0.347
  -1   44     -5.867     -3.111     -6.366
  -1   76      5.566      0.776      4.599
  -1   -2      4.802     -6.467      9.955
  -1   -2     -8.190     -4.249      4.307
  21    0     16.381     -7.924     -0.853
  -1   39     20.634     -3.928     -0.984
  -1   -2    -10.477     -7.043     -8.115
  83   80    -14.184    -10.532      5.549
  86   -2     18.816      0.370     -6.152
  -1   -2     12.067     -8.572      9.209
  -1   -2     14.952      0.650      7.982
  -1   95     14.305     -2.484      5.673
  40    9     15.399     -4.950     -0.663
  -1   -2      7.446    -11.167      9.532
  88   84      7.562     -1.751      0.774
  35   -2      2.178     -9.991      9.130
  90   -2     -7.960      0.445    -10.935
  -1  149    -12.681     -7.608     -9.217
  -1   -2     19.973      1.581     -7.513
  95   93      8.844      6.073      9.500
 112   91    -12.898     -5.433     -3.258
  -1   -2     18.487     -7.532     11.252
  94   -2    -11.707     -9.621     -7.477
  93   92     10.694     -9.743     -8.736
  -1   -2     11.330     -0.866     -2.821
  26   79     11.547     -5.028     -9.301
  38   11      9.942     -0.521      8.724
  -1   94    -11.323    -10.610     -9.602
  -1   -2     -6.840     -4.126     -7.137
  52   21     14.138     -8.951      7.794
  -1   -2     -2.382     -5.055     -4.446
  85   99     -7.698     -3.761     -2.487
  89   85    -10.726     -3.690     -9.299
  24   38     16.977     -7.374      3.232
  -1   -2     15.859     -0.277      0.064
 107   41      7.898     -4.800      5.563
  -1   -2    -11.535     -2.943     -4.684
 113  107      9.134    -10.516     10.982
 114  106     -5.583      4.394     -4.332
  -1   48     -6.311     -5.033    -10.329
  -1   -2     17.327     -0.213     10.194
   1  131      3.196     -9.556      5.963
  -1   -2     -3.521     -6.540     -8.415
  -1   -2     15.999      2.490     -8.906
 122  136     18.024      4.074      1.040
  -1   -2     16.934     -1.418     -0.655
 123   -2      8.230      5.420     -8.427
  -1   -2     17.090     -1.062     -9.266
  -1  115      4.137     -3.700      8.267
 317  326      1.059     -0.043     -0.285
  -1   -2     15.435      4.371      2.075
  -1   -2     -5.866      0.914      3.039
  44   71     14.974      2.936     -5.924
  -1   -2     -8.646     -7.251     -3.383
  -1   -2     -5.867     -3.111     -6.366
  -1   -2     11.827      0.387      3.316
  -1   -2     20.634     -3.928     -0.984
  -1  104     -8.190     -4.249      4.307
  -1  128      7.446    -11.167      9.532
  -1  254     19.973      1.581     -7.513
  -1   -2     -3.521     -6.540     -8.415
  -1   -2     11.910     -9.071      8.366
  -1   -2     15.999      2.490     -8.906
  61   -2     16.934     -1.418     -0.655
  -1   -2      4.137     -3.700      8.267
  -1   -2     17.090     -1.062     -9.266
  -1   -2      1.059     -0.043     -0.285
  -1   -2     -5.866      0.914      3.039
  -1   -2     15.435      4.371      2.075
  -1   72     -8.646     -7.251     -3.383
  -1   -2     14.974      2.936     -5.924
  -1   -2     -5.867     -3.111     -6.366
  -1   -2     -8.190     -4.249      4.307
  -1   -2     11.827      0.387      3.316
  -1   -2     20.634     -3.928     -0.984
  -1   -2     19.973      1.581     -7.513
  -1   -2     -3.521     -6.540     -8.415
  -1   -2     11.910     -9.071      8.366
  -1   -2     17.090     -1.062     -9.266
  -1   -2      4.137     -3.700      8.267
  -1   -2      1.059     -0.043     -0.285
  -1   -2     -5.866      0.914      3.039
  -1   -2     15.435      4.371      2.075
  -1   -2     14.974      2.936     -5.924
  -1   -2     -5.867     -3.111     -6.366
  -1   -2     11.827      0.387      3.316
  -1   -2     20.634     -3.928     -0.984
  -1   -2     19.973      1.581     -7.513
  -1   -2     -3.521     -6.540     -8.415
  -1   -2     11.910     -9.071      8.366
  -1   -2     17.090     -1.062     -9.266
  -1   -2      4.137     -3.700      8.267
  -1   -2      1.059     -0.043     -0.285
  -1   -2     -5.867     -3.111     -6.366
  -1   -2     15.435      4.371      2.075
  -1   -2     -5.866      0.914      3.039
  -1   -2     14.974      2.936     -5.924
 131  172    -12.842     -9.965     -3.525
  -1   -2     11.827      0.387      3.316
  -1   -2     20.634     -3.928     -0.984
  -1   -2     19.973      1.581     -7.513
  -1   -2     -3.521     -6.540     -8.415
  -1   -2     11.910     -9.071      8.366
  -1   -2     17.090     -1.062     -9.266
  -1   -2      4.137     -3.700      8.267
  -1   -2      1.059     -0.043     -0.285
  -1   -2     15.435      4.371      2.075
  -1   -2     14.974      2.936     -5.924
  -1   -2     -5.866      0.914      3.039
  -1   -2     11.827      0.387      3.316
  -1   -2     -5.867     -3.111     -6.366
  -1   -2     20.634     -3.928     -0.984
  -1   -2     19.973      1.581     -7.513
  -1   -2     -3.521     -6.540     -8.415
  -1   -2     11.910     -9.071      8.366
  -1   -2      4.137     -3.700      8.267
  -1   -2     17.090     -1.062     -9.266
  -1   -2      1.059     -0.043     -0.285
  -1   -2     15.435      4.371      2.075
  -1   -2     14.974      2.936     -5.924
  -1   -2     11.827      0.387      3.316
  -1   -2     -5.867     -3.111     -6.366
  -1   -2     20.634     -3.928     -0.984
  -1   -2     19.973      1.581     -7.513
  -1   -2     11.910     -9.071      8.366
  -1   -2     11.910     -9.071      8.366
  -1   -2     17.090     -1.062     -9.266
  -1   -2      4.137     -3.700      8.267
  -1   -2      1.059     -0.043     -0.285
  -1   -2     -5.867     -3.111     -6.366
  -1   -2     15.435      4.371      2.075
  -1   -2     14.974      2.936     -5.924
  -1   -2     11.827      0.387      3.316
  -1   -2     20.634     -3.928     -0.984
  -1   -2     19.973      1.581     -7.513
  -1   -2     -3.521     -6.540     -8.415
  -1   -2     11.910     -9.071      8.366
  -1   -2     17.090     -1.062     -9.266
  -1   -2      4.137     -3.700      8.267
  -1   -2      1.059     -0.043     -0.285
  -1   -2     15.435      4.371      2.075
  -1   -2     14.974      2.936     -5.924
  -1   -2     -5.867     -3.111     -6.366
  -1   -2     11.827      0.387      3.316
  -1   -2     20.634     -3.928     -0.984
  -1   -2     19.973      1.581     -7.513
  -1   -2     -3.521     -6.540     -8.415
  -1   -2     11.910     -9.071      8.366
  -1   -2      4.137     -3.700      8.267
  -1   -2     17.090     -1.062     -9.266
  -1   -2      1.059     -0.043     -0.285
  -1   -2     15.435      4.371      2.075
  -1   -2     -5.867     -3.111     -6.366
  -1   -2     14.974      2.936     -5.924
  -1   -2     11.827      0.387      3.316
  -1   -2     20.634     -3.928     -0.984
  -1   -2     19.973      1.581     -7.513
  -1   -2     11.910     -9.071      8.366
  -1   -2     17.090     -1.062     -9.266
  -1   -2      4.137     -3.700      8.267
  -1   -2      1.059     -0.043     -0.285
  -1   -2     15.435      4.371      2.075
  -1   -2     14.974      2.936     -5.924
  -1   -2     -5.867     -3.111     -6.366
 253   -2     11.827      0.387      3.316
  -1   -2     20.634     -3.928     -0.984
  -1   -2     19.973      1.581     -7.513
  -1   -2     11.910     -9.071      8.366
  -1   -2      4.137     -3.700      8.267
  -1   -2     17.090     -1.062     -9.266
  -1   -2      1.059     -0.043     -0.285
  -1   -2     15.435      4.371      2.075
  -1   -2     14.974      2.936     -5.924
  -1   -2     -5.867     -3.111     -6.366
  -1   -2     20.634     -3.928     -0.984
  -1   -2     19.973      1.581     -7.513
  -1   -2     -3.521     -6.540     -8.415
  -1   -2     11.910     -9.071      8.366
  -1   -2      4.137     -3.700      8.267
  -1   -2     17.090     -1.062     -9.266
  -1   -2      1.059     -0.043     -0.285
  -1   -2     15.435      4.371      2.075
  -1   -2     14.974      2.936     -5.924
  -1   -2     20.634     -3.928     -0.984
  -1   -2     -5.867     -3.111     -6.366
  -1   -2     19.973      1.581     -7.513
  -1   -2     -3.521     -6.540     -8.415
  -1   -2     11.910     -9.071      8.366
  -1   -2     17.090     -1.062     -9.266
  -1   -2      4.137     -3.700      8.267
  -1   -2      1.059     -0.043     -0.285
  -1   -2     15.435      4.371      2.075
  -1   -2     14.974      2.936     -5.924
  -1   -2     -5.867     -3.111     -6.366
  -1   -2     20.634     -3.928     -0.984
  -1   -2     19.973      1.581     -7.513
  -1   -2     -3.521     -6.540     -8.415
  -1   -2     11.910     -9.071      8.366
  -1   -2     17.090     -1.062     -9.266
  -1   -2      4.137     -3.700      8.267
  -1   -2      1.059     -0.043     -0.285
  -1   -2     -5.867     -3.111     -6.366
  -1   -2     15.435      4.371      2.075
  -1   -2     14.974      2.936     -5.924
  -1   -2     20.634     -3.928     -0.984
  -1   -2     19.973      1.581     -7.513
  -1   -2     -3.521     -6.540     -8.415
  -1   -2     11.910     -9.071      8.366
  -1   -2     17.090     -1.062     -9.266
  -1   -2      4.137     -3.700      8.267
  -1   -2      1.059     -0.043     -0.285
  -1   -2     15.435      4.371      2.075
  -1   -2     14.974      2.936     -5.924
  -1   -2     -5.867     -3.111     -6.366
  -1   -2     20.634     -3.928     -0.984
  -1   -2     19.973      1.581     -7.513
  -1   -2     -3.521     -6.540     -8.415
  -1   -2     11.910     -9.071      8.366
  -1   -2      4.137     -3.700      8.267
  -1   -2     17.090     -1.062     -9.266
  -1   -2      1.059     -0.043     -0.285
  -1   -2     15.435      4.371      2.075
  72  278     14.974      2.936     -5.924
  -1   -2     -5.867     -3.111     -6.366
  -1   -2     20.634     -3.928     -0.984
  -1   -2     19.973      1.581     -7.513
  -1   -2     -3.521     -6.540     -8.415
  -1   -2     11.910     -9.071      8.366
  -1   -2     17.090     -1.062     -9.266
  -1   -2      4.137     -3.700      8.267
  -1   -2      1.059     -0.043     -0.285
  -1   -2     15.435      4.371      2.075
 105   -2     -5.867     -3.111     -6.366
  -1   -2     20.634     -3.928     -0.984
  -1   -2     19.973      1.581     -7.513
  -1   -2     -3.521     -6.540     -8.415
  -1   -2     11.910     -9.071      8.366
  -1   -2     17.090     -1.062     -9.266
  -1   -2      1.059     -0.043     -0.285
  -1   -2      4.137     -3.700      8.267
  -1   -2     15.435      4.371      2.075
  -1   -2     20.634     -3.928     -0.984
  -1   -2     19.973      1.581     -7.513
  -1   -2     -3.521     -6.540     -8.415
  -1   -2     11.910     -9.071      8.366
  -1   -2     17.090     -1.062     -9.266
  -1   -2      4.137     -3.700      8.267
  -1   -2      1.059     -0.043     -0.285
  -1   -2     15.435      4.371      2.075
  -1   -2     20.634     -3.928     -0.984
  -1   -2     19.973      1.581     -7.513
  -1   -2     -3.521     -6.540     -8.415
 118  349     11.910     -9.071      8.366
  -1   -2      4.137     -3.700      8.267
  65   -2      1.059     -0.043     -0.285
  -1   -2     17.090     -1.062     -9.266
  -1   -2     15.435      4.371      2.075
  -1   -2     20.634     -3.928     -0.984
  -1  129     19.973      1.581     -7.513
  -1   -2     -3.521     -6.540     -8.415
  -1   -2     17.090     -1.062     -9.266
  -1   -2      4.137     -3.700      8.267
  -1   -2     15.435      4.371      2.075
  -1   -2     -3.521     -6.540     -8.415
  -1   -2     17.090     -1.062     -9.266
  -1   -2      4.137     -3.700      8.267
  -1   -2     15.435      4.371      2.075
  -1   -2     -3.521     -6.540     -8.415
  -1   -2      4.137     -3.700      8.267
  -1   -2     17.090     -1.062     -9.266
  -1   -2     15.435      4.371      2.075
  -1   -2     -3.521     -6.540     -8.415
  -1   -2      4.137     -3.700      8.267
  -1   -2     17.090     -1.062     -9.266
  -1   -2     15.435      4.371      2.075
  -1   -2     -3.521     -6.540     -8.415
  -1   -2     17.090     -1.062     -9.266
  -1   -2      4.137     -3.700      8.267
  -1   -2     15.435      4.371      2.075
  -1   -2     -3.521     -6.540     -8.415
  -1   -2      4.137     -3.700      8.267
  -1   -2     17.090     -1.062     -9.266
  -1   -2     15.435      4.371      2.075
  -1   -2     -3.521     -6.540     -8.415
  -1   -2     17.090     -1.062     -9.266
  -1   -2      4.137     -3.700      8.267
  -1   -2     15.435      4.371      2.075
  -1   -2     -3.521     -6.540     -8.415
  -1   -2     17.090     -1.062     -9.266
  -1   -2      4.137     -3.700      8.267
  -1   -2     15.435      4.371      2.075
  -1   -2     -3.521     -6.540     -8.415
  -1   -2     17.090     -1.062     -9.266
  -1   -2      4.137     -3.700      8.267
  -1   -2     15.435      4.371      2.075
  -1   -2      4.137     -3.700      8.267
 356  364     17.090     -1.062     -9.266
  -1   -2     15.435      4.371      2.075
  -1   -2     -3.521     -6.540     -8.415
  -1   -2      4.137     -3.700      8.267
  -1   -2     15.435      4.371      2.075
  -1   -2     -3.521     -6.540     -8.415
  -1   -2      4.137     -3.700      8.267
  -1   -2     15.435      4.371      2.075
  -1   -2      4.137     -3.700      8.267
  -1   -2     15.435      4.371      2.075
  -1   -2     -3.521     -6.540     -8.415
  -1   -2      4.137     -3.700      8.267
  -1   -2     15.435      4.371      2.075
  -1   -2     -3.521     -6.540     -8.415
  -1   -2      4.137     -3.700      8.267
  -1   -2     15.435      4.371      2.075
  -1   -2     -3.521     -6.540     -8.415
  -1   -2      4.137     -3.700      8.267
  -1   -2     15.435      4.371      2.075
  -1   -2     -3.521     -6.540     -8.415
  66  377      4.137     -3.700      8.267
  -1   -2     15.435      4.371      2.075
  -1   -2     -3.521     -6.540     -8.415
  -1   -2     15.435      4.371      2.075
  -1   -2     -3.521     -6.540     -8.415
  -1   -2     15.435      4.371      2.075
  -1   -2     -3.521     -6.540     -8.415
  -1   -2     15.435      4.371      2.075
  -1   -2     -3.521     -6.540     -8.415
  -1   -2     15.435      4.371      2.075
  -1   -2     -3.521     -6.540     -8.415
  -1   -2     15.435      4.371      2.075
  -1   -2     -3.521     -6.540     -8.415
  -1   -2     15.435      4.371      2.075
  -1   -2     -3.521     -6.540     -8.415
  -1   -2     15.435      4.371      2.075
  -1   -2     -3.521     -6.540     -8.415
  -1   -2     15.435      4.371      2.075
  -1   -2     -3.521     -6.540     -8.415
  -1   -2     15.435      4.371      2.075
  -1   -2     -3.521     -6.540     -8.415
  -1   -2     15.435      4.371      2.075
  -1   -2     -3.521     -6.540     -8.415
  69   -2     15.435      4.371      2.075
  -1   -2     -3.521     -6.540     -8.415
  -1   -2     -3.521     -6.540     -8.415
   6  411     -3.521     -6.540     -8.415
