249
  39   -2     15.295     -6.487     -1.261
  48    2     14.132     -3.464     -1.533
  -1   -2     -9.546     -9.423     -9.515
  36   -2     -1.568     -7.153      3.334
   5  112     16.206     -3.022     -8.428
  -1   -2     -3.650     -6.564     -8.769
  -1    8      6.846     -9.577      4.557
   2   -2     14.577     -6.226     -4.989
  37   -2     10.326     -7.606      1.088
   7   -2     14.935    -10.232     -7.392
  -1   11      9.801     -2.442      7.028
  56   12     -4.283     -5.994      2.750
  12   -2     10.863     -3.159     10.197
  11    9     -1.487     -9.020      9.589
  23   -2     15.371     -1.829     -6.806
  -1   14     15.307     -2.662     -7.102
  52   -2      3.311     -7.680      5.089
  -1   -2     12.593     -1.700     -0.036
 162  158     11.909     -9.071      8.352
  14   21     12.895     -9.944      4.651
  -1   20     17.850     -9.490     -4.257
  20   -2     15.727    -10.195      1.313
   6   -2      3.509     -8.763      4.955
  21   25     -0.713     -9.448     -0.063
  91   18      9.292     -9.775     -3.731
  41  109     14.918     -7.315      5.012
  29   22      9.595     -8.253      9.574
  -1   -2     -6.126     -9.421      6.201
  61   50     -1.581     -9.549      6.135
  25   56      4.747     -6.797     -8.751
 117   54      2.432     -5.112      2.388
  28   -2     19.239     -8.489     -0.659
  26  100     16.085      0.543     -8.698
  38   38      2.236     -3.236      8.926
  27   49     13.402     -4.124     -6.912
  30   33     20.745    -10.087     -3.615
  -1   -2     16.162     -4.422     -9.080
  34   -2     -5.167     -1.871      5.607
  89   28      2.461     -9.988      9.128
  40   39      8.961     -7.488     -9.634
  78   -2      9.722      0.746      7.582
  -1   -2     -0.148     -7.520     10.718
  75   62     12.991      1.371     -0.936
  43   -2     17.209     -3.845      3.523
  -1   55     -3.279     -8.572     -7.545
  47   -2     10.078     -5.642      6.940
  60   -2     -6.769     -6.824      6.137
  83   45      9.438     -4.128      4.302
  22   16      3.544     -8.467      5.075
  19   48     17.029    -10.626      0.308
 127   74     16.781      1.199     -7.789
  35   29     10.332     -5.004     -0.213
 155   82    -11.665    -10.684      0.013
  98    7      9.945     -7.435      3.195
  24    4     17.060    -10.061     -5.209
 108   51     14.394     -9.841      5.004
  54   -2     -5.329     -6.335      5.325
  -1   -2     15.754     -1.263      1.950
  -1   -2     17.086     -1.062     -9.290
  -1  216      4.136     -3.700      8.262
  -1   47     10.688      3.241     -7.543
  -1   -2     -5.869      0.910      3.027
  -1   -2    -15.524     -2.930      2.491
  79  106     -6.947     -5.420     -8.405
  -1   68      8.230      5.421     -8.423
  -1   34     -4.863     -1.354      7.301
  -1   -2      1.061     -0.044     -0.287
  -1   -2     15.434      4.373      2.077
  -1   -2     -5.869     -3.110     -6.363
  77   -2     14.973      2.938     -5.926
  -1   72     11.808     -8.616      8.384
  -1   75    -10.649    -10.224      1.705
 176  131     15.267      3.414     -6.560
  -1  103     -5.412     -1.996      0.332
  -1   -2      4.801     -6.465      9.961
  -1   80      5.564      0.776      4.597
  -1   -2     -8.173     -4.253      4.334
  -1   -2     20.637     -3.928     -0.989
  70   40      7.557     -1.750      0.769
  81   90     18.814      0.371     -6.155
  -1   -2     14.304     -2.482      5.674
  87   -2     18.494     -7.531     11.277
  -1   42     16.439    -11.435     -3.148
  -1   93     11.234    -10.934     -8.361
  86   87    -12.683     -7.607     -9.217
  85   88     -7.958      0.446    -10.932
  -1   -2     10.705     -9.743     -8.763
  93   94      8.844      6.073      9.497
  -1   -2     17.098    -10.256    -11.576
  -1   -2    -11.320    -10.611     -9.609
  84   -2     13.898     -2.077      1.667
  99  189    -10.178     -5.605      3.191
  -1   15     11.329     -0.864     -2.824
  -1  102    -10.729     -3.687     -9.314
 104   44     -0.847     -6.420     -8.361
 101   -2     -6.840     -4.128     -7.134
  -1    1     11.547     -5.026     -9.295
  -1   99     15.504     -8.510      8.747
 105   -2     -7.698     -3.761     -2.489
 103   41     16.009     -0.700      6.702
 102   96     17.154     -5.477      5.770
  -1   -2    -17.128     -7.795     10.752
  46   -2     15.858     -0.276      0.060
  -1   -2     -2.382     -5.056     -4.450
  -1  104     -1.232    -10.274     -1.976
  62   32     19.673     -5.842     -7.652
  -1   -2     -7.587     -9.766     -9.299
  -1    0     16.723     -7.412      2.317
 109  179     -5.580      4.392     -4.328
  -1   92     17.668     -6.989      9.735
 110   -2    -11.537     -2.948     -4.678
  76   30     -7.644    -10.189      4.161
  58  124     15.445      0.592      3.092
  -1   57     -3.516     -6.539     -8.400
  32   61     16.206     -3.022     -8.428
  -1   -2     11.883     -9.088      8.262
  -1   13     17.086     -1.062     -9.290
  -1   65     16.910     -1.431     -0.755
  -1   -2      4.136     -3.700      8.262
  -1   -2      1.061     -0.044     -0.287
  -1   -2    -15.524     -2.930      2.491
  -1   -2     -5.869      0.910      3.027
 258  239     15.434      4.373      2.077
  -1   78     -5.869     -3.110     -6.363
 238  219     20.637     -3.928     -0.989
  -1   -2     -8.173     -4.253      4.334
  -1   -2    -10.729     -3.687     -9.314
  -1   -2     11.883     -9.088      8.262
  -1   -2      4.136     -3.700      8.262
  -1   -2      1.061     -0.044     -0.287
  -1   -2     17.086     -1.062     -9.290
  -1   -2    -15.524     -2.930      2.491
  -1   -2     15.434      4.373      2.077
  -1   -2     -5.869      0.910      3.027
  -1   -2     -5.869     -3.110     -6.363
  -1   -2     20.637     -3.928     -0.989
  -1   -2     -8.173     -4.253      4.334
 128   77    -10.729     -3.687     -9.314
 129  135     -9.586     -9.426     -9.600
  -1   -2     -3.516     -6.539     -8.400
 111   -2     11.883     -9.088      8.262
  -1   -2     17.086     -1.062     -9.290
  -1   -2      4.136     -3.700      8.262
  -1   -2      1.061     -0.044     -0.287
  -1   -2    -15.524     -2.930      2.491
  -1   -2     15.434      4.373      2.077
  -1   -2     -5.869     -3.110     -6.363
  -1   -2     -5.869      0.910      3.027
  -1   -2     20.637     -3.928     -0.989
  -1   -2     -8.173     -4.253      4.334
  -1   -2     -3.516     -6.539     -8.400
  -1   -2     17.086     -1.062     -9.290
  -1   -2      4.136     -3.700      8.262
  -1   -2      1.061     -0.044     -0.287
  -1   -2     15.434      4.373      2.077
  -1   -2     -5.869      0.910      3.027
  -1   -2     -5.869     -3.110     -6.363
  -1   -2     -8.173     -4.253      4.334
  -1   -2     20.637     -3.928     -0.989
  -1   -2     17.086     -1.062     -9.290
  -1   -2      4.136     -3.700      8.262
  -1   -2      1.061     -0.044     -0.287
  -1   -2     15.434      4.373      2.077
  -1  110    -12.843     -9.965     -3.527
  -1   -2     -5.869      0.910      3.027
  -1   -2     -5.869     -3.110     -6.363
  -1   -2     -8.173     -4.253      4.334
  -1   -2     20.637     -3.928     -0.989
  -1   -2     -3.516     -6.539     -8.400
  -1   -2     17.086     -1.062     -9.290
  -1   -2      4.136     -3.700      8.262
  -1   -2      1.061     -0.044     -0.287
  -1   -2     15.434      4.373      2.077
 121   -2     -5.869      0.910      3.027
  -1   -2    -15.524     -2.930      2.491
  -1   -2     -5.869     -3.110     -6.363
 206   -2     -8.173     -4.253      4.334
  -1   -2     20.637     -3.928     -0.989
  -1   -2     -3.516     -6.539     -8.400
  -1   -2      4.136     -3.700      8.262
  -1   -2     17.086     -1.062     -9.290
  -1   -2      1.061     -0.044     -0.287
  -1   -2     15.434      4.373      2.077
 204   -2    -15.524     -2.930      2.491
  -1   -2     -5.869     -3.110     -6.363
  -1   -2     20.637     -3.928     -0.989
  -1   -2     -3.516     -6.539     -8.400
  -1   -2      4.136     -3.700      8.262
  -1   -2     17.086     -1.062     -9.290
  -1   -2      1.061     -0.044     -0.287
  -1   -2     15.434      4.373      2.077
  72  183     -5.869     -3.110     -6.363
  -1   -2     20.637     -3.928     -0.989
  -1   -2     -3.516     -6.539     -8.400
 189   -2     17.086     -1.062     -9.290
  -1   -2      4.136     -3.700      8.262
  -1   -2      1.061     -0.044     -0.287
  -1   -2     15.434      4.373      2.077
  -1   -2     20.637     -3.928     -0.989
  -1   -2     -3.516     -6.539     -8.400
  -1   -2      4.136     -3.700      8.262
  -1   -2      1.061     -0.044     -0.287
  -1   -2     15.434      4.373      2.077
  -1   -2     20.637     -3.928     -0.989
  -1   -2     -3.516     -6.539     -8.400
  -1   -2      4.136     -3.700      8.262
  -1   -2      1.061     -0.044     -0.287
  -1   -2     15.434      4.373      2.077
  -1   -2     20.637     -3.928     -0.989
  -1   -2     -3.516     -6.539     -8.400
  -1   -2      4.136     -3.700      8.262
  -1   -2      1.061     -0.044     -0.287
  -1   -2     15.434      4.373      2.077
  -1   -2     20.637     -3.928     -0.989
  -1   -2     -3.516     -6.539     -8.400
  -1   -2      4.136     -3.700      8.262
  -1   -2      1.061     -0.044     -0.287
  -1   -2     15.434      4.373      2.077
  80   -2     20.637     -3.928     -0.989
  -1   -2     -3.516     -6.539     -8.400
  -1   -2      4.136     -3.700      8.262
  -1   -2      1.061     -0.044     -0.287
  -1   -2     15.434      4.373      2.077
  -1   -2     -3.516     -6.539     -8.400
 112   10      4.136     -3.700      8.262
  -1   -2      1.061     -0.044     -0.287
  -1   -2     15.434      4.373      2.077
  -1   -2     -3.516     -6.539     -8.400
  -1   -2      1.061     -0.044     -0.287
  -1   -2     15.434      4.373      2.077
  -1   -2     -3.516     -6.539     -8.400
 118  224      1.061     -0.044     -0.287
  -1   -2     15.434      4.373      2.077
  -1   -2     -3.516     -6.539     -8.400
  -1   -2     15.434      4.373      2.077
  -1   -2     -3.516     -6.539     -8.400
  -1   -2     15.434      4.373      2.077
  -1   -2     -3.516     -6.539     -8.400
  -1   -2     15.434      4.373      2.077
  -1   -2     -3.516     -6.539     -8.400
  -1   -2     15.434      4.373      2.077
  -1   -2     15.434      4.373      2.077
  -1   -2     -3.516     -6.539     -8.400
  -1   -2     15.434      4.373      2.077
 130  240     -3.516     -6.539     -8.400
  -1   -2     15.434      4.373      2.077
  -1   -2     15.434      4.373      2.077
  -1   -2     15.434      4.373      2.077
 177   79     15.434      4.373      2.077
