39
   1    0      4.997     -8.370     -3.701
   2    3      0.175     -9.735      0.888
  13    6     15.437    -10.921     -2.822
  17   -2      9.572    -10.279      5.444
  12    7      9.970     -3.373      6.423
  21    9      7.416     -9.811      6.824
  -1   -2     -6.266    -10.752      1.224
  -1   -2     11.605     -5.308      2.220
  -1   27     15.715     -6.749      3.627
  -1   -2     16.984    -10.676    -11.300
  -1   -2    -10.785    -10.277      2.169
  -1   -2     13.684     -8.730      9.021
  -1   10     18.600     -2.867     -8.540
  -1    1     15.094    -10.496      5.810
  -1   -2     -8.369    -10.858      6.288
   8   29     19.200     -6.489     -2.276
  -1   21     16.294     -7.762     -2.916
  -1   -2     19.373     -3.697     -7.394
   6   -2      9.229     -0.579      8.366
  -1   -2     16.991    -10.896      1.949
  19   22      8.825     -6.591      9.141
  -1   -2     -4.492     -9.179     -0.922
  15   -2      1.820    -10.529      4.564
  -1   -2     -6.622     -4.137     -6.170
  -1    8     14.161     -8.877      4.364
  -1   -2    -15.154     -8.700      2.323
   0   24      8.911     -3.686      9.054
  -1   35     -3.991     -8.613     -9.469
  -1   -2     -4.170     -6.829     -0.978
  10   -2     12.718     -9.468      0.760
  -1   -2     -4.492    -10.683     -0.514
   9   -2      4.628    -10.237     -0.425
  -1   -2    -10.785    -10.277      2.169
  11   -2    -10.785    -10.277      2.169
  -1   -2     11.605     -5.308      2.220
  24   39     -6.266    -10.752      1.224
  -1   -2     11.605     -5.308      2.220
  30   -2     -6.266    -10.752      1.224
  25   -2     11.605     -5.308      2.220
