168
 128   -2     15.227     -1.541      1.538
  69   -2     15.296     -6.489     -1.264
  34   -2     10.692     -3.193     10.134
   5   64     -3.029     -9.407     -4.996
  35   -2     11.776     -6.902     10.256
  -1   24      4.881     -8.280      0.917
   2   45     14.103     -3.546     -2.108
  71   -2     -1.570     -7.154      3.336
  -1   15     15.040    -10.299     -6.458
  72   36     16.161     -3.806      5.852
  -1   12      7.948     -0.801      9.994
   7    8     11.612     -9.413      7.897
   0    9      9.459     -0.044      5.857
  -1   -2     -3.652     -6.564     -8.774
  -1   -2     16.176     -3.017     -8.331
  10   73      9.419     -0.507      7.893
  14   14     14.580     -6.226     -4.993
  73   -2     17.847     -9.492     -4.246
  -1    5     -4.287     -5.994      2.745
  -1   59     14.571     -8.848     -2.264
  37   -2      9.799     -2.442      7.030
   8  124      5.836     -9.167      7.501
  -1   -2     -7.179     -9.508      9.907
  16   -2     12.581    -10.310      6.269
  22   -2     15.303     -2.659     -7.090
  25   27     15.725    -10.196      1.327
  42   -2      5.462     -7.484     -2.873
  -1   25     -5.602     -9.967      0.018
  39   -2      4.900     -6.460      9.785
  27   31      9.290     -9.775     -3.729
  23   -2     12.604     -1.703     -0.060
  -1   -2    -12.282     -8.786     -1.060
  29   -2     13.331     -9.764      9.002
  21   40      3.316     -5.703      1.627
  -1   -2     -6.014     -8.669      1.142
  -1   90      9.130      1.200      8.413
  30   42      5.710     -7.012     -6.016
 132    2     19.893     -7.300     -5.206
  -1   30     -1.484     -9.021      9.602
  57   37     13.151     -6.890      9.465
  38   -2     19.219     -8.482     -0.614
  46    4     13.902     -3.970     -3.409
  -1   -2      9.830     -8.161      9.976
  98   -2      3.260     -8.683      4.305
  -1   -2      9.773     -7.396      2.632
   3   33     11.450     -4.918      9.161
  44   -2     20.744    -10.089     -3.608
  -1  161      2.235     -3.237      8.926
  92   49     -5.168     -1.869      5.609
  64    7     -4.922     -8.932     -2.302
  53   -2      4.878     -7.751      0.588
  68   -2      7.992    -10.603     -5.721
  -1   -2     15.314     -4.670      2.943
  -1   -2      2.524     -7.585     -6.882
  -1   -2      4.184     -6.552     -5.102
  67   56      9.376     -4.722      2.067
  -1   35     11.600    -10.046      7.903
  20   -2      8.053     -0.945      6.444
  -1   32     17.213     -7.451      2.853
  59   19      9.458     -5.580      8.471
  -1  117      9.436     -4.128      4.304
  88   -2     -8.795     -9.076      5.240
  -1    6     18.103    -10.920     -4.174
  65   58     -6.763     -6.819      6.136
  -1   23     -5.977    -10.016      4.696
  -1    3      8.152     -9.063     10.739
  40   55      1.647    -10.569     -2.200
  24   -2      4.556     -8.118      7.326
 118   -2    -10.549     -3.437     -8.535
  -1   -2     17.995     -8.313     -2.181
  95   -2     -0.457     -9.553     -0.316
 126   -2     -2.918     -6.094     -2.492
  -1   -2     15.268     -9.773     -6.813
  -1   70     15.640    -10.721      3.784
  66   -2      0.491     -7.458      1.739
  47   63     -1.846     -8.455     -3.270
  -1   53      6.133    -10.122     -6.944
 141  139      4.142     -3.699      8.284
 124   -2     17.086     -1.063     -9.278
 170   77     18.013      4.071      1.068
  76  130     10.690      3.243     -7.533
  -1   -2     17.375     -9.833    -10.090
  83   82     -6.949     -5.419     -8.407
  -1  165     15.429      4.371      2.087
  -1   -2     -5.868      0.915      3.027
  -1   -2     15.843     -1.256      1.833
 148   83      4.876      0.588      0.576
  -1   38     14.973      2.937     -5.926
  -1   41     17.578      3.830    -12.343
  -1   88     -5.415     -1.997      0.325
  -1   -2     16.710     -4.848      5.228
  -1  106     -5.865     -3.106     -6.371
  -1   -2     17.528     -5.742      3.752
  -1   -2      5.564      0.776      4.601
  -1  133    -10.236    -10.834      2.687
  96   91    -12.222     -7.365     -8.162
  -1  147     -8.183     -4.250      4.319
  -1   57     20.639     -3.927     -0.989
  -1  105     12.066     -8.569      9.215
 100   96     14.035     -8.058      4.759
 111   76     18.814      0.371     -6.150
  -1    1     15.084     -1.889     -7.679
  -1   -2     14.642     -3.544      8.986
  -1   10     14.305     -2.481      5.675
 105   99     -7.959      0.447    -10.931
  -1   -2     -8.281     -7.846      3.940
 119   67      7.567     -1.748      0.800
  -1   -2     19.972      1.585     -7.512
 102   -2     12.606      1.456     -0.037
 107   72    -12.896     -5.435     -3.244
  26   75      5.004     -9.611      9.401
  -1   -2      8.839     -1.432    -11.220
 116   51      9.767     -7.223     -7.758
  55   -2      0.694    -10.218     -7.875
 110  103      8.844      6.073      9.499
  -1   61     10.228      4.766     -0.469
  -1  119     14.138     -8.956      7.794
  82   -2     -6.842     -4.127     -7.137
  60   -2     16.848     -5.148     -1.730
 123   -2     15.587    -10.793      4.783
  -1   97     18.712      2.342     -9.801
  -1   21      5.398    -11.743     -9.127
 129  114     15.858     -0.276      0.066
 122   -2     18.162     -7.461     10.039
  -1   -2     16.005     -0.702      6.717
  -1   -2     -2.379     -5.058     -4.436
  70  123     15.057     -9.755      7.591
 133   -2     -5.581      4.392     -4.331
  -1   -2     -7.422    -10.497      3.498
  -1  125    -10.607     -1.401     -5.923
 127  127    -11.212     -5.698     -6.351
  -1    0     16.632     -7.373      1.969
 140  122     -1.628      1.930     -1.789
  94   44      3.753     -9.931      9.622
 113   -2     -6.313     -5.030    -10.333
 134   -2      0.383    -11.021     -4.798
  -1   69     -3.526     -6.541     -8.425
  -1   -2      2.458     -3.243      8.314
  74   -2      6.133    -10.122     -6.944
  -1   18      4.142     -3.699      8.284
  -1   -2     15.429      4.371      2.087
  -1  157     -5.868      0.915      3.027
  75   -2     14.973      2.937     -5.926
  -1   -2     -8.183     -4.250      4.319
  -1   -2     -3.526     -6.541     -8.425
 145  143     16.246     -3.045     -8.449
  -1   -2      2.458     -3.243      8.314
  -1   -2     15.429      4.371      2.087
  -1   -2     -8.183     -4.250      4.319
  -1   -2     -3.526     -6.541     -8.425
  -1   -2      2.458     -3.243      8.314
  -1   -2     15.429      4.371      2.087
  -1   -2     -5.868      0.915      3.027
 151   20     -8.183     -4.250      4.319
  -1   -2     -3.526     -6.541     -8.425
  -1   -2      2.458     -3.243      8.314
  -1   -2     15.429      4.371      2.087
  -1   -2     -5.868      0.915      3.027
  -1   -2     -3.526     -6.541     -8.425
  -1   -2      2.458     -3.243      8.314
  -1   -2     -5.868      0.915      3.027
  -1   -2      2.458     -3.243      8.314
  -1   -2     15.429      4.371      2.087
  -1   -2     -5.868      0.915      3.027
 135  158     -3.526     -6.541     -8.425
 166   -2      2.458     -3.243      8.314
  -1   -2     15.429      4.371      2.087
 125   -2     15.429      4.371      2.087
