312
  68   -2     15.297     -6.487     -1.262
  89   26     14.135     -3.466     -1.542
 115  107     17.640     -6.596      4.010
  -1   -2     -1.571     -7.155      3.326
  22   -2     -2.858     -9.399     -3.555
  -1  104     -3.646     -6.562     -8.762
   6   14     16.079     -2.976     -7.964
  -1   -2      6.842     -9.577      4.564
  -1    6     14.581     -6.228     -4.999
  61   -2     14.932    -10.231     -7.395
   8    9     10.325     -7.605      1.077
   9    3     -4.286     -5.994      2.743
  10   10     10.866     -3.159     10.186
  24   12     -1.485     -9.021      9.592
  15   92      9.649     -0.427      7.313
  -1   41     15.302     -2.661     -7.088
  -1   -2     11.905     -9.070      8.341
  -1   15      3.309     -7.679      5.091
  -1   13     12.588     -1.703     -0.021
  -1   19      1.086     -8.983      5.043
  17   16      9.601     -8.253      9.591
  -1   -2      9.548     -2.418      7.687
  20   21      9.287     -9.776     -3.717
  48   -2     -6.012     -8.668      1.131
   5   49      3.506     -8.764      4.947
  72   -2     15.483     -4.686      2.528
  -1   25     18.135     -9.533     -4.928
  23   -2     13.910     -3.966     -3.427
  44   46      4.746     -6.797     -8.751
  28   28     -5.167     -1.871      5.607
  29  102     19.221     -8.483     -0.621
  31   34      2.231     -3.238      8.937
  32   35      8.963     -7.486     -9.637
  30   37     13.552     -6.888      8.544
  88   31     10.322     -7.305      4.387
  -1   -2     17.209     -3.843      3.521
  77   38      9.434     -4.129      4.310
  37   39      9.451     -5.578      8.480
  39   -2     -0.152     -7.521     10.722
  58  189     12.980      1.371     -0.908
  42   79    -11.711    -10.538     -0.513
  40   77     10.332     -5.003     -0.216
   3   24     -1.046     -9.393     -2.124
  41   -2     -2.894     -6.096     -2.441
  45   -2     17.998      4.073      1.102
  -1   -2     15.997      2.492     -8.902
  -1   -2     16.913     -1.427     -0.737
  -1   -2     -8.744    -10.363      6.229
  -1   -2     17.090     -1.062     -9.283
  -1  303      4.134     -3.699      8.255
  -1   -2     10.687      3.242     -7.535
  -1   -2     14.598     -0.601     -4.553
  -1   -2      1.061     -0.045     -0.291
  69   -2     -6.944     -5.420     -8.399
 125   78      6.957      1.794     -3.493
  -1   -2     -4.863     -1.354      7.304
  98   67     -5.869     -3.111     -6.370
  -1   -2     15.443      4.372      2.059
  -1   -2     14.975      2.937     -5.929
  -1   -2     -5.870      0.916      3.034
  -1   -2     11.807     -8.613      8.390
  -1   -2     17.552      3.823    -12.275
  -1   -2     11.829      0.388      3.314
  64   -2     -5.412     -1.995      0.331
  -1   54      4.802     -6.465      9.955
 108   -2      5.564      0.776      4.597
  -1   87     20.638     -3.927     -0.992
  -1    0     16.382     -7.925     -0.850
  83   69     -7.377     -9.694     -8.746
  70   74     18.814      0.371     -6.152
  -1   -2     13.903    -11.009     -6.660
  -1  101     -8.179     -4.251      4.328
  -1   91     14.304     -2.482      5.671
  -1   -2     19.974      1.582     -7.510
  75   84     -7.963      0.447    -10.942
  74   -2     16.612      0.417    -10.137
  -1  108    -12.681     -7.606     -9.214
  -1   -2    -11.310    -10.616     -9.637
  78   88     18.495     -7.530     11.281
  81   95      8.847      6.074      9.494
  84   90    -11.707     -9.624     -7.473
  79   96    -12.896     -5.434     -3.251
  18  130     15.390    -11.299     -7.134
  87   94     10.701     -9.745     -8.753
  -1   43     11.548     -5.028     -9.303
 176    2     13.896     -2.078      1.670
  -1   75     13.491     -7.973      2.899
  91   98      8.853     -1.433    -11.173
  82   -2     17.067    -10.250    -11.495
  92   -2    -10.731     -3.687     -9.314
  93  110     -6.839     -4.129     -7.132
  -1    1     17.142     -5.477      5.793
 116  100     -7.696     -3.763     -2.491
  -1   -2     16.008     -0.700      6.710
  94   -2     -2.379     -5.057     -4.437
  27   -2      7.893     -4.800      5.578
  97  106     -5.580      4.392     -4.329
  -1   -2     10.959      4.473      0.555
  -1  103    -11.533     -2.939     -4.679
  -1   47     -3.505     -6.538     -8.374
  -1   -2     11.905     -9.070      8.341
 107   -2      2.448     -3.244      8.345
  -1   -2     10.687      3.242     -7.535
  -1   27     15.997      2.492     -8.902
  -1   -2     17.090     -1.062     -9.283
  -1   33     16.913     -1.427     -0.737
  -1   36     -8.744    -10.363      6.229
  -1   -2      4.134     -3.699      8.255
  -1  209      1.061     -0.045     -0.291
  -1   -2      6.957      1.794     -3.493
  -1   -2     15.443      4.372      2.059
  63   60     14.975      2.937     -5.929
  -1   -2     -5.869     -3.111     -6.370
  -1   -2     11.829      0.388      3.314
 159  187     -5.870      0.916      3.034
  -1   -2     20.638     -3.927     -0.992
  -1   -2     -8.179     -4.251      4.328
  -1    7     13.903    -11.009     -6.660
  -1   -2     19.974      1.582     -7.510
  -1   -2     -3.505     -6.538     -8.374
  -1   -2     11.905     -9.070      8.341
  49  155     10.687      3.242     -7.535
  -1   -2     15.997      2.492     -8.902
  -1   -2     -8.744    -10.363      6.229
  -1   -2      4.134     -3.699      8.255
  -1   -2     17.090     -1.062     -9.283
  -1   -2      1.061     -0.045     -0.291
  57  157      6.957      1.794     -3.493
  -1   -2     15.443      4.372      2.059
  -1   -2     14.975      2.937     -5.929
  -1   -2     -5.869     -3.111     -6.370
  -1   -2     -5.870      0.916      3.034
  -1   -2     11.829      0.388      3.314
  -1   -2     -8.179     -4.251      4.328
  -1   -2     20.638     -3.927     -0.992
  -1   -2     19.974      1.582     -7.510
  -1   -2     -3.505     -6.538     -8.374
  -1   -2     11.905     -9.070      8.341
  -1   -2     15.997      2.492     -8.902
  -1   -2     16.913     -1.427     -0.737
  -1   -2     17.090     -1.062     -9.283
  -1   -2      4.134     -3.699      8.255
 153   -2     -8.744    -10.363      6.229
  -1   -2      1.061     -0.045     -0.291
  -1   -2     15.443      4.372      2.059
  -1   -2     -5.869     -3.111     -6.370
  -1   -2     14.975      2.937     -5.929
  -1   -2     -5.870      0.916      3.034
  -1   -2     11.829      0.388      3.314
  -1   -2     -8.179     -4.251      4.328
  -1   -2     20.638     -3.927     -0.992
  -1   -2     19.974      1.582     -7.510
  -1   -2     -3.505     -6.538     -8.374
  -1   -2     11.905     -9.070      8.341
 182   -2     15.997      2.492     -8.902
  -1   -2     17.090     -1.062     -9.283
  -1   -2      1.061     -0.045     -0.291
  -1   -2      4.134     -3.699      8.255
  -1   -2     15.443      4.372      2.059
  -1   -2     -5.870      0.916      3.034
  -1   -2     14.975      2.937     -5.929
  -1   -2     -5.869     -3.111     -6.370
  -1   -2     11.829      0.388      3.314
  -1   -2     20.638     -3.927     -0.992
  -1   -2     -8.179     -4.251      4.328
  -1   -2     19.974      1.582     -7.510
  -1   -2     -3.505     -6.538     -8.374
  -1   -2     11.905     -9.070      8.341
  -1   -2     17.090     -1.062     -9.283
 105  183     16.913     -1.427     -0.737
  -1   -2      4.134     -3.699      8.255
  -1   -2      1.061     -0.045     -0.291
  56   -2     -5.870      0.916      3.034
  -1   -2     15.443      4.372      2.059
  -1   -2     14.975      2.937     -5.929
  -1   -2     11.829      0.388      3.314
  -1   -2     -5.869     -3.111     -6.370
  -1   -2     -8.179     -4.251      4.328
  -1   -2     20.638     -3.927     -0.992
  -1   -2     19.974      1.582     -7.510
  -1   -2     -3.505     -6.538     -8.374
  -1   -2     11.905     -9.070      8.341
  -1   -2      4.134     -3.699      8.255
 185   -2      1.061     -0.045     -0.291
  -1   -2     17.090     -1.062     -9.283
  -1   -2     15.443      4.372      2.059
  -1   -2     -5.869     -3.111     -6.370
  -1   -2     14.975      2.937     -5.929
  16   -2     11.829      0.388      3.314
  -1   -2     20.638     -3.927     -0.992
  -1   -2     -8.179     -4.251      4.328
  76  131     19.974      1.582     -7.510
  -1   -2     -3.505     -6.538     -8.374
  -1   -2     11.905     -9.070      8.341
  -1   -2     17.090     -1.062     -9.283
  -1   -2      4.134     -3.699      8.255
  -1   -2     15.443      4.372      2.059
  -1   -2     14.975      2.937     -5.929
  -1   -2     -5.869     -3.111     -6.370
  -1   -2     20.638     -3.927     -0.992
  -1   -2     -8.179     -4.251      4.328
  -1   -2     -3.505     -6.538     -8.374
  -1   -2     11.905     -9.070      8.341
  -1   -2     17.090     -1.062     -9.283
  -1   -2      4.134     -3.699      8.255
  -1   -2     15.443      4.372      2.059
  -1   -2     14.975      2.937     -5.929
  -1   -2     -8.179     -4.251      4.328
  -1   -2     -5.869     -3.111     -6.370
  -1   -2     -3.505     -6.538     -8.374
  -1   -2     11.905     -9.070      8.341
  -1   -2      4.134     -3.699      8.255
  -1   -2     17.090     -1.062     -9.283
  -1   -2     15.443      4.372      2.059
  -1   -2     14.975      2.937     -5.929
  -1   -2     -5.869     -3.111     -6.370
  -1   -2     -8.179     -4.251      4.328
  -1   -2     -3.505     -6.538     -8.374
  -1   -2     11.905     -9.070      8.341
  -1   -2      4.134     -3.699      8.255
  -1   -2     17.090     -1.062     -9.283
  -1   -2     15.443      4.372      2.059
  35   66     14.975      2.937     -5.929
  90  211     -5.869     -3.111     -6.370
  -1   -2     -8.179     -4.251      4.328
  -1   -2     -3.505     -6.538     -8.374
  -1   -2     11.905     -9.070      8.341
  -1   -2     17.090     -1.062     -9.283
  -1   -2      4.134     -3.699      8.255
  -1   -2     15.443      4.372      2.059
  -1   -2     -8.179     -4.251      4.328
  -1   -2     -3.505     -6.538     -8.374
  -1   -2     11.905     -9.070      8.341
  -1   -2      4.134     -3.699      8.255
  -1   -2     17.090     -1.062     -9.283
  -1   -2     15.443      4.372      2.059
  -1   -2     -8.179     -4.251      4.328
  -1   -2     -3.505     -6.538     -8.374
  -1   -2     11.905     -9.070      8.341
  -1   -2     17.090     -1.062     -9.283
  -1   -2      4.134     -3.699      8.255
  -1   -2     15.443      4.372      2.059
  -1   -2     -8.179     -4.251      4.328
  -1   -2     -3.505     -6.538     -8.374
  59  268     11.905     -9.070      8.341
  -1   -2     17.090     -1.062     -9.283
  -1   -2      4.134     -3.699      8.255
  -1   -2     15.443      4.372      2.059
  -1   -2     -8.179     -4.251      4.328
  -1   -2     -3.505     -6.538     -8.374
  -1   -2     17.090     -1.062     -9.283
  -1   -2      4.134     -3.699      8.255
  -1   -2     15.443      4.372      2.059
  -1   -2     -8.179     -4.251      4.328
  -1   -2      4.134     -3.699      8.255
  -1   -2     17.090     -1.062     -9.283
  -1   -2     15.443      4.372      2.059
  -1   -2     -8.179     -4.251      4.328
  -1   -2     -3.505     -6.538     -8.374
  -1   -2     17.090     -1.062     -9.283
  -1   -2      4.134     -3.699      8.255
  -1   -2     15.443      4.372      2.059
  -1   -2     -8.179     -4.251      4.328
  -1   -2     -3.505     -6.538     -8.374
  -1   -2     17.090     -1.062     -9.283
  -1   -2      4.134     -3.699      8.255
  -1   -2     15.443      4.372      2.059
  -1   -2     -8.179     -4.251      4.328
 267  289     17.090     -1.062     -9.283
  -1   -2      4.134     -3.699      8.255
  -1   -2     15.443      4.372      2.059
  -1   -2     -8.179     -4.251      4.328
  -1   -2     -3.505     -6.538     -8.374
  -1   -2      4.134     -3.699      8.255
  -1   -2     15.443      4.372      2.059
  -1   -2     -3.505     -6.538     -8.374
  -1   -2      4.134     -3.699      8.255
  -1   -2     15.443      4.372      2.059
  -1   -2     -3.505     -6.538     -8.374
  -1   -2      4.134     -3.699      8.255
  -1   -2     15.443      4.372      2.059
  -1   -2     -3.505     -6.538     -8.374
  -1   -2      4.134     -3.699      8.255
  -1   -2     15.443      4.372      2.059
  -1   -2     -3.505     -6.538     -8.374
 281   -2      4.134     -3.699      8.255
  -1   -2     15.443      4.372      2.059
  -1   -2     -3.505     -6.538     -8.374
  -1   -2     15.443      4.372      2.059
  -1   -2     -3.505     -6.538     -8.374
  -1   -2     15.443      4.372      2.059
  -1   -2     -3.505     -6.538     -8.374
  -1   -2     15.443      4.372      2.059
  -1   -2     -3.505     -6.538     -8.374
  -1   -2     15.443      4.372      2.059
  -1   -2     -3.505     -6.538     -8.374
  -1   -2     15.443      4.372      2.059
  -1   -2     -3.505     -6.538     -8.374
  -1   -2     15.443      4.372      2.059
  -1   -2     -3.505     -6.538     -8.374
  -1   -2     15.443      4.372      2.059
  -1   -2     -3.505     -6.538     -8.374
  -1   -2     15.443      4.372      2.059
  -1   -2     -3.505     -6.538     -8.374
  -1   -2     15.443      4.372      2.059
  -1   -2     -3.505     -6.538     -8.374
  -1   -2     15.443      4.372      2.059
  -1   -2     -3.505     -6.538     -8.374
  -1   -2     15.443      4.372      2.059
 308  330     15.443      4.372      2.059
  -1   -2     -3.505     -6.538     -8.374
 100  331     -3.505     -6.538     -8.374
