174
   0    1     -3.483     -7.450      4.440
   1   -2    -10.594     -8.485     -9.857
  10   -2     15.297     -6.487     -1.256
  -1   17     10.833     -9.293      9.443
  84   80     -3.306     -7.895      6.955
  -1   -2     16.167     -4.506     -8.419
  28   -2      9.262     -7.525      4.341
  -1    3     -4.449     -9.149     -8.110
   6    5    -11.192     -2.359     -2.622
  80   -2     15.670     -9.845     -3.390
  82   -2     -3.195     -9.044      2.905
   4   -2     -3.694     -7.974      3.659
  50  100     13.043    -10.111     -3.357
  12   -2     14.141     -3.460     -1.507
  95   15     11.507     -5.546      3.416
  71   58      0.305     -7.606      9.313
  63    7     -4.219     -9.180      0.891
 110   -2     18.977     -6.733     -1.025
  -1   -2     -2.365     -7.160      4.752
 107   -2     14.316     -4.660      4.981
  -1   -2      9.612     -3.469     -1.097
  -1   -2     -3.646     -6.562     -8.761
 109   55     16.205     -3.026     -8.425
  72  120     13.058     -9.668      7.333
  64   53      7.446     -8.410     -5.957
  54   71     18.343     -4.933      2.767
  96   -2      5.811     -9.174      7.564
   3   91      9.948     -8.110     10.344
  88    9      4.906     -6.455      9.677
  -1   13     -4.285     -5.993      2.751
  -1   38     -8.884     -9.118      5.825
  33   28     10.863     -3.158     10.203
 140   -2     -6.614     -5.347     -7.518
  34   -2      9.802     -2.441      7.022
   5   -2      7.594    -10.559     -3.908
  69   -2      5.771     -6.777     -0.909
 131   24     14.320     -7.535     -0.568
  90   -2      3.311     -7.679      5.089
  40   22     15.302     -2.659     -7.088
  -1   -2     -2.562     -9.838    -10.118
 121   76     12.603     -1.703     -0.059
  39    4      8.419     -2.657     -2.041
  -1   -2      9.284     -9.777     -3.711
  -1   -2     18.833     -7.770    -10.496
  -1   -2      2.789     -2.399      3.032
  -1   16     -2.977     -9.652     -0.497
  46    6      8.076     -5.839      3.949
  -1   63      9.777     -7.396      2.641
  86   -2     19.220     -8.483     -0.619
  20   -2     11.322     -8.275      4.029
  -1   82     15.797     -7.878     -1.375
 149   72     -7.863     -6.825     -1.944
  -1   92     12.993    -10.783     -6.153
 100    2     17.956     -6.436     -4.249
 133   49     16.084      0.541     -8.696
  89   -2     13.290     -5.325      3.166
   9   -2     18.301     -9.968     -9.536
  -1   -2     13.405     -4.123     -6.921
  -1   73     -0.629     -2.740      8.810
  87   -2     20.010     -8.746     -6.162
 128   35    -11.140     -7.782     -9.695
  -1   -2      2.236     -3.236      8.929
  -1   41     20.756    -10.198     -3.604
  -1   43      5.985      3.599      0.930
  61  105     -5.166     -1.871      5.610
 135  138      6.018     -1.863      5.234
 101   -2      6.198    -10.037     -6.267
  70   40     16.761     -2.788      3.044
  58   -2     -9.428     -7.355     -0.099
  -1   -2     11.461    -10.988      0.564
  38   -2      1.024     -6.299     -0.252
  45   27      2.320     -9.072      1.756
 116   -2     -7.848     -8.021      2.857
  -1   32     -8.121     -8.853      8.184
  66   -2     17.944     -9.514     -4.320
 146   68     19.343     -1.876     -7.942
  -1   -2     -3.235     -8.641      2.106
  -1   -2     12.784     -4.639     10.900
  16   84     18.876     -9.164     -6.937
  65   -2     17.210     -3.843      3.522
   8   74     15.564    -10.120      2.255
  75   -2     11.388     -6.648      0.026
  -1   60     10.766     -9.245      8.305
  44   56      9.437     -4.128      4.302
 137   -2    -11.341     -9.690     -6.466
  92   -2     10.617     -8.436      4.600
  35   14      9.651     -6.495      7.478
  98   -2     13.001      1.363     -0.959
  37   11     14.753    -10.331     -6.089
  52   51     18.960    -10.088     -0.756
  79   85     19.531      4.101     -6.418
  53   -2     10.329     -5.005     -0.204
 161   -2      6.661      1.057      1.706
  22   -2     -3.586     -6.419     -3.822
 145   -2     18.166    -10.157     -6.865
  -1   37     14.441     -8.686     -0.320
  15   -2     -3.771     -7.851     -3.604
  21   -2     17.154     -3.717     -4.849
  99   39      4.638     -6.778     -8.419
  81   -2     -3.700     -8.670     -8.685
 122   89     -0.574     -3.740    -10.528
  -1   86     17.264     -8.861      3.208
 162   94     -0.760     -9.196     -4.226
  -1   -2     16.001      2.487     -8.909
  -1   99     10.688      3.242     -7.530
 153   -2     17.088     -1.064     -9.283
  -1   -2    -12.977     -4.437      8.914
  -1   81      4.134     -3.700      8.257
  -1   -2     18.004      4.075      1.091
  41  134      1.059     -0.045     -0.286
 148   -2     -5.216     -1.820     -3.357
  -1   -2     15.434      4.372      2.076
 102  121      6.956      1.797     -3.493
 129  130    -11.320     -6.339     -9.530
 119   77     14.975      2.937     -5.928
  -1  153     -5.866      0.915      3.027
  -1   -2     15.265      3.413     -6.555
  -1  114     -8.170     -4.246      4.350
 120  154     -5.410     -1.995      0.339
  -1   -2     18.574     -2.964     10.006
  -1  165     17.925      6.975      2.112
  83  128     11.828      0.389      3.313
 124   -2    -10.475     -7.043     -8.106
  -1   -2      9.100     -3.617     -5.377
  -1   70      8.243      2.240      7.371
 127   -2     20.639     -3.929     -0.991
  -1   54     15.482      5.152      3.659
 108   -2     18.814      0.371     -6.148
 132  149      7.567     -1.747      0.798
  24  109     15.083     -1.888     -7.683
  -1  117     16.491     -0.789      8.375
  -1  125     -7.954      0.447    -10.920
  -1   46     16.457     -7.129      3.661
  -1  141    -12.896     -5.436     -3.249
  -1  140      8.845      6.073      9.498
  43   33     10.693     -9.740     -8.728
  -1   -2      9.770     -7.224     -7.739
  36   18     13.899     -2.076      1.665
  -1  155    -10.731     -3.688     -9.303
 157   26     -9.875     -4.102     -8.037
  -1   50      6.180     -1.772     10.286
 143  132      8.834     -1.431    -11.237
 113   90     -6.841     -4.128     -7.134
  91   93     -2.378     -5.056     -4.434
 152   -2     12.778     -2.650      0.481
 159  122     -7.775      4.430    -10.067
  67   -2     15.858     -0.276      0.074
  -1   -2      9.668      4.494      2.992
  -1   10     15.572     -3.930      1.987
  -1   20     15.092    -10.271      6.344
  -1   97      2.072    -10.646     -3.458
  -1   45     -6.310     -5.036    -10.331
 142   -2    -11.537     -2.942     -4.673
 164  150    -10.617     -8.486     -9.810
 165  156     -3.502     -6.536     -8.365
  -1   -2     -5.958     -8.689      0.957
 178  166      9.664     -3.469     -1.232
  -1   -2      2.460     -3.241      8.316
  -1   -2     18.004      4.075      1.091
 171   -2    -12.977     -4.437      8.914
  -1   -2     15.434      4.372      2.076
  -1   -2     -8.170     -4.246      4.350
  -1   -2     -5.958     -8.689      0.957
  49  157      2.537     -2.418      3.743
  68  159      2.460     -3.241      8.316
  -1   -2     15.434      4.372      2.076
 168   -2     -5.958     -8.689      0.957
  -1   -2     15.434      4.372      2.076
  -1   -2     15.434      4.372      2.076
 167   -2      9.664     -3.469     -1.232
 177   -2     15.434      4.372      2.076
 185  173     -3.712     -7.438      5.152
  -1   -2    -11.176     -2.314     -1.990
 186  174    -11.176     -2.314     -1.990
