207
   1    0     -0.640     -4.082      5.802
  60  132      6.513     -8.922      7.752
 146   75     15.935      3.257     -4.251
   9   -2     15.296     -6.487     -1.257
  -1   -2      9.790     -8.599     -6.142
  48   96      3.196     -8.471      5.617
 151   52     12.906     -1.807     -0.682
  -1  125     11.247     -5.457      3.859
  -1   -2     -9.765      0.375     -3.725
  43   38     14.510     -2.029      4.518
   7   13     -3.816     -3.600     -5.427
  11   14     -1.218     -4.266      4.991
  34  101      4.759     -8.442      2.008
  62   -2      4.809     -3.012      1.240
 176   88      9.772     -6.512      7.412
  99  119     10.261     -7.707      0.433
 112   19     -3.141     -7.076      4.377
 122   -2     16.496     -4.638     -2.307
  15   27     13.310     -4.307      7.698
  66   35     14.296     -6.996      1.240
  84   77      9.466     -4.203      5.010
  -1   85      6.309     -8.494     -3.342
  -1   31      7.484     -9.257     -2.969
  -1   62     15.943     -7.508      5.686
  41  107     13.439     -9.114     -4.399
  77   34     11.329      2.675     -2.236
  61   26     -4.181     -9.200      0.387
  30   36      4.829     -5.806      8.108
 125   78      5.363      3.739      2.029
  -1    6      9.423     -8.880     -1.737
 113   -2      9.862     -8.248     -7.202
  -1   37     -3.650     -6.562     -8.766
  -1   -2     -8.812    -10.351     -8.049
 143   54      8.079    -10.634      0.242
  -1   -2     13.169     -3.911      4.882
  38   50     16.083     -2.973     -7.972
  85  167     -4.750     -1.341      7.585
  -1   -2      2.403     -8.641     -4.006
 159   -2     14.937    -10.231     -7.386
  24   71     11.346     -9.380      8.528
 173  113     -4.433     -9.140     -8.995
 102   -2     -8.207     -6.409     -4.860
 108   92      7.905     -5.147      6.474
   8  161     -4.293     -5.990      2.734
  50   45     10.863     -3.158     10.190
  94   -2     17.647    -10.486     -2.779
 121    9     10.111     -7.211      6.923
  -1   11     14.578     -8.307     -7.135
 107   -2     17.849     -9.490     -4.255
 120   -2      5.460     -7.483     -2.884
 153   30     15.553     -5.544     -2.591
  51  104      9.637     -0.429      7.342
  -1   -2      9.289     -9.776     -3.721
  54   -2     15.301     -2.659     -7.085
  -1   -2     -6.012     -8.666      1.142
  63   49     -2.404      0.268      4.641
  18   99     15.547     -3.823     -2.926
  -1   24     -1.055     -8.435     -3.934
  73   64     20.796    -10.141     -3.715
  36   98     -8.620     -7.320     -3.975
  47   16      7.576     -9.647      2.644
  -1   56     20.261     -6.022     -9.265
 114   -2     19.444     -0.480     -5.621
  91   -2     -3.933     -8.070     -3.141
  82   -2      9.109      0.932      5.131
  59   70      0.431     -2.440      2.264
 123  116     19.224     -8.485     -0.628
  69  127     16.863     -1.762      2.039
  78   22      9.829     -8.161      9.976
  27   -2     12.943     -6.516     -5.717
  76   -2     16.404      2.675     -9.731
  -1   12     -4.923     -8.933     -2.298
  -1   -2     10.876     -7.974     10.127
  -1   -2    -12.625    -10.447     -9.176
  -1   76     13.401     -4.127     -6.936
  80   40     -4.251     -9.427     -1.742
  56   86      2.472     -3.222      8.280
  97   -2     14.030     -8.293      0.244
 137    2     15.938     -8.274      1.905
  96   -2     -5.167     -1.870      5.610
 188   81      8.743     -7.863      9.573
  12   -2     14.322      0.222      7.208
  29   -2      6.898     -6.362      5.995
  -1   -2     11.229     -7.460      8.982
  -1   41     16.177     -4.412     -9.116
  -1   -2     17.321     -6.255      4.178
  49  102     -5.079     -7.347      0.618
  58   83      8.963     -7.487     -9.637
  -1  160      7.458     -1.776      0.449
  -1    8     15.746    -11.194     -8.116
 106   -2     11.765      1.035      2.080
  -1   -2     -0.162     -7.524     10.745
  17  106     14.099     -3.532     -2.125
  90   65     11.578     -7.771      9.612
  71   90     20.212     -8.334     -1.773
  83  110     -4.754     -8.405     -7.126
  -1   89     13.334     -0.594     10.667
 110  165     10.303     -7.103     10.176
  -1   -2      0.322     -5.502      6.479
  -1  131     17.193      2.171     -6.228
 127   -2     -0.907     -7.183     -0.369
 179   -2     -6.602     -4.422      7.846
 116   -2      2.201    -10.660     -3.828
  -1   67      9.262     -3.237    -10.466
  -1   -2     18.590    -10.832    -10.166
 119  103     17.186     -3.853      3.564
  -1   -2     18.294     -8.357     -9.454
  95   -2     18.788      0.165     -0.943
  -1  170    -11.684     -8.894      0.551
  -1   33      2.340     -8.909      2.141
  93   -2     13.727     -3.303     -2.938
  -1  118     18.290     -2.579     -6.367
 148   -2     -5.519     -2.866      4.182
   3   51     16.712     -5.718      2.674
  -1   21     16.530     -5.069      5.834
  52   53     16.786     -7.129      2.535
  -1   82     -2.672     -8.414      5.511
 171   -2     -4.895      0.694     -2.346
  72   -2      0.994     -7.372     -0.581
  68   -2      8.868     -9.744     -3.869
 104   -2     15.211     -8.191      8.581
  -1   10     11.197     -8.424      9.633
 161   -2     17.487     -7.364     -4.139
  -1   46     17.623    -10.318     -6.578
 169   -2     -3.076     -9.948     -0.071
  -1   -2     -3.947     -5.469      1.040
 117   23     20.549     -8.763     -4.477
  -1   58    -12.704     -8.929     -9.203
  -1   -2     11.787     -6.373      2.090
  79   48     -0.437     -6.432      3.866
 145   -2     -6.988     -8.992     -3.422
  35   -2     -3.719     -4.519     -7.065
  -1   61     -7.607     -8.963      1.316
 128  169      4.129      0.306      3.215
  33   44     -7.838     -9.643     -5.107
  -1   -2     -4.397      1.125     -8.428
  -1   95    -11.583      2.057      6.733
  -1   -2    -15.750      0.825      2.845
  -1   91     14.793      0.904     -3.947
 165   -2     17.995      4.075      1.111
  -1   -2     -4.029     -4.338    -11.563
  14   69      8.165     -1.310      5.227
 109    3     17.088     -1.064     -9.282
  -1   -2     10.687      3.244     -7.538
  65   -2      4.137     -3.698      8.267
 124   -2     -6.948     -5.418     -8.401
 135  176     15.443      4.372      2.055
  -1   15      7.970     -5.763      1.653
 138  144     20.455      1.022      2.272
  -1   80     14.563     -3.307    -10.016
 134   20     18.902     -0.962      6.853
  -1  146      9.125      3.610     -2.456
  -1  150     -5.404     -1.995      0.352
 141   68     17.498      3.816    -12.142
  -1  177      9.758    -10.959     -4.442
 144  152    -12.222     -7.363     -8.160
 101   -2     -8.214     -3.805    -10.676
  -1   -2     20.641     -3.925     -0.995
  -1   -2     16.462    -10.271      5.510
  -1   29      1.294     -4.897     10.683
 147   79      3.739     -3.147     -1.101
  -1  153     18.168    -11.180     -1.416
  -1  121     -6.840     -1.398      2.057
  -1   -2     -8.922     -8.458     -3.392
  20   -2     16.843     -4.482      1.994
  -1   -2      8.409      0.596     -2.360
 157  163      8.845      6.072      9.498
  -1  111     12.606      1.457     -0.042
 158  157      8.840     -1.433    -11.215
 166   -2     -4.898     -0.170     -3.268
 149  178    -12.122     -4.486     -7.011
  -1    1     15.412      5.366     -0.485
  -1    4     -7.699     -3.760     -2.485
 167   -2      0.627     -3.529     -7.615
 152   93    -10.227     -1.536     -7.344
  -1   -2     -0.149      1.891     -6.292
 156  175    -11.537     -2.947     -4.669
  74   -2     17.086     -2.187     -4.296
  -1   -2     -1.676     -1.421     -4.530
  -1  138     -5.579      4.391     -4.333
  -1  105     17.083    -10.595     -7.112
  -1  168     -9.123      3.276     -8.953
  -1   -2      3.628     -2.040     -3.215
  -1   -2     20.943      1.928     -3.455
 140   73     16.871     -5.441      4.638
  -1  171      9.900      3.836     11.437
  -1   -2     -6.313     -5.035    -10.319
  -1   -2    -10.272     -5.334     -9.968
  -1   32     -4.562     -9.821     -7.698
 178   -2     18.233     -2.561     -6.235
 133   -2    -15.750      0.825      2.845
 130   -2    -11.583      2.057      6.733
 163   -2      9.125      3.610     -2.456
 189  186     -3.799     -3.545     -4.805
  -1   -2     -9.698      0.398     -3.668
  -1   -2     -0.666     -4.046      6.167
  -1   -2     -0.666     -4.046      6.167
 183  182     -1.245     -4.228      5.418
  -1   -2     -9.698      0.398     -3.668
  -1   -2     -9.698      0.398     -3.668
  -1   -2     -0.666     -4.046      6.167
 180  179     -0.666     -4.046      6.167
  -1   -2     -3.799     -3.545     -4.805
 182  181     -9.698      0.398     -3.668
  -1   -2     -3.799     -3.545     -4.805
  -1   -2     -3.799     -3.545     -4.805
 184   -2     -3.799     -3.545     -4.805
