241
 107    1     15.295     -6.488     -1.261
  96    0     13.926     -6.127     -3.899
   1   -2     14.134     -3.465     -1.520
  -1    4     -1.571     -7.154      3.334
  54    8     15.042    -10.302     -6.459
  -1   -2     16.206     -3.020     -8.403
  -1  244     -3.646     -6.563     -8.766
  53   10     10.327     -7.606      1.082
   6    9      6.844     -9.576      4.561
  13   12     -1.486     -9.021      9.591
 224   67      9.636     -0.432      7.347
  10   11     10.864     -3.159     10.181
  11   13     -4.285     -5.994      2.748
 116   39     15.377     -1.827     -6.819
  15   -2     15.299     -2.659     -7.082
  92   91     12.600     -1.703     -0.052
  48   16      3.311     -7.680      5.083
  -1   -2     -9.979     -9.589     -9.500
  24   18      9.290     -9.777     -3.721
  -1   25      5.711     -7.014     -6.000
  20  105     15.728    -10.196      1.314
  19   20     12.898     -9.945      4.645
  26   21      9.596     -8.253      9.584
  -1   26      3.511     -8.764      4.964
  -1   -2     20.267     -6.024     -9.278
  23   -2     -0.712     -9.449     -0.062
  -1   19     11.910     -9.072      8.354
  -1  109     13.271     -1.801     -1.339
  38   33     -1.264     -9.417      6.836
  51   -2     13.407     -4.124     -6.912
 111   -2     -6.129     -9.421      6.208
  -1   43      6.888     -6.359      5.966
 105   27     16.172     -4.420     -9.100
  35   -2     19.221     -8.481     -0.622
  65   34     -5.166     -1.871      5.609
  -1   28     20.748    -10.088     -3.620
  -1   37     11.777     -7.816     10.386
  -1    5     13.547     -6.888      8.560
  33   32      2.236     -3.237      8.931
  39   35      8.964     -7.487     -9.644
  78   -2      9.435     -4.130      4.308
  99   -2     17.208     -3.845      3.522
  82   -2     18.019    -10.681     -2.027
  -1   -2     -6.557     -7.822     -1.365
  94  111     -1.864     -6.316     -9.550
  47   -2      9.446     -5.577      8.497
  -1   -2     11.816    -10.104     10.259
  60   -2     12.983      1.372     -0.916
  49   42     17.030    -10.626      0.307
  34    2     13.725     -3.302     -2.930
  28   -2     -3.245     -8.644      2.073
  55   -2     14.151     -7.115      2.965
  -1  195     16.769      0.216    -10.441
  -1   47     10.331     -5.004     -0.213
  30   -2      0.990     -7.374     -0.590
  44   -2     -3.769     -7.850     -3.605
  29   48      4.638     -6.778     -8.420
 113   -2     -2.906     -6.092     -2.462
  -1   66     10.689      3.244     -7.533
  -1   49     16.000      2.490     -8.905
  -1    3     -8.736    -10.362      6.251
 114   78     17.090     -1.064     -9.278
  42   15     14.605     -0.601     -4.519
  -1   -2      4.136     -3.700      8.258
  -1   68      1.061     -0.045     -0.285
 117   -2     15.795     -1.260      1.888
  -1   82     11.510    -10.644     -7.261
  -1   57     -6.945     -5.420     -8.403
  64   -2      6.957      1.795     -3.493
  -1  247     15.445      4.372      2.051
  -1   98     -4.862     -1.355      7.303
  -1   -2     -5.866      0.911      3.038
  70  144     11.808     -8.615      8.383
  -1  106    -12.978     -2.520     -8.269
  50   41     14.975      2.937     -5.925
  71   65    -11.650     -8.090      4.898
  -1   -2     -5.871     -3.108     -6.356
 137   -2    -10.807     -5.544     -7.838
 123   -2     -5.405     -1.996      0.346
 248   38     11.829      0.389      3.313
  75   -2      5.564      0.776      4.598
  -1   -2     20.636     -3.927     -0.985
  52   69    -10.232    -10.832      2.690
  -1   -2    -10.479     -7.040     -8.105
  -1   -2     -8.185     -4.247      4.311
  -1   -2     14.304     -2.482      5.671
  -1   75      7.565     -1.750      0.787
  84   83    -12.681     -7.606     -9.212
  85  192     -7.952      0.445    -10.914
  -1   -2    -11.313    -10.613     -9.631
  79   77     19.974      1.584     -7.508
  -1  166    -11.708     -9.622     -7.475
 109   79     18.500     -7.531     11.300
  83   -2     10.689     -9.742     -8.716
  87   84      8.846      6.073      9.494
  -1   -2     11.551     -5.026     -9.305
 100   36     17.200     -5.354      5.836
  -1   17     11.331     -0.864     -2.827
  -1  178    -10.181     -5.605      3.186
  97  123     15.437     -8.516      8.902
  32   -2     17.012      0.700     -8.502
  -1   -2     -6.843     -4.126     -7.144
  93   -2     -7.698     -3.762     -2.486
  73   -2     -6.292     -2.870      2.248
 104   24     -1.231    -10.273     -1.959
  -1   44     -1.040     -6.227     -8.605
  63   -2     -2.379     -5.059     -4.437
  -1   29      1.268     -9.866      7.205
  -1  101     -5.578      4.395     -4.333
  25   -2     16.723     -7.415      2.319
 163   -2    -10.133     -8.106     -6.304
  -1   -2     -3.507     -6.538     -8.383
   4    7     16.151     -2.991     -8.275
  -1   -2     11.889     -9.091      8.283
  -1   -2      2.461     -3.243      8.314
  -1   46      4.136     -3.700      8.258
  -1   -2     17.090     -1.064     -9.278
  -1   -2     15.445      4.372      2.051
  -1   -2      1.061     -0.045     -0.285
  -1   -2     14.975      2.937     -5.925
  -1  120     -5.871     -3.108     -6.356
  -1   -2     -5.866      0.911      3.038
  -1   -2     20.636     -3.927     -0.985
  -1   -2     -8.185     -4.247      4.311
 112   -2     14.304     -2.482      5.671
  -1   -2     11.889     -9.091      8.283
  -1   -2     17.090     -1.064     -9.278
  -1   -2      4.136     -3.700      8.258
  -1   -2      1.061     -0.045     -0.285
  -1   -2     15.445      4.372      2.051
  -1   -2     -5.866      0.911      3.038
  72   63     14.975      2.937     -5.925
  -1   -2     -5.871     -3.108     -6.356
  -1   -2     20.636     -3.927     -0.985
  -1   -2     -8.185     -4.247      4.311
 138   -2     -9.946     -9.584     -9.629
  -1   -2     -3.507     -6.538     -8.383
  -1   -2     11.889     -9.091      8.283
  -1   -2     17.090     -1.064     -9.278
  -1   -2      4.136     -3.700      8.258
  -1   -2      1.061     -0.045     -0.285
  -1   -2     15.445      4.372      2.051
  -1   -2     -5.866      0.911      3.038
  -1   -2     -5.871     -3.108     -6.356
  -1   -2     -8.185     -4.247      4.311
  -1   -2     20.636     -3.927     -0.985
  -1   -2     -3.507     -6.538     -8.383
  -1   -2     11.889     -9.091      8.283
  -1   -2      4.136     -3.700      8.258
  -1   -2     17.090     -1.064     -9.278
  -1   -2      1.061     -0.045     -0.285
  -1   -2     15.445      4.372      2.051
  -1   -2     -5.866      0.911      3.038
  -1   86    -12.841     -9.965     -3.522
  -1   -2     -8.185     -4.247      4.311
  -1   -2     -5.871     -3.108     -6.356
  -1   -2     20.636     -3.927     -0.985
  -1   97     -3.507     -6.538     -8.383
  18   -2     11.889     -9.091      8.283
  -1   -2      4.136     -3.700      8.258
  -1   -2     17.090     -1.064     -9.278
  -1   -2      1.061     -0.045     -0.285
  -1   -2     15.445      4.372      2.051
  -1   -2     -5.866      0.911      3.038
  -1   -2     -5.871     -3.108     -6.356
  -1   -2     -8.185     -4.247      4.311
  -1   -2     20.636     -3.927     -0.985
  -1   -2     -3.507     -6.538     -8.383
  -1   -2     17.090     -1.064     -9.278
  -1   -2      4.136     -3.700      8.258
  -1   -2      1.061     -0.045     -0.285
  -1   -2     15.445      4.372      2.051
  -1   -2     -5.866      0.911      3.038
  -1   -2     -8.185     -4.247      4.311
  -1   -2     20.636     -3.927     -0.985
  -1   -2     -5.871     -3.108     -6.356
  -1   -2     -3.507     -6.538     -8.383
  -1   -2     17.090     -1.064     -9.278
  -1   -2      4.136     -3.700      8.258
 108   -2     -5.866      0.911      3.038
  -1   -2      1.061     -0.045     -0.285
  -1   -2     15.445      4.372      2.051
  -1   -2     -8.185     -4.247      4.311
 191   -2     -5.871     -3.108     -6.356
  -1   -2     20.636     -3.927     -0.985
  -1   -2     -3.507     -6.538     -8.383
  -1   -2      4.136     -3.700      8.258
  -1   -2      1.061     -0.045     -0.285
  -1   -2     15.445      4.372      2.051
  91   -2     -8.185     -4.247      4.311
  -1   -2     20.636     -3.927     -0.985
  -1   -2      4.136     -3.700      8.258
  -1   -2      1.061     -0.045     -0.285
  -1   -2     15.445      4.372      2.051
  -1   -2     20.636     -3.927     -0.985
  -1   -2     -3.507     -6.538     -8.383
  -1   -2      4.136     -3.700      8.258
  -1   -2      1.061     -0.045     -0.285
  -1   -2     15.445      4.372      2.051
  -1   -2     20.636     -3.927     -0.985
  -1   -2     -3.507     -6.538     -8.383
  -1   -2      4.136     -3.700      8.258
  -1   -2      1.061     -0.045     -0.285
  -1   -2     15.445      4.372      2.051
  -1   -2     20.636     -3.927     -0.985
  -1   -2     -3.507     -6.538     -8.383
  -1   -2      4.136     -3.700      8.258
  -1   -2      1.061     -0.045     -0.285
  -1   -2     15.445      4.372      2.051
  -1   -2     20.636     -3.927     -0.985
  -1   -2     -3.507     -6.538     -8.383
  -1   -2      4.136     -3.700      8.258
  -1   -2      1.061     -0.045     -0.285
  -1   -2     15.445      4.372      2.051
  -1   -2     20.636     -3.927     -0.985
  -1   -2     -3.507     -6.538     -8.383
  59  221      4.136     -3.700      8.258
  -1   -2      1.061     -0.045     -0.285
  -1   -2     15.445      4.372      2.051
 124   87     20.636     -3.927     -0.985
  -1   -2     -3.507     -6.538     -8.383
  -1   -2     15.445      4.372      2.051
  -1   -2      1.061     -0.045     -0.285
  -1   -2     -3.507     -6.538     -8.383
 231  231      1.061     -0.045     -0.285
  -1   -2     15.445      4.372      2.051
  -1   -2     -3.507     -6.538     -8.383
  -1   -2     15.445      4.372      2.051
  -1   -2     -3.507     -6.538     -8.383
  -1   -2     15.445      4.372      2.051
  -1   -2     -3.507     -6.538     -8.383
  -1   -2     15.445      4.372      2.051
  -1   -2     -3.507     -6.538     -8.383
  -1   -2     15.445      4.372      2.051
  -1   -2     -3.507     -6.538     -8.383
  -1   -2     15.445      4.372      2.051
  -1   -2     -3.507     -6.538     -8.383
  -1   -2     15.445      4.372      2.051
  -1   -2     -3.507     -6.538     -8.383
 122   59     15.445      4.372      2.051
 244   45     -3.507     -6.538     -8.383
