470
 282   -2      4.579     -8.417      9.238
  77    0     -1.191     -8.928     -0.513
   0  215     -8.604     -4.606     -3.981
  -1   -2     -0.170     -8.994      1.163
 285   73      3.907     -8.018      3.333
 286   -2      9.121     -5.050      9.371
  21    5      2.323     -9.036     -3.024
 116  231      3.695     -7.484     -9.049
   9    3     -1.752     -6.961      2.843
  11  459      5.622     -5.269      3.392
  -1   11      7.730     -7.114     -5.087
  17   14     11.285     -7.547     -3.605
 453    6      6.469     -7.241      3.988
  22   -2      2.715     -9.711     -2.779
   2   -2      4.199     -7.569      2.609
 146   43     -1.910    -10.218     -5.473
  -1   -2     -0.790     -9.297     -6.616
  70   24      2.438     -9.151      2.089
 322   19      6.725     -7.133     -7.380
  35   18     10.154     -5.051     -4.531
  26   23     -1.795     -6.286      0.101
  -1  206     -7.212     -7.171     -9.882
  38  220     -6.901    -10.375     -4.739
  -1   55     -4.133     -6.714     -9.861
  20   -2      2.778     -9.618      0.372
  32   -2      8.568     -5.495      1.872
 210    4     -1.507     -9.473      1.944
  -1  106      2.465    -10.006    -10.614
 377   30     -0.423     -8.521     -5.565
  93  355      7.304     -9.479     -8.962
 345  316      1.350     -7.232      0.735
  -1   -2     -2.589     -6.829      3.345
  -1   -2      6.385     -9.054     -5.826
  50   25     -4.768     -5.274      3.972
  -1  125      8.009     -8.408      9.718
  37   -2      1.208     -7.306     -1.436
  39   28      5.020     -6.360     -1.073
 125   27      9.310     -9.093     -5.689
  95   68     -0.516     -8.445     -9.846
 184   -2      5.557     -5.792     -7.688
 112   -2     -3.896     -9.376      2.768
  -1  198      0.833     -8.488     -5.972
  -1  103      8.182     -7.405     -9.517
 455   34      3.902     -8.209     -1.956
  -1   -2      0.750     -9.086     -9.917
  48   58     -4.975    -10.559     -3.362
 199  138     10.950     -9.458     -6.152
  30   46     -1.035     -3.759      2.439
  -1   -2     -2.655     -8.366      7.592
 239  310     -5.323     -8.505     -0.514
 354   29      7.857     -9.122     -5.511
  -1   52      5.829     -6.830     -1.118
  52   54      3.990     -4.931      2.879
  -1   -2      4.614     -7.537     -0.469
 200   92     -3.068     -7.610     -5.543
  -1   -2     -6.978     -9.761      4.659
  -1   -2      4.359     -5.517     -0.916
  -1   -2     -5.990     -6.559     -9.468
  55   59      2.690     -1.054     -4.055
  67   61      7.663     -6.632     -0.866
  -1   36     -2.452     -9.119     -4.579
  -1  266     -5.340     -7.482      6.097
  -1   39     -4.196     -8.989     -9.916
 172   -2     -6.708     -5.047      4.281
  -1   69     -0.981     -8.894     -3.608
  65  279      1.130     -9.881     -3.222
 159  140      8.621     -6.702      1.677
 186   99      2.449     -8.545     -6.357
 300  159     -4.207     -3.101     -4.287
  -1   78     10.287     -7.080     -3.978
  -1   -2      7.297     -5.941      1.878
 408   91     -6.116    -10.230     -3.462
  -1   50     13.098     -4.707     -1.360
  75   -2      8.783     -8.350     -1.687
  54   -2      2.222    -10.491     -9.450
  72   53     11.617     -6.946     -5.716
 406   -2     -2.086     -0.275     -6.429
 461  354      3.768     -7.802     -2.099
  -1  333     -1.065     -7.653     -0.586
  -1   -2      2.191     -8.685     -3.556
  36   -2      5.378    -10.141     -4.679
  62   67      6.158     -2.537     -2.160
  -1   -2     -0.291     -9.566     -4.939
 127   71     11.343     -9.482     -3.342
 139   86      5.303     -9.290     -6.625
 246   -2     -5.961     -2.154     -6.017
 311  126      6.823     -9.524      8.147
  46   -2     -1.572     -9.791      1.924
 110   -2     -5.020     -5.221      6.555
 105  391     -5.232     -6.194     -9.927
 306  199     10.165     -2.681      5.750
 272   40     -2.549     -6.822      9.299
 117   -2      3.800     -6.500     -2.253
  -1   96      9.643     -4.212     -9.161
 150   22     -4.691     -7.317      0.289
 157  143     -5.336    -10.757     -3.246
 309  175      6.110     -8.737     -5.170
 195   -2     -4.628     -8.067      1.442
 264   -2     -1.144     -7.812     -4.154
  -1   -2     -5.005     -6.621     -3.766
   6  131      4.023     -7.389     -7.036
 100  117     -8.835     -3.414     -8.561
 185   -2     -4.627     -4.945     -3.160
 259   35      2.040    -10.757     -9.426
 320   -2     12.569     -9.226     -0.150
 452   -2      2.341     -8.615      5.794
 426  153     -5.124     -0.813     -6.171
  -1   93      2.547     -6.984      3.638
 420  399     -8.264     -3.628     -0.901
 349   -2     15.412     -2.673     -7.451
  -1   37      1.117    -10.229     -8.600
 192  193     -4.022     -3.974     -2.870
 362   -2      1.639     -9.268     -2.728
 292  416      2.518     -5.347     -3.730
  -1  118     -5.755     -3.800     10.050
  -1   -2      6.669    -10.472     -9.803
 454   -2      6.653     -5.449     -2.436
  -1   -2      6.599     -7.084     -9.095
  -1  296     10.990     -4.591     -8.846
  25   80      3.661     -8.262     -4.772
 168   -2      1.803     -9.039     -3.392
  -1  179     12.767     -2.487     -4.649
 101   -2      3.566     -7.856     -3.591
 336  114      1.719     -8.792     -2.191
  -1   -2     -4.189     -6.064      3.221
  -1  352     10.976    -10.536     -3.976
 375   76     -5.315     -9.991      0.868
 388  163    -11.522     -7.091     -8.002
  -1   -2      9.189     -8.729     -8.853
 298  110     -4.294     -2.633      8.848
  -1  379     -4.733     -8.936    -10.064
 103   -2     -1.018     -5.611     -5.365
 361   83      2.743    -10.190     -7.217
 145  107     -4.294     -8.256      2.812
 447  129     10.652     -0.534     -7.231
  -1  413      0.312     -8.598     -0.247
  79  144      8.792     -5.406     -4.287
  -1  345      6.981     -7.568     -4.063
  49   -2      2.295     -8.285     -8.704
  -1  122      2.276     -2.806     -6.383
 343  187      9.644     -8.642     -5.649
  -1  165      3.532     -7.019      2.677
 422   -2      4.793     -4.747      9.858
 268  104     -6.119     -7.135     -6.074
 144  331      1.750     -2.101      0.734
 136   47      5.639     -7.497     -3.663
 219   -2      4.195     -9.370     -1.039
 434   -2      3.681     -1.047     -0.697
  -1  158     -4.550     -4.501    -10.112
 253   -2      4.365     -6.931      8.634
 141   -2     -0.427     -6.378      9.000
 328  120      2.754     -3.728      7.347
  -1   -2      7.040     -7.074      8.522
 443   -2     18.274     -7.807      0.544
 124   -2      0.954     -6.822      2.350
 174  224     -2.370     -7.060     -6.828
  -1  164      3.157     -2.924     -1.041
 140  276     -4.513     -3.700      2.128
 331   90     11.555     -8.727     -6.573
  33  166      0.723     -9.027     -2.657
  -1  267      4.980     -9.789     -2.865
 180   -2      3.733     -6.339     -5.785
 113   -2      6.944     -7.487      9.929
 154  341      0.372      2.780      7.059
 158   -2     12.614     -4.566     -1.832
  -1  182     -6.206     -9.139      0.957
 248   -2     10.928     -6.569      0.788
 294  195      1.804     -5.890     -2.453
  -1   -2     -2.480     -9.643     -8.342
 179   -2     12.643     -1.155      9.754
 120   -2     14.873     -4.724     -3.469
 372  147     13.180     -1.462      2.962
 177   -2      3.734     -1.941     -4.651
   1   -2     -2.980     -8.792     -3.568
 166  441      8.674     -6.358      6.752
 163   -2      6.827     -5.474     -3.946
 403   -2      4.516    -10.195     -5.695
 142  169      0.269     -4.539      6.723
 348   70      0.359     -5.628      5.906
 121  203     -7.086     -9.022      2.038
 341  184      6.319     -3.747     -2.233
 206   -2      7.392     -7.468      7.779
  76  385     -4.721     -2.822     -5.609
 412   12      6.595     -8.217     -7.121
  -1   82      2.775     -7.756     -7.761
 208  207     10.585     -7.914     -1.236
 313   -2     12.895     -3.336     -3.089
 266  451     15.999     -4.796      8.082
 215   -2      7.274     -8.123      1.735
 319  168     17.904     -6.585     -0.964
 123   -2     10.659     -2.941      7.968
 104   13     -1.324     -8.238     -6.770
 181  127      4.599     -6.852     -9.803
 399   -2     -1.387     -4.720      1.851
 213  384      7.967     -3.645     -3.236
  -1  348     11.551     -2.903      9.081
  81   -2     -8.102     -6.181     -7.597
 131  185      8.945     -5.428      5.468
  -1  381      8.658     -9.176     -5.860
  -1  137     -1.827     -8.200      3.405
 413   -2     18.277     -5.957      1.993
 212   -2      2.735     -1.065     -2.110
 201  366      9.490     -4.701     -4.535
 409  172      4.451     -1.745     -8.583
 119   -2     -7.382     -9.107     -3.969
  -1   65      3.354     -7.360      3.164
 428  192     14.196     -7.537      9.651
  -1  210      1.289     -3.631      8.982
  -1   66      0.028     -7.890     -7.973
  -1   -2     -2.817     -4.645     -2.713
  87   -2      6.992     -7.085      6.511
 287   -2      2.918     -2.673      8.108
  -1   -2      6.999     -9.766     -6.908
 115  376      5.617     -5.588      9.777
  -1  361     -0.588     -5.812      4.481
 390  190      9.774     -2.956      2.918
 263   -2     -3.685     -6.451     -4.290
  -1  123      4.638     -7.770      3.249
  -1  334     -3.571     -5.751     -6.197
 276    8      1.347    -10.068     -1.495
 216   -2     -3.433    -10.609     -0.492
  -1   -2      3.302     -9.670      3.582
  -1   21      5.149     -5.352     -9.243
 288   -2      4.547    -10.471     -1.425
 247   -2      2.247    -10.547     -0.911
 231  256      5.362    -10.677     -2.375
 386   42     -0.608     -4.295     -2.097
  10  232      0.862     -9.696      3.386
 122   -2     -7.444     -6.219      1.674
  -1   -2      9.066     -8.071      9.911
 143   -2     -1.962     -9.958     -0.629
  -1   -2      9.797     -9.100      9.810
  -1  233      7.393     -8.877      9.444
 225   87     -5.478    -10.487      3.077
  -1   -2     12.895    -10.748     -8.435
 299   -2     -2.718      2.025      4.965
  -1   -2     10.978     -8.487      7.039
 189  171     15.775     -6.595      1.049
  -1   64     -4.987     -7.564      3.836
  -1   -2      0.121     -7.217      6.730
  -1  128     -7.400    -10.201      2.572
 211  313      6.692     -4.922      7.733
  -1  116     -0.968     -1.164    -10.766
  -1  272     -0.710    -10.088      9.641
  -1   -2      1.785    -10.113      9.066
 207  133      9.414     -6.546     -3.376
 138  372      8.112     -5.257     10.105
 243  119     -6.607     -6.515     -8.157
 368   -2    -13.337     -4.802     -3.446
  -1  202     -1.131     -7.498     -8.729
  -1  247     -4.893      1.600     -0.763
  -1  109      7.338     -9.491      6.054
 114  141      4.782     -4.627    -10.485
 254  218      3.506    -10.396     -2.814
  -1   -2     -8.957     -5.856      3.375
  -1   79      0.994    -10.495     -8.583
 217   -2     -6.883     -9.375      5.020
 301  196     -8.156     -6.407     -6.134
  -1   -2     -1.786     -9.617     10.344
  -1   75     -8.260     -1.546     -8.247
  -1   -2     17.194     -9.163    -10.245
 391  304     14.014     -9.957      2.419
  -1  380     -2.161    -10.898      3.375
 161   94      2.268    -10.411     -1.884
  -1   -2     12.033     -7.004      7.937
  -1  396     -2.468     -6.313      4.074
  -1  351      1.447     -9.899     10.286
 245  300      2.417    -11.040     -6.165
 380   -2    -11.910     -9.989     -8.204
 367  292     -8.042     -8.019      3.336
  -1  228      4.323    -10.173      1.722
 383  409      2.352     -9.645      1.986
  -1   -2      1.996     -2.291      8.757
  42  322      4.024     -8.627      5.311
  -1   33     -6.359     -7.123      4.245
  -1   -2     -8.438     -3.380      1.469
  88  402     10.058    -10.029     -8.155
 190   -2     11.094     -8.645     10.671
  -1  336      2.665     -5.456     -7.183
 438   -2     19.363     -4.299     -6.501
  -1  239     -1.061     -3.871      6.555
  -1   -2     -3.626     -9.710      3.781
 170   -2     10.577     -5.428     -1.749
 302   31     -8.477    -10.774     -3.733
  56   -2     12.880     -8.418      6.481
 236  155    -12.153     -7.746     -7.155
  -1  176     -3.741     -6.875     -0.061
  -1  238     17.799     -9.624     -9.603
 257  209     -0.439     -5.453     -1.470
 269  289    -11.533     -9.495    -10.092
  -1  329     16.400      2.683     -9.718
 427   -2    -10.208     -4.273     -3.846
 183   -2      7.579     -7.434      0.943
  44  303     -4.431    -10.384     -8.847
  -1  134     -5.263     -3.387     -8.085
 240   -2     17.490     -8.438     -5.368
  -1   -2     -4.875     -8.248     -9.636
  -1   97      6.969     -2.347     10.642
  -1  142     -0.458     -2.807     -5.695
 435  186     16.133     -8.678      6.737
 242   -2     11.147     -8.967      8.829
  -1   -2     -5.208    -10.517      1.349
 365  255      1.002     -2.419     -0.055
  -1   -2      5.502     -7.146     -0.896
 424   -2    -11.780     -0.822     -1.770
 155   -2     -6.087     -7.954      1.663
 149   -2      4.989     -7.323     -1.956
 291   -2     11.635      0.943      2.421
  -1   85      9.853     -9.522     -5.414
 421  325    -10.212     -3.253     -5.890
  -1  162     13.271     -5.228      1.737
  60  309     -2.585     -6.352     -9.202
  -1   -2      8.811     -2.888      8.935
  -1   95     10.007     -9.038     -9.928
 194   -2      7.412     -7.656      6.960
  -1   -2      5.050     -6.417     -3.265
 160   -2      6.737     -4.070     -1.743
 106  229     -4.973    -10.725     -1.781
 258  214     -9.015     -6.131      2.213
  78   84     -1.586     -7.422     -3.011
  -1  293     -2.222     -3.313      8.885
  -1   -2      3.743     -9.687      8.761
 378    7      2.453     -7.964     -4.303
 275  378      7.133    -10.012      2.410
 395  161      1.375     -4.785     -7.838
  -1  273     11.616     -3.564      2.311
 312   49      3.955     -8.380     -6.421
 360   -2      3.935     -8.422      2.030
  90  105      2.089     -3.675      2.050
 318  299     20.201     -8.336     -1.740
 135   -2    -10.489     -8.690     -8.107
  86  287     -2.081     -3.615      1.437
  -1  100     -0.696     -7.894      4.169
 416  363      9.445     -4.155      0.943
 196   -2      4.272     -5.953    -10.015
  -1   -2     -4.526     -2.583      0.214
 350   15     -4.804     -7.468     -2.997
  -1  321     15.077     -4.390      0.784
 418  200     -8.566     -2.382     -7.952
 305   -2     -0.821     -2.639    -10.220
  -1   48      0.840     -9.650     -3.139
 250   -2     10.422     -2.660     -5.935
  -1  360     13.560     -0.249     -4.619
  14   -2      9.203     -4.922     10.149
 414   -2      2.781     -5.663     -1.972
  -1  254      7.058     -6.427      7.470
  -1  283     15.616     -8.146     -1.738
 396  170     -1.920     -3.975     -8.358
 304  257     11.121     -8.802      8.751
  -1   -2     -1.780    -10.131      8.884
 433  234    -11.005     -5.232     -8.347
  43   -2     -3.689     -7.956      1.768
  -1   -2      7.109     -5.903     -3.292
  -1   -2     11.478     -8.571     -6.945
 337   63     -2.701     -0.941    -10.014
  -1  173      1.292     -7.086     -5.034
 451  375      5.916      1.864      7.118
 132   -2      5.298     -3.932     -8.782
  63   -2      6.271     -9.105      5.233
 273  174     10.250     -8.240      7.683
 241  277    -10.079     -7.561      2.767
 224   -2     -2.043    -10.759      4.351
 356   -2     13.138     -9.069      2.515
  -1   -2     14.920     -6.994      1.040
 415  188      9.726     -2.125      8.046
 284  167     -0.378     -4.655     -3.660
  -1  221     -0.240    -10.510      6.782
 432  251    -11.592     -6.762     -9.672
 133  324      2.120     -3.963     -6.054
 374   -2      4.108     -5.185      5.197
 260  258      9.739    -10.136     -6.622
  -1   45     -1.931     -8.897     -9.454
 175   -2      1.772     -4.139      6.746
 165   62      8.482     -8.934     -4.805
 381  369     11.501      3.163     -9.715
  -1   -2     14.399     -9.242     -9.976
  -1   -2     -7.856     -6.187     -9.040
 173  433      7.752     -1.993      9.513
  -1   -2     -4.655    -10.343      8.083
 410   -2      4.041     -2.947      4.275
  96  227      9.459     -7.694      3.802
  -1   -2      6.175     -2.098     -5.442
  -1   77     13.470     -2.358     -1.386
  -1   -2      7.550     -3.173     -4.197
  -1  305     -1.320     -1.550      9.982
  -1  338     17.319     -5.578      2.835
 134   -2    -10.619     -9.219     -7.483
  -1   -2     -0.652    -10.690      2.294
  -1  411      5.332     -8.778      4.996
  -1   -2     -5.559     -2.867     -6.372
 334  312    -12.907     -8.185     -1.753
  -1   -2     -3.808    -10.776     -9.910
 346   -2    -11.770     -4.799     -3.843
  -1  249     12.988     -0.902     -6.919
 151  359     12.723     -4.774     -4.015
 315  146      3.368     -0.795      2.845
  -1  446      9.169      1.913      8.592
  -1   -2     15.964     -9.358      4.685
  -1   -2     -3.226     -9.350     -5.558
 171  390      1.485     -2.470      2.883
 167  205     -1.905     -6.142     -9.840
 444   -2     -9.082     -1.732     -1.890
  -1  382      6.018     -7.495     -7.978
  -1  157      6.075     -6.476      4.751
  -1   -2      8.454     -5.680     -1.221
  -1   56     -1.047     -9.246      7.534
  -1   -2      8.548     -0.726      4.126
 261  364     16.242     -7.230     -8.162
 137  373     -3.629     -4.825     -2.190
  -1  181      8.651     -7.452      9.471
  69  302     -1.449     -5.845     -8.071
 364  356     -1.524     -0.551      3.955
 462  362     16.663     -1.489     -0.212
  91  407     -0.840     -8.303      0.721
 204   -2      8.585     -3.721     -1.076
  -1  101      9.839     -9.205     -2.674
  -1   -2     -1.052     -2.093      7.394
  -1    9      9.179     -4.445      9.751
  -1   -2    -13.739     -2.401      3.274
  -1   -2     10.147      5.348      4.623
 252   -2    -11.043     -2.369     -8.103
  -1   -2    -11.470     -0.740     10.495
  -1  467     -5.272      2.757     -0.470
  -1  434     -7.603      0.308    -10.309
  -1   -2    -14.534     -8.510     -9.130
  -1  429    -16.704      0.137     11.556
 429   -2     -5.746      2.254     -0.299
 425  308    -11.193     -0.545     -7.884
 437  211    -12.687     -3.382     -3.687
 290   -2     16.166     -2.432      4.121
  -1  323    -11.625     -4.145    -10.572
  -1   -2     -4.978      0.861      0.121
  -1   -2    -14.296     -0.748     11.558
  -1  428     -7.121      2.279    -10.182
  -1  245     18.163     -1.680    -12.149
  -1  454     17.522      1.744     -3.127
  -1   -2     -2.446     -3.981    -12.137
  -1  320      8.820     -4.222    -10.672
 448   -2     20.889     -7.082      7.042
 436  431    -11.616     -1.638     -6.702
 176  410     12.152     -2.722     -7.678
 262  449     11.193     -0.130      5.518
  -1  392    -17.221     -8.619     10.022
  -1  150      8.649     -0.230     -6.571
 392  149      1.835      1.062      0.954
  -1  204     14.932     -4.022      8.201
  -1  343     14.024      4.014      6.307
  -1   44      6.406     -4.377    -12.034
  -1  319     17.165     -3.465     -9.970
   3   -2     -0.203     -8.996      1.193
  -1  458      6.480     -7.226      4.048
  29   98     -2.802     -6.768      3.975
  13   -2      7.771     -7.110     -5.216
  45  112      3.903     -8.180     -1.881
  -1   -2      8.997     -9.116     -6.730
 314   -2     -5.084     -7.536      4.147
  -1   -2      4.956     -6.313     -1.238
  -1   16      8.549     -5.469      1.866
  -1   -2      4.019     -4.913      2.931
 457  470     10.378     -7.070     -4.179
  61  463     13.131     -4.715     -1.517
 458  471      7.297     -5.941      1.878
 220  121      0.653     -8.403     -6.265
  -1  235      6.920     -5.460     -4.096
  -1   -2      6.920     -5.460     -4.096
 297   38     12.001     -8.768      6.421
  -1   -2     -2.647     -6.851      9.161
   8   -2      6.469     -7.241      3.988
  -1   -2      4.019     -4.913      2.931
 456  468      4.019     -4.913      2.931
