113
  -1    7     -2.955     -9.180      8.759
  32    1      2.190     -6.210      5.206
   3   -2     -3.311     -8.226      9.176
  75   -2      1.066     -9.141      6.477
   1    4      0.220     -5.728      8.103
   4    6      2.560     -4.659      1.216
  33    0      3.730     -6.579      3.559
   7   15      4.031     -5.904      1.238
  23    8      2.571    -10.372     -5.957
  19   -2      1.569    -10.455     -8.215
  26   -2      2.452     -7.541      3.149
  39  125      6.241     -5.779      5.819
  21   22     -2.449     -8.747      5.524
  20   -2      4.104     -5.973      3.716
  -1   57      1.266     -7.812      7.374
  -1   -2     -0.437     -8.321      0.543
  43   28     -7.562     -7.329     -3.507
  22  128     -0.697     -5.847      4.120
  13   -2      5.357     -8.716     -3.518
  56   29     -0.214     -5.966     -0.895
  -1   -2     -3.518     -6.173      8.119
  18   -2     12.657     -8.818      5.375
  64   -2     20.166     -8.486     -4.562
  37   72      7.124     -9.756      0.477
   9  124      7.132     -6.998     -6.623
  -1   -2     -0.543     -6.064      1.672
  -1   -2      1.815     -9.348      4.741
  77  131      1.452    -10.407      5.578
  31   -2     10.645     -7.294      9.797
  -1   66     -0.684    -10.711     -0.534
  57   49     12.724     -6.999     -6.176
  74   32     15.450     -7.287      8.895
  24  177     -6.741     -5.374      0.540
  -1    5     -4.172     -8.503      6.801
  38   99     13.139     -8.887     -1.604
  90   79     15.272     -6.990    -10.238
  -1   50      8.573     -8.823     -6.404
  10   70     -0.443     -7.987      9.506
  -1   38      2.787     -5.463      9.932
  67   43      8.450     -8.714     -7.271
  -1   -2     -3.376     -6.639     10.102
  34   -2      2.299     -8.730      5.680
  92   -2     -7.934    -10.847      6.397
  -1   87     12.446     -9.292      1.775
  48   71      1.370     -6.842      7.768
  -1   81      4.433     -3.155      9.220
  46  121      2.364     -1.702      9.677
  87   -2     10.099     -7.857     -7.529
  17   -2     -0.050     -8.513      3.389
  -1  103      4.600     -8.276     -2.829
  -1   -2     15.832     -8.417      1.871
  36   -2      4.380     -6.995      4.853
  61   27      2.319     -7.076      2.510
  -1   18      9.252     -7.977     -8.054
  -1   -2     -6.593     -4.785     -1.636
  81   -2     -7.296     -8.390      1.421
  -1   -2     16.117     -8.975      5.091
  85  122      0.566     -4.660      5.154
  -1   82      7.582     -6.452      7.701
  -1   58     -4.027     -7.501     -4.880
  25   -2      5.259     -7.295      9.349
  27  129      4.691    -10.758      0.183
  68  120     -1.010     -9.946      1.594
  63  166      9.872     -3.322      6.659
  30   86      5.742     -9.543     -2.190
  52   -2      9.112     -7.560      7.237
   2   51      4.146     -7.621      2.190
  79   -2      7.651      5.097      6.138
  94   85      3.406    -10.298      0.047
  -1   14      4.843     -8.301     -0.499
  51   33      9.482     -7.837     -8.102
  35  140      6.420     -9.146      4.688
  -1   11     15.686     -7.670      6.350
  82   23     -6.560     -3.272      4.606
  -1  136      3.288     -7.744      1.029
  -1  133     -3.721     -8.667    -10.081
  -1   -2      2.636     -5.593     11.527
  71   -2      0.023     -1.742      7.909
  -1   -2    -16.548     -7.495    -12.257
  78   -2     -8.092     -0.761      3.779
  60   91     17.294     -6.090     -5.201
  -1   73    -11.898     -9.738     -6.858
  49   61      2.957    -10.544      7.067
  95   -2     -1.134     -5.077     -1.773
  80   -2     17.603      3.832    -12.403
  96  111     16.460     -6.018     -9.842
  -1  157    -13.204    -10.526     -1.241
  -1  144    -14.808     -4.880    -12.063
  42   78     -0.499     -9.326      4.544
  -1   -2     19.575     -9.328     -2.190
  88   -2     11.701     -5.580      5.078
  84  114    -11.131     -0.457     -2.726
  72   41      9.706     -4.897     10.336
  -1  147     16.238     -6.312     -7.946
  -1   -2     -6.275     -3.440     -0.982
  70   -2     -4.983     -2.744     -1.376
  29   -2     17.740     -8.001     -2.688
  -1  105     10.075      1.188      2.896
  -1   -2     18.330     -8.707     -6.484
  40   -2      9.827     -3.588      6.726
  -1   -2     14.900     -5.293      7.823
  -1   -2      2.418     -0.077      5.370
   0   67      2.491     -8.078    -11.560
  -1   -2      9.296     -6.205      6.793
  -1  116     -7.930      0.437     -7.990
  -1   -2    -12.713     -7.468      5.287
  -1  158     -4.614     -0.288     10.153
  -1   -2     -3.427     -6.187      8.352
  41   -2      4.376     -3.123      9.068
  -1   -2     -3.427     -6.187      8.352
 100  175     -3.310     -8.166      9.575
  -1   -2     -3.427     -6.187      8.352
 101  176     -3.427     -6.187      8.352
