391
 100   -2      8.181     -8.319     -0.650
   5    2     12.279     -7.818      8.404
   8    3      1.611     -9.871      7.257
  51   -2      5.647     -4.394     -6.184
 107  251      9.207     -6.827     -7.192
   4   -2     11.560     -5.217      1.681
  -1    9     12.520     -8.785      5.229
   6   11     -7.675     -6.229     -7.665
   7    0      6.767     -8.594      0.289
   9   -2     11.181     -5.323      2.827
  22  344     10.631     -1.862      4.778
  -1   -2      6.503     -9.753     -5.790
  91   -2     13.971     -2.204     -3.277
  72   46      3.023     -6.226      9.704
  20   -2     11.395     -9.132     -2.870
  23   63     16.333     -8.460      2.353
  -1   -2      7.162    -10.275    -10.032
 102   51     -3.934     -8.633     -3.461
  -1   31     -5.038    -10.431     -7.121
  -1   21     12.837     -9.077     -0.997
  15   20     17.531     -8.024      1.336
  58   37     15.893     -8.578      7.883
 106   23     -3.588     -6.377     -4.043
  34    5     14.649    -10.224     -8.646
  -1   27     11.389     -9.029     -3.979
 114    7     10.387     -0.419      5.492
  27   73     15.962     -3.756     -8.498
  92   -2     -3.257    -10.385     -6.309
  33   -2     10.855     -6.256     -7.097
  13   85     -1.621     -9.283     -5.204
  28   -2      4.136     -8.564      8.448
  29   41      3.195     -9.716      6.704
  85   32      6.258     -8.333      9.298
  26   -2     11.600     -6.630     -5.122
   0   -2      6.635     -7.348     -3.029
  -1   42     -2.238     -4.272      1.569
  30   47     -5.834    -10.445     -2.558
  40   -2     -4.024     -4.943     -7.295
  37   39      9.444     -3.278      7.706
  42   43     14.983     -9.065      8.337
  21   40     17.087     -8.330     -3.598
  -1   16     -3.705     -8.619     -9.693
  -1   10      1.891     -8.672      9.276
  -1    8      7.973     -6.841     -6.731
  41   -2     -8.459     -7.152      0.038
  -1   96     -9.377     -3.432      3.312
  66   48     14.082      3.073     -3.663
  -1   -2      6.997     -2.080     -3.847
  -1   99      0.005     -2.670     -4.315
  -1   -2    -13.068     -7.294      5.826
  -1   -2      8.344     -6.607      0.245
  -1   53      5.517    -11.159      8.283
  -1   91    -12.588     -9.470     -4.253
  -1   -2     16.754     -7.246      3.187
  -1   88      8.334      5.479      9.212
  -1   -2    -12.220     -5.747     -2.474
  83  231    -11.052    -10.514      0.870
  17  121     16.822     -6.381      5.410
  76   -2    -10.169     -4.683      3.031
  64   94      5.852     -6.497    -10.308
  -1   64     -8.357     -5.172     -7.035
  35   -2     -0.222     -9.385     11.350
  -1   95      7.751     -6.026     10.345
  -1   -2     16.058     -4.922      3.208
  -1   -2     20.059      3.947     -5.037
  89   -2     -6.446     -5.419     10.214
  67   -2     -8.835    -12.051     -9.877
  -1   69    -11.330     -5.748     10.959
  61   84     -6.720     -7.481      8.781
  -1   29    -10.153    -11.912     -4.236
  -1   92     16.253     -0.418     -9.194
  -1   80    -11.222     -3.950     -1.977
  -1   -2      1.959     -3.568      3.878
  -1  124     17.445     -5.447     -2.889
  77   -2     12.785     -6.126    -10.441
  80   76     -5.307      1.390      6.774
  54   50     -8.124     -8.584      4.663
 116   75     18.840      0.125     -5.094
  -1   93     -4.243     -1.751     -9.536
  55   22     12.290    -10.715      5.370
  47   24      8.407      0.936      9.554
  57   -2     -6.499     -9.688     -5.774
  -1   -2     20.228     -9.935     -8.779
  -1    4      1.250     -9.778      8.981
  -1   26     -9.410    -10.990     -9.850
  -1   -2     -4.123     -7.680     -8.533
  31   34      3.735     -7.624      3.807
  -1   -2      6.699     -6.856     10.126
  -1   87      3.277     -4.436      6.620
  -1   -2     11.617    -11.139      5.657
  97   -2     -0.998    -10.138      4.576
  -1   -2     12.150      2.363      9.748
  36   77     13.176    -10.222      5.659
  -1   62     16.921     -6.416     -9.380
  -1   83     16.455    -10.617      2.163
  48   -2     -0.987     -5.247     -9.475
  -1   -2     15.316     -0.929     -4.854
  93   97     19.440      4.796     -6.016
  87    1     15.749     -3.243     -0.381
  62   -2     -6.798     -4.331     -7.426
 103  103     10.570     -2.486    -10.513
 379   -2     11.096     -2.221      3.679
  -1   -2     18.576     -4.778     -6.453
  -1   -2      9.252     -6.821     -7.191
  -1   -2     10.776     -1.874      4.416
  14   -2     12.459     -9.012     -0.052
  -1   17     16.754     -7.246      3.187
  -1   33      8.344     -6.607      0.245
  -1   -2      0.005     -2.670     -4.315
  -1   -2    -13.068     -7.294      5.826
  -1   -2      8.334      5.479      9.212
  -1    6      6.997     -2.080     -3.847
  -1  123     20.059      3.947     -5.037
  -1   -2     16.058     -4.922      3.208
  71  114     -2.272     -4.271      1.329
  -1   -2     17.445     -5.447     -2.889
  -1   -2      9.252     -6.821     -7.191
  -1   -2     10.776     -1.874      4.416
  -1   -2      8.344     -6.607      0.245
  -1   -2      0.005     -2.670     -4.315
  -1   -2    -13.068     -7.294      5.826
  -1   -2     16.754     -7.246      3.187
  -1   -2      6.997     -2.080     -3.847
  -1   -2      8.334      5.479      9.212
  -1   61     16.058     -4.922      3.208
  -1   -2     20.059      3.947     -5.037
  -1   -2     17.445     -5.447     -2.889
  -1   -2      9.252     -6.821     -7.191
  -1   -2     10.776     -1.874      4.416
  -1   -2      0.005     -2.670     -4.315
  -1   -2      8.344     -6.607      0.245
  -1   -2    -13.068     -7.294      5.826
 123   -2     16.754     -7.246      3.187
  -1   -2      6.997     -2.080     -3.847
  -1   -2      8.334      5.479      9.212
  -1   -2     17.445     -5.447     -2.889
  -1   -2      9.252     -6.821     -7.191
  -1   -2     10.776     -1.874      4.416
  -1   -2      6.997     -2.080     -3.847
  -1   -2      0.005     -2.670     -4.315
  -1   -2    -13.068     -7.294      5.826
  -1   -2      8.344     -6.607      0.245
  -1   -2      8.334      5.479      9.212
  -1   -2     17.445     -5.447     -2.889
  -1   -2      9.252     -6.821     -7.191
  -1   -2     10.776     -1.874      4.416
  -1   -2      8.344     -6.607      0.245
  -1   -2      0.005     -2.670     -4.315
  -1   -2    -13.068     -7.294      5.826
  -1   -2      6.997     -2.080     -3.847
  -1   -2      8.334      5.479      9.212
 101   -2     17.445     -5.447     -2.889
  -1   -2      9.252     -6.821     -7.191
  -1   -2     10.776     -1.874      4.416
  -1   -2      0.005     -2.670     -4.315
  -1   -2    -13.068     -7.294      5.826
  -1   -2      8.344     -6.607      0.245
  -1   -2      8.334      5.479      9.212
  -1   -2      6.997     -2.080     -3.847
  -1   -2      9.252     -6.821     -7.191
  -1   -2     10.776     -1.874      4.416
  -1   -2      0.005     -2.670     -4.315
  -1   -2    -13.068     -7.294      5.826
  -1   -2      8.344     -6.607      0.245
  -1   -2      6.997     -2.080     -3.847
  -1   -2      8.334      5.479      9.212
  -1   -2      9.252     -6.821     -7.191
  -1   -2     10.776     -1.874      4.416
  -1   -2      6.997     -2.080     -3.847
  -1   -2      0.005     -2.670     -4.315
  -1   -2    -13.068     -7.294      5.826
  -1   -2      8.344     -6.607      0.245
  -1   -2      8.334      5.479      9.212
  -1   -2      9.252     -6.821     -7.191
  -1   -2     10.776     -1.874      4.416
  -1   -2      6.997     -2.080     -3.847
  -1   -2      0.005     -2.670     -4.315
  -1   57      8.344     -6.607      0.245
  -1   -2    -13.068     -7.294      5.826
  -1   -2      8.334      5.479      9.212
  -1   -2      9.252     -6.821     -7.191
  -1   -2     10.776     -1.874      4.416
  -1   -2      0.005     -2.670     -4.315
  -1   -2    -13.068     -7.294      5.826
  -1   -2      6.997     -2.080     -3.847
  -1   -2      8.334      5.479      9.212
  -1   -2      9.252     -6.821     -7.191
  -1   -2     10.776     -1.874      4.416
  -1   -2      6.997     -2.080     -3.847
  -1   -2      0.005     -2.670     -4.315
  -1   -2    -13.068     -7.294      5.826
  -1   -2      8.334      5.479      9.212
  -1   -2      9.252     -6.821     -7.191
  -1   -2     10.776     -1.874      4.416
  -1   -2      6.997     -2.080     -3.847
  -1   -2      0.005     -2.670     -4.315
  -1   -2    -13.068     -7.294      5.826
  -1   -2      8.334      5.479      9.212
  -1   -2      9.252     -6.821     -7.191
  -1   -2     10.776     -1.874      4.416
  -1   -2      0.005     -2.670     -4.315
  -1   -2    -13.068     -7.294      5.826
  -1   -2      8.334      5.479      9.212
  -1   -2      6.997     -2.080     -3.847
  -1   -2      9.252     -6.821     -7.191
  -1   -2     10.776     -1.874      4.416
  -1   -2      6.997     -2.080     -3.847
  -1   -2      0.005     -2.670     -4.315
  -1   -2    -13.068     -7.294      5.826
  -1   -2      8.334      5.479      9.212
  -1   -2      9.252     -6.821     -7.191
  -1   -2     10.776     -1.874      4.416
  -1   -2      6.997     -2.080     -3.847
  -1   -2      0.005     -2.670     -4.315
  -1   -2    -13.068     -7.294      5.826
  -1   -2      8.334      5.479      9.212
  -1   -2      9.252     -6.821     -7.191
  -1   -2     10.776     -1.874      4.416
  -1   -2      0.005     -2.670     -4.315
  -1   -2    -13.068     -7.294      5.826
  -1   -2      8.334      5.479      9.212
  -1   -2      6.997     -2.080     -3.847
  -1   -2      9.252     -6.821     -7.191
  -1   -2     10.776     -1.874      4.416
  -1   -2      6.997     -2.080     -3.847
  44  214      0.005     -2.670     -4.315
  -1   -2    -13.068     -7.294      5.826
  -1   -2      8.334      5.479      9.212
  -1   -2      9.252     -6.821     -7.191
  -1   -2     10.776     -1.874      4.416
  -1   -2    -13.068     -7.294      5.826
  -1   -2      6.997     -2.080     -3.847
  -1   -2      8.334      5.479      9.212
  -1   -2      9.252     -6.821     -7.191
  -1   -2     10.776     -1.874      4.416
  -1   -2      6.997     -2.080     -3.847
  -1   -2    -13.068     -7.294      5.826
  -1   -2      8.334      5.479      9.212
  -1   -2      9.252     -6.821     -7.191
  -1   -2     10.776     -1.874      4.416
  -1   -2      6.997     -2.080     -3.847
  -1   -2    -13.068     -7.294      5.826
  -1   -2      8.334      5.479      9.212
  -1   -2      9.252     -6.821     -7.191
  -1   -2     10.776     -1.874      4.416
  -1   -2      6.997     -2.080     -3.847
  -1   -2    -13.068     -7.294      5.826
  -1   -2      8.334      5.479      9.212
  -1   -2      9.252     -6.821     -7.191
  -1   -2     10.776     -1.874      4.416
  -1   -2    -13.068     -7.294      5.826
  -1   -2      8.334      5.479      9.212
  -1   -2      6.997     -2.080     -3.847
  -1   -2      9.252     -6.821     -7.191
  -1   -2     10.776     -1.874      4.416
  45   54    -13.068     -7.294      5.826
  -1   -2      8.334      5.479      9.212
  -1   -2      6.997     -2.080     -3.847
  -1   -2      9.252     -6.821     -7.191
  -1   -2     10.776     -1.874      4.416
  -1   -2      8.334      5.479      9.212
  -1   -2      6.997     -2.080     -3.847
  -1   -2      9.252     -6.821     -7.191
  -1   -2     10.776     -1.874      4.416
  -1   -2      6.997     -2.080     -3.847
  -1   -2      8.334      5.479      9.212
  -1   -2      9.252     -6.821     -7.191
  -1   -2     10.776     -1.874      4.416
  -1   -2      6.997     -2.080     -3.847
  -1   -2      8.334      5.479      9.212
  11   30      9.252     -6.821     -7.191
  -1   -2     10.776     -1.874      4.416
  -1   -2      6.997     -2.080     -3.847
  -1   -2      8.334      5.479      9.212
  -1   -2     10.776     -1.874      4.416
  -1   -2      6.997     -2.080     -3.847
  -1   -2      8.334      5.479      9.212
  -1   -2     10.776     -1.874      4.416
  -1   -2      6.997     -2.080     -3.847
  -1   -2      8.334      5.479      9.212
  -1   -2     10.776     -1.874      4.416
  -1   -2      6.997     -2.080     -3.847
  -1   -2      8.334      5.479      9.212
  -1   -2     10.776     -1.874      4.416
  -1   -2      6.997     -2.080     -3.847
  -1   -2      8.334      5.479      9.212
  -1   -2     10.776     -1.874      4.416
  -1   -2      6.997     -2.080     -3.847
  -1   -2      8.334      5.479      9.212
  -1   -2     10.776     -1.874      4.416
  -1   -2      6.997     -2.080     -3.847
  -1   -2      8.334      5.479      9.212
  -1   -2     10.776     -1.874      4.416
  -1   -2      6.997     -2.080     -3.847
  -1   -2      8.334      5.479      9.212
  -1   -2     10.776     -1.874      4.416
  -1   -2      8.334      5.479      9.212
  -1   -2      6.997     -2.080     -3.847
  -1   -2     10.776     -1.874      4.416
  -1   -2      8.334      5.479      9.212
  -1   -2      6.997     -2.080     -3.847
  -1   -2     10.776     -1.874      4.416
  -1   -2      8.334      5.479      9.212
  -1   -2      6.997     -2.080     -3.847
  -1   -2     10.776     -1.874      4.416
  -1   -2      6.997     -2.080     -3.847
  -1   -2      8.334      5.479      9.212
  -1   -2     10.776     -1.874      4.416
  -1   -2      6.997     -2.080     -3.847
  -1   -2      8.334      5.479      9.212
  -1   -2     10.776     -1.874      4.416
  -1   -2      6.997     -2.080     -3.847
  -1   -2      8.334      5.479      9.212
  -1   -2     10.776     -1.874      4.416
  -1   -2      6.997     -2.080     -3.847
  -1   -2      8.334      5.479      9.212
  -1   -2     10.776     -1.874      4.416
  -1   -2      6.997     -2.080     -3.847
  -1   -2      8.334      5.479      9.212
  -1   -2     10.776     -1.874      4.416
  -1   -2      6.997     -2.080     -3.847
  -1   -2      8.334      5.479      9.212
  -1   -2     10.776     -1.874      4.416
  -1   -2      6.997     -2.080     -3.847
  -1   -2      8.334      5.479      9.212
  -1   -2     10.776     -1.874      4.416
  -1   -2      6.997     -2.080     -3.847
  -1   -2      8.334      5.479      9.212
  -1   -2     10.776     -1.874      4.416
  -1   -2      6.997     -2.080     -3.847
  -1   -2      8.334      5.479      9.212
  -1   -2     10.776     -1.874      4.416
  -1   -2      8.334      5.479      9.212
  -1   -2      6.997     -2.080     -3.847
  -1   -2     10.776     -1.874      4.416
  -1   -2      6.997     -2.080     -3.847
  -1   -2      8.334      5.479      9.212
  -1   -2     10.776     -1.874      4.416
  -1   -2      8.334      5.479      9.212
  -1   -2      6.997     -2.080     -3.847
  -1   -2     10.776     -1.874      4.416
  -1   -2      8.334      5.479      9.212
  -1   -2     10.776     -1.874      4.416
  -1   -2      8.334      5.479      9.212
  -1   -2     10.776     -1.874      4.416
  -1   -2      8.334      5.479      9.212
  -1   -2     10.776     -1.874      4.416
  -1   -2      8.334      5.479      9.212
  -1   -2     10.776     -1.874      4.416
  -1   -2      8.334      5.479      9.212
  -1   -2     10.776     -1.874      4.416
  -1   -2      8.334      5.479      9.212
  -1   -2     10.776     -1.874      4.416
  -1   -2      8.334      5.479      9.212
  -1   -2     10.776     -1.874      4.416
  -1   -2      8.334      5.479      9.212
  -1   -2     10.776     -1.874      4.416
  -1   -2      8.334      5.479      9.212
  -1   -2     10.776     -1.874      4.416
  -1   -2      8.334      5.479      9.212
  -1   -2     10.776     -1.874      4.416
  -1   -2      8.334      5.479      9.212
  -1   -2     10.776     -1.874      4.416
  -1   -2      8.334      5.479      9.212
  -1   -2     10.776     -1.874      4.416
  -1   -2      8.334      5.479      9.212
  -1   -2     10.776     -1.874      4.416
  -1   -2      8.334      5.479      9.212
  -1   -2     10.776     -1.874      4.416
  -1   -2      8.334      5.479      9.212
  -1   -2     10.776     -1.874      4.416
  -1   -2      8.334      5.479      9.212
  -1   -2     10.776     -1.874      4.416
  -1   -2      8.334      5.479      9.212
  -1   -2     10.776     -1.874      4.416
  -1   -2      8.334      5.479      9.212
  -1   -2     10.776     -1.874      4.416
  -1   -2      8.334      5.479      9.212
  -1   -2     10.776     -1.874      4.416
  -1   -2      8.334      5.479      9.212
  -1   -2     10.776     -1.874      4.416
  -1   -2      8.334      5.479      9.212
  -1   -2     10.776     -1.874      4.416
  -1   -2      8.334      5.479      9.212
  -1   -2     10.776     -1.874      4.416
  -1   -2      8.334      5.479      9.212
  -1   -2     10.776     -1.874      4.416
  -1   -2      8.334      5.479      9.212
  -1   -2     10.776     -1.874      4.416
  -1   -2     10.776     -1.874      4.416
  10   -2     10.776     -1.874      4.416
