296
   0    0     11.094     -9.728     -3.081
  23    1      8.185     -8.318     -0.665
 102  111     15.905     -8.421     -1.259
  -1   -2      1.451     -4.476      9.014
   5    5      5.640     -4.398     -6.204
  -1   -2      9.207     -6.828     -7.199
   9   -2     11.548     -5.227      1.631
  49    7     -7.677     -6.229     -7.660
  10    9      6.762     -8.594      0.296
  86    6     11.183     -5.320      2.825
  15   11      6.840    -11.020     -0.991
  -1  298     10.640     -1.866      4.753
  12    3     13.333     -8.708      7.902
  81   12     13.957     -2.208     -3.236
  14   14      7.868     -6.881     -6.959
  51   -2     17.825     -8.483     -0.997
  -1   17      8.338    -10.333     -4.816
  -1   24     15.887     -5.967     -8.565
  16   16     17.532     -8.023      1.326
  17   -2     -3.565     -6.387     -3.991
  18   22     -4.928    -10.520     -0.790
  60   -2     -3.382    -10.589     -7.986
  82   -2     15.963     -3.751     -8.500
   4   -2     12.858     -9.062     -1.045
 173   -2     11.600     -6.637     -5.127
  -1   -2     12.078     -7.179      8.137
  94   15      5.999     -6.547      5.105
  22   -2      8.939     -8.555      2.266
  62   -2     15.807     -1.405      1.153
   2   -2      6.637     -7.346     -3.028
  25   30      1.208     -9.872      8.852
  95   23     14.902     -8.526      1.992
  26   -2      9.448     -3.273      7.697
  43   32      8.323      0.925     10.712
  -1   -2     -9.382     -3.431      3.320
  42   37     -8.461     -7.152      0.033
  -1   -2     -0.775     -7.759     -6.640
  32   94      0.004     -2.672     -4.319
  -1   -2    -12.585     -9.470     -4.242
  -1   -2     16.754     -7.247      3.188
  -1   -2      9.841    -10.326     -1.563
  -1   -2    -13.062     -7.295      5.810
  -1   40      8.346     -6.608      0.239
  88   62     -6.339     -9.189     -1.246
  -1   -2      6.998     -2.080     -3.857
  -1   -2      8.336      5.479      9.206
  47   46     14.998    -10.809      3.149
  46   48     11.054    -11.052     -5.991
  -1  139     16.822     -6.381      5.403
  -1   -2    -11.047    -10.513      0.880
  -1   53     -8.832    -12.051     -9.880
  48   54      5.860     -6.497    -10.289
  -1   -2     15.924    -10.288     -3.608
  57   87     -2.272     -4.272      1.328
  56   57    -11.334     -5.750     10.972
  59   -2     19.178      3.904     -2.989
  55   68     16.012    -10.007     -5.573
  30   63    -11.224     -3.950     -1.975
  61   21     10.659     -0.356      4.843
  71   73     17.879      0.006     -2.876
  -1   66      1.957     -3.570      3.877
  65   60     12.791     -6.129    -10.462
  64   61     -4.479      1.064      4.083
  68   19     -6.091     -8.005     -3.745
  69   65      9.240     -1.748     -2.378
  54   85     16.864      5.005     -6.504
 124   71     -4.244     -1.750     -9.543
  66   64     -2.883     -9.888     -0.056
  52   74     -2.491     -9.857     -4.724
  36   70    -11.709     -5.915     -1.253
  78   69      3.336     -9.702      6.736
  83   -2      3.274     -4.435      6.621
  76   28      6.698     -6.852     10.126
  50   -2     -9.403    -10.989     -9.846
  -1   -2      3.718     -7.626      3.759
  -1   -2      4.856     -2.622      4.662
  -1   -2      4.453     -4.156      5.870
  80   80     16.919     -3.730      3.900
  -1   75      3.334      5.963      1.995
  -1   59      0.599    -10.139    -11.845
  84  166      7.623     -6.005    -10.278
  -1   77     12.621     -5.034      9.345
  -1   56     -6.611     -4.114     -7.876
  -1   55     17.673    -10.710     -8.223
  -1   67     19.424      4.793     -5.978
  -1   84     15.315     -0.931     -4.848
  -1   -2      9.372     -7.204      9.464
  87   -2     18.577     -4.778     -6.453
  -1   34     10.507     -4.102      6.956
  -1   83      7.489    -10.393     10.607
  -1   -2     15.950     -8.417     -1.297
  -1   -2      9.251     -6.822     -7.202
  -1   -2      6.575    -10.966     -0.271
  -1   -2     10.804     -1.879      4.342
  34   -2     15.871     -5.985     -8.316
  -1   -2     -9.382     -3.431      3.320
  -1   -2     -0.775     -7.759     -6.640
  -1   -2      6.998     -2.080     -3.857
  -1   -2    -13.062     -7.295      5.810
  -1   -2      8.346     -6.608      0.239
  -1   29     16.754     -7.247      3.188
  -1   -2      8.336      5.479      9.206
  63   -2     -2.272     -4.272      1.328
  79  101      3.334      5.963      1.995
  -1   -2     15.911     -8.434     -1.435
  -1   -2      9.251     -6.822     -7.202
  -1   -2     10.804     -1.879      4.342
  -1   -2      1.530     -4.469      8.959
  -1   -2     -9.382     -3.431      3.320
  -1   -2     16.754     -7.247      3.188
  93  122     -0.775     -7.759     -6.640
  -1   -2      8.346     -6.608      0.239
  35  124    -13.062     -7.295      5.810
  -1   -2      8.336      5.479      9.206
  -1   -2      6.998     -2.080     -3.857
   1   -2     15.950     -8.417     -1.297
  -1   -2      9.251     -6.822     -7.202
  -1   -2     10.804     -1.879      4.342
  -1   -2      1.530     -4.469      8.959
  -1   -2      6.998     -2.080     -3.857
  -1   -2     -9.382     -3.431      3.320
  -1   -2      8.346     -6.608      0.239
  -1   -2     16.754     -7.247      3.188
  -1   -2      8.336      5.479      9.206
  -1   -2      9.251     -6.822     -7.202
 127  130      1.530     -4.469      8.959
  -1   -2     10.804     -1.879      4.342
  -1   -2      6.998     -2.080     -3.857
  -1   -2     -9.382     -3.431      3.320
  -1   -2      8.346     -6.608      0.239
  -1   -2     16.754     -7.247      3.188
  -1   -2      8.336      5.479      9.206
  -1   -2      9.251     -6.822     -7.202
  -1   -2     10.804     -1.879      4.342
  -1   -2     -9.382     -3.431      3.320
  -1   -2      6.998     -2.080     -3.857
  -1   -2      8.346     -6.608      0.239
  -1   49     16.754     -7.247      3.188
  -1   -2      8.336      5.479      9.206
  -1   -2      9.251     -6.822     -7.202
  -1   -2     10.804     -1.879      4.342
  -1   -2     -9.382     -3.431      3.320
  -1   -2      8.346     -6.608      0.239
  -1   -2      6.998     -2.080     -3.857
  -1   -2      8.336      5.479      9.206
  -1   -2      9.251     -6.822     -7.202
  -1   -2     10.804     -1.879      4.342
  -1   -2      6.998     -2.080     -3.857
 155   -2     -9.382     -3.431      3.320
  -1   -2      8.346     -6.608      0.239
  -1   -2      8.336      5.479      9.206
  -1   -2      9.251     -6.822     -7.202
  -1   -2     10.804     -1.879      4.342
  -1   -2      6.998     -2.080     -3.857
  -1   -2      8.336      5.479      9.206
  -1   -2      8.346     -6.608      0.239
  -1   -2      9.251     -6.822     -7.202
  -1   -2     10.804     -1.879      4.342
  -1   -2      8.346     -6.608      0.239
  -1   -2      8.336      5.479      9.206
  -1   -2      6.998     -2.080     -3.857
  -1   -2      9.251     -6.822     -7.202
  -1   -2     10.804     -1.879      4.342
  -1   -2      6.998     -2.080     -3.857
  -1   -2      8.346     -6.608      0.239
  -1   -2      8.336      5.479      9.206
  -1   -2      9.251     -6.822     -7.202
  -1   -2     10.804     -1.879      4.342
  -1   -2      8.336      5.479      9.206
  -1   -2      8.346     -6.608      0.239
  -1   -2      6.998     -2.080     -3.857
  -1   -2      9.251     -6.822     -7.202
  -1   -2     10.804     -1.879      4.342
  -1   -2      8.346     -6.608      0.239
  -1   -2      6.998     -2.080     -3.857
  -1   -2      8.336      5.479      9.206
  -1   -2      9.251     -6.822     -7.202
  -1   -2     10.804     -1.879      4.342
  -1   -2      6.998     -2.080     -3.857
  -1   -2      8.336      5.479      9.206
  -1   -2     10.804     -1.879      4.342
  -1   -2      8.346     -6.608      0.239
  -1   -2      8.336      5.479      9.206
  -1   -2     10.804     -1.879      4.342
  -1   -2      8.346     -6.608      0.239
  -1   -2      8.336      5.479      9.206
  -1   -2      6.998     -2.080     -3.857
  -1   -2     10.804     -1.879      4.342
  -1   -2      8.346     -6.608      0.239
  -1   -2      8.336      5.479      9.206
  -1   -2      6.998     -2.080     -3.857
  -1   -2     10.804     -1.879      4.342
  -1   -2      6.998     -2.080     -3.857
  -1   -2      8.346     -6.608      0.239
  -1   -2      8.336      5.479      9.206
  -1   -2     10.804     -1.879      4.342
  -1   -2      6.998     -2.080     -3.857
  -1   -2      8.346     -6.608      0.239
  -1   -2      8.336      5.479      9.206
  -1   -2     10.804     -1.879      4.342
  -1   -2      6.998     -2.080     -3.857
  -1   -2      8.346     -6.608      0.239
  -1   -2      8.336      5.479      9.206
  -1   -2     10.804     -1.879      4.342
  -1   -2      6.998     -2.080     -3.857
  -1   -2      8.336      5.479      9.206
  -1   -2      8.346     -6.608      0.239
  -1   -2     10.804     -1.879      4.342
  -1   -2      6.998     -2.080     -3.857
  -1   -2      8.346     -6.608      0.239
  -1   -2      8.336      5.479      9.206
  -1   -2     10.804     -1.879      4.342
  -1   -2      8.346     -6.608      0.239
  -1   -2      8.336      5.479      9.206
  -1   -2      6.998     -2.080     -3.857
  -1   -2     10.804     -1.879      4.342
  -1   -2      8.346     -6.608      0.239
  -1   -2      8.336      5.479      9.206
  -1   -2      6.998     -2.080     -3.857
  -1   -2     10.804     -1.879      4.342
  -1   -2      8.346     -6.608      0.239
  -1   -2      6.998     -2.080     -3.857
  -1   -2      8.336      5.479      9.206
  -1   -2     10.804     -1.879      4.342
  -1   -2      8.346     -6.608      0.239
  -1   -2      8.336      5.479      9.206
  -1   -2      6.998     -2.080     -3.857
  -1   -2     10.804     -1.879      4.342
  -1   -2      8.346     -6.608      0.239
  -1   -2      8.336      5.479      9.206
  -1   -2      6.998     -2.080     -3.857
  -1   -2     10.804     -1.879      4.342
  -1   -2      8.346     -6.608      0.239
  29  258      6.998     -2.080     -3.857
  -1   -2      8.336      5.479      9.206
  -1   -2     10.804     -1.879      4.342
  -1   -2      8.346     -6.608      0.239
  -1   -2      8.336      5.479      9.206
  -1   -2     10.804     -1.879      4.342
  -1   -2      8.346     -6.608      0.239
  -1   -2      8.336      5.479      9.206
  -1   -2     10.804     -1.879      4.342
  -1   -2      8.346     -6.608      0.239
  -1   -2      8.336      5.479      9.206
  -1   -2     10.804     -1.879      4.342
  -1   -2      8.336      5.479      9.206
  -1   -2      8.346     -6.608      0.239
  -1   -2     10.804     -1.879      4.342
  -1   -2      8.346     -6.608      0.239
  -1   -2      8.336      5.479      9.206
  -1   -2     10.804     -1.879      4.342
  -1   -2      8.346     -6.608      0.239
  -1   -2      8.336      5.479      9.206
  -1   -2     10.804     -1.879      4.342
  -1   -2      8.336      5.479      9.206
  -1   -2     10.804     -1.879      4.342
  -1   -2      8.336      5.479      9.206
  -1   -2     10.804     -1.879      4.342
  -1   -2      8.336      5.479      9.206
  -1   -2     10.804     -1.879      4.342
  -1   -2      8.336      5.479      9.206
  -1   -2     10.804     -1.879      4.342
  -1   -2      8.336      5.479      9.206
  -1   -2     10.804     -1.879      4.342
  -1   -2      8.336      5.479      9.206
  -1   -2     10.804     -1.879      4.342
  -1   -2      8.336      5.479      9.206
  -1   -2     10.804     -1.879      4.342
  -1   -2      8.336      5.479      9.206
  -1   -2     10.804     -1.879      4.342
  -1   -2      8.336      5.479      9.206
  -1   -2     10.804     -1.879      4.342
  -1   -2      8.336      5.479      9.206
  -1   -2     10.804     -1.879      4.342
  -1   -2      8.336      5.479      9.206
  -1   -2     10.804     -1.879      4.342
  -1   -2      8.336      5.479      9.206
  -1   -2     10.804     -1.879      4.342
  -1   -2      8.336      5.479      9.206
  -1   -2     10.804     -1.879      4.342
  -1   -2      8.336      5.479      9.206
  -1   -2     10.804     -1.879      4.342
  -1   -2      8.336      5.479      9.206
  -1   -2     10.804     -1.879      4.342
  -1   -2      8.336      5.479      9.206
  -1   -2     10.804     -1.879      4.342
  -1   -2      8.336      5.479      9.206
  -1   -2     10.804     -1.879      4.342
  -1   -2      8.336      5.479      9.206
  -1   -2     10.804     -1.879      4.342
 299  295      8.336      5.479      9.206
  -1   -2     10.804     -1.879      4.342
  -1   -2     10.804     -1.879      4.342
  -1   -2     10.804     -1.879      4.342
  -1   -2     10.804     -1.879      4.342
 302   -2     10.804     -1.879      4.342
