64
   1   28      4.199     -8.019      8.951
   0    2     10.903     -7.673      2.986
  42    3      9.934     -2.805      6.516
  29   14      1.523    -11.185      1.228
  -1   19     11.812     -9.699     -3.529
  -1   -2      5.373    -10.442      7.759
  41   -2     11.169     -5.296      3.750
  12    9      9.683     -7.569     -7.616
  -1   -2     -0.399    -10.550      1.890
  -1   -2     -9.865    -10.578     -8.543
  -1   15     -0.098    -11.058      1.309
  -1   51     11.834     -6.388     -5.526
  44   -2      9.366     -6.610      8.786
   5   -2      0.704    -11.092      1.071
  14   11      9.276     -9.537     -2.574
  -1   -2      6.431     -9.391     -1.386
   4    4      8.609     -6.918      8.152
  -1   -2      9.656     -7.727      4.873
  15   18      2.999     -9.474      8.878
  16   -2      1.936     -8.696      6.722
  -1   -2     11.387     -5.422      3.101
  -1   -2     13.206     -8.465     -1.053
   8    0      1.093    -10.610     -0.351
  19   -2     10.620     -9.679      0.060
  38   -2     11.123     -9.584     -2.567
   6   24     11.004     -9.244      0.014
  -1   -2     11.168     -8.352      2.667
  31   21     10.905     -7.590      0.026
  -1    8     12.384     -9.307     -4.677
  22   -2      4.714    -11.195     -0.517
  32   -2     17.579     -7.900    -10.879
  -1    1      4.319    -10.100      8.937
  39   -2      7.792    -10.877     -1.600
  -1   -2      5.934     -6.935      8.373
  30   47    -10.937    -10.358     -6.133
  -1   -2      5.878     -9.346      9.669
  -1   -2     -6.826     -7.856     -0.442
  27   22      8.068     -9.929      3.871
  -1   -2     16.964     -7.182     -8.331
   7   -2      0.347     -9.410      6.385
  40   29     16.731     -6.575     -2.178
  -1   -2      2.352    -10.525     -2.245
  -1   -2      4.668     -9.225      9.441
  -1   -2      8.575     -5.313     -6.854
  34   42      8.196      6.212     10.888
  -1    7     13.470     -3.608     -0.243
  36   -2     -0.661     -3.764     -3.798
  33   58     -1.238     -1.504     -3.666
  -1   -2     15.883     -5.469      4.414
  -1   -2     20.503     -4.322     -4.229
  -1   33     -5.751     -4.359     -9.222
  -1   -2      1.782     -7.947      6.645
  24   -2     15.863     -6.994     -3.406
  -1   26     19.280     -6.358    -11.666
  -1   -2      9.826     -3.586      6.725
  -1   30     -9.198     -8.262      3.905
  -1   23     12.986     -9.982    -10.766
  -1   -2     11.968     -6.764     -3.474
  -1   17      1.375     -9.101      3.605
  -1   49     14.370     -5.515      5.884
  -1   -2     15.359     -4.690      3.244
  -1   -2      7.935     -3.641      2.077
  47   59     -9.888    -10.584     -8.602
  10   13     -0.388    -10.538      1.920
