229
   1    0     17.487     -9.879      0.195
   2    1      8.182     -8.320     -0.674
   3   -2     14.022     -2.034     -4.664
  -1   -2      9.195     -6.830     -7.192
   6    3      5.643     -4.397     -6.198
   7    7     11.558     -5.230      1.687
  41    6     -7.677     -6.228     -7.659
   9    8     11.060     -9.723     -3.071
  10   -2     11.183     -5.322      2.827
  15   23      6.768     -8.595      0.283
  12   10     12.516     -8.783      5.205
  -1   14     10.646     -1.861      4.741
  -1   15      7.871     -6.884     -6.944
   8   12     -3.787    -10.146     -8.172
  14   -2     -7.671    -10.511      7.698
  -1   17      8.351    -10.336     -4.839
 103   -2     -3.570     -6.385     -4.003
  18   -2     17.535     -8.025      1.320
  -1   51     -2.001     -4.989      7.159
  -1   -2     11.601     -6.636     -5.133
  50   21     15.956     -3.755     -8.489
  67   24     12.838     -9.049     -0.999
  25   -2      6.002     -6.549      5.097
  -1   -2     11.387     -9.017     -3.981
  24   26      6.635     -7.347     -3.033
  71   -2      8.450     -9.336     -6.940
  23   -2     11.253     -8.486     -3.728
  13   29      9.453     -3.276      7.684
  28   28      1.220     -9.863      8.882
  -1   -2      9.843    -10.297     -1.564
  -1   -2     -9.379     -3.431      3.315
  -1   -2      8.347     -6.609      0.239
  -1   77     -0.771     -7.759     -6.630
  -1   18     16.757     -7.248      3.180
  69  216      0.004     -2.671     -4.317
  -1   30     -8.461     -7.150      0.033
  -1  125    -13.063     -7.294      5.811
  -1   19     -7.910    -10.807      8.339
  -1   40    -12.587     -9.467     -4.243
  43   -2     -8.765     -6.597      8.557
  -1   54      8.335      5.478      9.211
  -1   -2      7.000     -2.081     -3.846
  30   73      8.570      1.023     10.049
  -1   -2     -0.276     -9.391     10.222
  48   25     11.057    -11.051     -5.992
  53   47      5.848     -6.499    -10.315
  83   62     20.059      3.948     -5.037
  16   -2     -1.500     -8.038      3.466
  -1   -2     16.493     -8.795      6.365
  66   46     16.794    -10.454     -0.346
  -1   20     15.509    -10.292     -7.537
  55   52    -11.327     -5.749     10.953
  57   55    -11.222     -3.949     -1.975
 101    5     10.661     -0.356      4.839
  -1   59     -7.207     -9.473     -3.432
  60   61     -4.478      1.066      4.085
  79   60      1.959     -3.572      3.873
  59   16     -6.093     -8.001     -3.740
  64  105      9.294    -10.880      5.936
  52   65     17.879      0.005     -2.877
  56   63     12.793     -6.129    -10.466
  -1  156     17.437     -5.455     -2.863
  65   -2     14.664    -11.009      1.992
  -1   -2     -4.242     -1.757     -9.532
  -1   71     14.450    -10.492      3.296
  46  120    -11.709     -5.917     -1.252
  70   72     -9.406    -10.991     -9.851
  74   76      6.701     -6.854     10.127
  -1   -2    -11.708    -10.145     10.442
  -1   80      3.276     -4.433      6.623
  98  139      0.153     -5.003     -6.206
  -1    9      3.732     -7.624      3.799
  -1   78      4.854     -2.616      4.659
  82   87     15.315     -0.928     -4.865
  73   83     12.151      2.366      9.759
  -1   -2      7.622     -6.004    -10.263
  -1   -2      0.611    -10.140    -11.896
  49   86     19.449      4.799     -6.040
  -1   74     16.920     -3.731      3.903
  80   -2      9.372     -7.202      9.468
  -1   -2     10.568     -2.487    -10.510
  -1   -2     20.568    -10.056    -10.047
  -1   88     10.503     -4.100      6.958
  88   89     18.578     -4.779     -6.454
  -1    4      9.250     -6.823     -7.200
  -1   -2     10.819     -1.872      4.307
  -1   -2      9.843    -10.297     -1.564
 106  136     16.757     -7.248      3.180
  -1   -2     -8.461     -7.150      0.033
  -1   -2     -0.771     -7.759     -6.630
  -1   -2      0.004     -2.671     -4.317
  -1  122     -9.379     -3.431      3.315
  -1   -2    -13.063     -7.294      5.811
  -1   -2      8.347     -6.609      0.239
  -1   -2      8.335      5.478      9.211
  -1   -2      7.000     -2.081     -3.846
  -1   -2     16.493     -8.795      6.365
  -1   -2     15.509    -10.292     -7.537
  -1   22     -4.242     -1.757     -9.532
  -1   -2     17.437     -5.455     -2.863
   5   -2      9.250     -6.823     -7.200
  92  118     -2.001     -4.989      7.159
  -1   -2     10.819     -1.872      4.307
  -1   -2      8.347     -6.609      0.239
  26   31      9.843    -10.297     -1.564
  -1   -2      7.000     -2.081     -3.846
 111   -2     -9.379     -3.431      3.315
  -1   -2     -8.461     -7.150      0.033
  -1   -2     -0.771     -7.759     -6.630
  -1   -2      0.004     -2.671     -4.317
  -1   -2    -13.063     -7.294      5.811
  -1   -2      8.335      5.478      9.211
  -1   -2     16.493     -8.795      6.365
  -1   -2     15.509    -10.292     -7.537
  -1   -2     17.437     -5.455     -2.863
  -1   -2     10.819     -1.872      4.307
  -1   -2     -8.461     -7.150      0.033
  -1   -2      8.347     -6.609      0.239
  -1   -2     -0.771     -7.759     -6.630
  -1   -2      0.004     -2.671     -4.317
  -1   -2    -13.063     -7.294      5.811
  -1   -2      8.335      5.478      9.211
  -1   -2      7.000     -2.081     -3.846
  -1   -2     16.493     -8.795      6.365
 118   -2     15.509    -10.292     -7.537
  -1   -2     17.437     -5.455     -2.863
  -1   -2     10.819     -1.872      4.307
 122   -2     -8.461     -7.150      0.033
  -1   -2     -0.771     -7.759     -6.630
  -1   -2      8.347     -6.609      0.239
  -1   -2      0.004     -2.671     -4.317
  -1   -2    -13.063     -7.294      5.811
  -1   -2      8.335      5.478      9.211
  -1   -2      7.000     -2.081     -3.846
  -1   35     16.493     -8.795      6.365
  -1   -2     17.437     -5.455     -2.863
  -1   -2     10.819     -1.872      4.307
  97   -2     -0.771     -7.759     -6.630
  -1   -2      8.347     -6.609      0.239
  -1   -2      0.004     -2.671     -4.317
  40   -2    -13.063     -7.294      5.811
  -1   -2      7.000     -2.081     -3.846
  -1   -2      8.335      5.478      9.211
 149   -2     17.437     -5.455     -2.863
  -1   -2     10.819     -1.872      4.307
  -1   -2      0.004     -2.671     -4.317
  -1   -2      8.347     -6.609      0.239
  -1   -2      7.000     -2.081     -3.846
  -1   -2      8.335      5.478      9.211
  -1   -2     10.819     -1.872      4.307
  -1   -2      7.000     -2.081     -3.846
  -1   -2      8.347     -6.609      0.239
  -1   -2      0.004     -2.671     -4.317
  -1   -2      8.335      5.478      9.211
  -1   -2     10.819     -1.872      4.307
  -1   -2      7.000     -2.081     -3.846
  -1   -2      0.004     -2.671     -4.317
  -1   -2      8.347     -6.609      0.239
  -1   -2      8.335      5.478      9.211
  -1   -2     10.819     -1.872      4.307
  -1   -2      0.004     -2.671     -4.317
  -1   -2      7.000     -2.081     -3.846
  -1   -2      8.335      5.478      9.211
  -1   -2      8.347     -6.609      0.239
  -1   -2     10.819     -1.872      4.307
  -1   -2      0.004     -2.671     -4.317
  -1   -2      8.347     -6.609      0.239
  -1   -2      7.000     -2.081     -3.846
  -1   -2      8.335      5.478      9.211
  -1   -2     10.819     -1.872      4.307
  -1   -2      7.000     -2.081     -3.846
  -1   -2      0.004     -2.671     -4.317
  -1   -2      8.347     -6.609      0.239
  -1   -2      8.335      5.478      9.211
  -1   -2     10.819     -1.872      4.307
  -1   -2      7.000     -2.081     -3.846
  -1   -2      0.004     -2.671     -4.317
  99   -2      8.347     -6.609      0.239
  -1   -2      8.335      5.478      9.211
  -1   -2     10.819     -1.872      4.307
  -1   -2      0.004     -2.671     -4.317
  -1   -2      8.335      5.478      9.211
  38   58      7.000     -2.081     -3.846
  -1   -2     10.819     -1.872      4.307
  -1   -2      0.004     -2.671     -4.317
  -1   -2      8.335      5.478      9.211
  -1   -2     10.819     -1.872      4.307
  -1   -2      0.004     -2.671     -4.317
  -1   -2      8.335      5.478      9.211
  -1   -2     10.819     -1.872      4.307
  -1   -2      0.004     -2.671     -4.317
  -1   -2      8.335      5.478      9.211
  -1   -2     10.819     -1.872      4.307
  -1   -2      0.004     -2.671     -4.317
  -1   -2      8.335      5.478      9.211
  -1   -2     10.819     -1.872      4.307
  -1   -2      0.004     -2.671     -4.317
  -1   -2      8.335      5.478      9.211
  -1   -2     10.819     -1.872      4.307
  -1   -2      0.004     -2.671     -4.317
  -1   -2      8.335      5.478      9.211
  -1   -2     10.819     -1.872      4.307
  -1   37      0.004     -2.671     -4.317
  -1   -2      8.335      5.478      9.211
  -1   -2     10.819     -1.872      4.307
  -1   -2      8.335      5.478      9.211
  -1   -2     10.819     -1.872      4.307
  -1   -2      8.335      5.478      9.211
  -1   -2     10.819     -1.872      4.307
  -1   -2      8.335      5.478      9.211
  -1   -2     10.819     -1.872      4.307
  -1   -2      8.335      5.478      9.211
  -1   -2     10.819     -1.872      4.307
  -1   -2      8.335      5.478      9.211
  -1   -2     10.819     -1.872      4.307
  -1   -2      8.335      5.478      9.211
  -1   -2     10.819     -1.872      4.307
  -1   -2      8.335      5.478      9.211
  -1   -2     10.819     -1.872      4.307
  -1   -2      8.335      5.478      9.211
  -1   -2     10.819     -1.872      4.307
  -1   -2      8.335      5.478      9.211
  -1   -2     10.819     -1.872      4.307
 230  237      8.335      5.478      9.211
  -1   -2     10.819     -1.872      4.307
  -1   -2     10.819     -1.872      4.307
  -1   -2     10.819     -1.872      4.307
  -1   -2     10.819     -1.872      4.307
 234  241     10.819     -1.872      4.307
