319
   0   25      8.183     -8.318     -0.679
  19    2     16.180     -3.729     -8.580
  82   -2     14.027     -2.031     -4.672
  -1   -2      9.205     -6.828     -7.196
   5    3      5.642     -4.397     -6.200
   7    5     11.552     -5.227      1.649
  51   18     -7.676     -6.229     -7.659
  85   -2     11.182     -5.323      2.822
  -1    8      6.767     -8.594      0.287
  75   -2     11.025     -9.741     -3.185
  -1   10     12.512     -8.784      5.194
  32    6     -6.809     -6.628     -5.549
  -1  309     10.646     -1.860      4.740
 140   12      7.869     -6.883     -6.954
  14   13      6.838    -10.951     -0.963
  13   14      8.341    -10.332     -4.812
  16   50     17.533     -8.024      1.322
  59   -2     -3.585     -6.380     -4.029
  -1   19     -4.926    -10.520     -0.787
  38   47    -11.823     -7.699     -0.090
  20   16      1.359     -9.919      9.345
  65   21     12.837     -9.058     -1.000
  22   28     -5.963     -7.426      6.001
  11   32      1.217     -8.075     -0.751
  24   26      4.381     -6.747      9.957
  12   -2     11.604     -6.638     -5.133
  70    0     11.384     -9.018     -3.974
  88   29     17.572     -6.801     -4.091
  15   -2      6.645     -7.350     -3.009
  18   -2      9.450     -3.276      7.690
   2   -2      4.136     -7.788      5.255
  31   -2     10.201     -0.871     -4.094
  -1   -2     14.076      3.072     -3.650
  -1  176      9.841    -10.317     -1.560
  -1   77     -7.959    -10.528     -6.147
  -1  279      0.005     -2.670     -4.316
  -1   37     -9.374     -3.434      3.287
  -1   -2      8.345     -6.605      0.238
  -1  216    -13.059     -7.294      5.800
  -1   89    -12.589     -9.470     -4.250
  77   83      1.416     -7.697     -8.748
  -1   -2      7.002     -2.083     -3.845
  57   -2     -7.164     -4.128     -6.068
  -1   -2     16.751     -7.247      3.195
  -1   -2      8.335      5.479      9.208
  81   -2     16.065     -4.920      3.190
  -1   34     -8.202    -10.817      7.644
  -1    9     11.058    -11.050     -5.997
  -1   52     -8.357     -5.172     -7.037
  47   85     20.062      3.949     -5.043
  48   55      5.831     -6.501    -10.380
  -1   -2     16.795    -10.456     -0.351
  -1   17     16.492     -8.795      6.365
  -1   15     -2.274     -4.271      1.326
  54   62     -2.505     -9.859     -4.762
  -1   86     17.877      0.006     -2.874
 208   58    -11.323     -5.748     10.944
  56   -2     12.190     -9.725      8.904
  -1   31      7.590     -0.911     -5.099
  -1   -2     -7.204     -9.473     -3.428
  60   66     12.792     -6.129    -10.462
  58   79      1.959     -3.570      3.873
  61   63     -4.476      1.067      4.082
  62   -2      9.241     -1.747     -2.382
  -1   33     15.510    -10.300     -7.540
  69   -2     -2.885     -9.889     -0.046
  -1   -2     -4.181     -0.169      2.257
  -1   -2     14.662    -11.010      1.994
  -1   42    -11.099     -8.304     -7.728
 132   48     16.392     -6.445      3.874
  40   -2      8.409      0.936      9.547
  53  118     -4.245     -1.751     -9.522
  71   59     -8.831    -12.050     -9.882
  72   69     15.002    -10.281      5.230
  -1   -2     17.441     -5.455     -2.876
  76   -2      3.276     -4.436      6.616
  -1   -2    -16.252    -10.589      5.439
  55   -2      0.320    -11.202     -3.159
  73   -2     15.966     -1.380      0.772
  66   -2     -0.982     -5.241     -9.481
  -1   -2     12.967     -7.604     10.350
  -1   27      6.696     -6.851     10.138
  -1   75     12.149      2.372      9.755
  -1   -2     16.919     -3.732      3.906
  -1   82      7.623     -6.008    -10.284
  63    1     15.312     -0.929     -4.844
  -1   -2      0.578    -10.138    -11.789
  84   -2     19.434      4.796     -6.003
  30   88     10.508     -4.098      6.935
  -1   -2      9.373     -7.202      9.468
  -1   -2      2.139     -9.230      6.739
  -1   -2     10.563     -2.488    -10.521
  -1  129     18.576     -4.780     -6.456
  -1   -2     22.554     -8.699     -9.012
  -1   -2      9.251     -6.822     -7.202
  -1   30     10.822     -1.870      4.299
  83   -2      7.690     -6.909     -7.524
  -1   -2      9.841    -10.317     -1.560
  -1   -2      7.002     -2.083     -3.845
  -1   -2      0.005     -2.670     -4.316
  -1   -2     16.751     -7.247      3.195
  -1   -2    -13.059     -7.294      5.800
  -1   61      8.335      5.479      9.208
   6   22      8.345     -6.605      0.238
  -1   -2     16.492     -8.795      6.365
  -1   23     16.795    -10.456     -0.351
  -1   -2     15.510    -10.300     -7.540
  -1   -2     17.441     -5.455     -2.876
  -1   -2      9.251     -6.822     -7.202
  -1   -2     10.822     -1.870      4.299
  -1   -2      7.002     -2.083     -3.845
  -1   -2      9.841    -10.317     -1.560
  -1   -2      8.345     -6.605      0.238
  -1   -2      0.005     -2.670     -4.316
  -1   -2    -13.059     -7.294      5.800
  -1   -2      8.335      5.479      9.208
  -1   -2     16.795    -10.456     -0.351
  -1   -2     16.492     -8.795      6.365
  79   35     17.441     -5.455     -2.876
  -1   -2      9.251     -6.822     -7.202
  -1   -2     10.822     -1.870      4.299
  -1   -2      7.002     -2.083     -3.845
  -1   -2      9.841    -10.317     -1.560
  -1   -2     16.751     -7.247      3.195
  -1   -2      0.005     -2.670     -4.316
  -1   -2    -13.059     -7.294      5.800
  -1   -2      8.335      5.479      9.208
  -1   -2     16.492     -8.795      6.365
 114   -2     16.795    -10.456     -0.351
  -1   -2      9.251     -6.822     -7.202
  -1   -2     10.822     -1.870      4.299
  -1   -2      9.841    -10.317     -1.560
  -1   -2      8.345     -6.605      0.238
  -1   -2      0.005     -2.670     -4.316
  -1   -2    -13.059     -7.294      5.800
  -1   -2      7.002     -2.083     -3.845
  -1   -2      8.335      5.479      9.208
  -1   -2     16.492     -8.795      6.365
  -1   -2      9.251     -6.822     -7.202
  -1   -2     10.822     -1.870      4.299
  -1   -2      9.841    -10.317     -1.560
  -1   -2      0.005     -2.670     -4.316
  -1   -2    -13.059     -7.294      5.800
  -1   -2      8.345     -6.605      0.238
  -1   -2      7.002     -2.083     -3.845
  -1   -2      8.335      5.479      9.208
  -1   -2      9.251     -6.822     -7.202
  -1   -2     10.822     -1.870      4.299
  -1   -2      9.841    -10.317     -1.560
  -1   -2      0.005     -2.670     -4.316
  -1   -2    -13.059     -7.294      5.800
  -1   -2      8.345     -6.605      0.238
  -1   -2      8.335      5.479      9.208
  -1   -2      7.002     -2.083     -3.845
  -1   -2      9.251     -6.822     -7.202
  -1   -2     10.822     -1.870      4.299
  -1   -2      9.841    -10.317     -1.560
  -1   -2      8.345     -6.605      0.238
  -1   -2      0.005     -2.670     -4.316
  -1   -2    -13.059     -7.294      5.800
  -1   -2      8.335      5.479      9.208
  -1   -2      7.002     -2.083     -3.845
   4  154      9.251     -6.822     -7.202
  -1   -2     10.822     -1.870      4.299
  -1   -2      9.841    -10.317     -1.560
  -1   -2      0.005     -2.670     -4.316
  -1   -2    -13.059     -7.294      5.800
  -1   -2      8.345     -6.605      0.238
  -1   -2      8.335      5.479      9.208
  -1   -2      7.002     -2.083     -3.845
  -1   -2     10.822     -1.870      4.299
  -1   -2      0.005     -2.670     -4.316
  -1   -2    -13.059     -7.294      5.800
  -1   -2      8.345     -6.605      0.238
  -1   -2      7.002     -2.083     -3.845
  -1   -2      8.335      5.479      9.208
  -1   -2     10.822     -1.870      4.299
  -1   -2      9.841    -10.317     -1.560
  -1   -2      0.005     -2.670     -4.316
  -1   -2      7.002     -2.083     -3.845
  -1   -2    -13.059     -7.294      5.800
  -1   -2      8.345     -6.605      0.238
  -1   -2      8.335      5.479      9.208
  -1   -2     10.822     -1.870      4.299
  -1   -2      9.841    -10.317     -1.560
  -1   -2      8.345     -6.605      0.238
  -1   -2      7.002     -2.083     -3.845
  -1   -2      0.005     -2.670     -4.316
  -1   -2    -13.059     -7.294      5.800
  -1   -2      8.335      5.479      9.208
  -1   -2     10.822     -1.870      4.299
  -1   -2      9.841    -10.317     -1.560
  -1   -2      7.002     -2.083     -3.845
  -1   -2      8.345     -6.605      0.238
  -1   -2      0.005     -2.670     -4.316
  -1   -2    -13.059     -7.294      5.800
  -1   -2      8.335      5.479      9.208
  -1   -2     10.822     -1.870      4.299
  45   -2      9.841    -10.317     -1.560
  -1   -2      0.005     -2.670     -4.316
  -1   -2    -13.059     -7.294      5.800
  -1   -2      7.002     -2.083     -3.845
  -1   -2      8.345     -6.605      0.238
  -1   -2      8.335      5.479      9.208
  -1   -2     10.822     -1.870      4.299
  -1   -2      7.002     -2.083     -3.845
  -1   -2      0.005     -2.670     -4.316
  -1   -2    -13.059     -7.294      5.800
  -1   -2      8.345     -6.605      0.238
  -1   -2      8.335      5.479      9.208
  -1   -2     10.822     -1.870      4.299
  -1   -2      7.002     -2.083     -3.845
  -1   -2      0.005     -2.670     -4.316
  -1   -2      8.345     -6.605      0.238
  -1   43    -13.059     -7.294      5.800
  -1   -2      8.335      5.479      9.208
  -1   -2     10.822     -1.870      4.299
  -1   -2      0.005     -2.670     -4.316
  -1   -2      7.002     -2.083     -3.845
  -1   -2      8.345     -6.605      0.238
  -1   -2      8.335      5.479      9.208
  -1   -2     10.822     -1.870      4.299
  -1   -2      0.005     -2.670     -4.316
  -1   -2      7.002     -2.083     -3.845
  -1   -2      8.345     -6.605      0.238
  -1   -2      8.335      5.479      9.208
  -1   -2     10.822     -1.870      4.299
  -1   -2      0.005     -2.670     -4.316
  -1   -2      8.345     -6.605      0.238
  -1   -2      8.335      5.479      9.208
  -1   -2      7.002     -2.083     -3.845
  -1   -2     10.822     -1.870      4.299
  -1   -2      0.005     -2.670     -4.316
  -1   -2      8.345     -6.605      0.238
  -1   -2      7.002     -2.083     -3.845
  -1   -2      8.335      5.479      9.208
  -1   -2     10.822     -1.870      4.299
  -1   -2      0.005     -2.670     -4.316
  -1   -2      8.345     -6.605      0.238
  -1   -2      8.335      5.479      9.208
  -1   -2      7.002     -2.083     -3.845
  -1   -2     10.822     -1.870      4.299
  -1   -2      7.002     -2.083     -3.845
  -1   -2      0.005     -2.670     -4.316
  -1   -2      8.345     -6.605      0.238
  -1   -2      8.335      5.479      9.208
  -1   -2     10.822     -1.870      4.299
  -1   -2      7.002     -2.083     -3.845
  -1   -2      0.005     -2.670     -4.316
  -1   -2      8.345     -6.605      0.238
  -1   -2      8.335      5.479      9.208
  -1   -2     10.822     -1.870      4.299
  -1   -2      0.005     -2.670     -4.316
  -1   -2      7.002     -2.083     -3.845
  -1   -2      8.345     -6.605      0.238
  -1   -2      8.335      5.479      9.208
  -1   -2     10.822     -1.870      4.299
  -1   -2      0.005     -2.670     -4.316
  -1   -2      8.345     -6.605      0.238
  -1   -2      7.002     -2.083     -3.845
  -1   -2      8.335      5.479      9.208
  -1   -2     10.822     -1.870      4.299
  -1   -2      0.005     -2.670     -4.316
  -1   -2      8.345     -6.605      0.238
  -1   -2      7.002     -2.083     -3.845
  -1   -2      8.335      5.479      9.208
  -1   -2     10.822     -1.870      4.299
  -1   -2      0.005     -2.670     -4.316
  33  258      8.345     -6.605      0.238
  -1   -2      7.002     -2.083     -3.845
  -1   -2      8.335      5.479      9.208
  -1   -2     10.822     -1.870      4.299
  -1   -2      0.005     -2.670     -4.316
  -1   -2      8.335      5.479      9.208
 232  244      7.002     -2.083     -3.845
  -1   -2     10.822     -1.870      4.299
  -1   -2      0.005     -2.670     -4.316
  -1   -2      8.335      5.479      9.208
  -1   -2     10.822     -1.870      4.299
  -1   -2      0.005     -2.670     -4.316
  -1   -2      8.335      5.479      9.208
  -1   -2     10.822     -1.870      4.299
  -1   -2      0.005     -2.670     -4.316
  -1   -2      8.335      5.479      9.208
  -1   -2     10.822     -1.870      4.299
  -1   -2      0.005     -2.670     -4.316
  -1   -2      8.335      5.479      9.208
  -1   -2     10.822     -1.870      4.299
  -1   -2      0.005     -2.670     -4.316
  -1   -2      8.335      5.479      9.208
  -1   -2     10.822     -1.870      4.299
  -1   -2      0.005     -2.670     -4.316
  -1   -2      8.335      5.479      9.208
  -1   -2     10.822     -1.870      4.299
  93   40      0.005     -2.670     -4.316
  -1   -2      8.335      5.479      9.208
  -1   -2     10.822     -1.870      4.299
  -1   -2      8.335      5.479      9.208
  -1   -2     10.822     -1.870      4.299
  -1   -2      8.335      5.479      9.208
  -1   -2     10.822     -1.870      4.299
  -1   -2      8.335      5.479      9.208
  -1   -2     10.822     -1.870      4.299
  -1   -2      8.335      5.479      9.208
  -1   -2     10.822     -1.870      4.299
  -1   -2      8.335      5.479      9.208
  -1   -2     10.822     -1.870      4.299
  -1   -2      8.335      5.479      9.208
  -1   -2     10.822     -1.870      4.299
  -1   -2      8.335      5.479      9.208
  -1   -2     10.822     -1.870      4.299
  -1   -2      8.335      5.479      9.208
  -1   -2     10.822     -1.870      4.299
  -1   -2      8.335      5.479      9.208
  -1   -2     10.822     -1.870      4.299
 293  304      8.335      5.479      9.208
  -1   -2     10.822     -1.870      4.299
  -1   -2     10.822     -1.870      4.299
 298   -2     10.822     -1.870      4.299
