281
  41   -2      4.600     -7.899      6.384
   0    1      8.181     -8.317     -0.667
  21   -2     14.020     -2.035     -4.659
  -1  148      9.207     -6.828     -7.201
  -1    5      5.641     -4.398     -6.199
  -1    6     11.228     -5.276      2.979
  58    7     -7.678     -6.228     -7.662
   9    9      6.837    -10.981     -0.973
 192   -2     11.020     -9.744     -3.204
  71   -2     12.511     -8.786      5.187
  -1   28     10.642     -1.863      4.745
   5  230     11.065     -5.299      0.033
  82   -2      7.865     -6.883     -6.961
  32   -2      8.341    -10.333     -4.815
  36   67     17.534     -8.023      1.321
  -1   27      6.004     -8.483     -1.205
  16   20     -3.590     -6.381     -4.046
  -1   11      6.054     -5.275      9.538
  18   22     -4.923    -10.522     -0.798
  -1   26      8.555     -8.004      7.583
  45   -2     17.693     -8.602     -0.823
  50   -2     -4.158     -4.385     -1.728
   3   30     12.835     -9.062     -0.999
  83   71     15.950     -3.754     -8.470
  22   -2      6.006     -6.551      5.080
  -1   -2      8.940     -8.554      2.269
  25   16      6.640     -7.349     -3.022
  73   -2      5.980     -7.126      9.420
  11   87      9.448     -3.275      7.695
  27   29      1.206     -9.869      8.846
  -1   -2      8.327      0.924     10.706
  38   -2     -8.458     -7.151      0.040
  -1   -2     -9.375     -3.432      3.296
  75   76     -0.772     -7.759     -6.634
  -1   -2      7.006     -2.083     -3.841
  -1   -2    -13.063     -7.294      5.815
  -1   73      8.343     -6.608      0.239
  35   -2    -12.587     -9.468     -4.247
  -1   97     16.753     -7.245      3.187
  14   39      8.046    -10.129     -7.328
  -1   54      8.338      5.480      9.206
   8  123     15.810     -6.672      1.744
  -1   60    -11.050    -10.516      0.874
  40   41     11.059    -11.051     -6.001
  42   45      5.840     -6.499    -10.355
  70    8     16.060     -4.921      3.201
  -1   84     -8.359     -5.172     -7.042
  -1   36     18.811     -6.272      0.901
  60   -2     20.060      3.948     -5.040
  -1   -2     17.581      3.829    -12.350
  19   90     -2.272     -4.272      1.324
  62   74     16.797    -10.452     -0.352
  65   -2     16.496     -8.794      6.348
  51   -2      0.801     -2.476     -6.814
  46   50    -11.323     -5.750     10.940
  53   53     12.187     -9.725      8.910
  -1   51    -11.224     -3.949     -1.978
  -1  108     -4.478      1.067      4.081
  48   -2     -6.091     -7.999     -3.738
  55   -2     10.660     -0.356      4.840
  49   89     17.879      0.004     -2.877
  39   17     -7.207     -9.472     -3.426
  81   56      1.959     -3.571      3.870
  -1   -2     17.437     -5.450     -2.871
  57   57     12.797     -6.129    -10.480
  30   -2      9.240     -1.745     -2.379
  -1   10     14.661    -11.010      1.993
  54   23    -11.712     -5.911     -1.259
  28   -2     15.511    -10.305     -7.547
  -1   -2     -4.243     -1.752     -9.528
  -1   34     -8.368    -11.009     -5.560
  66   -2      3.337     -9.702      6.741
  72   64     -9.408    -10.989     -9.856
  -1   -2     -1.903     -9.703     -3.174
  64   -2     -5.824     -2.278      3.794
  -1   -2      3.334      5.957      2.001
  74   72     10.597     -8.956     -1.154
  -1   70      6.699     -6.852     10.126
  76   -2      9.762     -3.614      6.941
  -1    3      2.140     -9.787     -0.676
  78   -2     -0.977     -5.242     -9.486
  -1   -2      4.852     -2.621      4.671
  59    2     15.311     -0.931     -4.871
  77   -2     12.142      2.358      9.739
  -1   82     19.430      4.796     -5.998
  -1   24     16.920     -6.416     -9.382
  -1   58     18.600     -1.264      1.806
  79   62      0.589    -10.135    -11.819
  -1   -2      7.623     -6.006    -10.290
  88   99     17.070     -9.017      4.215
  -1   19     18.868     -9.919     -2.390
  -1   -2     10.508     -4.101      6.940
  87   -2     18.573     -4.777     -6.454
  61   44     -6.093     -2.379     -6.919
  90   -2     -4.597     -7.226      2.443
  -1   -2      9.252     -6.823     -7.205
  -1   -2     10.810     -1.875      4.324
 114  119     -9.375     -3.432      3.296
  -1   -2      8.343     -6.608      0.239
  -1   -2    -13.063     -7.294      5.815
  -1   -2      7.006     -2.083     -3.841
  -1   -2      8.338      5.480      9.206
  -1   -2     -2.272     -4.272      1.324
  -1   -2     17.437     -5.450     -2.871
  -1   55     -4.243     -1.752     -9.528
  -1   -2      9.252     -6.823     -7.205
  -1   -2     10.810     -1.875      4.324
  -1   -2      7.006     -2.083     -3.841
  -1   -2     -9.375     -3.432      3.296
  -1   -2    -13.063     -7.294      5.815
  -1   -2      8.343     -6.608      0.239
  -1   -2      8.338      5.480      9.206
  -1   -2     -2.272     -4.272      1.324
  -1   -2     17.437     -5.450     -2.871
  -1   -2      9.252     -6.823     -7.205
  -1   -2     10.810     -1.875      4.324
  29   32     -9.375     -3.432      3.296
  -1   -2    -13.063     -7.294      5.815
  -1   -2      7.006     -2.083     -3.841
  -1   -2      8.338      5.480      9.206
  -1   -2      8.343     -6.608      0.239
  -1   -2     17.437     -5.450     -2.871
  -1   -2      9.252     -6.823     -7.205
  -1   -2     10.810     -1.875      4.324
  -1   -2      8.343     -6.608      0.239
  -1   -2    -13.063     -7.294      5.815
  -1   -2      8.338      5.480      9.206
  -1   -2      7.006     -2.083     -3.841
 127   -2     17.437     -5.450     -2.871
  -1   -2      9.252     -6.823     -7.205
  -1   -2     10.810     -1.875      4.324
  -1   -2      7.006     -2.083     -3.841
  -1   -2    -13.063     -7.294      5.815
  -1   -2      8.343     -6.608      0.239
  -1   -2      8.338      5.480      9.206
  -1   -2      9.252     -6.823     -7.205
  -1   -2     10.810     -1.875      4.324
  -1   -2    -13.063     -7.294      5.815
  -1   -2      8.338      5.480      9.206
  -1   -2      8.343     -6.608      0.239
  -1   -2      7.006     -2.083     -3.841
  -1   -2      9.252     -6.823     -7.205
  -1   -2     10.810     -1.875      4.324
  -1   -2      8.343     -6.608      0.239
  -1   -2    -13.063     -7.294      5.815
  -1   -2      7.006     -2.083     -3.841
  -1   -2      8.338      5.480      9.206
  -1   -2      9.252     -6.823     -7.205
  -1   -2     10.810     -1.875      4.324
  -1   -2      7.006     -2.083     -3.841
  -1   -2    -13.063     -7.294      5.815
  -1   -2      8.338      5.480      9.206
  92   -2      9.252     -6.823     -7.205
  -1   -2     10.810     -1.875      4.324
  -1   -2      8.343     -6.608      0.239
  -1   -2    -13.063     -7.294      5.815
  -1   -2      8.338      5.480      9.206
  -1   -2     10.810     -1.875      4.324
  -1   -2      8.343     -6.608      0.239
  -1   -2    -13.063     -7.294      5.815
  -1   -2      8.338      5.480      9.206
  -1   -2      7.006     -2.083     -3.841
  -1   -2     10.810     -1.875      4.324
  -1   -2      8.343     -6.608      0.239
  -1   -2    -13.063     -7.294      5.815
  -1   -2      8.338      5.480      9.206
  -1   -2      7.006     -2.083     -3.841
  -1   -2     10.810     -1.875      4.324
  -1   -2      7.006     -2.083     -3.841
  -1   -2      8.343     -6.608      0.239
  -1   -2    -13.063     -7.294      5.815
  -1   -2      8.338      5.480      9.206
  -1   -2     10.810     -1.875      4.324
  -1   -2    -13.063     -7.294      5.815
  -1   -2      7.006     -2.083     -3.841
  -1   -2      8.343     -6.608      0.239
  -1   -2      8.338      5.480      9.206
  -1   -2     10.810     -1.875      4.324
  -1   -2      7.006     -2.083     -3.841
  -1   -2      8.343     -6.608      0.239
  -1   -2    -13.063     -7.294      5.815
  -1   -2      8.338      5.480      9.206
  -1   -2     10.810     -1.875      4.324
  -1   -2      7.006     -2.083     -3.841
  -1   -2    -13.063     -7.294      5.815
  -1   -2      8.338      5.480      9.206
  -1   -2      8.343     -6.608      0.239
  -1   -2     10.810     -1.875      4.324
  -1   -2    -13.063     -7.294      5.815
  -1   -2      7.006     -2.083     -3.841
  -1   -2      8.343     -6.608      0.239
  -1   -2      8.338      5.480      9.206
  -1   -2     10.810     -1.875      4.324
  -1   -2      8.343     -6.608      0.239
  -1   -2    -13.063     -7.294      5.815
  -1   -2      8.338      5.480      9.206
  -1   -2      7.006     -2.083     -3.841
  -1   -2     10.810     -1.875      4.324
 210   -2    -13.063     -7.294      5.815
  -1   -2      8.343     -6.608      0.239
  -1   -2      8.338      5.480      9.206
  -1   -2      7.006     -2.083     -3.841
  -1   -2     10.810     -1.875      4.324
  -1   -2      8.343     -6.608      0.239
  -1   -2      7.006     -2.083     -3.841
  -1   -2      8.338      5.480      9.206
  -1   -2     10.810     -1.875      4.324
  -1   -2      8.343     -6.608      0.239
  -1   -2      8.338      5.480      9.206
  -1   -2      7.006     -2.083     -3.841
  -1   -2     10.810     -1.875      4.324
  -1   -2      8.343     -6.608      0.239
  -1   -2      8.338      5.480      9.206
  -1   -2      7.006     -2.083     -3.841
  -1   -2     10.810     -1.875      4.324
  -1   -2      8.343     -6.608      0.239
  -1   -2      7.006     -2.083     -3.841
  -1   -2      8.338      5.480      9.206
  -1   -2     10.810     -1.875      4.324
  -1   -2      8.343     -6.608      0.239
  -1   -2      7.006     -2.083     -3.841
  -1   -2      8.338      5.480      9.206
  -1   -2     10.810     -1.875      4.324
  56  235      7.006     -2.083     -3.841
  -1   -2      8.343     -6.608      0.239
  -1   -2      8.338      5.480      9.206
  -1   -2     10.810     -1.875      4.324
  -1   -2      8.343     -6.608      0.239
  -1   -2      8.338      5.480      9.206
  -1   -2     10.810     -1.875      4.324
  -1   -2      8.338      5.480      9.206
  -1   -2      8.343     -6.608      0.239
  -1   -2     10.810     -1.875      4.324
  -1   -2      8.343     -6.608      0.239
  -1   -2      8.338      5.480      9.206
  -1   -2     10.810     -1.875      4.324
  -1   -2      8.343     -6.608      0.239
  -1   -2      8.338      5.480      9.206
  -1   -2     10.810     -1.875      4.324
  -1   -2      8.338      5.480      9.206
  -1   -2     10.810     -1.875      4.324
  -1   -2      8.338      5.480      9.206
  -1   -2     10.810     -1.875      4.324
  -1   -2      8.338      5.480      9.206
  -1   -2     10.810     -1.875      4.324
  -1   -2      8.338      5.480      9.206
  -1   -2     10.810     -1.875      4.324
  -1   -2      8.338      5.480      9.206
  -1   -2     10.810     -1.875      4.324
  -1   -2      8.338      5.480      9.206
  -1   -2     10.810     -1.875      4.324
  -1   -2      8.338      5.480      9.206
  -1   -2     10.810     -1.875      4.324
  -1   -2      8.338      5.480      9.206
  -1   -2     10.810     -1.875      4.324
  -1   -2      8.338      5.480      9.206
  -1   -2     10.810     -1.875      4.324
  -1   -2      8.338      5.480      9.206
  -1   -2     10.810     -1.875      4.324
  -1   -2      8.338      5.480      9.206
  -1   -2     10.810     -1.875      4.324
  -1   -2      8.338      5.480      9.206
  -1   -2     10.810     -1.875      4.324
  -1   -2      8.338      5.480      9.206
  -1   -2     10.810     -1.875      4.324
  -1   -2      8.338      5.480      9.206
  -1   -2     10.810     -1.875      4.324
  -1   -2      8.338      5.480      9.206
  -1   -2     10.810     -1.875      4.324
  -1   -2      8.338      5.480      9.206
  -1   -2     10.810     -1.875      4.324
  -1   -2      8.338      5.480      9.206
  -1   -2     10.810     -1.875      4.324
  -1   -2      8.338      5.480      9.206
  -1   -2     10.810     -1.875      4.324
  -1   -2      8.338      5.480      9.206
  -1   -2     10.810     -1.875      4.324
  -1   -2     10.810     -1.875      4.324
  -1   -2     10.810     -1.875      4.324
  -1   -2     10.810     -1.875      4.324
 295  272     10.810     -1.875      4.324
