253
  -1    8     -4.777     -9.388      3.798
   8   -2     -7.443     -8.526     -6.182
  14   -2      8.183     -8.318     -0.661
   2   15     14.022     -2.033     -4.659
  31   37     -4.416     -7.215      2.826
  -1   -2      9.206     -6.827     -7.193
   3   -2      5.645     -4.397     -6.192
   5   -2     11.562     -5.224      1.651
   9   10     11.085     -9.709     -2.975
  90    9     -7.677     -6.228     -7.656
  -1   19     -5.311    -10.456      0.010
  -1   -2    -10.984     -6.418      1.380
  83   36     12.663     -5.582      8.401
  11   -2      6.768     -8.594      0.287
  13   68     12.517     -8.782      5.215
  18   -2      5.967     -9.526     -5.919
  -1   -2     10.634     -1.863      4.770
   6   -2     -5.415    -10.234      1.145
  -1   11      8.336    -10.331     -4.801
  29   -2      2.603     -6.210      9.803
  34   -2     17.534     -8.022      1.322
  16   22     12.352     -9.781      8.530
  -1   32     -3.583     -6.381     -4.033
  -1   23      0.141     -7.649      8.549
  44    7     10.377     -0.422      5.522
  -1    3      9.718    -11.111     -2.835
  80   -2      4.268     -9.445      1.117
  25   31     12.849     -9.038     -1.032
  24   27     15.953     -3.756     -8.475
  -1   30      6.004     -6.548      5.096
  26   28     11.598     -6.635     -5.127
  49   16     11.387     -9.011     -3.977
  -1   82      2.282     -9.540      5.420
  -1    2      6.638     -7.350     -3.021
  28   78      5.359     -8.438      6.714
  39   -2     -2.738     -6.702     -6.708
  33   35      9.457     -3.277      7.674
  21   -2     11.252     -8.485     -3.733
  76   -2      7.497     -5.053      7.870
  -1   62      7.003     -2.083     -3.851
  99  112     14.081      3.074     -3.663
  -1   -2     -0.775     -7.760     -6.641
  -1   59     -9.377     -3.432      3.302
  -1   56      0.005     -2.671     -4.314
  -1  222    -13.068     -7.293      5.829
  -1    0    -12.585     -9.467     -4.234
  -1   -2      8.344     -6.603      0.240
  -1   94     -9.135     -6.923      2.315
  17   74      8.228    -10.068     -6.734
  -1   76      8.336      5.479      9.207
  -1   88    -11.050    -10.513      0.880
  68   66     16.062     -4.921      3.194
  53   17      5.859     -6.498    -10.290
 106   -2     15.766     -7.544     -0.431
  -1   -2     15.808     -6.673      1.752
  -1  108     20.060      3.948     -5.040
  -1   70     16.796    -10.455     -0.354
  32   72     -0.271     -9.389     10.228
  -1   -2     16.495     -8.795      6.359
  36   -2     11.744    -10.121     -6.541
  59   20     -2.273     -4.273      1.328
  58   54    -11.328     -5.748     10.955
  -1   -2    -11.224     -3.949     -1.975
  47   18     -7.203     -9.473     -3.433
  64   60      1.958     -3.570      3.876
  67   65     12.794     -6.129    -10.466
  62   -2     17.879      0.004     -2.876
  63   69     -4.477      1.066      4.086
  75   -2     -7.277    -10.586      0.583
  -1  183      9.239     -1.748     -2.379
  -1   -2     14.663    -11.009      1.997
  -1   55     -4.241     -1.750     -9.527
  69   83     -1.807     -3.131     -9.031
  -1   -2     17.440     -5.451     -2.875
  -1   25      8.406      0.936      9.557
  73   -2      9.279     -9.455     -9.182
  51   -2     -7.483    -10.402    -10.375
  -1   -2      6.701     -6.853     10.129
  -1   -2     16.521     -7.914     -3.711
  91   -2      9.763     -3.618      6.944
  87   -2     12.142      2.361      9.737
  78   29      3.730     -7.625      3.795
  -1   -2    -10.537    -10.071      6.134
  -1   -2    -15.435    -10.536      2.586
  50   -2     -6.615     -4.115     -7.887
  81  150     -0.983     -5.246     -9.479
  -1   42    -11.792    -10.889    -11.928
  88   87     15.316     -0.930     -4.834
  86   -2     19.425      4.795     -5.980
  -1   -2     16.913     -6.415     -9.370
  -1   -2      1.240     -9.786      8.953
  94   -2     19.276     -9.721     -6.918
  -1   -2     10.517     -4.103      6.953
 109   95     18.577     -4.778     -6.459
  93   -2     -6.837     -7.806     -0.426
  -1   -2     10.571     -2.482    -10.531
  -1   -2      9.155     -6.829     -7.059
   7   97    -11.050     -6.411      1.616
  -1   -2     10.784     -1.874      4.394
  38   -2     14.081      3.074     -3.663
  -1   -2     -0.775     -7.760     -6.641
  -1   -2     -9.377     -3.432      3.302
  -1   -2      0.005     -2.671     -4.314
  -1   -2    -13.068     -7.293      5.829
  -1   -2      7.003     -2.083     -3.851
  -1   -2      8.344     -6.603      0.240
  -1   -2      8.336      5.479      9.207
  -1   -2     -9.135     -6.923      2.315
  -1   44     15.808     -6.673      1.752
  54   -2     20.060      3.948     -5.040
  56   21     16.495     -8.795      6.359
  61  109     17.440     -5.451     -2.875
  -1   -2      9.155     -6.829     -7.059
  -1   -2     10.784     -1.874      4.394
  -1   -2     -9.377     -3.432      3.302
  -1   -2     -0.775     -7.760     -6.641
  -1   -2      0.005     -2.671     -4.314
  -1   -2      8.344     -6.603      0.240
  -1   -2      7.003     -2.083     -3.851
  -1   -2    -13.068     -7.293      5.829
 118  126      7.341     -7.314     -0.836
  -1   -2      8.336      5.479      9.207
 122   -2     15.808     -6.673      1.752
  -1   -2     16.495     -8.795      6.359
  -1   -2     -4.727     -9.374      3.678
  -1   -2      9.155     -6.829     -7.059
  -1   -2     10.784     -1.874      4.394
  -1   -2     -9.377     -3.432      3.302
  -1   -2     -0.775     -7.760     -6.641
  -1   -2      0.005     -2.671     -4.314
  -1   -2    -13.068     -7.293      5.829
  -1   -2      8.344     -6.603      0.240
  -1   -2      7.003     -2.083     -3.851
  -1   -2      8.336      5.479      9.207
  -1   -2     16.495     -8.795      6.359
  -1   -2     -4.727     -9.374      3.678
  -1   -2      9.155     -6.829     -7.059
  -1   -2     10.784     -1.874      4.394
 121   -2     -9.135     -6.923      2.315
  -1   -2     -9.377     -3.432      3.302
  -1   -2     -0.775     -7.760     -6.641
  -1   -2      0.005     -2.671     -4.314
  -1   -2    -13.068     -7.293      5.829
  -1   -2      8.344     -6.603      0.240
  -1   -2      7.003     -2.083     -3.851
  -1   -2      8.336      5.479      9.207
 135   51     16.495     -8.795      6.359
  -1   -2     -4.727     -9.374      3.678
  -1   -2      9.155     -6.829     -7.059
  -1   -2     10.784     -1.874      4.394
  -1   -2     -9.377     -3.432      3.302
  -1   -2     -0.775     -7.760     -6.641
  -1   -2      0.005     -2.671     -4.314
  -1   -2    -13.068     -7.293      5.829
  -1   -2      8.344     -6.603      0.240
  -1   -2      8.336      5.479      9.207
  -1   -2      7.003     -2.083     -3.851
  -1   -2     -4.727     -9.374      3.678
  -1   -2      9.155     -6.829     -7.059
  -1   -2     10.784     -1.874      4.394
  -1   -2     -9.377     -3.432      3.302
  -1   -2      7.003     -2.083     -3.851
  -1   -2     -0.775     -7.760     -6.641
  -1   -2      0.005     -2.671     -4.314
  45  142      8.344     -6.603      0.240
  -1   -2    -13.068     -7.293      5.829
  -1   -2      8.336      5.479      9.207
 153  154     -4.727     -9.374      3.678
  -1   -2      9.155     -6.829     -7.059
  -1   -2     10.784     -1.874      4.394
  -1   -2      7.003     -2.083     -3.851
  -1   -2     -9.377     -3.432      3.302
  -1   -2     -0.775     -7.760     -6.641
  -1   -2      0.005     -2.671     -4.314
  -1   -2    -13.068     -7.293      5.829
  -1   -2      8.336      5.479      9.207
  -1   -2      9.155     -6.829     -7.059
  -1   -2     10.784     -1.874      4.394
  -1   -2     -9.377     -3.432      3.302
 149   -2     -0.775     -7.760     -6.641
  -1   -2      0.005     -2.671     -4.314
  -1   -2    -13.068     -7.293      5.829
  -1   -2      7.003     -2.083     -3.851
  -1   -2      8.336      5.479      9.207
  -1   -2      9.155     -6.829     -7.059
  -1   -2     10.784     -1.874      4.394
  -1   -2     -9.377     -3.432      3.302
  -1   -2      0.005     -2.671     -4.314
  -1   -2      7.003     -2.083     -3.851
  -1   -2    -13.068     -7.293      5.829
  -1   -2      8.336      5.479      9.207
  -1   -2      9.155     -6.829     -7.059
  -1   -2     10.784     -1.874      4.394
  -1   -2     -9.377     -3.432      3.302
  -1   -2      0.005     -2.671     -4.314
  -1   -2    -13.068     -7.293      5.829
  -1   -2      7.003     -2.083     -3.851
  -1   -2      8.336      5.479      9.207
  -1   -2      9.155     -6.829     -7.059
  -1   -2     10.784     -1.874      4.394
  -1   -2     -9.377     -3.432      3.302
  -1   -2      0.005     -2.671     -4.314
  -1   -2    -13.068     -7.293      5.829
  -1   -2      7.003     -2.083     -3.851
  -1   -2      8.336      5.479      9.207
  -1   -2      9.155     -6.829     -7.059
  -1   -2     10.784     -1.874      4.394
 191   -2     -9.377     -3.432      3.302
  41   73      0.005     -2.671     -4.314
  -1   -2    -13.068     -7.293      5.829
  66    6      7.003     -2.083     -3.851
  -1   -2      8.336      5.479      9.207
  -1   -2      9.155     -6.829     -7.059
  -1   -2     10.784     -1.874      4.394
  -1   -2    -13.068     -7.293      5.829
  -1   -2      8.336      5.479      9.207
  -1   -2      9.155     -6.829     -7.059
  -1   -2     10.784     -1.874      4.394
  -1   -2    -13.068     -7.293      5.829
  -1   -2      8.336      5.479      9.207
  -1   -2      9.155     -6.829     -7.059
  -1   -2     10.784     -1.874      4.394
  -1   -2    -13.068     -7.293      5.829
  -1   -2      8.336      5.479      9.207
  -1   -2      9.155     -6.829     -7.059
  -1   -2     10.784     -1.874      4.394
  -1   -2    -13.068     -7.293      5.829
  -1   -2      8.336      5.479      9.207
  -1   -2      9.155     -6.829     -7.059
  -1   -2     10.784     -1.874      4.394
  -1   -2    -13.068     -7.293      5.829
  -1   -2      8.336      5.479      9.207
  -1   -2      9.155     -6.829     -7.059
  -1   -2     10.784     -1.874      4.394
 227   -2    -13.068     -7.293      5.829
  -1   -2      8.336      5.479      9.207
  -1   -2      9.155     -6.829     -7.059
  -1   -2     10.784     -1.874      4.394
  -1   -2      8.336      5.479      9.207
  -1   -2      9.155     -6.829     -7.059
  -1   -2     10.784     -1.874      4.394
  -1   -2      8.336      5.479      9.207
  -1   -2      9.155     -6.829     -7.059
  -1   -2     10.784     -1.874      4.394
  -1   -2      8.336      5.479      9.207
   4  230      9.155     -6.829     -7.059
  -1   -2     10.784     -1.874      4.394
 234  229      8.336      5.479      9.207
  -1   -2     10.784     -1.874      4.394
  -1   -2     10.784     -1.874      4.394
  -1   -2     10.784     -1.874      4.394
  -1   -2     10.784     -1.874      4.394
  12  235     10.784     -1.874      4.394
