23
   2   -2     15.345     -7.712      6.453
  -1   -2     -5.210     -7.221     -3.253
  -1   27     -2.974     -9.733     -6.668
  -1   15     17.748    -10.851     -1.136
   5    4      6.244     -9.781     -5.095
  17    7     10.001     -6.831     -2.163
   4    8      9.968     -3.375      6.425
   6   -2     11.976     -7.909      1.486
  -1   16     21.872     -8.216     -7.024
  -1   -2     12.362     -7.036     11.513
   7   -2      3.205     -8.953     11.526
   9   11     10.720    -10.396     -4.330
  -1   -2     -4.706     -7.587     -8.046
  16   22     14.404     -9.736      7.731
  -1   -2     14.973     -7.175      7.116
  -1   14      8.966     -9.298      0.726
  14    6     16.705    -10.326      0.812
  19   17     11.326    -10.833      5.790
  13   12      9.722     -9.739      8.940
  -1    5     15.853     -9.075      7.896
   1   26     -5.305     -7.222     -3.498
  21   -2     -3.087     -9.742     -6.975
  -1    0     15.239     -7.744      6.534
