310
   0   87     -2.237     -9.713     -7.941
  61   57     14.024     -2.033     -4.660
   2   -2      8.188     -8.318     -0.678
   3    1     11.639     -7.465      4.538
  -1   20      7.512    -10.677      4.138
   6    4      5.643     -4.396     -6.196
  -1  197      9.202     -6.827     -7.188
  -1   10     11.225     -5.276      2.982
  -1   -2     -7.678     -6.229     -7.659
  -1    2     13.330     -8.705      7.931
  16   28     12.831     -9.070     -0.988
  72   -2      3.480     -8.387      5.249
  -1   -2      4.129     -7.926      7.223
  -1   -2     10.643     -1.863      4.743
  10   25     11.057     -5.293      0.004
  49    6      7.869     -6.881     -6.949
  33   15     18.305     -9.004     -2.835
  35   -2     17.527     -8.020      1.345
  45   23     -0.290     -9.342     10.163
  17   -2      5.623     -8.539     -2.347
  21   17     11.136     -9.009     -3.339
  18   -2     -3.585     -6.381     -4.032
  52   70      6.043     -5.274      9.565
  47    9     15.950     -9.496      5.772
  86   -2     15.956     -3.757     -8.486
 190   22     10.845     -6.259     -7.079
  12   -2      5.444     -8.431      7.024
  58   -2      6.640     -7.348     -3.020
  73   72      5.977     -7.125      9.426
  84   27      9.459     -3.276      7.669
  70   30      1.212     -9.866      8.863
  31   -2     17.088     -8.327     -3.602
  19   19     -5.785     -7.901     -3.202
  -1   40    -11.932     -9.654     -6.688
  -1   -2      6.999     -2.082     -3.841
  62   35     -9.378     -3.432      3.303
  -1   -2      0.005     -2.671     -4.316
  -1   -2     16.752     -7.247      3.192
  -1   93      8.346     -6.607      0.238
  -1   -2    -13.062     -7.293      5.806
  74   76      1.414     -7.696     -8.747
  -1   -2      8.336      5.481      9.205
  -1   66     -9.128     -6.922      2.300
  48   55     -6.448     -5.419     10.207
  -1   26     17.893     -7.885     -6.966
  46   97     -8.205    -10.816      7.634
  -1   -2     16.820     -6.379      5.417
  -1   44     16.056     -4.920      3.212
  -1   -2     21.616     -8.034      6.739
  30   42      8.571      1.023     10.050
  50   48     -8.356     -5.172     -7.039
  -1   32      5.849     -6.498    -10.317
  53   54    -11.339     -5.746     10.991
  -1   64     -7.946    -10.132      6.907
  80   63     19.182      3.905     -2.997
  59    0     -2.507     -9.860     -4.765
  56   43    -11.223     -3.949     -1.980
  -1   -2     17.440     -5.449     -2.876
  43    7     10.658     -0.356      4.843
  37   -2      9.240     -1.745     -2.381
  60   59     12.790     -6.125    -10.456
  -1   18      3.337     -9.700      6.737
  55   60      1.959     -3.566      3.873
  51   65     17.879      0.005     -2.877
  -1   62     -5.308      1.390      6.768
  -1   73     -4.244     -1.754     -9.527
  85   -2     -6.064    -10.461      2.569
  63   58    -11.709     -5.911     -1.253
  -1   -2     16.859      5.003     -6.497
  -1    8     -8.472     -9.864     -6.650
  -1   -2     12.140      2.364      9.738
  69   69     -9.405    -10.991     -9.851
  -1   -2      6.701     -6.853     10.123
  94   95      0.153     -5.002     -6.216
  -1   34     -8.538     -4.477      6.906
  79   78      7.620     -6.006    -10.279
  77   -2      0.597    -10.137    -11.850
  42   24     16.912     -6.413     -9.360
  75   14     15.308     -0.931     -4.862
  -1   61     16.921     -3.727      3.895
  -1   83     19.434      4.797     -6.010
  71   82     11.526     -4.662      9.506
  -1   -2      2.517     -5.074      9.895
  87   -2     -0.424    -10.873      4.246
  66   86     18.575     -4.775     -6.453
  29   -2     -4.603     -7.223      2.459
   4   98      7.512    -10.677      4.138
  -1   -2      9.249     -6.820     -7.191
  -1  305     10.813     -1.876      4.318
  34   -2    -11.932     -9.654     -6.688
 142  149      0.005     -2.671     -4.316
  -1   16     16.752     -7.247      3.192
  -1   -2    -13.062     -7.293      5.806
  -1   -2      6.999     -2.082     -3.841
  -1   -2      8.346     -6.607      0.238
  -1   21      8.336      5.481      9.205
  -1   -2     -4.244     -1.754     -9.527
  -1   -2      9.249     -6.820     -7.191
  -1   -2     10.813     -1.876      4.318
  -1   -2      6.999     -2.082     -3.841
  -1   -2      0.005     -2.671     -4.316
  -1   -2    -13.062     -7.293      5.806
  -1   -2      8.336      5.481      9.205
  -1   -2     -4.244     -1.754     -9.527
  -1   -2      9.249     -6.820     -7.191
  -1   -2     10.813     -1.876      4.318
  -1   -2      6.999     -2.082     -3.841
  -1   -2      0.005     -2.671     -4.316
  -1   -2    -13.062     -7.293      5.806
  -1   -2      8.336      5.481      9.205
  97   68     -4.244     -1.754     -9.527
  -1   -2      9.249     -6.820     -7.191
  -1   -2     10.813     -1.876      4.318
  -1   -2      0.005     -2.671     -4.316
  -1   -2    -13.062     -7.293      5.806
  -1   -2      8.336      5.481      9.205
  -1   -2      6.999     -2.082     -3.841
  -1   -2      9.249     -6.820     -7.191
  -1   -2     10.813     -1.876      4.318
  -1   -2      6.999     -2.082     -3.841
  -1   -2      0.005     -2.671     -4.316
  -1   -2    -13.062     -7.293      5.806
  -1   -2      8.336      5.481      9.205
  -1   -2      9.249     -6.820     -7.191
  -1   -2     10.813     -1.876      4.318
  -1   -2      6.999     -2.082     -3.841
  -1   -2      0.005     -2.671     -4.316
  -1   -2    -13.062     -7.293      5.806
  -1   -2      8.336      5.481      9.205
  -1   -2      9.249     -6.820     -7.191
  -1   -2     10.813     -1.876      4.318
  -1   -2      0.005     -2.671     -4.316
  -1   -2    -13.062     -7.293      5.806
  -1   -2      8.336      5.481      9.205
  -1   -2      6.999     -2.082     -3.841
  -1   -2      9.249     -6.820     -7.191
  -1   -2     10.813     -1.876      4.318
  -1   -2      6.999     -2.082     -3.841
  -1   -2      0.005     -2.671     -4.316
  -1   -2    -13.062     -7.293      5.806
  -1   -2      8.336      5.481      9.205
  -1   -2      9.249     -6.820     -7.191
  -1   -2     10.813     -1.876      4.318
  -1   36      0.005     -2.671     -4.316
  -1   -2    -13.062     -7.293      5.806
  -1   -2      6.999     -2.082     -3.841
  -1   -2      8.336      5.481      9.205
  -1   -2      9.249     -6.820     -7.191
  -1   -2     10.813     -1.876      4.318
  -1   -2      6.999     -2.082     -3.841
  -1   -2    -13.062     -7.293      5.806
  -1   -2      8.336      5.481      9.205
  -1   -2      9.249     -6.820     -7.191
  -1   -2     10.813     -1.876      4.318
  -1   -2      6.999     -2.082     -3.841
  -1   -2    -13.062     -7.293      5.806
  -1   -2      8.336      5.481      9.205
  -1   -2      9.249     -6.820     -7.191
  -1   -2     10.813     -1.876      4.318
  -1   -2      6.999     -2.082     -3.841
  -1   -2    -13.062     -7.293      5.806
  -1   -2      8.336      5.481      9.205
  -1   -2      9.249     -6.820     -7.191
  -1   -2     10.813     -1.876      4.318
  -1   -2    -13.062     -7.293      5.806
  -1   -2      8.336      5.481      9.205
  -1   -2      6.999     -2.082     -3.841
  -1   -2      9.249     -6.820     -7.191
  -1   -2     10.813     -1.876      4.318
  -1   -2    -13.062     -7.293      5.806
  -1   -2      8.336      5.481      9.205
  -1   -2      6.999     -2.082     -3.841
  -1   -2      9.249     -6.820     -7.191
  -1   -2     10.813     -1.876      4.318
  44  170    -13.062     -7.293      5.806
  -1   -2      8.336      5.481      9.205
  -1   -2      6.999     -2.082     -3.841
  -1   -2      9.249     -6.820     -7.191
  -1   -2     10.813     -1.876      4.318
  -1   -2      6.999     -2.082     -3.841
  -1   -2      8.336      5.481      9.205
  -1   -2      9.249     -6.820     -7.191
  -1   -2     10.813     -1.876      4.318
  -1   -2      6.999     -2.082     -3.841
  -1   -2      8.336      5.481      9.205
  -1   -2      9.249     -6.820     -7.191
  -1   -2     10.813     -1.876      4.318
  -1   -2      6.999     -2.082     -3.841
  -1   -2      8.336      5.481      9.205
   5   -2      9.249     -6.820     -7.191
  -1   -2     10.813     -1.876      4.318
  -1   -2      6.999     -2.082     -3.841
  -1   -2      8.336      5.481      9.205
  -1   -2     10.813     -1.876      4.318
  -1   -2      6.999     -2.082     -3.841
  -1   -2      8.336      5.481      9.205
  -1   -2     10.813     -1.876      4.318
  -1   -2      6.999     -2.082     -3.841
  -1   -2      8.336      5.481      9.205
  -1   -2     10.813     -1.876      4.318
  -1   -2      6.999     -2.082     -3.841
  -1   -2      8.336      5.481      9.205
  -1   -2     10.813     -1.876      4.318
  -1   -2      6.999     -2.082     -3.841
  -1   -2      8.336      5.481      9.205
  -1   -2     10.813     -1.876      4.318
  -1   -2      6.999     -2.082     -3.841
  -1   -2      8.336      5.481      9.205
  -1   -2     10.813     -1.876      4.318
  -1   -2      6.999     -2.082     -3.841
  -1   -2      8.336      5.481      9.205
  -1   -2     10.813     -1.876      4.318
  -1   -2      8.336      5.481      9.205
  -1   -2      6.999     -2.082     -3.841
  -1   -2     10.813     -1.876      4.318
  -1   -2      8.336      5.481      9.205
  -1   -2      6.999     -2.082     -3.841
  -1   -2     10.813     -1.876      4.318
  -1   -2      8.336      5.481      9.205
  -1   -2      6.999     -2.082     -3.841
  -1   -2     10.813     -1.876      4.318
  -1   -2      6.999     -2.082     -3.841
  -1   -2      8.336      5.481      9.205
  -1   -2     10.813     -1.876      4.318
  -1   -2      6.999     -2.082     -3.841
  -1   -2      8.336      5.481      9.205
  -1   -2     10.813     -1.876      4.318
  -1   -2      6.999     -2.082     -3.841
  -1   -2      8.336      5.481      9.205
  -1   -2     10.813     -1.876      4.318
  -1   -2      6.999     -2.082     -3.841
  -1   -2      8.336      5.481      9.205
  -1   -2     10.813     -1.876      4.318
  -1   -2      6.999     -2.082     -3.841
  -1   -2      8.336      5.481      9.205
  -1   -2     10.813     -1.876      4.318
  -1   -2      6.999     -2.082     -3.841
  -1   -2      8.336      5.481      9.205
  -1   -2     10.813     -1.876      4.318
  -1   -2      6.999     -2.082     -3.841
  -1   -2      8.336      5.481      9.205
  -1   -2     10.813     -1.876      4.318
  -1   -2      6.999     -2.082     -3.841
  -1   -2      8.336      5.481      9.205
  -1   -2     10.813     -1.876      4.318
  -1   -2      6.999     -2.082     -3.841
  -1   -2      8.336      5.481      9.205
  -1   -2     10.813     -1.876      4.318
  -1   -2      8.336      5.481      9.205
  -1   -2      6.999     -2.082     -3.841
  -1   -2     10.813     -1.876      4.318
  -1   -2      6.999     -2.082     -3.841
  -1   -2      8.336      5.481      9.205
  -1   -2     10.813     -1.876      4.318
  -1   -2      8.336      5.481      9.205
  -1   -2      6.999     -2.082     -3.841
  -1   -2     10.813     -1.876      4.318
  -1   -2      6.999     -2.082     -3.841
  -1   -2      8.336      5.481      9.205
  -1   -2     10.813     -1.876      4.318
  -1   -2      6.999     -2.082     -3.841
  -1   -2      8.336      5.481      9.205
  -1   -2     10.813     -1.876      4.318
 236  243      6.999     -2.082     -3.841
  -1   -2      8.336      5.481      9.205
  -1   -2     10.813     -1.876      4.318
  -1   -2      8.336      5.481      9.205
  -1   -2     10.813     -1.876      4.318
  -1   -2      8.336      5.481      9.205
  -1   -2     10.813     -1.876      4.318
  -1   -2      8.336      5.481      9.205
  -1   -2     10.813     -1.876      4.318
  -1   -2      8.336      5.481      9.205
  -1   -2     10.813     -1.876      4.318
  -1   -2      8.336      5.481      9.205
  -1   -2     10.813     -1.876      4.318
  -1   -2      8.336      5.481      9.205
  -1   -2     10.813     -1.876      4.318
  -1   -2      8.336      5.481      9.205
  -1   -2     10.813     -1.876      4.318
  -1   -2      8.336      5.481      9.205
  -1   -2     10.813     -1.876      4.318
  -1   -2      8.336      5.481      9.205
  -1   -2     10.813     -1.876      4.318
  -1   -2      8.336      5.481      9.205
  -1   -2     10.813     -1.876      4.318
  -1   -2      8.336      5.481      9.205
  -1   -2     10.813     -1.876      4.318
  -1   -2      8.336      5.481      9.205
  -1   -2     10.813     -1.876      4.318
  -1   -2      8.336      5.481      9.205
  -1   -2     10.813     -1.876      4.318
  -1   -2      8.336      5.481      9.205
  -1   -2     10.813     -1.876      4.318
  -1   -2      8.336      5.481      9.205
  -1   -2     10.813     -1.876      4.318
  -1   -2      8.336      5.481      9.205
  -1   -2     10.813     -1.876      4.318
  -1   -2      8.336      5.481      9.205
  -1   -2     10.813     -1.876      4.318
  -1   -2      8.336      5.481      9.205
  -1   -2     10.813     -1.876      4.318
  -1   -2      8.336      5.481      9.205
  -1   -2     10.813     -1.876      4.318
  -1   -2      8.336      5.481      9.205
  -1   -2     10.813     -1.876      4.318
 293  300      8.336      5.481      9.205
  -1   -2     10.813     -1.876      4.318
  -1   -2     10.813     -1.876      4.318
 298   -2     10.813     -1.876      4.318
