317
  -1   32     -2.245     -9.688     -7.749
  79    2     14.018     -2.034     -4.659
  69   -2     12.279     -7.819      8.393
   5    6      5.643     -4.395     -6.197
  -1   -2      9.206     -6.827     -7.195
  -1   -2     11.565     -5.229      1.690
  24   -2      6.732     -8.615      0.577
  -1   11     13.336     -8.704      7.941
   9   12     -7.678     -6.228     -7.661
  -1   -2     12.658     -5.580      8.399
  25    3     12.835     -9.070     -0.994
  57   15     -0.661    -10.937     -4.583
  -1    4      8.806     -8.316      0.537
  -1   -2     10.635     -1.861      4.765
  -1   -2      5.650    -10.468      8.074
  38   48     17.533     -8.022      1.333
  -1   27     11.134     -9.011     -3.337
   1   -2      6.762     -8.271      1.050
  -1   -2     -4.930    -10.522     -0.789
  -1   21     -3.577     -6.382     -4.026
  42    9     10.358     -0.428      5.566
  -1   -2     16.384     -9.270      6.068
  86   17     10.845     -6.253     -7.073
  -1   36     13.574     -8.219      7.239
  14   25     16.289     -8.456      2.250
  46   -2      1.525     -7.725      8.798
  -1   29      6.513     -8.243      3.137
  23   23     11.600     -6.630     -5.124
  22  102     15.957     -3.755     -8.488
  18   19      9.449     -3.275      7.693
  17   -2     19.098     -9.280     -1.030
  33   -2     17.087     -8.328     -3.606
  71    7      5.393    -10.786      4.012
  26   84      1.217     -9.866      8.878
  -1   10      5.627     -8.436      7.487
  28   33      8.326      0.924     10.703
  34   91     -7.024     -7.800      0.190
  40   16      6.469    -10.000    -10.225
  -1   72     -8.460     -7.152      0.032
  -1   -2     10.780     -7.889      9.952
  32   35     -9.375     -3.433      3.298
  43   18     16.753     -7.247      3.191
  -1  280      7.000     -2.083     -3.842
  -1   38     -0.770     -7.760     -6.625
  -1   -2      0.004     -2.672     -4.319
 175  190    -13.066     -7.294      5.815
  -1   42    -12.587     -9.469     -4.252
  -1   -2      8.344     -6.604      0.236
  -1   -2      1.417     -7.697     -8.754
  -1   -2      8.334      5.481      9.213
  -1  112     15.807     -6.671      1.750
  -1   -2    -11.052    -10.515      0.863
  47   77      5.859     -6.495    -10.283
  50   53     -8.832    -12.051     -9.884
  55   -2     -6.724     -7.488      8.766
  -1   61     -6.446     -5.419     10.208
  -1   68     20.059      3.947     -5.039
  -1  101     -2.275     -4.272      1.325
  53   57    -11.329     -5.748     10.955
  54   -2     -2.507     -9.860     -4.771
  -1   64    -11.224     -3.950     -1.977
  67   -2     17.877      0.006     -2.872
  74   -2      1.959     -3.567      3.875
  60   67     12.786     -6.126    -10.442
  65   -2     -5.308      1.388      6.774
  85   50     17.441     -5.452     -2.875
  68   -2    -11.706     -5.913     -1.247
  -1   -2     -8.121     -8.585      4.664
  45    0      0.851     -9.185      2.928
  64   89     -4.241     -1.750     -9.536
  13   73      9.284     -9.455     -9.205
  59   -2      3.275     -4.436      6.616
  -1    5     10.615     -6.506      9.442
  -1   26      6.699     -6.853     10.126
  78   81     12.144      2.357      9.745
  75   -2      7.624     -6.008    -10.272
  72   -2      3.723     -7.625      3.773
  97   58     18.999     -7.529     -3.021
  -1   83     15.310     -0.930     -4.873
  -1   71    -10.919     -5.366      2.105
  82   -2      0.603    -10.134    -11.854
  -1   85     16.917     -3.731      3.903
  81   24     16.927     -6.412     -9.399
  -1   13     12.630     -5.035      9.399
  73   -2     -0.984     -5.242     -9.476
  -1   60     19.437      4.796     -6.007
  83   -2     -8.964     -9.909      1.123
  -1   -2     18.574     -4.778     -6.451
  -1   -2     10.508     -4.099      6.933
  -1   -2     11.096     -2.224      3.674
  -1   -2      9.250     -6.821     -7.192
  -1  328     10.788     -1.871      4.384
  31   -2     10.780     -7.889      9.952
  -1   -2      7.000     -2.083     -3.842
  49   -2     -8.460     -7.152      0.032
  -1   66      0.004     -2.672     -4.319
  -1   -2    -13.066     -7.294      5.815
  -1   -2      8.344     -6.604      0.236
  -1   44      1.417     -7.697     -8.754
  39   75    -12.243     -9.569     -5.509
  -1   63      8.334      5.481      9.213
  52   -2     -2.275     -4.272      1.325
  87  104     -2.241     -9.699     -7.884
  -1   -2      9.250     -6.821     -7.192
  -1   -2     10.788     -1.871      4.384
  -1   -2      0.004     -2.672     -4.319
  -1   -2      7.000     -2.083     -3.842
 103   28      8.344     -6.604      0.236
  -1   -2    -13.066     -7.294      5.815
  -1   -2      8.334      5.481      9.213
  -1   -2      9.250     -6.821     -7.192
  -1   -2     10.788     -1.871      4.384
  -1   -2      7.000     -2.083     -3.842
  -1   -2      0.004     -2.672     -4.319
  -1   -2    -13.066     -7.294      5.815
  -1   -2      8.334      5.481      9.213
  -1   -2      9.250     -6.821     -7.192
  -1   -2     10.788     -1.871      4.384
  -1   -2      0.004     -2.672     -4.319
  -1   -2    -13.066     -7.294      5.815
  -1   -2      8.334      5.481      9.213
  -1   -2      7.000     -2.083     -3.842
  -1   -2      9.250     -6.821     -7.192
  -1   -2     10.788     -1.871      4.384
  -1   -2      0.004     -2.672     -4.319
  -1   -2    -13.066     -7.294      5.815
  -1   -2      8.334      5.481      9.213
  -1   -2      7.000     -2.083     -3.842
  -1   -2      9.250     -6.821     -7.192
  -1   -2     10.788     -1.871      4.384
  -1   -2      0.004     -2.672     -4.319
  -1   -2      7.000     -2.083     -3.842
  -1   -2    -13.066     -7.294      5.815
  -1   -2      8.334      5.481      9.213
  -1   -2      9.250     -6.821     -7.192
  -1   -2     10.788     -1.871      4.384
  -1   -2      7.000     -2.083     -3.842
  -1   -2      0.004     -2.672     -4.319
  -1   -2    -13.066     -7.294      5.815
  -1   -2      8.334      5.481      9.213
  -1   -2      9.250     -6.821     -7.192
  -1   -2     10.788     -1.871      4.384
  -1   -2      0.004     -2.672     -4.319
  -1   -2    -13.066     -7.294      5.815
  -1   -2      8.334      5.481      9.213
  -1   -2      7.000     -2.083     -3.842
  -1   -2      9.250     -6.821     -7.192
  -1   -2     10.788     -1.871      4.384
  -1   -2      0.004     -2.672     -4.319
  -1   -2    -13.066     -7.294      5.815
  -1   -2      8.334      5.481      9.213
  -1   -2      7.000     -2.083     -3.842
  -1   -2      9.250     -6.821     -7.192
  -1   -2     10.788     -1.871      4.384
  -1   -2      0.004     -2.672     -4.319
  -1   -2    -13.066     -7.294      5.815
  -1   -2      7.000     -2.083     -3.842
  -1   -2      8.334      5.481      9.213
  -1   -2      9.250     -6.821     -7.192
  -1   -2     10.788     -1.871      4.384
 149  164      0.004     -2.672     -4.319
  -1   -2    -13.066     -7.294      5.815
  -1   -2      7.000     -2.083     -3.842
  -1   -2      8.334      5.481      9.213
  -1   -2      9.250     -6.821     -7.192
  -1   -2     10.788     -1.871      4.384
  -1   -2    -13.066     -7.294      5.815
  -1   -2      7.000     -2.083     -3.842
  -1   -2      8.334      5.481      9.213
  -1   -2      9.250     -6.821     -7.192
  -1   -2     10.788     -1.871      4.384
  -1   -2    -13.066     -7.294      5.815
  -1   -2      7.000     -2.083     -3.842
  -1   -2      8.334      5.481      9.213
  -1   -2      9.250     -6.821     -7.192
  -1   -2     10.788     -1.871      4.384
  -1   -2      7.000     -2.083     -3.842
  -1   -2    -13.066     -7.294      5.815
  -1   -2      8.334      5.481      9.213
  -1   -2      9.250     -6.821     -7.192
  -1   -2     10.788     -1.871      4.384
  37   -2    -13.066     -7.294      5.815
  -1   -2      8.334      5.481      9.213
  -1   -2      7.000     -2.083     -3.842
  -1   -2      9.250     -6.821     -7.192
  -1   -2     10.788     -1.871      4.384
  -1   -2      7.000     -2.083     -3.842
  -1   -2      8.334      5.481      9.213
  -1   -2      9.250     -6.821     -7.192
  -1   -2     10.788     -1.871      4.384
  -1   -2      7.000     -2.083     -3.842
  -1   -2      8.334      5.481      9.213
  -1   -2      9.250     -6.821     -7.192
  -1   -2     10.788     -1.871      4.384
  -1   -2      7.000     -2.083     -3.842
  -1   -2      8.334      5.481      9.213
  -1   -2      9.250     -6.821     -7.192
  -1   -2     10.788     -1.871      4.384
  -1   -2      7.000     -2.083     -3.842
  -1   -2      8.334      5.481      9.213
  -1   -2      9.250     -6.821     -7.192
  -1   -2     10.788     -1.871      4.384
  -1   -2      7.000     -2.083     -3.842
  -1   -2      8.334      5.481      9.213
  -1   -2      9.250     -6.821     -7.192
  -1   -2     10.788     -1.871      4.384
  -1   -2      7.000     -2.083     -3.842
  -1   -2      8.334      5.481      9.213
 194  209      9.250     -6.821     -7.192
  -1   -2     10.788     -1.871      4.384
  -1   -2      8.334      5.481      9.213
  -1   -2      7.000     -2.083     -3.842
  -1   -2     10.788     -1.871      4.384
  -1   -2      7.000     -2.083     -3.842
  -1   -2      8.334      5.481      9.213
  -1   -2     10.788     -1.871      4.384
  -1   -2      8.334      5.481      9.213
  -1   -2      7.000     -2.083     -3.842
  -1   -2     10.788     -1.871      4.384
  -1   -2      7.000     -2.083     -3.842
  -1   -2      8.334      5.481      9.213
  -1   -2     10.788     -1.871      4.384
  -1   -2      7.000     -2.083     -3.842
  -1   -2      8.334      5.481      9.213
  -1   -2     10.788     -1.871      4.384
  -1   -2      8.334      5.481      9.213
  -1   -2     10.788     -1.871      4.384
  -1   -2      8.334      5.481      9.213
  -1   -2      7.000     -2.083     -3.842
  -1   -2     10.788     -1.871      4.384
  -1   -2      8.334      5.481      9.213
  -1   -2      7.000     -2.083     -3.842
  -1   -2     10.788     -1.871      4.384
  -1   -2      7.000     -2.083     -3.842
  -1   -2      8.334      5.481      9.213
  -1   -2     10.788     -1.871      4.384
  -1   -2      7.000     -2.083     -3.842
  -1   -2      8.334      5.481      9.213
  -1   -2     10.788     -1.871      4.384
  -1   -2      7.000     -2.083     -3.842
  -1   -2      8.334      5.481      9.213
  -1   -2     10.788     -1.871      4.384
  -1   -2      7.000     -2.083     -3.842
  -1   -2      8.334      5.481      9.213
  -1   -2     10.788     -1.871      4.384
  -1   -2      7.000     -2.083     -3.842
  -1   -2      8.334      5.481      9.213
  -1   -2     10.788     -1.871      4.384
  -1   -2      8.334      5.481      9.213
  -1   -2      7.000     -2.083     -3.842
  -1   -2     10.788     -1.871      4.384
  -1   -2      8.334      5.481      9.213
  -1   -2      7.000     -2.083     -3.842
  -1   -2     10.788     -1.871      4.384
  91   95      7.000     -2.083     -3.842
  -1   -2      8.334      5.481      9.213
  -1   -2     10.788     -1.871      4.384
  -1   -2      8.334      5.481      9.213
  -1   -2     10.788     -1.871      4.384
  -1   -2      8.334      5.481      9.213
  -1   -2     10.788     -1.871      4.384
  -1   -2      8.334      5.481      9.213
  -1   -2     10.788     -1.871      4.384
  -1   -2      8.334      5.481      9.213
  -1   -2     10.788     -1.871      4.384
  -1   -2      8.334      5.481      9.213
  -1   -2     10.788     -1.871      4.384
  -1   -2      8.334      5.481      9.213
  -1   -2     10.788     -1.871      4.384
  -1   -2      8.334      5.481      9.213
  -1   -2     10.788     -1.871      4.384
  -1   -2      8.334      5.481      9.213
  -1   -2     10.788     -1.871      4.384
  -1   -2      8.334      5.481      9.213
  -1   -2     10.788     -1.871      4.384
  -1   -2      8.334      5.481      9.213
  -1   -2     10.788     -1.871      4.384
  -1   -2      8.334      5.481      9.213
  -1   -2     10.788     -1.871      4.384
  -1   -2      8.334      5.481      9.213
  -1   -2     10.788     -1.871      4.384
  -1   -2      8.334      5.481      9.213
  -1   -2     10.788     -1.871      4.384
  -1   -2      8.334      5.481      9.213
  -1   -2     10.788     -1.871      4.384
  -1   -2      8.334      5.481      9.213
  -1   -2     10.788     -1.871      4.384
  -1   -2      8.334      5.481      9.213
  -1   -2     10.788     -1.871      4.384
  -1   -2      8.334      5.481      9.213
  -1   -2     10.788     -1.871      4.384
  -1   -2      8.334      5.481      9.213
  -1   -2     10.788     -1.871      4.384
  -1   -2      8.334      5.481      9.213
  -1   -2     10.788     -1.871      4.384
  -1   -2      8.334      5.481      9.213
  -1   -2     10.788     -1.871      4.384
  -1   -2      8.334      5.481      9.213
  -1   -2     10.788     -1.871      4.384
  -1   -2      8.334      5.481      9.213
  -1   -2     10.788     -1.871      4.384
  -1   -2      8.334      5.481      9.213
  -1   -2     10.788     -1.871      4.384
  -1   -2      8.334      5.481      9.213
  -1   -2     10.788     -1.871      4.384
  -1   -2      8.334      5.481      9.213
  -1   -2     10.788     -1.871      4.384
  -1   -2      8.334      5.481      9.213
  -1   -2     10.788     -1.871      4.384
  -1   -2      8.334      5.481      9.213
  -1   -2     10.788     -1.871      4.384
 311  325      8.334      5.481      9.213
  -1   -2     10.788     -1.871      4.384
  -1   -2     10.788     -1.871      4.384
  -1   -2     10.788     -1.871      4.384
  -1   -2     10.788     -1.871      4.384
 314   -2     10.788     -1.871      4.384
