269
   0  133     15.905    -10.173     -0.102
   9    1      8.186     -8.318     -0.667
  85    4     14.025     -2.033     -4.675
  20   -2     -1.510     -7.374      8.162
   2    2      5.643     -4.397     -6.197
  -1   -2      9.202     -6.828     -7.185
  56   22     11.553     -5.225      1.648
   6   -2     -7.675     -6.230     -7.665
   7    6     11.183     -5.322      2.826
  28   24     11.048     -9.729     -3.112
  -1    8      6.767     -8.594      0.285
  -1  275     10.638     -1.862      4.760
  10    9     12.518     -8.783      5.202
  48   13      7.866     -6.884     -6.959
   4   78     -8.249    -10.832      7.612
  73   10      1.982     -6.129      8.124
  14   -2      8.343    -10.332     -4.813
  17   16     -3.590     -6.379     -4.036
  15   18     17.535     -8.021      1.322
  65   26     -4.926    -10.522     -0.790
  64   86     10.366     -0.427      5.546
  16   15     -5.117    -10.893     -0.543
  63   -2     12.841     -9.051     -1.011
  21   21     15.955     -3.755     -8.484
  19   -2     11.604     -6.636     -5.131
  -1   77      6.008     -6.552      5.079
  -1   93      8.940     -8.553      2.276
  24   -2      6.638     -7.348     -3.021
  26   29      9.451     -3.274      7.689
  25   30      1.220     -9.866      8.885
  66   33     17.090     -8.331     -3.609
  -1   28      9.843    -10.303     -1.564
  71   -2     -9.588     -8.731     10.438
  -1  147     -8.458     -7.153      0.032
  36   43     16.754     -7.249      3.183
  -1   -2     -0.782     -7.763     -6.659
  -1   -2     -9.382     -3.431      3.320
  -1  250      0.006     -2.671     -4.315
  -1   -2    -13.061     -7.295      5.813
  -1   -2     -0.207    -10.744      3.591
  -1   -2      7.003     -2.086     -3.847
  -1   -2      8.344     -6.606      0.239
  41  103      9.296    -10.921      5.915
  -1   20      8.333      5.477      9.217
  -1   49     10.206    -12.144    -10.037
  99   -2      8.569      1.021     10.053
  -1   -2     17.556      3.824    -12.286
  45   72     -8.197    -12.222     -9.530
 100   -2     15.808     -6.672      1.744
  46   52     11.061    -11.052     -6.002
  -1    5     -8.357     -5.171     -7.037
  90   51      5.854     -6.497    -10.307
  -1   -2     -1.496     -8.037      3.474
  51   55    -11.339     -5.750     10.991
  -1   -2     16.496     -8.798      6.356
  -1   -2     -2.273     -4.273      1.328
  49   -2     19.182      3.904     -2.993
  55   62     -7.206     -9.475     -3.433
  54   58    -11.222     -3.949     -1.975
  -1  174     -2.503     -9.859     -4.760
  12  230      9.240     -1.747     -2.381
  58   -2      1.958     -3.571      3.877
  -1   36     16.862      5.002     -6.498
  -1   -2     15.060     -6.526      9.423
  -1   -2    -15.917    -10.562      3.849
  59   66     12.795     -6.129    -10.469
  57   61     17.878      0.003     -2.876
  61   65     -4.477      1.066      4.086
  44   88     17.441     -5.448     -2.877
  -1   71     14.451    -10.492      3.296
  -1   -2     16.928     -9.612     -2.074
  32   -2    -11.710     -5.914     -1.253
  -1   -2     14.663    -11.009      1.993
  -1   14      9.289     -9.458     -9.220
  62   70     -4.243     -1.753     -9.528
  -1   27    -11.937    -10.168     11.365
  82   87     -5.773    -10.404      8.458
  69   32      6.699     -6.854     10.130
   8   -2     10.607     -8.958     -1.177
  68   -2     -9.407    -10.993     -9.850
  50   -2     15.926    -10.430     -3.501
  23   63      3.282     -4.432      6.606
  80   -2      3.727     -7.624      3.783
  81   80     16.921     -3.732      3.903
  77   82     19.440      4.797     -6.020
  -1   11     15.315     -0.929     -4.849
  31   -2      9.801      3.350      2.161
  -1   -2     16.900     -6.413     -9.332
  -1   85     10.514     -4.102      6.946
  84   -2     -4.605     -7.226      2.470
  -1   64     18.576     -4.778     -6.455
  -1   -2     15.966    -10.165     -0.123
  -1   -2      9.251     -6.822     -7.204
  -1   -2     10.797     -1.873      4.362
  -1   -2      9.843    -10.303     -1.564
  -1   -2      7.003     -2.086     -3.847
  -1   -2     -8.458     -7.153      0.032
  -1   -2     -9.382     -3.431      3.320
  -1   -2     -0.781     -7.763     -6.659
  -1   23      8.344     -6.606      0.239
  -1   -2      0.006     -2.671     -4.315
  -1  162    -13.061     -7.295      5.813
  -1   -2      8.333      5.477      9.217
  -1   19     16.496     -8.798      6.356
  -1   -2     15.966    -10.165     -0.123
  -1   -2     15.966    -10.165     -0.123
   3  109      9.251     -6.822     -7.204
  -1   -2     10.797     -1.873      4.362
  -1   -2      9.843    -10.303     -1.564
  -1   -2      7.003     -2.086     -3.847
  -1   -2     -0.781     -7.763     -6.659
  -1   -2     -9.382     -3.431      3.320
  -1   -2     -8.458     -7.153      0.032
  -1   -2      0.006     -2.671     -4.315
  -1   -2    -13.061     -7.295      5.813
  -1   -2      8.333      5.477      9.217
  -1   -2      8.344     -6.606      0.239
  -1   -2     16.496     -8.798      6.356
  -1   -2     15.966    -10.165     -0.123
 114   -2     15.966    -10.165     -0.123
  -1   -2     10.797     -1.873      4.362
  -1   -2      9.843    -10.303     -1.564
  -1   -2     -8.458     -7.153      0.032
  -1   -2     -9.382     -3.431      3.320
  -1   -2     -0.781     -7.763     -6.659
  -1   -2      0.006     -2.671     -4.315
  -1   -2    -13.061     -7.295      5.813
  -1   -2      7.003     -2.086     -3.847
  -1   -2      8.344     -6.606      0.239
  -1   -2      8.333      5.477      9.217
  -1   -2     16.496     -8.798      6.356
  -1   -2     10.797     -1.873      4.362
  -1   -2     -9.382     -3.431      3.320
  -1   -2      8.344     -6.606      0.239
  -1   -2     -0.781     -7.763     -6.659
  -1   -2      0.006     -2.671     -4.315
  -1   -2     -8.458     -7.153      0.032
  -1   -2    -13.061     -7.295      5.813
  -1   -2      8.333      5.477      9.217
  -1   -2      7.003     -2.086     -3.847
  -1   -2     16.496     -8.798      6.356
  -1   -2     10.797     -1.873      4.362
  -1   -2     -8.458     -7.153      0.032
  -1   -2     -0.781     -7.763     -6.659
  -1   -2      0.006     -2.671     -4.315
  -1   -2     -9.382     -3.431      3.320
  -1   -2    -13.061     -7.295      5.813
  -1   -2      8.344     -6.606      0.239
  -1   -2      8.333      5.477      9.217
  -1   -2      7.003     -2.086     -3.847
  -1   -2     16.496     -8.798      6.356
  -1   -2     10.797     -1.873      4.362
  -1   -2      8.344     -6.606      0.239
  -1   -2      7.003     -2.086     -3.847
 149  167     -9.382     -3.431      3.320
  -1   -2     -8.458     -7.153      0.032
  -1   -2     -0.781     -7.763     -6.659
  -1   -2      0.006     -2.671     -4.315
  -1   -2    -13.061     -7.295      5.813
  -1   -2      8.333      5.477      9.217
  -1   -2     16.496     -8.798      6.356
  -1   -2     10.797     -1.873      4.362
  42   31     -8.458     -7.153      0.032
  -1   -2      8.344     -6.606      0.239
  -1   -2     -0.781     -7.763     -6.659
  -1   -2      0.006     -2.671     -4.315
  -1   -2    -13.061     -7.295      5.813
  -1   -2      8.333      5.477      9.217
  -1   -2      7.003     -2.086     -3.847
  -1   -2     16.496     -8.798      6.356
  -1   -2     10.797     -1.873      4.362
  -1   -2     -0.781     -7.763     -6.659
  -1   -2      8.344     -6.606      0.239
  -1   -2      0.006     -2.671     -4.315
  -1   -2    -13.061     -7.295      5.813
  -1   -2      8.333      5.477      9.217
  -1   -2      7.003     -2.086     -3.847
 101  172     16.496     -8.798      6.356
  -1   -2     10.797     -1.873      4.362
 157   79     -0.781     -7.763     -6.659
  -1   -2      8.344     -6.606      0.239
  -1   -2      0.006     -2.671     -4.315
  78   -2    -13.061     -7.295      5.813
  -1   -2      7.003     -2.086     -3.847
  -1   -2      8.333      5.477      9.217
  -1   -2     10.797     -1.873      4.362
  -1   -2      0.006     -2.671     -4.315
  -1   -2      8.344     -6.606      0.239
  -1   -2      7.003     -2.086     -3.847
  -1   -2      8.333      5.477      9.217
  -1   -2     10.797     -1.873      4.362
  -1   -2      7.003     -2.086     -3.847
  -1   -2      8.344     -6.606      0.239
  -1   -2      0.006     -2.671     -4.315
  -1   -2      8.333      5.477      9.217
  -1   -2     10.797     -1.873      4.362
  -1   -2      7.003     -2.086     -3.847
  -1   -2      0.006     -2.671     -4.315
  -1   -2      8.344     -6.606      0.239
  -1   -2      8.333      5.477      9.217
  -1   -2     10.797     -1.873      4.362
  -1   -2      0.006     -2.671     -4.315
  -1   -2      7.003     -2.086     -3.847
  -1   -2      8.333      5.477      9.217
  -1   -2      8.344     -6.606      0.239
  -1   -2     10.797     -1.873      4.362
  -1   -2      0.006     -2.671     -4.315
  -1   -2      8.344     -6.606      0.239
  -1   -2      7.003     -2.086     -3.847
  -1   -2      8.333      5.477      9.217
  -1   -2     10.797     -1.873      4.362
  -1   -2      7.003     -2.086     -3.847
  -1   -2      0.006     -2.671     -4.315
  -1   -2      8.344     -6.606      0.239
  -1   -2      8.333      5.477      9.217
  -1   -2     10.797     -1.873      4.362
  95   -2      7.003     -2.086     -3.847
  -1   -2      0.006     -2.671     -4.315
  93  232      8.344     -6.606      0.239
  -1   -2      8.333      5.477      9.217
  -1   -2     10.797     -1.873      4.362
  -1   -2      0.006     -2.671     -4.315
  -1   -2      8.333      5.477      9.217
  -1   -2     10.797     -1.873      4.362
  -1   -2      0.006     -2.671     -4.315
  -1   -2      8.333      5.477      9.217
  -1   -2     10.797     -1.873      4.362
  -1   -2      0.006     -2.671     -4.315
  -1   -2      8.333      5.477      9.217
  -1   -2     10.797     -1.873      4.362
  -1   -2      0.006     -2.671     -4.315
  -1   -2      8.333      5.477      9.217
  -1   -2     10.797     -1.873      4.362
  -1   -2      0.006     -2.671     -4.315
  -1   -2      8.333      5.477      9.217
  -1   -2     10.797     -1.873      4.362
  -1   -2      0.006     -2.671     -4.315
  -1   -2      8.333      5.477      9.217
  -1   -2     10.797     -1.873      4.362
  -1   -2      0.006     -2.671     -4.315
  -1   -2      8.333      5.477      9.217
  -1   -2     10.797     -1.873      4.362
  96   -2      0.006     -2.671     -4.315
  -1   -2      8.333      5.477      9.217
  -1   -2     10.797     -1.873      4.362
  -1   -2      8.333      5.477      9.217
  -1   -2     10.797     -1.873      4.362
  -1   -2      8.333      5.477      9.217
  -1   -2     10.797     -1.873      4.362
  -1   -2      8.333      5.477      9.217
  -1   -2     10.797     -1.873      4.362
  -1   -2      8.333      5.477      9.217
  -1   -2     10.797     -1.873      4.362
  -1   -2      8.333      5.477      9.217
  -1   -2     10.797     -1.873      4.362
  -1   -2      8.333      5.477      9.217
  -1   -2     10.797     -1.873      4.362
  -1   -2      8.333      5.477      9.217
  -1   -2     10.797     -1.873      4.362
  -1   -2      8.333      5.477      9.217
  -1   -2     10.797     -1.873      4.362
  -1   -2      8.333      5.477      9.217
  -1   -2     10.797     -1.873      4.362
 255  271      8.333      5.477      9.217
  -1   -2     10.797     -1.873      4.362
  -1   -2     10.797     -1.873      4.362
  -1   -2     10.797     -1.873      4.362
  -1   -2     10.797     -1.873      4.362
  11   -2     10.797     -1.873      4.362
