299
 261    0      8.181     -8.317     -0.670
   1   -2     14.021     -2.035     -4.654
   2   30      4.508     -7.843      6.100
  36   -2     -5.007     -6.638      0.037
  -1  162      9.206     -6.828     -7.197
   3    4      5.642     -4.397     -6.201
  20  103     11.560     -5.232      1.676
  84    5     11.182     -5.321      2.821
  96   -2     11.026     -9.740     -3.178
  25   -2     12.513     -8.785      5.197
  -1   -2     10.644     -1.864      4.746
  33   23     -0.359     -7.514      4.446
  48   25      7.868     -6.884     -6.957
  15   15      8.344    -10.333     -4.821
  -1   14      6.838    -10.947     -0.960
  13   28      6.000     -8.482     -1.215
 123   16     17.532     -8.021      1.330
  18   -2     -4.920    -10.523     -0.799
  85   29     10.376     -0.423      5.523
  24    1     15.956     -3.752     -8.480
  22   20      1.346     -9.909      9.234
  66   -2     12.835     -9.059     -0.993
  26   22     -6.105     -7.384      5.687
  11   -2     11.156     -8.521     -3.160
  44   24      6.002     -6.549      5.104
  17   -2      6.503     -5.517      8.495
  16   -2     17.582     -6.745     -4.125
 140   -2     -8.430     -6.234      7.770
   0   -2      6.634     -7.344     -3.037
  -1   -2      5.982     -7.123      9.416
  29   88      9.458     -3.277      7.672
  34   31     10.247     -0.863     -4.132
  89   11     -6.247     -7.898     -2.387
  -1  268      8.344     -6.609      0.241
  -1   -2     16.754     -7.248      3.192
  -1   -2      9.843    -10.315     -1.565
  -1   -2     -0.772     -7.761     -6.631
  -1   -2      0.005     -2.671     -4.315
  -1   19    -12.590     -9.471     -4.250
  -1   -2    -13.063     -7.294      5.816
  -1   70      8.336      5.479      9.210
  -1   -2      7.000     -2.083     -3.835
  -1   -2     -9.126     -6.922      2.292
  -1   -2      8.572      1.021     10.049
  -1   -2     -8.203    -10.816      7.641
  49  198     11.054    -11.050     -5.988
  76   -2      0.972     -5.364      8.378
  -1   49     20.061      3.947     -5.039
  10   50      5.852     -6.498    -10.299
  -1   -2     16.496     -8.795      6.359
  -1   -2     16.794    -10.453     -0.348
  69    6     -6.325     -4.143     -7.139
  52   -2    -11.340     -5.747     10.987
  73   71     -7.391     -6.248     -8.658
  57   54     -2.506     -9.861     -4.766
  59   77     -0.006    -11.179     -3.812
  56   57     12.195     -9.725      8.893
  -1   42    -11.221     -3.950     -1.972
  63   61      1.959     -3.570      3.870
  46   17     -7.209     -9.469     -3.426
  -1   60     12.796     -6.128    -10.473
  58   62     -4.478      1.065      4.086
  64   63      9.238     -1.748     -2.375
  50   85     17.879      0.006     -2.876
  -1   -2     -8.830    -12.049     -9.882
  -1   21     14.662    -11.009      1.996
  -1   79     -4.239     -1.750     -9.547
  -1   -2     17.435     -5.451     -2.863
  -1   -2     16.788      1.493    -10.317
  12   65     -2.886     -9.887     -0.041
  -1   26     15.509    -10.306     -7.544
  47   72     -9.407    -10.991     -9.851
  72   73     15.002    -10.280      5.231
  -1   78     12.150      2.365      9.756
  -1   -2      6.700     -6.856     10.125
  -1    9     10.607     -8.956     -1.177
  79   75      3.281     -4.434      6.611
  40   40      0.159     -5.008     -6.235
  -1   -2      4.853     -2.620      4.667
  62  118     18.494     -4.175     -0.718
  80   -2      0.608    -10.137    -11.880
  -1   45     16.922     -3.728      3.898
  86    2     15.307     -0.926     -4.878
  78   96      7.622     -6.009    -10.271
  83   87     19.433      4.795     -6.003
  -1    7     12.624     -5.038      9.383
  -1   -2     10.511     -4.099      6.944
  35   -2     16.904     -6.415     -9.347
  91   27     18.576     -4.778     -6.453
  -1   -2     10.571     -2.485    -10.530
  -1   -2      9.251     -6.822     -7.204
  -1   -2     10.817     -1.875      4.312
  -1   -2      9.843    -10.315     -1.565
 287  294      0.005     -2.671     -4.315
  -1   -2     16.754     -7.248      3.192
  -1   -2      7.000     -2.083     -3.835
  -1   -2    -13.063     -7.294      5.816
  -1   -2      8.344     -6.609      0.241
  65   -2     -9.126     -6.922      2.292
  -1   -2      8.336      5.479      9.210
  60   -2     15.509    -10.306     -7.544
  -1   -2     16.794    -10.453     -0.348
  -1   -2     16.496     -8.795      6.359
  -1   -2     17.435     -5.451     -2.863
 105   -2     -4.239     -1.750     -9.547
  -1   -2      9.251     -6.822     -7.204
  -1   -2     10.817     -1.875      4.312
  -1   -2      0.005     -2.671     -4.315
  -1   -2    -13.063     -7.294      5.816
  -1   -2     16.754     -7.248      3.192
  -1   -2      8.336      5.479      9.210
  -1   -2      8.344     -6.609      0.241
  -1   -2      7.000     -2.083     -3.835
  -1   -2     16.496     -8.795      6.359
 102  128     16.794    -10.453     -0.348
  -1   -2     17.435     -5.451     -2.863
  -1   -2      9.251     -6.822     -7.204
  -1   -2     10.817     -1.875      4.312
  -1   -2      9.843    -10.315     -1.565
  -1   -2      0.005     -2.671     -4.315
  -1   -2      8.344     -6.609      0.241
  -1   -2     16.754     -7.248      3.192
  -1   -2    -13.063     -7.294      5.816
  -1   -2      7.000     -2.083     -3.835
  -1   -2      8.336      5.479      9.210
  -1   -2     16.496     -8.795      6.359
  -1   -2      9.251     -6.822     -7.204
  -1   -2     10.817     -1.875      4.312
  -1   -2      0.005     -2.671     -4.315
  -1   -2      7.000     -2.083     -3.835
  -1   -2    -13.063     -7.294      5.816
  -1   -2      8.336      5.479      9.210
  -1   69     16.496     -8.795      6.359
  -1   -2      9.251     -6.822     -7.204
  -1   -2     10.817     -1.875      4.312
  -1   -2      9.843    -10.315     -1.565
  -1   -2      0.005     -2.671     -4.315
  -1   -2      8.344     -6.609      0.241
  -1   -2    -13.063     -7.294      5.816
  -1   -2      8.336      5.479      9.210
  92   13      9.251     -6.822     -7.204
  -1   -2     10.817     -1.875      4.312
  -1   -2      9.843    -10.315     -1.565
  -1   -2      0.005     -2.671     -4.315
  -1   -2      8.344     -6.609      0.241
  -1   -2    -13.063     -7.294      5.816
  -1   -2      8.336      5.479      9.210
  -1   -2      7.000     -2.083     -3.835
  -1   -2     10.817     -1.875      4.312
  -1   -2      9.843    -10.315     -1.565
  -1   -2      0.005     -2.671     -4.315
  -1   -2      8.344     -6.609      0.241
  -1   -2    -13.063     -7.294      5.816
  -1   -2      8.336      5.479      9.210
  -1   -2      7.000     -2.083     -3.835
  -1   -2     10.817     -1.875      4.312
  -1   -2      7.000     -2.083     -3.835
  -1   -2      8.344     -6.609      0.241
  -1   -2      0.005     -2.671     -4.315
  -1   -2    -13.063     -7.294      5.816
  -1   -2      8.336      5.479      9.210
  -1   -2     10.817     -1.875      4.312
  -1   -2      9.843    -10.315     -1.565
  -1   -2      0.005     -2.671     -4.315
  -1   -2    -13.063     -7.294      5.816
  -1   -2      7.000     -2.083     -3.835
  -1   -2      8.344     -6.609      0.241
  -1   -2      8.336      5.479      9.210
  -1   -2     10.817     -1.875      4.312
  14   -2      9.843    -10.315     -1.565
  -1   -2      7.000     -2.083     -3.835
  -1   -2      8.344     -6.609      0.241
  -1   -2      0.005     -2.671     -4.315
  -1   -2    -13.063     -7.294      5.816
  -1   -2      8.336      5.479      9.210
  -1   -2     10.817     -1.875      4.312
  -1   -2      7.000     -2.083     -3.835
  -1   -2      0.005     -2.671     -4.315
  -1   -2    -13.063     -7.294      5.816
  -1   -2      8.336      5.479      9.210
  -1   -2      8.344     -6.609      0.241
  -1   -2     10.817     -1.875      4.312
  -1   -2      0.005     -2.671     -4.315
  -1   -2    -13.063     -7.294      5.816
  -1   -2      7.000     -2.083     -3.835
  -1   -2      8.344     -6.609      0.241
  -1   -2      8.336      5.479      9.210
  -1   -2     10.817     -1.875      4.312
  -1   -2      8.344     -6.609      0.241
  -1   -2      0.005     -2.671     -4.315
  -1   -2    -13.063     -7.294      5.816
  -1   -2      8.336      5.479      9.210
  -1   -2      7.000     -2.083     -3.835
  -1   -2     10.817     -1.875      4.312
  -1   -2      0.005     -2.671     -4.315
  -1   -2    -13.063     -7.294      5.816
  -1   -2      8.344     -6.609      0.241
  -1   -2      8.336      5.479      9.210
  -1   -2      7.000     -2.083     -3.835
  -1   -2     10.817     -1.875      4.312
  -1   -2      8.344     -6.609      0.241
  -1   -2      7.000     -2.083     -3.835
  -1   -2      0.005     -2.671     -4.315
  -1   -2    -13.063     -7.294      5.816
  -1   -2      8.336      5.479      9.210
  -1   -2     10.817     -1.875      4.312
  -1   -2      8.344     -6.609      0.241
  -1   -2      0.005     -2.671     -4.315
  70   56    -13.063     -7.294      5.816
  -1   -2      8.336      5.479      9.210
  -1   -2      7.000     -2.083     -3.835
  -1   -2     10.817     -1.875      4.312
  -1   -2      8.344     -6.609      0.241
  -1   -2      0.005     -2.671     -4.315
  -1   -2      8.336      5.479      9.210
  -1   -2      7.000     -2.083     -3.835
  -1   -2     10.817     -1.875      4.312
  -1   -2      8.344     -6.609      0.241
  -1   -2      0.005     -2.671     -4.315
  -1   -2      7.000     -2.083     -3.835
  -1   -2      8.336      5.479      9.210
  -1   -2     10.817     -1.875      4.312
  -1   -2      0.005     -2.671     -4.315
  -1   -2      8.344     -6.609      0.241
  -1   -2      7.000     -2.083     -3.835
  -1   -2      8.336      5.479      9.210
  -1   -2     10.817     -1.875      4.312
  -1   -2      7.000     -2.083     -3.835
  -1   -2      8.344     -6.609      0.241
  -1   -2      0.005     -2.671     -4.315
  -1   -2      8.336      5.479      9.210
  -1   -2     10.817     -1.875      4.312
  39  274      7.000     -2.083     -3.835
  -1   -2      0.005     -2.671     -4.315
  -1   -2      8.344     -6.609      0.241
  -1   -2      8.336      5.479      9.210
  -1   -2     10.817     -1.875      4.312
  -1   -2      0.005     -2.671     -4.315
  -1   -2      8.336      5.479      9.210
  -1   -2      8.344     -6.609      0.241
  -1   -2     10.817     -1.875      4.312
  -1   -2      0.005     -2.671     -4.315
  -1   -2      8.344     -6.609      0.241
  -1   -2      8.336      5.479      9.210
  -1   -2     10.817     -1.875      4.312
  -1   -2      0.005     -2.671     -4.315
  -1   -2      8.344     -6.609      0.241
  -1   -2      8.336      5.479      9.210
  -1   -2     10.817     -1.875      4.312
  -1   -2      0.005     -2.671     -4.315
  -1   -2      8.336      5.479      9.210
  -1   -2     10.817     -1.875      4.312
  -1   -2      0.005     -2.671     -4.315
  -1   -2      8.336      5.479      9.210
  -1   -2     10.817     -1.875      4.312
  -1   -2      0.005     -2.671     -4.315
  -1   -2      8.336      5.479      9.210
  -1   -2     10.817     -1.875      4.312
  -1   -2      0.005     -2.671     -4.315
  -1   -2      8.336      5.479      9.210
  -1   -2     10.817     -1.875      4.312
  -1   -2      0.005     -2.671     -4.315
  -1   -2      8.336      5.479      9.210
  -1   -2     10.817     -1.875      4.312
  -1   -2      0.005     -2.671     -4.315
  -1   -2      8.336      5.479      9.210
  -1   -2     10.817     -1.875      4.312
  -1   -2      0.005     -2.671     -4.315
  -1   -2      8.336      5.479      9.210
  -1   -2     10.817     -1.875      4.312
  55   -2      0.005     -2.671     -4.315
  -1   -2      8.336      5.479      9.210
  -1   -2     10.817     -1.875      4.312
  -1   -2      8.336      5.479      9.210
  -1   -2     10.817     -1.875      4.312
  -1   -2      8.336      5.479      9.210
  -1   -2     10.817     -1.875      4.312
  -1   -2      8.336      5.479      9.210
  -1   -2     10.817     -1.875      4.312
  -1   -2      8.336      5.479      9.210
  -1   -2     10.817     -1.875      4.312
  -1   -2      8.336      5.479      9.210
  -1   -2     10.817     -1.875      4.312
  -1   -2      8.336      5.479      9.210
  -1   -2     10.817     -1.875      4.312
  -1   -2      8.336      5.479      9.210
  -1   -2     10.817     -1.875      4.312
  -1   -2      8.336      5.479      9.210
  -1   -2     10.817     -1.875      4.312
  -1   -2      8.336      5.479      9.210
  -1   -2     10.817     -1.875      4.312
  -1   -2      8.336      5.479      9.210
  -1   -2     10.817     -1.875      4.312
 308  315      8.336      5.479      9.210
  -1   -2     10.817     -1.875      4.312
  -1   -2     10.817     -1.875      4.312
  -1   -2     10.817     -1.875      4.312
  -1   -2     10.817     -1.875      4.312
   9  318     10.817     -1.875      4.312
