242
  39    5     -7.863     -8.643     -5.816
  10    0      8.182     -8.319     -0.666
   2   -2     14.024     -2.033     -4.670
  44   -2      5.644     -4.397     -6.193
  -1  233      9.204     -6.828     -7.191
  23   19     11.550     -5.223      1.646
   7   45     -7.678     -6.227     -7.651
   8    6     11.081     -9.710     -2.986
  -1    8     11.184     -5.321      2.830
  34   -2      6.769     -8.594      0.279
  12   10     12.517     -8.783      5.213
  -1  240     10.638     -1.864      4.759
  15   13      7.870     -6.883     -6.950
  -1   -2    -11.087     -7.024      1.570
  11   16      8.336    -10.330     -4.801
  84   79      6.051     -5.272      9.550
  69   -2     -3.589     -6.378     -4.033
 110   96     -3.758     -6.012      4.451
  25   21     17.534     -8.024      1.323
  78   83     -0.053     -7.752      9.053
  32   25     10.576     -8.898     -1.886
  26   -2     12.838     -9.042     -1.001
 107    4     10.381     -0.421      5.510
  27   22     15.956     -3.754     -8.484
  20   20     -4.913    -10.520     -0.821
 102  122     -1.058     -6.898     -1.938
  -1   23      6.004     -6.550      5.087
  31   -2     12.201     -9.788      8.894
  18   58     -2.711    -10.282     -3.800
  -1   -2      6.640     -7.349     -3.024
  -1   -2     11.248     -8.483     -3.714
  -1   -2     -8.284     -7.010     -0.604
  92   -2     17.088     -8.327     -3.596
  36   -2      9.447     -3.278      7.694
  37   30      1.215     -9.873      8.878
  52   -2     -6.255     -7.902     -2.361
 202  200      6.998     -2.080     -3.870
  41   99     -9.369     -3.434      3.284
  -1  108     16.336     -9.788     11.308
  -1   -2     -0.764     -7.757     -6.607
  -1   -2      8.344     -6.605      0.247
  -1  204      0.005     -2.671     -4.313
  43   35     16.754     -7.247      3.186
  -1   -2    -13.062     -7.295      5.811
  -1   -2      8.573      1.020     10.041
  54   60     -9.564    -10.630      4.396
  50   38      8.223    -10.070     -6.753
  -1   -2     16.062     -4.914      3.197
  -1   -2      8.335      5.480      9.206
  53   -2     15.809     -6.670      1.745
  59   -2     11.055    -11.050     -5.990
  57   47      5.858     -6.497    -10.291
  -1   -2     20.060      3.948     -5.040
  -1   -2     16.495     -8.798      6.358
  19   59     -2.273     -4.272      1.330
  -1   -2      1.672    -10.728      3.572
  21   29     11.742    -10.121     -6.539
  63   51    -11.330     -5.746     10.963
  -1   -2     -2.506     -9.859     -4.762
  65   66    -11.223     -3.950     -1.973
  67   -2      1.957     -3.569      3.878
  66   62     17.878      0.005     -2.879
  76   56     -8.656     -9.978     -6.019
  68   73      0.155     -9.429     11.079
  72   64     -4.478      1.066      4.087
  71   63     12.794     -6.128    -10.471
  -1   -2     -7.205     -9.469     -3.422
  -1   -2     17.439     -5.451     -2.875
 116   -2      9.240     -1.747     -2.384
 111   68     -4.239     -1.753     -9.534
  49   54    -11.710     -5.912     -1.252
  -1   72     14.660    -11.009      2.002
  -1   52     14.429    -10.177     -9.098
  -1   69    -15.480    -10.540      2.647
  45   -2     -1.808     -3.130     -9.028
  -1    7     -9.407    -10.992     -9.850
  79   74     10.691    -10.761     10.202
  77   75      9.290     -9.460     -9.218
  40   55     15.003    -10.283      5.237
  56   40    -10.420    -10.082      6.367
  -1   77      6.700     -6.851     10.129
  48   24     10.336     -6.778     -2.280
  87   85     12.149      2.362      9.762
  94   28      9.764     -3.615      6.940
 181   70     -0.980     -5.248     -9.463
  81   49     -5.729    -10.165      8.896
  -1   90      0.590    -10.136    -11.818
  91   -2     19.437      4.796     -6.012
  89   -2      7.623     -6.004    -10.271
  -1   -2     15.306     -0.929     -4.873
  38   -2     -8.316    -10.639      2.347
  -1   -2      9.370     -7.201      9.462
  85   -2     10.508     -4.100      6.934
  -1  135     18.577     -4.780     -6.454
  16   31     -4.589     -7.226      2.429
  -1   -2      9.152     -6.830     -7.054
  -1   -2    -11.214     -7.013      2.024
  -1   -2     10.796     -1.876      4.363
  -1   -2      6.998     -2.080     -3.870
  -1   -2      0.005     -2.671     -4.313
  -1   -2    -13.062     -7.295      5.811
   9  142      8.344     -6.605      0.247
  -1   57      8.335      5.480      9.206
  -1   -2     -9.135     -6.923      2.317
  -1   -2     16.495     -8.798      6.358
  -1   -2     20.060      3.948     -5.040
  -1   17     17.439     -5.451     -2.875
  -1   -2      9.152     -6.830     -7.054
 114  125    -11.214     -7.013      2.024
  -1   -2     10.796     -1.876      4.363
  -1   12     -0.764     -7.757     -6.607
  -1   -2      0.005     -2.671     -4.313
  -1   -2    -13.062     -7.295      5.811
  -1   -2      6.998     -2.080     -3.870
  -1   -2      8.335      5.480      9.206
  -1   -2      8.344     -6.605      0.247
  -1   -2     -9.135     -6.923      2.317
  -1   -2     16.495     -8.798      6.358
 108   87     20.060      3.948     -5.040
  55   95     17.439     -5.451     -2.875
  -1   -2      9.152     -6.830     -7.054
  -1   -2     10.796     -1.876      4.363
  -1   -2     -0.764     -7.757     -6.607
  -1   -2      0.005     -2.671     -4.313
  -1   -2    -13.062     -7.295      5.811
  -1   -2      8.344     -6.605      0.247
  -1   -2      6.998     -2.080     -3.870
  -1   -2      8.335      5.480      9.206
  -1   -2     16.495     -8.798      6.358
  -1   -2      9.152     -6.830     -7.054
  -1   -2     10.796     -1.876      4.363
  -1   -2      6.998     -2.080     -3.870
  -1   -2     -0.764     -7.757     -6.607
  -1   -2      0.005     -2.671     -4.313
  -1   -2    -13.062     -7.295      5.811
 134   -2      7.340     -7.313     -0.850
  -1   -2      8.344     -6.605      0.247
  -1   -2      8.335      5.480      9.206
 231   -2     -9.135     -6.923      2.317
  -1   -2     16.495     -8.798      6.358
  -1   -2      9.152     -6.830     -7.054
  -1   -2     10.796     -1.876      4.363
  -1   -2      6.998     -2.080     -3.870
  -1   -2     -0.764     -7.757     -6.607
  -1   -2      0.005     -2.671     -4.313
  -1   -2    -13.062     -7.295      5.811
  -1   -2      8.344     -6.605      0.247
  -1   -2      8.335      5.480      9.206
  -1   -2     16.495     -8.798      6.358
  -1   -2      9.152     -6.830     -7.054
  -1   -2     10.796     -1.876      4.363
  -1   -2      8.344     -6.605      0.247
  17   -2     -0.764     -7.757     -6.607
  -1   -2      0.005     -2.671     -4.313
  -1   -2    -13.062     -7.295      5.811
  -1   -2      8.335      5.480      9.206
  -1   -2      6.998     -2.080     -3.870
  -1   -2      9.152     -6.830     -7.054
  -1   -2     10.796     -1.876      4.363
  -1   -2      0.005     -2.671     -4.313
  -1   -2    -13.062     -7.295      5.811
  -1   -2      8.335      5.480      9.206
  -1   -2      9.152     -6.830     -7.054
  -1   -2     10.796     -1.876      4.363
  -1   -2      6.998     -2.080     -3.870
  -1   -2      0.005     -2.671     -4.313
  -1   -2    -13.062     -7.295      5.811
  -1   -2      8.335      5.480      9.206
  -1   -2      9.152     -6.830     -7.054
  -1   -2     10.796     -1.876      4.363
  -1   -2      0.005     -2.671     -4.313
  -1   -2    -13.062     -7.295      5.811
  -1   -2      8.335      5.480      9.206
  -1   -2      6.998     -2.080     -3.870
  -1   -2      9.152     -6.830     -7.054
  -1   -2     10.796     -1.876      4.363
  -1   -2      6.998     -2.080     -3.870
  -1   -2    -13.062     -7.295      5.811
  -1   -2      0.005     -2.671     -4.313
  -1   -2      8.335      5.480      9.206
  -1   -2      9.152     -6.830     -7.054
  -1   -2     10.796     -1.876      4.363
  -1   -2      0.005     -2.671     -4.313
  -1   -2    -13.062     -7.295      5.811
  70    2      6.998     -2.080     -3.870
  -1   -2      8.335      5.480      9.206
  -1   -2      9.152     -6.830     -7.054
  -1   -2     10.796     -1.876      4.363
  -1   -2      0.005     -2.671     -4.313
  -1   -2    -13.062     -7.295      5.811
  -1   -2      8.335      5.480      9.206
  -1   -2      9.152     -6.830     -7.054
  -1   -2     10.796     -1.876      4.363
  -1   -2      0.005     -2.671     -4.313
  -1   -2    -13.062     -7.295      5.811
  -1   -2      8.335      5.480      9.206
  -1   -2      9.152     -6.830     -7.054
  -1   -2     10.796     -1.876      4.363
  -1   -2      0.005     -2.671     -4.313
  -1   -2    -13.062     -7.295      5.811
  -1   -2      8.335      5.480      9.206
  -1   -2      9.152     -6.830     -7.054
  -1   -2     10.796     -1.876      4.363
 103   -2      0.005     -2.671     -4.313
  -1   -2    -13.062     -7.295      5.811
  -1   -2      8.335      5.480      9.206
  -1   -2      9.152     -6.830     -7.054
  -1   -2     10.796     -1.876      4.363
  -1   -2    -13.062     -7.295      5.811
  -1   -2      8.335      5.480      9.206
  -1   -2      9.152     -6.830     -7.054
  -1   -2     10.796     -1.876      4.363
  -1   -2    -13.062     -7.295      5.811
  -1   -2      8.335      5.480      9.206
  -1   -2      9.152     -6.830     -7.054
  -1   -2     10.796     -1.876      4.363
  -1   -2    -13.062     -7.295      5.811
  -1   -2      8.335      5.480      9.206
  -1   -2      9.152     -6.830     -7.054
  -1   -2     10.796     -1.876      4.363
  -1   -2    -13.062     -7.295      5.811
  -1   -2      8.335      5.480      9.206
  -1   -2      9.152     -6.830     -7.054
  -1   -2     10.796     -1.876      4.363
  -1   -2    -13.062     -7.295      5.811
  -1   -2      8.335      5.480      9.206
  -1   -2      9.152     -6.830     -7.054
  -1   -2     10.796     -1.876      4.363
 104   -2    -13.062     -7.295      5.811
  -1   -2      8.335      5.480      9.206
  -1   -2      9.152     -6.830     -7.054
  -1   -2     10.796     -1.876      4.363
  -1   -2      8.335      5.480      9.206
  -1   -2      9.152     -6.830     -7.054
  -1   -2     10.796     -1.876      4.363
 244   37      8.335      5.480      9.206
 242    3      9.152     -6.830     -7.054
  -1   -2     10.796     -1.876      4.363
  -1   -2     10.796     -1.876      4.363
  -1   -2     10.796     -1.876      4.363
  -1   -2     10.796     -1.876      4.363
  99   -2     10.796     -1.876      4.363
