42
  -1   16     12.028     -9.504     -0.663
  11   -2     12.714     -9.237     -0.372
   2   -2     11.246     -9.515      0.656
   4   13     11.519     -3.486      3.189
   0    0      0.620     -9.417    -10.267
  -1   -2     11.355    -11.042     -0.344
  13   -2      7.454     -8.993      9.881
  -1   37     -2.268     -6.458      8.467
   7   14      9.155    -10.841     -2.304
  24   -2     11.368     -7.091      2.839
   5   10      8.145     -8.661      4.253
  35   26      5.731    -10.142     -6.072
   1    4     12.744     -9.039     -0.914
  -1   19      1.622     -9.675      9.770
  -1   -2      3.233    -11.327     -2.150
  26   -2     13.167     -8.990      1.276
  -1    7      2.067    -11.048      2.815
  27   18      3.695     -8.801     -0.560
  -1    2      9.637    -10.740      2.549
  30   22     17.660     -4.419     -2.411
  23   35     17.033     -9.326     -9.452
  -1    5      8.005     -8.416    -12.006
  -1    9     12.058     -5.681      6.281
  28    8     15.370     -8.299      0.360
  -1   -2     16.700     -7.404     -5.834
  18   -2      7.447    -10.279     -8.695
  -1   33     -5.186    -10.743     -2.346
  -1   -2     11.738     -0.199      4.010
  -1   30     10.364    -10.384      7.417
  -1   12     11.571     -7.456      5.803
  -1   -2      4.173     -9.393      6.184
  37   32     -2.422     -8.841     -2.534
  32   -2     11.146    -10.726      1.592
  -1   -2     19.022     -3.558     -0.779
  14   -2     14.209     -9.754     -1.550
  -1   -2     -4.037     -7.378    -10.338
  -1   15     17.792     -9.969    -12.252
  -1   -2     14.175     -5.481      5.268
  36   -2     -2.306     -6.463      8.370
  39   40     -5.186    -10.743     -2.346
  -1   -2     -5.186    -10.743     -2.346
  -1   -2     -5.186    -10.743     -2.346
