40
   0    4      2.063     -8.921     -9.986
  21   12     13.580     -9.066      3.097
   8    2     11.765     -9.426     -0.936
  -1   -2     -0.908     -6.481      8.970
  27    3     12.081     -3.066      1.173
   4   10      9.258     -8.606      3.765
  -1   -2     14.850    -10.449     -8.008
  -1    8      7.653    -10.360    -10.073
   1   -2      7.045     -9.748     -6.013
  24   -2     10.256     -3.489      5.675
  -1   -2     -5.392    -10.796     -1.450
   6    1     14.816     -9.500     -4.134
  17   -2     11.966     -0.114      1.574
   3    6      8.387     -8.888      9.229
  18   34     16.583     -8.716     -5.312
  -1   -2     16.108     -9.692    -10.207
  -1   -2      3.593     -9.464     11.538
  34   -2     -7.718     -8.374      0.000
  26   25      8.166    -10.321     -9.343
  23   -2     -0.785     -9.415      3.604
  14   -2     10.486    -10.133     -1.442
  -1   -2     17.042     -7.576     -7.655
  -1   -2     10.953    -11.045     -0.055
  29   20     17.361     -9.080     -8.312
  30    9     13.187     -6.977      0.654
  10   -2      8.366     -8.575     -8.619
  -1   15     13.780     -7.807      6.930
  25   17      1.857    -10.545      0.059
  32   23     15.428     -8.245      0.589
  -1   -2    -11.188     -9.927     -9.516
  -1   19     18.657     -3.606      0.056
  -1   -2      8.896     -7.341      9.238
  -1   32     10.143    -10.904      3.309
  -1   -2     15.805    -10.157    -10.672
  -1   -2     16.820    -10.256    -10.040
  35   11      6.804     -7.900     -5.835
   2   38     -0.960     -6.486      8.836
  -1   31     -5.186    -10.744     -2.340
  -1   -2     -5.186    -10.744     -2.340
  -1   39     -5.186    -10.744     -2.340
