116
  82   33      7.902    -10.036     -7.425
  84   10      8.184     -8.319     -0.667
   5   -2     12.283     -7.822      8.390
  54   -2      1.025     -3.686      6.542
  -1   12     14.167     -8.649      7.385
   3   -2      5.646     -4.396     -6.186
  -1   -2      9.204     -6.826     -7.189
  87   -2      4.386     -9.532      0.538
  -1    7     10.521    -10.993     -4.579
  17   -2     11.558     -5.222      1.681
   6   55     -7.677     -6.227     -7.652
  -1   11     12.660     -5.581      8.398
  -1    0      6.771     -8.595      0.281
  38   16     12.521     -8.781      5.233
  -1   -2     10.641     -1.866      4.753
  -1   20      1.192     -8.977      3.628
  11   -2     13.963     -2.203     -3.270
  -1   39      9.290     -9.444     -9.211
  58   93     -3.525     -8.677      0.159
  78   -2     12.604     -9.763      7.917
  14   18      8.343    -10.334     -4.807
  95    2      1.848     -7.904      9.442
  46   42     -9.515     -9.186     -1.178
  15   -2     17.532     -8.021      1.332
  -1   77     -3.588     -6.377     -4.033
  88   28      6.047     -5.275      9.555
  -1   36      8.616     -9.039      3.697
 105   27     10.861     -6.266     -7.118
   2   19     12.843     -9.022     -0.988
  24   32     15.954     -3.754     -8.479
  77   29      8.939     -8.553      2.283
  55   68     -3.189    -10.844     -8.704
  28   -2     13.460     -7.504      9.385
  -1   -2      5.985     -7.125      9.411
  31   -2      6.636     -7.344     -3.030
  92   -2      5.360     -8.438      6.711
  39   -2      2.710     -5.627      0.731
  49   -2     14.299     -5.653      4.618
  -1   22     19.544     -9.499      0.654
  -1   41     15.798     -8.940      1.408
  97   -2      8.308      0.920     10.753
  94   37      9.440     -3.281      7.718
  79   -2     -7.662    -10.763     -7.667
  -1   45     -3.664     -2.786     -3.076
  43  107     -0.771     -7.760     -6.624
  -1   -2    -13.067     -7.293      5.836
  80   43      7.001     -2.083     -3.842
  51   50    -10.762     -9.698      0.181
  48   31      1.418     -7.697     -8.742
  50   -2      8.341     -6.612      0.233
  64   34     -2.022     -3.958      6.945
  -1   -2     17.737    -10.948     -0.628
  -1   -2      7.177    -11.037     -4.622
  -1   -2     -0.690    -11.485     -9.572
 101   -2     17.845     -6.325      3.103
  -1   15      5.843     -6.499    -10.346
  23   -2     -8.267     -8.202      3.647
  -1   72     15.807     -6.671      1.757
  -1   -2      8.323      5.474      9.239
  -1   -2     -6.449     -5.423     10.217
  -1    3     23.227    -11.148     -9.457
  60   88      6.263     -3.119      5.830
  59   56     17.503      3.816    -12.155
  -1   -2     16.399     -9.766     11.483
  90   62     22.032     -1.882     -6.094
  56   75    -12.500     -6.602     -9.940
  66   58    -11.319     -5.751     10.919
  81    9     -6.326     -4.141     -7.137
  44    4      0.804     -2.474     -6.814
  -1  102    -14.687    -10.496     -0.809
  -1   84    -11.222     -3.947     -1.970
  83   24      8.738    -10.363      4.238
  57    8     10.660     -0.357      4.840
  -1   65      9.238     -1.746     -2.375
  63    1     17.878      0.003     -2.872
  -1  104     -7.609     -1.145     -7.468
  -1   69     12.797     -6.127    -10.472
  75   70     -4.477      1.067      4.083
  -1   74     -4.243     -1.757     -9.522
  -1   14     -4.284    -10.345     -9.694
  96   60     -6.144     -9.953     -7.297
  -1   -2     11.423     -6.989      9.729
  -1   -2     17.919     -9.389      1.593
 112   -2    -12.951      1.840      4.002
  -1   -2    -13.525      1.809     10.676
  -1   -2     -5.735      5.472     -9.515
  -1   -2    -14.238     -5.451     -6.939
  -1   82      6.702     -6.852     10.125
  36   -2    -11.865     -7.763     -1.979
  -1   -2     13.508     -2.494     -3.370
 106   96      4.854     -2.621      4.672
  -1   61    -12.331     -4.506     -5.593
  -1   -2     -0.982     -5.245     -9.471
  65   35     10.790     -3.823     10.162
  -1   86      3.332      5.961      2.003
  98   83      0.592    -10.137    -11.827
  42   59    -10.698     -9.254      1.262
  -1   -2      7.624     -6.008    -10.268
  37   76    -12.483     -5.671     -1.576
  -1   -2     12.631     -5.032      9.380
 100   -2     15.308     -0.927     -4.871
 103   90     19.429      4.795     -5.990
  -1   87     18.215     -0.015    -10.116
  85   -2      9.374     -7.203      9.466
  16   92     -2.065     -8.082     -5.159
  41   26     11.524     -4.659      9.512
  -1   -2      9.204     -6.826     -7.189
  -1   -2     10.807     -1.879      4.336
  45   47    -13.067     -7.293      5.836
  -1   66      8.323      5.474      9.239
 108  105      9.204     -6.826     -7.189
  -1   -2     10.807     -1.879      4.336
  -1   -2     10.807     -1.879      4.336
  -1   -2     10.807     -1.879      4.336
  -1   -2     10.807     -1.879      4.336
 109  111     10.807     -1.879      4.336
