380
   0   34      8.184     -8.318     -0.662
  68   -2     14.020     -2.034     -4.650
 328   -2      5.646     -4.394     -6.183
  -1   -2      9.203     -6.827     -7.186
  10    5     11.567     -5.223      1.707
  -1    1     12.521     -8.786      5.230
   8    7     -7.679     -6.228     -7.655
   9    8      6.766     -8.594      0.291
  34    2      2.005    -10.367      6.760
  -1    9     11.180     -5.323      2.824
  -1  390     10.638     -1.865      4.760
  29  270      7.869     -6.882     -6.949
  31   -2     16.337     -8.460      2.340
  28   29     -3.133     -8.512     -8.151
  30  105     12.841     -9.077     -1.006
 105   20     17.529     -8.021      1.341
   3   -2     -5.542    -10.033     -0.832
  -1   57     15.893     -8.580      7.870
  -1   -2     -3.586     -6.379     -4.041
  -1   -2     -9.461     -9.952      3.099
  21   14     11.139     -9.019     -3.344
  54   40     16.797     -9.609     -1.700
 108   10     10.382     -0.423      5.509
  -1   15     17.110     -9.671      3.008
  43   -2     -3.183    -10.697     -6.123
  72   -2     10.853     -6.254     -7.086
  25   33     11.600     -6.630     -5.123
  99   26     15.962     -3.755     -8.498
  92   30      6.252     -8.332      9.281
  37   31      3.199     -9.715      6.714
  35   36     -3.320    -10.396     -6.103
  82   86      3.628     -7.618      3.508
  -1   -2     -0.912     -8.169      7.082
  22   28     11.244     -8.484     -3.697
  -1   23     19.305    -11.057     -6.621
  26   61      1.213     -9.869      8.865
  62   92     15.819    -10.447     -3.565
  95   38      9.472     -3.272      7.640
  14   -2     17.086     -8.328     -3.599
  15   -2     -2.448     -9.904     -1.778
  -1   37     -5.320     -4.852     -9.862
  36   44     -8.461     -7.152      0.033
  80   39     10.784     -7.889      9.963
  -1   -2     -0.773     -7.758     -6.626
  -1  225      0.005     -2.671     -4.317
  -1  255    -13.064     -7.294      5.803
  -1   -2     16.752     -7.246      3.190
  52   80      8.573      1.023     10.043
  -1   95      1.416     -7.695     -8.747
  -1   -2      8.347     -6.604      0.240
  -1   -2      5.753    -10.426      9.074
  -1    3      7.005     -2.086     -3.831
  -1   -2      8.334      5.480      9.210
  -1   -2     19.406    -10.412     -9.641
  -1   76     -8.205    -10.817      7.633
  -1   79     12.391    -11.226      3.869
  -1   -2     -0.268     -9.390     10.246
  20   81     -6.746     -9.727     -5.018
  85   21     16.822     -6.380      5.409
  -1   -2     16.062     -4.920      3.193
  -1   -2     -7.502     -6.720     -3.626
  -1   68     -6.448     -5.417     10.210
  -1   99     -8.358     -5.172     -7.041
  -1   -2    -10.456     -9.170      0.495
  56   59      5.850     -6.498    -10.315
  -1   -2     20.061      3.948     -5.038
  -1   46     17.591      3.833    -12.371
  57   66     -8.834    -12.052     -9.882
 112   -2    -12.785    -10.586      7.096
  63   -2     -6.719     -7.483      8.782
  94   -2     -6.326     -4.142     -7.139
  -1  114     -2.273     -4.273      1.327
  44   13      1.959     -3.567      3.880
 110   -2     17.879      0.004     -2.875
 106   -2      9.240     -1.745     -2.383
  -1   -2     17.439     -5.455     -2.870
  66   58    -11.223     -3.950     -1.976
  -1   74     12.787     -6.126    -10.446
  -1   -2     -4.242     -1.755     -9.539
  24   -2     -8.124     -8.586      4.657
  73   75     -5.306      1.388      6.770
  74   -2     -1.806     -3.131     -9.026
  76   -2    -11.708     -5.911     -1.253
  40   56     -9.097    -10.923     -3.107
  -1   -2      8.523     -8.564      6.438
  -1   32      6.699     -6.854     10.131
   2   -2     10.615     -6.509      9.443
  -1   98     16.920     -3.735      3.901
  89   -2     -0.982     -5.243     -9.479
  41   65     -8.537     -4.479      6.906
  -1   -2      7.624     -6.005    -10.277
  -1   12     15.307     -0.931     -4.861
  -1   27     -0.301    -10.333     -8.764
  88   97     19.438      4.796     -6.016
  -1   -2     18.193     -9.045      1.369
  -1   -2     16.925     -6.414     -9.392
  -1   -2     10.510     -4.097      6.937
  -1   90     -0.344     -9.347      7.991
  -1   -2     -0.975    -10.131      4.635
  46   -2    -10.595    -12.077     -5.331
  98    0     10.378     -9.324      5.123
  -1  151     18.577     -4.776     -6.459
  50   17     -6.854     -7.805     -0.366
  97  100     10.570     -2.481    -10.533
  -1   -2      9.250     -6.821     -7.194
  -1   -2     10.798     -1.877      4.360
  65   22     -3.375     -6.336     -3.468
  -1    4      7.978     -6.842     -6.718
  -1   -2      0.005     -2.671     -4.317
  -1   -2    -13.064     -7.294      5.803
  -1   -2      8.347     -6.604      0.240
  -1   -2     16.752     -7.246      3.190
 107   -2      1.416     -7.695     -8.747
  -1   -2      7.005     -2.086     -3.831
  -1   25      8.334      5.480      9.210
  -1   -2     -8.205    -10.817      7.633
  -1   77     20.061      3.948     -5.038
 111   -2     17.439     -5.455     -2.870
  -1   -2      9.250     -6.821     -7.194
  -1   -2     10.798     -1.877      4.360
  -1   -2      0.005     -2.671     -4.317
  -1   -2      8.347     -6.604      0.240
  -1   -2    -13.064     -7.294      5.803
  17  132     16.752     -7.246      3.190
  -1   -2      7.005     -2.086     -3.831
  -1   -2      8.334      5.480      9.210
  -1   -2      9.250     -6.821     -7.194
  -1   -2     10.798     -1.877      4.360
  -1   -2      0.005     -2.671     -4.317
  -1   -2      7.005     -2.086     -3.831
  -1   -2    -13.064     -7.294      5.803
  -1   -2      8.347     -6.604      0.240
  -1   -2      8.334      5.480      9.210
  -1   -2      9.250     -6.821     -7.194
  -1   -2     10.798     -1.877      4.360
  -1   -2      0.005     -2.671     -4.317
  -1   -2    -13.064     -7.294      5.803
  -1   -2      8.347     -6.604      0.240
  -1   -2      8.334      5.480      9.210
  -1   -2      7.005     -2.086     -3.831
  -1   -2      9.250     -6.821     -7.194
  -1   -2     10.798     -1.877      4.360
  -1   -2      0.005     -2.671     -4.317
  -1   -2      8.347     -6.604      0.240
  -1   -2    -13.064     -7.294      5.803
  -1   -2      7.005     -2.086     -3.831
  -1   -2      8.334      5.480      9.210
  -1   -2      9.250     -6.821     -7.194
  -1   -2     10.798     -1.877      4.360
  -1   -2      7.005     -2.086     -3.831
  -1   -2      0.005     -2.671     -4.317
  -1   -2    -13.064     -7.294      5.803
  -1   -2      8.347     -6.604      0.240
  -1   -2      8.334      5.480      9.210
  -1   -2      9.250     -6.821     -7.194
  -1   -2     10.798     -1.877      4.360
  -1   -2      7.005     -2.086     -3.831
  -1   -2      0.005     -2.671     -4.317
  -1   -2    -13.064     -7.294      5.803
  -1   -2      8.347     -6.604      0.240
  -1   -2      8.334      5.480      9.210
  -1   -2      9.250     -6.821     -7.194
  -1   -2     10.798     -1.877      4.360
  -1   -2      7.005     -2.086     -3.831
  -1   -2      0.005     -2.671     -4.317
  -1   -2    -13.064     -7.294      5.803
  -1   -2      8.347     -6.604      0.240
  -1   -2      8.334      5.480      9.210
  -1   -2      9.250     -6.821     -7.194
  -1   -2     10.798     -1.877      4.360
  -1   -2      0.005     -2.671     -4.317
  -1   -2      7.005     -2.086     -3.831
  -1   -2    -13.064     -7.294      5.803
  -1   -2      8.334      5.480      9.210
  -1   -2      9.250     -6.821     -7.194
  -1   -2     10.798     -1.877      4.360
  -1   -2      7.005     -2.086     -3.831
  -1   -2      0.005     -2.671     -4.317
  -1   -2    -13.064     -7.294      5.803
  -1   -2      8.334      5.480      9.210
  -1   -2      9.250     -6.821     -7.194
  -1   -2     10.798     -1.877      4.360
  -1   -2      0.005     -2.671     -4.317
  -1   -2    -13.064     -7.294      5.803
  -1   -2      8.334      5.480      9.210
  -1   -2      7.005     -2.086     -3.831
  -1   -2      9.250     -6.821     -7.194
  -1   -2     10.798     -1.877      4.360
  -1   -2      0.005     -2.671     -4.317
  -1   -2    -13.064     -7.294      5.803
  -1   -2      8.334      5.480      9.210
  -1   -2      7.005     -2.086     -3.831
  -1   -2      9.250     -6.821     -7.194
  -1   -2     10.798     -1.877      4.360
  -1   -2      0.005     -2.671     -4.317
  -1   -2      7.005     -2.086     -3.831
  -1   -2    -13.064     -7.294      5.803
  -1   -2      8.334      5.480      9.210
  -1   -2      9.250     -6.821     -7.194
  -1   -2     10.798     -1.877      4.360
  -1   -2      7.005     -2.086     -3.831
  -1   -2      0.005     -2.671     -4.317
  -1   -2    -13.064     -7.294      5.803
  -1   -2      8.334      5.480      9.210
  -1   -2      9.250     -6.821     -7.194
  -1   -2     10.798     -1.877      4.360
  -1   -2      0.005     -2.671     -4.317
  -1   -2    -13.064     -7.294      5.803
  -1   -2      8.334      5.480      9.210
  -1   -2      7.005     -2.086     -3.831
  -1   -2      9.250     -6.821     -7.194
  -1   -2     10.798     -1.877      4.360
  -1   -2      0.005     -2.671     -4.317
  -1   -2    -13.064     -7.294      5.803
  -1   -2      8.334      5.480      9.210
  -1   -2      7.005     -2.086     -3.831
  -1   -2      9.250     -6.821     -7.194
  -1   -2     10.798     -1.877      4.360
  -1   -2      0.005     -2.671     -4.317
  -1   -2    -13.064     -7.294      5.803
  -1   -2      7.005     -2.086     -3.831
  -1   -2      8.334      5.480      9.210
  -1   -2      9.250     -6.821     -7.194
  -1   -2     10.798     -1.877      4.360
 212   -2      0.005     -2.671     -4.317
  -1   -2    -13.064     -7.294      5.803
  -1   -2      7.005     -2.086     -3.831
  -1   -2      8.334      5.480      9.210
  -1   -2      9.250     -6.821     -7.194
  -1   -2     10.798     -1.877      4.360
  -1   -2    -13.064     -7.294      5.803
  -1   -2      7.005     -2.086     -3.831
  -1   -2      8.334      5.480      9.210
  -1   -2      9.250     -6.821     -7.194
  -1   -2     10.798     -1.877      4.360
  -1   -2    -13.064     -7.294      5.803
  -1   -2      7.005     -2.086     -3.831
  -1   -2      8.334      5.480      9.210
  -1   -2      9.250     -6.821     -7.194
  -1   -2     10.798     -1.877      4.360
  -1   -2      7.005     -2.086     -3.831
  -1   -2    -13.064     -7.294      5.803
  -1   -2      8.334      5.480      9.210
  -1   -2      9.250     -6.821     -7.194
  -1   -2     10.798     -1.877      4.360
 242   -2    -13.064     -7.294      5.803
  -1   -2      8.334      5.480      9.210
  -1   -2      7.005     -2.086     -3.831
  -1   -2      9.250     -6.821     -7.194
  -1   -2     10.798     -1.877      4.360
  -1   -2      7.005     -2.086     -3.831
  -1   -2      8.334      5.480      9.210
  -1   -2      9.250     -6.821     -7.194
  -1   -2     10.798     -1.877      4.360
  -1   -2      7.005     -2.086     -3.831
  -1   -2      8.334      5.480      9.210
  -1   -2      9.250     -6.821     -7.194
  -1   -2     10.798     -1.877      4.360
  -1   -2      7.005     -2.086     -3.831
  -1   -2      8.334      5.480      9.210
  -1   -2      9.250     -6.821     -7.194
  -1   -2     10.798     -1.877      4.360
  -1   -2      7.005     -2.086     -3.831
  -1   -2      8.334      5.480      9.210
  -1   -2      9.250     -6.821     -7.194
  -1   -2     10.798     -1.877      4.360
  -1   -2      7.005     -2.086     -3.831
  -1   -2      8.334      5.480      9.210
  -1   -2      9.250     -6.821     -7.194
  -1   -2     10.798     -1.877      4.360
  -1   -2      7.005     -2.086     -3.831
  -1   -2      8.334      5.480      9.210
 100   -2      9.250     -6.821     -7.194
  -1   -2     10.798     -1.877      4.360
  -1   -2      8.334      5.480      9.210
  -1   -2      7.005     -2.086     -3.831
  -1   -2     10.798     -1.877      4.360
  -1   -2      7.005     -2.086     -3.831
  -1   -2      8.334      5.480      9.210
  -1   -2     10.798     -1.877      4.360
  -1   -2      8.334      5.480      9.210
  -1   -2      7.005     -2.086     -3.831
  -1   -2     10.798     -1.877      4.360
  -1   -2      7.005     -2.086     -3.831
  -1   -2      8.334      5.480      9.210
  -1   -2     10.798     -1.877      4.360
  -1   -2      7.005     -2.086     -3.831
  -1   -2      8.334      5.480      9.210
  -1   -2     10.798     -1.877      4.360
  -1   -2      8.334      5.480      9.210
  -1   -2     10.798     -1.877      4.360
  -1   -2      8.334      5.480      9.210
  -1   -2      7.005     -2.086     -3.831
  -1   -2     10.798     -1.877      4.360
  -1   -2      8.334      5.480      9.210
  -1   -2      7.005     -2.086     -3.831
  -1   -2     10.798     -1.877      4.360
  -1   -2      7.005     -2.086     -3.831
  -1   -2      8.334      5.480      9.210
  -1   -2     10.798     -1.877      4.360
  -1   -2      7.005     -2.086     -3.831
  -1   -2      8.334      5.480      9.210
  -1   -2     10.798     -1.877      4.360
  -1   -2      7.005     -2.086     -3.831
  -1   -2      8.334      5.480      9.210
  -1   -2     10.798     -1.877      4.360
  -1   -2      7.005     -2.086     -3.831
  -1   -2      8.334      5.480      9.210
  -1   -2     10.798     -1.877      4.360
  -1   -2      7.005     -2.086     -3.831
  -1   -2      8.334      5.480      9.210
  -1   -2     10.798     -1.877      4.360
  -1   -2      8.334      5.480      9.210
  -1   -2      7.005     -2.086     -3.831
  -1   -2     10.798     -1.877      4.360
  -1   -2      8.334      5.480      9.210
  70   -2      7.005     -2.086     -3.831
  -1   -2     10.798     -1.877      4.360
  -1   -2      8.334      5.480      9.210
  -1   -2     10.798     -1.877      4.360
  -1   -2      8.334      5.480      9.210
  -1   -2     10.798     -1.877      4.360
  -1   -2      8.334      5.480      9.210
  -1   -2     10.798     -1.877      4.360
  -1   -2      8.334      5.480      9.210
  -1   -2     10.798     -1.877      4.360
  -1   -2      8.334      5.480      9.210
  -1   -2     10.798     -1.877      4.360
  -1   -2      8.334      5.480      9.210
  -1   -2     10.798     -1.877      4.360
  -1   -2      8.334      5.480      9.210
  -1   -2     10.798     -1.877      4.360
  -1   -2      8.334      5.480      9.210
  -1   -2     10.798     -1.877      4.360
  -1   -2      8.334      5.480      9.210
  -1   -2     10.798     -1.877      4.360
  -1   -2      8.334      5.480      9.210
  -1   -2     10.798     -1.877      4.360
  -1   -2      8.334      5.480      9.210
  -1   -2     10.798     -1.877      4.360
  -1   -2      8.334      5.480      9.210
  -1   -2     10.798     -1.877      4.360
  -1   -2      8.334      5.480      9.210
  -1   -2     10.798     -1.877      4.360
  -1   -2      8.334      5.480      9.210
  -1   -2     10.798     -1.877      4.360
  -1   -2      8.334      5.480      9.210
  -1   -2     10.798     -1.877      4.360
  -1   -2      8.334      5.480      9.210
  -1   -2     10.798     -1.877      4.360
  -1   -2      8.334      5.480      9.210
  -1   -2     10.798     -1.877      4.360
  -1   -2      8.334      5.480      9.210
  -1   -2     10.798     -1.877      4.360
  -1   -2      8.334      5.480      9.210
  -1   -2     10.798     -1.877      4.360
  -1   -2      8.334      5.480      9.210
  -1   -2     10.798     -1.877      4.360
  -1   -2      8.334      5.480      9.210
  -1   -2     10.798     -1.877      4.360
  -1   -2      8.334      5.480      9.210
  -1   -2     10.798     -1.877      4.360
  -1   -2      8.334      5.480      9.210
  -1   -2     10.798     -1.877      4.360
  -1   -2      8.334      5.480      9.210
  -1   -2     10.798     -1.877      4.360
  -1   -2      8.334      5.480      9.210
  -1   -2     10.798     -1.877      4.360
  -1   -2      8.334      5.480      9.210
  -1   -2     10.798     -1.877      4.360
  -1   -2      8.334      5.480      9.210
  -1   -2     10.798     -1.877      4.360
  -1   -2      8.334      5.480      9.210
  -1   -2     10.798     -1.877      4.360
  -1   -2      8.334      5.480      9.210
  -1   -2     10.798     -1.877      4.360
  -1   -2     10.798     -1.877      4.360
  -1   -2     10.798     -1.877      4.360
  -1   -2     10.798     -1.877      4.360
 101  101     10.798     -1.877      4.360
