121
  -1   -2      8.184     -8.317     -0.663
  36    5      5.645     -4.396     -6.189
   5  107     11.163     -9.667     -2.705
  -1   -2      9.204     -6.827     -7.188
  66   -2     11.561     -5.223      1.670
   7   -2     10.345    -10.973     -4.120
  33   -2      4.476     -9.553      0.486
  -1   -2     -7.678     -6.228     -7.659
  11   -2     11.183     -5.320      2.825
  10   -2      6.769     -8.595      0.286
  16    0     12.491     -9.779      8.194
  53    1     12.520     -8.782      5.230
  60   22     -3.527    -10.727     -7.888
  98   26     10.641     -1.859      4.750
  14   12     -1.375    -10.938     -7.827
  67   38     13.967     -2.206     -3.269
  15   50      7.868     -6.883     -6.950
  -1   -2      8.341    -10.332     -4.809
  64   -2      1.272     -5.297      7.163
  21   -2     -3.579     -6.380     -4.008
  59   -2    -13.449    -10.336     -5.989
  30   -2     17.532     -8.021      1.328
  89   39     -2.570     -7.207      5.322
  -1   94      6.418     -4.993    -10.433
  -1   49     -7.259     -9.409     -2.839
   8   -2     12.847     -9.025     -1.014
  77   -2     -7.603     -9.840    -10.324
  20   34      0.851     -8.890      3.245
  83   -2      1.280     -7.725     -8.731
  32   29     15.971     -3.748     -8.520
  -1   48     11.607     -6.637     -5.142
   4   -2     10.864     -6.267     -7.125
   3   -2     17.000    -10.506     -0.042
  71   82     -9.284     -9.877      1.933
  -1    2      3.744     -7.596      3.480
  38   23     -2.359     -4.221      0.988
  29   56      4.845     -3.576      8.248
  37   41      9.435     -3.278      7.725
  -1    8     -7.029    -10.271     -6.765
  41   42     15.851     -8.962      1.262
  70  105     -3.875     -3.706      2.474
  -1   96      7.502     -5.052      7.873
  76   45     -9.372     -3.433      3.292
  52   -2     16.752     -7.250      3.196
  86   -2     14.070      3.072     -3.636
  -1   52    -11.938     -9.653     -6.690
  45   -2     -8.461     -7.151      0.035
  -1   -2     -0.765     -7.757     -6.605
  -1   -2    -13.065     -7.294      5.829
  43   67      7.005     -2.082     -3.852
  -1   47      3.048     -3.042     -0.665
  -1   -2      7.332     -7.312     -0.874
  49  113      8.404    -10.010     -6.163
  -1   33      8.343     -6.605      0.241
  22   59     15.810     -6.674      1.752
  -1   -2      8.324      5.473      9.240
  -1   61      5.845     -6.501    -10.333
  57  115     20.060      3.950     -5.044
  -1   -2     -6.448     -5.416     10.214
  58   -2    -11.339     -5.749     10.996
  79   30    -12.558      0.731      1.218
  -1   55      8.675    -10.345      4.034
  -1   20     20.268    -10.415     -2.668
  -1   98     -8.471     -0.510     -9.007
  -1   28      0.804     -2.473     -6.811
  -1   -2     -6.719     -7.480      8.794
  63   86     -2.506     -9.859     -4.754
  -1   -2    -13.192     -7.988     -7.379
  48   -2    -11.222     -3.947     -1.974
 103    9     10.660     -0.357      4.838
   0   27     10.803     -8.918     -2.470
   1  110      9.240     -1.745     -2.379
  -1   43      1.959     -3.569      3.877
  69   72     12.787     -6.127    -10.447
  -1   70     -4.479      1.067      4.089
  -1   15     17.879      0.005     -2.876
  97   -2     17.439     -5.452     -2.865
  18   24      7.018    -10.991     -4.213
  -1   -2      2.145      4.948     -4.598
  74   75     -4.247     -1.746     -9.523
  -1   16      9.283     -9.458     -9.196
  -1    4    -12.485    -10.919     -5.151
  -1   83    -13.238     -4.941      9.538
  75   68    -14.233     -5.453     -6.922
  23   10     -7.656     -8.583     -9.250
  82   -2      6.702     -6.854     10.118
  -1   25     20.334     -9.864      4.863
  34   -2      3.274     -4.437      6.620
 104   -2     -0.978     -5.246     -9.484
  -1   95      3.336      5.956      1.989
  -1   37    -10.893     -8.377     -8.211
  19   -2     16.917     -3.736      3.908
  73   91    -10.921     -5.364      2.110
  81   -2      8.390      0.924      9.595
  -1   93      0.614    -10.138    -11.887
  -1   97     15.314     -0.929     -4.868
  -1   -2     12.135      2.364      9.717
  -1   80     19.860     -4.407     -5.598
   2    3      9.373     -7.204      9.469
  -1   44     -6.836     -7.809     -0.425
  85   -2     -6.799     -4.330     -7.418
  90  100     19.436      4.796     -6.006
  -1   32     -6.171    -10.535     -2.906
  91  103     10.573     -2.483    -10.514
  72   -2     18.575     -4.779     -6.456
  78  101     10.504     -4.097      6.944
  -1   -2      9.204     -6.827     -7.188
  -1  126     10.807     -1.870      4.334
  44  122     -0.765     -7.757     -6.605
  -1   -2    -13.065     -7.294      5.829
  -1   60      8.324      5.473      9.240
  -1   -2      9.204     -6.827     -7.188
  -1   -2     10.807     -1.870      4.334
  47  112    -13.065     -7.294      5.829
  -1   -2      8.324      5.473      9.240
   6  120      9.204     -6.827     -7.188
  -1   -2     10.807     -1.870      4.334
  -1   -2     10.807     -1.870      4.334
  -1   -2     10.807     -1.870      4.334
  -1   -2     10.807     -1.870      4.334
 111   -2     10.807     -1.870      4.334
