386
   1    0      4.773     -7.842    -10.051
   2   -2      4.533     -9.203     -9.171
  -1  363      8.618     -7.293      7.808
  -1  117      4.713     -9.876     -8.829
  10    3      8.576     -6.042     -9.880
   8   -2      4.513     -5.121    -10.356
   5  328      4.558     -4.276     -3.787
   6    4      1.197     -2.069      8.978
  -1   -2     -5.725     -0.695      8.549
  -1    7      5.856     -4.594      9.891
  -1   -2      0.711     -6.577     -5.764
  31   -2      0.154     -7.177     -8.671
  -1   -2      5.724     -4.697      1.306
 184   92     12.127     -9.389     -3.012
  77  208     18.587     -8.251     -1.343
 274   -2     -3.489     -7.791     -8.793
 179  149      9.306     -8.150     -5.819
  17   10     -0.785     -3.241      8.374
  13   14      8.925     -6.581     -8.930
  -1   -2      1.251      0.577      0.036
 233  244     11.142     -9.070     -3.674
 282   -2      2.459     -8.367      4.774
  21   15     -4.539     -0.985      9.400
  92   96      9.615     -9.377     -7.106
  37  307     15.135    -10.170     -4.337
  26  352      7.598     -4.501      2.299
  49  191      9.657     -2.718      7.022
  33   16     15.330     -2.794     -0.598
  34   18     16.473     -3.281      1.869
  -1  263     -1.006     -6.430     -5.286
  30  353      8.366      4.539      6.760
  -1  282      2.354     -6.953      9.973
  52  213      9.127     -4.708      9.699
  -1   -2     -6.083      3.074     -4.510
  35  337      5.411     -1.787     -9.746
  16   -2      0.033     -6.896    -10.441
  82  155     -4.931     -6.389      9.659
 220   87     12.217     -9.312     -5.065
  27   -2      4.091     -4.345      1.673
  29  132     -1.624     -8.054      8.933
  45  338     10.751      1.206      7.260
  -1   -2     -0.345     -5.256     -6.283
 238   39      7.829     -6.177      6.643
 163  127     -7.931     -6.290     -7.326
  -1   -2     -8.158     -2.297      3.675
  39   32      7.338     -2.863      9.369
  -1   56     10.933     -5.747     -6.185
  22   -2     13.090     -8.201     -0.321
 191    9     -0.618     -8.405     -6.278
  -1   42      9.379     -4.628      7.505
  97   -2      9.709     -7.545     -5.428
  87  173     19.111     -8.395     -3.482
 199   -2     10.687     -5.367      1.261
 113   71     -2.977     -8.297      2.246
  -1  138      3.684     -6.232      4.736
  83  109      7.144     -8.190      1.196
  -1  372     -5.497     -2.549     -0.542
 259   38      1.307     -5.062      9.474
  -1   -2     -5.119     -0.505      5.432
 289  215     -3.300     -8.544      0.423
  -1   -2      6.497     -4.745      4.702
 190   -2     19.036     -4.774     -5.360
  -1   -2      8.623     -3.277      7.059
  68   51     -5.918     -6.603     -8.655
  -1   78     13.007     -7.559      6.339
  55   55      0.946     -3.776      8.834
 125   98      7.626     -6.016     10.054
 248   47     -3.691     -8.534     -1.605
 161  243     -3.903     -7.037      2.315
 200   -2      3.731     -7.096     -0.334
  -1   -2     11.205    -10.068     -5.079
 331   -2     14.634     -1.548      4.201
 232   28     -4.041     -8.356      3.716
  86   -2     -3.883     -6.304      8.976
 288  275     -0.068      0.693     -8.986
 269   -2     12.753     -9.087     -1.112
  80   58     11.639     -6.223     -2.185
  19   49     12.010     -8.339     -2.021
 222  165      6.833     -7.260      8.500
  -1  209     16.443     -6.468      3.905
  -1   53     19.538     -4.233     -1.100
  65  272     12.390     -6.892     -2.356
  72  187     19.050      0.664     -1.775
 341   -2      1.556     -6.579      2.703
  76   80     -8.235     -7.789      1.771
 237  271     17.714     -9.015     -0.721
 187  224     10.854     -5.253     -1.038
  -1  276     -3.341     -3.902      0.116
 162  252      2.318     -4.831     -8.931
  -1  103     17.483     -7.487     -1.402
  81   64     14.647      0.193     -2.799
  93   -2     -8.209     -3.945     -6.646
 295   -2     -1.408     -6.090     -8.718
  74  125     14.322     -8.993      2.682
  63   57      8.490     -6.604     -8.257
 246   -2      9.286     -0.399      7.884
  -1   13     12.150     -6.357     -7.510
 131   -2      4.943     -9.267      4.283
 115  157     17.586     -9.249     -2.615
 198   -2      4.567     -8.060      5.101
 209  130     10.523     -9.480     -2.180
 153  147     10.178     -6.252     -5.533
  99   76     -6.745     -1.048     -4.779
  -1  240      6.610     -6.004      0.013
  -1   -2     -7.775     -7.462     -8.192
  -1   69      0.615     -5.950    -10.629
  48   -2     12.485     -3.693      0.171
  94  201      0.509     -7.032     -5.318
 252   -2     -1.999     -9.076     -2.425
  -1  238     10.287     -1.374      4.487
 287   -2     -9.188     -8.607      3.444
  -1   -2     13.947     -8.619     -4.666
 100  211      5.080     -8.672      5.134
 114   99      5.391     -4.221     -9.202
 291    5      4.848     -5.722    -10.558
  -1   62     -2.174     -7.856     -0.493
 157   26      1.812     -8.045     -1.963
 141  245     -6.705     -6.121      5.724
  -1   -2     15.912     -8.521      7.980
 205   -2     14.457     -7.664      2.399
 188  235     17.288     -7.489      2.555
 165  146    -10.767     -9.283     -7.237
 171   -2     -7.143    -10.433     -5.040
  -1   -2     10.043     -1.881     -8.441
  -1  106     11.592     -4.548     10.503
 147   -2      0.435     -7.339     -4.831
 192  118     -6.034     -7.915     -2.880
 104  192     -0.332     -8.526      9.060
  78  300      0.872     -9.228      5.547
 151   -2     14.932     -7.147      3.240
  88   24     -4.284     -8.828     -5.531
  -1  186     14.873     -6.082     10.411
 138   -2     -7.328    -10.861      1.578
  -1  236     -9.468     -8.090      7.359
 135  129    -10.174     -7.819      4.231
 235  136      0.148    -10.045     -7.960
  64  121     15.799     -3.098     -9.354
  -1  176     -2.424     -6.609      2.355
 158   86    -10.087     -7.007     -5.024
 300   75    -11.364    -10.286     -4.454
  -1   -2     -8.245     -8.024      0.154
 145   -2     -0.784     -2.383     -5.646
  -1   -2     -2.092     -8.411      0.401
  90  168     -1.773     -8.007      1.474
 129  278     12.827     -7.261      6.360
  -1   -2     -0.950     -7.767     -7.121
 213   60     15.766     -1.569      9.445
  -1  194      5.668    -10.160    -10.215
  -1  251     -2.681     -5.638     -1.246
 312   61      1.700     -8.990      7.702
  73   67     10.197     -2.934      2.572
 234   -2     11.867     -7.601    -10.037
 296   89     -3.601     -9.870      3.981
 218   95     -5.126     -4.693      8.232
 279   -2      4.665    -10.016     -2.122
  -1   83     13.617     -6.508     -6.538
  -1  154      9.238     -2.597     -4.374
  -1   -2     -4.514    -10.552      7.113
  -1   -2     -3.727     -5.997      5.067
 227   41     10.533     -4.708     -8.273
  -1   -2      6.743     -8.303     -9.840
  47   48     -7.005     -6.832      6.656
 101  344     -4.917     -4.476     -1.275
 128   82      1.965     -6.093      7.976
  -1  174     -2.147     -6.125     -0.063
  -1  167     -6.791     -9.932      2.661
  -1   -2     -0.194     -9.270      3.651
  -1   -2     -7.220     -8.979      5.633
  -1   -2      3.423     -5.105      1.673
 324   -2     -0.559     -2.531      0.506
  -1   -2      6.415     -8.605     -0.535
 272   -2    -11.468     -5.111     -2.155
  25   -2    -11.090     -6.507      2.083
  -1   -2     15.041    -10.199     -7.301
 239   90      7.905      0.117      6.768
  -1  200      1.034     -8.800      4.872
  -1   -2    -10.683     -8.221     -3.622
  -1   -2     10.870     -9.379     -4.084
  -1   66      3.772     -7.152     10.412
  -1   34     10.955     -1.893      3.974
 180   -2     10.455     -4.192      4.365
  -1  226     13.424     -5.555      1.422
  75  158     -6.710     -7.248     -3.920
  -1  113      6.603     -1.146     -3.326
  -1   -2     11.729     -2.211     -8.453
 175  114     -0.479     -3.361     -5.646
 186   -2     -6.006    -10.213      4.548
  -1  210      4.314     -6.093      7.974
 167   97     -1.313     -5.443      6.567
  -1  140      4.775     -5.957     -4.781
  -1  166    -11.324    -10.678      2.129
 168   -2     -3.217     -5.075     -1.127
  -1  126    -10.978    -10.043    -10.009
  -1   37     -4.165     -4.899      2.191
  -1  171     -5.604     -4.865     -8.784
  -1   -2     -4.044     -7.260      0.966
 212   70     -3.080     -6.891      1.909
 134   23      7.124     -9.888    -10.318
 276  152      2.773     -2.326     -4.490
 275  193     -1.931     -6.134      3.997
  -1   21     -4.102     -6.466     10.409
  -1   44     13.205     -6.768     -0.219
 194   43      4.174     -9.647     -0.286
  -1  131      4.813     -2.823     -1.948
 210  220     -0.908     -1.126      9.822
 176   -2     -4.527    -10.107      9.573
 196   -2     15.006     -4.797      3.483
 285   -2      9.761     -3.464      6.768
  -1  115     17.916     -9.586     -6.578
  -1   -2      6.920     -8.204      4.944
  -1  273     14.503     -4.200      2.231
  60   -2     -3.763     -5.097      4.965
 278  107     13.241     -3.309     -4.580
  -1   -2     -4.031     -8.638      4.406
 225   -2     14.308      2.808      9.544
  -1  123      6.956     -7.619      3.935
  20  331     -0.839     -6.837     -2.280
 166   -2     -5.666     -5.366      9.072
 160   54     15.215     -9.082     -5.247
 211   -2    -10.800     -7.502     -4.707
  91   73     -5.720     -5.947     -9.763
 280   -2     -0.243     -9.417     10.136
  84   -2      3.105    -10.686     -6.850
 172  216    -12.271     -6.703     -3.344
  -1  116     -6.145     -5.521     -5.138
 150  203     -5.478    -10.862     -0.801
  -1   27      6.001     -9.723      3.962
 226   -2     19.504     -6.113     -0.930
  -1  219      0.918     -0.913      6.006
 159  164     -5.951     -9.488     -2.398
 103  101     10.740     -3.523     -7.654
  -1   -2     -6.829     -5.524      2.431
 182   -2      9.386     -3.064      5.770
  -1   -2      1.499     -7.197     -8.982
 245   -2     -0.390     -4.842     -0.717
  69  227     18.106     -6.665      1.045
  -1  151     15.727     -8.042      5.808
 219  266      4.933      1.697      5.677
 197  253      8.967     -1.123      8.992
 328   -2     16.014     -0.971      7.431
 236  256      3.999     -2.394     -2.274
 326  234     15.207      0.427     -0.663
  -1   33     18.551     -8.685     -6.193
  -1   72     10.426     -8.353      9.551
 228   -2     16.274     -5.443      4.287
 244  314    -12.326     -5.761     -9.565
 311  279     17.850      2.116     -6.906
 155   -2      8.457     -6.646      0.284
 202  306     -6.410     -8.547     -0.759
  -1  185     -6.557     -4.143     -8.461
  -1  102      5.134     -8.664      9.706
  -1   -2      3.309     -6.543     10.387
 335  270      3.985     -8.016     -4.746
  -1   -2     12.851     -6.821     10.158
 254  320      7.891     -5.260     -4.832
  -1  139     -2.112     -8.724     -0.954
 271   -2      6.020     -7.174      9.336
  -1   -2      8.636     -4.565     -8.546
 116   88      4.148     -4.914      7.692
  -1   -2      2.496     -3.407     -7.535
  -1   -2     -6.720     -1.993     -5.173
  -1  184      2.665     -6.243      3.425
 325  112      8.389     -7.551      8.776
  -1   -2     -9.131    -10.916     -0.150
 353  250      8.842     -0.488     -8.140
  -1  381     -0.435      0.782     -2.999
  -1   -2     19.168     -4.443     -8.704
 315  318    -13.417     -1.448     -6.762
  -1  221     10.804     -6.546      4.291
  -1  202     19.422     -8.031     -7.088
  -1   35     10.442     -9.085      1.118
  -1  143     10.984     -9.614     -3.989
 314   -2      7.250     -3.170     -4.166
  -1   -2     19.344    -10.404     -0.477
 299   -2      8.711    -11.004     -2.524
 185  170     13.885     -4.402     -4.906
 318  228     18.880     -1.707     -7.445
  -1  175    -12.351     -9.281     -8.776
  85   -2      4.593     -9.240      6.613
  -1  325     -4.555      2.439     -4.868
  96   -2     -0.561     -6.831     -2.722
 332  135     17.985     -5.788      2.200
 107   -2      4.580     -9.613     -2.481
 173  299     12.712     -1.972     -0.030
 251  249      3.179     -5.277     -1.015
  -1   -2     -6.711     -3.219     -4.917
  -1   -2     -6.740     -5.166      1.993
   7  293      2.233     -0.258     10.775
  -1  108      2.873     -6.190     -5.051
 207   77     18.551     -9.825     -1.272
  -1  287    -14.557     -2.530     -1.152
 321  311     19.046      1.468      1.844
  -1  360     -9.514     -2.642     -6.928
  -1  258     21.700     -2.831     -5.745
  -1   -2      8.596      5.416      8.549
 313   81     -7.053     -1.144     -6.504
  -1   -2     13.324     -2.113      9.583
  -1  301    -12.160     -9.989      7.616
  -1   -2     -8.545      2.499     -6.503
  -1  141      1.146     -9.527     11.294
  -1   46    -10.395     -5.534      3.102
  -1   -2     -8.834     -3.024     -7.601
  -1   -2      5.896     -3.936     -1.011
  -1   -2     -3.593      0.075      9.597
  -1   84    -14.094     -4.730     -0.590
  -1   -2     -3.898     -3.953    -10.125
  -1  294    -13.164     -9.585      4.880
  -1   -2      4.982     -6.908    -11.535
 256  222     15.452    -10.680     -9.365
  -1  195     20.107      3.434     -0.932
  -1   -2     -2.836      0.324      3.918
  -1  305    -14.677     -5.483     -7.289
  -1   -2     10.914      1.438     -5.638
 241  283      9.140     -7.742      2.254
  -1  362     20.182      3.961     -3.010
 323   -2     16.832     -1.295     -1.818
 293   -2     14.317      2.781      5.403
  -1  313     -9.712     -1.955      0.985
 316  291     -5.154      1.128     -5.103
  -1   -2     -5.705     -0.674      8.549
  -1   -2      8.604     -7.290      7.832
  -1  229      0.709     -6.597     -5.945
   9  329      5.827     -4.583      9.984
  -1   -2     -0.803     -3.253      8.531
  -1   -2      1.251      0.577      0.036
  -1   -2      7.727     -4.490      1.964
  -1   -2     -6.131      3.074     -4.596
  -1   -2     15.279     -2.803     -0.616
 349  356     15.275     -2.810     -0.546
  -1   -2     -5.456     -2.540     -0.558
  -1  336     16.419     -3.286      1.790
  32  335     -0.339     -5.264     -6.188
 350  358     10.837      1.216      7.056
  61  342     13.933     -8.565     -4.297
 351   -2     -8.169     -3.946     -6.698
 139  345     -7.480     -9.052      4.997
 146  346     19.525     -4.238     -1.261
  51  341      6.497     -4.745      4.702
  -1   -2     14.509     -1.521      3.409
  -1   -2     -5.705     -0.674      8.549
 360  326      8.604     -7.290      7.832
  -1  364      5.765     -4.679      1.143
  -1   11      0.739     -6.570     -5.710
  -1   12      1.239      0.575      0.090
  -1   -2      1.251      0.577      0.036
  -1   -2     -8.080     -2.275      3.605
  -1   -2     -5.497     -2.549     -0.542
  -1   -2     -5.052     -0.490      5.411
 348   -2      2.354     -6.953      9.973
  -1   -2     -6.029      3.074     -4.379
 346  354     -6.127      3.077     -4.588
 143  128     -6.280     -7.698     -4.488
 354   -2     18.993      0.665     -1.578
  -1   -2      0.749     -6.576     -5.749
  -1   -2      0.749     -6.576     -5.749
  -1   -2      5.765     -4.679      1.143
  -1   -2     -8.080     -2.275      3.605
  -1   -2     -5.052     -0.490      5.411
  -1   -2     -5.497     -2.549     -0.542
  -1   -2      4.599     -4.256     -3.845
  -1   -2     -5.705     -0.674      8.549
   4  373     -5.693     -0.685      8.575
  -1   -2      5.765     -4.679      1.143
  -1   -2      0.739     -6.570     -5.710
  -1   -2     -8.080     -2.275      3.605
  -1   -2     -5.052     -0.490      5.411
  50   -2     -5.497     -2.549     -0.542
 371   -2     -5.463     -2.548     -0.576
 377  376     -8.245     -8.024      0.154
 379  377     14.509     -1.521      3.409
  -1   -2      5.765     -4.679      1.143
  -1   -2      0.739     -6.570     -5.710
  -1   -2     -8.080     -2.275      3.605
  -1   -2     -5.052     -0.490      5.411
 385  379     -5.052     -0.490      5.411
  -1   -2      1.239      0.575      0.090
 387   -2      1.239      0.575      0.090
 361   -2      5.765     -4.679      1.143
  -1   -2      0.739     -6.570     -5.710
 383  218     -7.780     -6.477      9.379
  -1   -2     -8.080     -2.275      3.605
  -1   -2     -8.080     -2.275      3.605
  -1   -2      0.739     -6.570     -5.710
 391   -2      0.749     -6.576     -5.749
 388  382     -8.080     -2.275      3.605
 390  384      4.120     -4.320      1.542
