440
  -1   -2      2.607     -1.651      5.378
   3  394     -2.298     -0.709      4.714
  -1   -2      6.031     -3.381     -0.485
  -1   -2      5.193     -3.164     -4.315
   7  396      3.222     -0.347      6.552
  40  164      4.898     -6.746     -9.741
   5    8     -6.921     -7.204     -0.948
  -1   -2      2.472     -4.886     -5.635
  -1   -2     -3.263     -8.271     -1.923
  -1   -2     -3.385     -5.722      8.727
  -1   17      8.135     -9.145     -8.372
 211   -2     -2.213     -5.075      9.872
  -1   -2      4.622     -3.162     -0.202
 124   50      9.439     -7.712      5.752
  65   -2      0.619     -7.382     -3.085
 144  405      2.637     -6.070      6.908
  44   -2     -3.752    -10.732     -7.709
  12   13      0.410     -6.263      9.514
 422  431     -8.182     -3.347      2.262
  -1   -2     -5.251     -1.161      3.325
  -1   -2      7.171     -8.078      7.536
  29   -2      7.839     -7.969     10.161
 239   -2     -4.430     -5.043      6.197
  37   43      1.989     -6.652     -5.335
  -1   -2      0.055     -6.692      8.062
  -1   -2      1.379     -7.318     -2.505
 224  216     -0.583     -8.075     -2.362
  -1   -2     -0.619     -5.694      3.950
 325   20      5.670     -6.848      9.981
  -1   -2      6.149     -7.681     -6.850
 435   -2      7.839     -2.967     10.417
  70  140     -2.094     -7.251     -4.454
  -1   -2     12.840     -4.572     -4.924
  -1   15     -4.779     -6.275     -2.330
  -1  260      6.515     -6.842     10.025
  -1   -2     -2.483      0.088      6.729
  26   41      9.049     -6.766      4.228
 133  209      5.597     -6.817      0.553
  46   31      2.720      0.266     -1.626
 305  106      7.594     -8.902      4.224
  -1   -2     10.239     -5.912      2.948
  35   19     -4.195     -6.067      7.968
  34  168      8.087     -4.904      4.854
 444   -2     -0.604     -3.784     10.052
 439   32     -0.734     -7.997     -1.038
 138   -2      8.648     -9.453     -1.745
 182  299      0.935     -1.309     -0.899
  -1  171      7.165     -6.045      7.550
  -1  312      1.428     -8.660     -9.234
  56   45      7.699      3.305      3.647
 278   -2      3.818     -8.886      0.097
  -1   -2     -1.407    -10.399     -8.847
 258   26     -6.725     -6.574     -6.330
 197   61     11.007     -9.181      4.549
 245   -2     13.440     -3.218     -2.316
 190  289      3.563     -6.399     -1.723
 234  196     -4.521     -8.823     -1.913
 396   46      1.808     -2.753      5.803
  69   86      4.767     -4.946     -3.160
 284   -2     18.073     -5.023     -9.060
  78   52     -2.521      2.036     -5.172
 198    7      5.044     -6.942     -9.223
  -1   28      3.017     -6.058     -6.566
  38   -2      7.441     -9.678     -9.715
  -1  408     15.873     -1.301      8.020
  -1   -2      1.485     -8.085      8.120
  62  404     -2.680     -2.274     -2.013
 287   -2     -1.711     -5.749      8.902
  59   60      3.506     -4.460     -0.693
  82   -2      8.432     -9.178     -4.795
 216  296     -1.151     -5.406      2.787
 121   -2      1.886     -5.711     -9.180
 217   69     15.043     -0.062      5.604
  -1   -2     15.014     -1.953      7.024
 110  332     -1.688     -9.497     -8.415
  99   -2      0.606     -5.943      3.999
 171   -2      3.766     -9.117      9.397
  72  276     12.186     -6.583      4.865
  13   25     -2.000     -4.775      4.970
  81   -2     -7.244     -8.446      6.131
 410   -2     -8.263     -7.684      6.103
  -1   -2     -3.560     -6.961      7.287
 241   -2      5.233     -9.797      8.852
 237  144      8.285     -9.069      4.409
 270   -2     15.158     -7.076      3.266
  -1   -2     10.092     -7.320     10.007
 178  324     16.342     -9.606     -4.369
  52   -2     -0.798     -7.243      4.257
  97   97      6.905     -2.979      9.000
 115   -2      7.486     -8.689      2.430
  -1  101     11.607     -5.156     -1.615
  -1   12      3.940     -8.016      9.914
 101   -2      3.861     -6.614      8.220
 177  141      5.654     -8.212      6.222
  -1   -2      4.544     -6.793      1.250
 113   85      7.734      4.253      2.493
 319  145      3.437     -5.370      8.465
  -1   88      4.488     -2.675      4.654
 395   36     -1.680     -4.881      9.878
  -1   -2      0.053     -7.469      5.067
 369   -2    -10.636     -8.354     -0.757
 256   -2      6.324     -8.986      9.158
 184   -2      9.003     -7.936      5.582
 231   -2      3.501     -4.229      6.259
 246  286      6.635     -5.810      7.217
  91  283     10.514     -7.823      5.836
  76   -2     10.231     -7.585      4.834
 114   11      8.499     -6.396      3.434
  -1  336      7.917     -3.129      4.887
  -1  156     19.969     -8.993     -2.927
  66   -2      3.088     -7.445     -9.904
  71  331     -1.182     -6.819      5.618
 213   -2     11.601     -8.501      6.715
  -1   -2     -6.478     -8.186     -5.923
  -1  188     -7.427     -6.825      8.764
  48  125      7.265     -6.553      8.484
  25  105      6.268     -7.839      9.039
 221   68      5.363     -7.256      7.072
 283   -2      4.109     -6.079      6.758
 116  120     14.770     -5.112      8.602
 123  257     15.526     -3.424      4.213
 119   62      7.224     -8.915      6.256
 185   -2      4.090    -10.123      7.033
 130   -2     13.771     -2.385     -7.056
 222   87     18.745     -6.042     -5.956
  -1   -2      7.079     -6.456      0.345
 302  114      5.396     -5.299      5.423
  -1  318      3.379     -4.944      6.842
  -1   27     -7.809     -6.256     -9.078
 294  212     13.303     -7.845     -0.195
  88   84     15.292     -4.409     -6.613
  -1   77      0.928     -7.117      0.877
  85  250     -9.107     -8.330      2.606
 195  320     16.416     -4.406      4.166
  -1  193      4.423     -7.922      6.855
 134   -2      6.156     -6.406      7.670
 136   -2      0.854     -7.087      6.303
 367  247     14.320     -2.641     -4.579
 175   98     -4.478     -6.003     -0.301
  -1   -2      6.344     -8.764     10.193
  -1   -2     -1.285    -10.336     -9.795
 254  226     17.318      0.671     -3.393
  -1   -2      7.630     -5.723      5.465
 193  323      0.703     -3.849     -5.851
  24   -2     -7.746     -8.005      2.629
 108  274     12.277     -0.957      6.008
  -1  116      6.634     -8.090     -8.069
 164  316     11.888     -5.209      2.784
 285  210     -6.554     -7.931     -7.130
 250  282      2.065     -8.806      3.375
 148  149      1.489    -10.650      6.998
 165  180      5.459     -8.678     -8.559
 200  329     -1.569    -10.083      3.238
  -1   -2     -5.259     -8.682      5.823
 259  187     14.300     -8.950      4.020
  -1  170     -0.028    -10.339     10.283
 267  104     18.427     -7.399     -5.668
 154  218     -2.666    -10.016      1.432
  -1  152     14.400     -3.993      9.769
 157   -2     15.288      1.780      4.861
 162  154     -3.418    -10.379     -8.116
  -1  306     12.288     -9.050      9.445
 196  232      1.062     -2.196    -10.504
  -1  148      6.199    -10.669     -9.432
 180  161      4.558     -8.313      2.120
  58  138      9.821     -8.263      7.390
  -1   89     12.807     -7.479      5.518
  -1   -2     -0.992     -4.713      7.114
 166   -2      0.897     -9.891      7.311
  -1   34     -4.436     -8.905     -9.233
  -1   -2      6.245     -9.163      9.995
 183   -2     -8.711     -9.773     -7.346
  -1  252     -3.941     -2.892      9.077
 327   -2     11.218     -5.264      2.957
  -1   -2     -5.606     -6.760     -6.028
 411  425      1.988     -2.839      1.966
 321   56     14.631     -3.763      5.433
  -1   -2     -1.139     -4.914     -3.109
 214  100     -0.157     -5.640      0.711
  80  173      4.015     -9.370      5.759
 215   -2     -4.057     -8.714     -6.799
  -1   -2      5.063     -5.238     -8.449
  -1   -2      5.359    -10.127      1.122
 249   -2     11.925     -6.986      0.315
  -1   93     12.032     -6.314      1.403
  -1  189     14.256    -10.106     -8.612
  -1   -2      6.625    -11.020     -7.960
 226  191     18.248     -9.666     -0.225
 276   71     -5.708    -10.981     -1.745
 129  215     -8.313     -6.829     -8.821
  -1  280     -9.121     -3.991      6.736
  96   67     15.879     -4.758     -4.926
 253   -2      7.403     -4.114     10.151
  -1   91     20.184     -5.556     -5.679
 311   -2     12.665     -1.914      7.577
 330   -2     -5.307     -3.649     -2.939
 414   -2     -0.999     -6.560      7.300
 210   -2      8.229      2.883      2.568
 251   -2     -4.521    -11.078      2.496
  73   66     -5.949    -10.778     -6.227
  -1   37     -3.079     -7.646     -3.779
  -1   -2      0.605     -3.687      0.234
  -1   -2     -5.328     -4.640    -10.124
  -1  277     -5.234     -7.964     -2.215
  -1  206      4.354    -10.200     -0.346
  -1  307      2.966     -1.995     -0.550
 146  150     -3.538     -9.551      8.782
  -1  224     -7.607    -10.762     -9.073
  -1  221      2.995     -9.784      6.118
 352  223     -4.293    -10.534      0.106
  -1   -2     17.206    -10.885     -6.746
 192   63      3.847    -10.576      5.341
 173   96     -5.223     -9.431     -6.082
  -1    1     -6.987     -5.947      5.335
 131   -2      8.783     -7.408     -8.121
 181  362    -10.205     -2.014     -3.807
  -1   -2      3.517     -6.896      6.541
 105   -2     17.037     -7.950      2.492
  -1   -2      2.192    -10.191     -5.939
 109  134      5.263     -5.528      6.250
  -1  228      4.632     -4.780     -9.728
 274  130     -2.948     -6.517     -2.661
 346   -2     -6.469     -1.031     -0.655
 188  314      4.938     -3.704      9.728
 357  235      7.931      0.394      2.012
  -1  110    -10.625     -9.784      3.798
 353  285     -9.397    -11.261     -2.945
  87   -2     11.430     -5.269      1.788
  -1  389     -4.082     -1.611     -0.812
 265   -2      8.557     -2.897      9.922
  67  305      1.843     -6.165     -4.187
 100   48     -4.043     -9.527     -5.360
 151   -2     -5.358    -10.312     -9.959
 209  167     -1.830     -9.057      3.186
 355  238     -7.440     -2.312    -10.046
 179   -2     -0.028     -9.347     10.242
 141   -2      5.237    -10.260      7.006
  -1  258      6.657     -1.096     -2.210
 272   65      6.583     -9.890     -1.404
 240  245     13.490      2.922      5.597
 292   -2     16.207     -5.098      0.584
 227   39      4.802     -9.604      1.741
  -1  302     18.614     -7.148     -6.987
  89   -2      1.505     -7.797      0.094
  -1   -2      3.885     -8.843      7.898
 156  163      7.408    -10.623     -0.786
 225  239     -2.058    -10.294      7.110
 293  217     11.651     -0.195      4.462
 205  249     -7.299      2.544      4.647
  -1   -2      3.421     -9.194     -8.728
  -1  291     -0.850     -9.261     10.470
  -1   -2     15.949     -8.830     -9.637
 262   -2      0.798     -9.208      9.756
 212   -2    -11.576    -10.887     -6.330
 118   -2      5.339     -5.898      8.585
  -1   -2     -3.241     -2.490      7.571
  -1  373     -7.210      1.738     -9.471
 204   -2     16.620     -8.426      3.261
 206   -2     19.695     -9.211     -2.139
 219   82      0.123     -3.990     -0.728
 341   -2     19.301    -10.232     -7.289
 139  325     -2.607     -2.973     -3.808
 282   -2      1.225    -10.408      6.655
  74   44      8.996     -7.970     -0.822
  -1   -2     12.986     -7.950      9.512
 277   -2     -4.853    -10.414     -6.349
  -1   -2     20.501     -1.277     -1.744
  -1  311      9.837      0.659      0.649
  -1   -2     -2.542     -3.097     -6.839
 314  202     18.725     -7.461     -9.888
 223   -2      9.942     -7.289      1.219
 143  142      8.782     -7.773      0.918
  -1  360     19.631     -9.922     -9.449
 191   -2      9.382     -9.820     -1.661
  98   -2      5.227     -4.435     -4.519
  -1  231     -1.180     -5.715      0.823
  -1   -2     -6.745     -4.328      2.194
  -1   -2     11.463     -5.663      8.200
  -1   -2      2.654    -10.192      6.185
 170  330      5.989    -10.795      2.019
 172   53      3.782    -10.867     -5.155
  -1   -2      4.885     -8.617      9.609
  32   -2     15.578     -8.296      0.833
  45   58      4.478     -6.763      7.581
  -1  207     -8.783    -10.722    -10.442
  -1  315     20.038     -7.625     -1.226
 149   -2      9.725     -8.607      5.829
 408  199      2.876     -6.393      1.313
  -1  337      0.730     -7.800      0.417
  -1   -2     11.666     -4.442      9.298
  -1  278      8.396     -0.620     10.603
 264   29     -2.618     -8.091      6.569
 332   -2     -1.379     -4.165     -6.402
  -1  242      0.025     -2.501      5.331
 125  287      4.676     -6.579     -6.884
  -1   -2      7.145     -7.554      6.918
 339   -2     -7.518    -10.305      0.085
  -1  256     19.492    -10.882     -1.109
  -1  169     -7.939    -11.185     -3.864
  -1   -2     -7.223     -8.723      4.512
  -1  271      6.121     -8.509     10.324
  -1  137     -7.545     -4.990      3.103
 248   -2     -3.455     -4.226     -0.219
 344  115     11.584     -1.825      2.712
 312  263     -4.340     -4.411     -5.801
  -1   57      2.704     -7.176     -4.402
  86  236     11.441     -6.638     -5.231
 318   -2      3.995     -2.535      3.957
 299  230     19.332     -3.350     -6.148
  61   78      9.423     -9.000     -0.542
 416   -2      5.136     -3.870     -7.404
  -1   -2     -1.679     -4.148    -10.114
  -1   18      2.748     -5.594     10.426
 266   -2     -8.884     -6.421     -1.977
  -1  136     17.897     -4.309     -2.997
 167  185     -7.405     -8.374      2.690
  -1   -2      7.526     -7.477      0.657
 244   -2    -12.783    -10.689     -2.727
 374  122      2.380     -9.595      7.372
  -1   -2     -3.409     -7.066     -3.717
 159   -2      8.892     -3.504      5.468
 315   -2      0.093     -8.788     -5.961
 280  194     18.185     -8.904     -3.622
  -1   -2      7.852     -5.871      8.810
  -1  143      0.696     -5.947     -8.707
  -1  172     10.980     -6.239      2.901
  -1   -2     -2.139    -10.456      4.156
  -1   -2      7.849    -10.766     -8.326
 322  243     17.692     -7.452     -0.157
 230  335      7.819    -10.929     -1.547
  -1   80      5.161     -8.205      8.266
 279  160      1.107    -11.011      2.308
  83  103      4.338     -6.774      0.079
  -1  317     -3.417     -2.378     -8.815
 336   -2      6.844     -3.354      8.823
 176   -2     19.450     -7.930     -6.883
  -1  346      2.849     -4.549      1.749
  -1   95      6.641     -3.560      5.735
 343   -2     19.920     -6.997     -7.602
 135  112     14.150     -5.720      5.674
  -1   -2     16.990     -2.950     -4.750
  -1   -2     16.004      0.082      4.410
 296   -2      0.828     -0.971     -1.019
 307   73      2.218     -4.936      6.128
 437  309     -8.109     -4.686      5.904
  84   -2      4.521     -1.462      7.108
  -1   -2     12.275     -6.992      8.011
 365  234     18.932     -1.007     -6.121
  -1   -2     18.407     -2.279     -7.386
  -1   -2      5.855     -4.852    -11.798
  -1   -2    -11.934      5.335     -9.054
  -1   -2    -15.780     -3.568      7.670
 310   79    -11.619     -2.927     -3.338
  -1  371     -5.049      0.763     -6.994
 351  383     23.716      2.535     10.627
 347   -2      9.172      4.707      5.179
  -1  203    -13.542     -7.343      7.379
  -1  353     17.118      1.813      1.287
  -1  322    -11.799     -6.353     -6.805
  -1   -2     10.253      2.682      2.309
 350  385      6.900      5.581      8.898
  -1  341     20.235      4.381     -1.217
  -1   -2      1.722      0.199     -8.138
  -1   -2    -13.173     -5.369      7.271
  49   -2     10.594     -0.452     10.896
 376  350    -10.385     -3.085     -6.780
  -1  255      0.664     -5.009     11.286
  -1   -2    -12.663     -1.945     -2.884
  -1  358     -8.812      4.602    -11.598
  -1  424    -11.766     -7.145      9.998
 368   -2     -4.980     -3.077     -7.194
 345   -2     -8.111      2.217     -9.789
  -1   -2     19.612     -1.496      5.382
 142  378    -10.134     -0.106      2.430
  -1   -2     -0.032     -0.659     -9.690
 238  343    -11.652     -7.941     -8.672
  -1  181     -8.023     -2.864    -12.001
 375   -2     -7.332      4.420     -7.754
  -1   -2     21.676    -10.017      1.944
  -1   -2      2.645     -0.169    -11.282
 364   -2    -13.724     -2.425      3.944
  -1   -2     19.948      1.332     -8.683
  -1   -2      2.607     -1.651      5.378
  -1   -2      5.193     -3.164     -4.315
  -1  427      6.041     -3.377     -0.484
  -1   -2     -3.323     -5.718      8.737
  -1   -2     -3.174     -8.254     -1.972
  -1   -2      2.491     -4.886     -5.611
  -1    3     -2.313     -0.713      4.749
  -1   -2      4.641     -3.157     -0.244
  -1   -2      4.622     -3.162     -0.202
  -1   -2     -8.211     -3.354      2.122
  -1   -2     -5.212     -1.160      3.382
 436  146      1.417     -7.300     -2.530
  -1   -2      2.772      0.275     -1.727
  -1   -2     14.991     -1.938      6.887
 112   -2      4.492     -2.690      4.798
 147  406     -3.692     -6.997      7.306
 127   40      6.028     -7.342      4.930
 281   -2      2.675    -10.764      2.722
 362  409      1.722      0.199     -8.138
 235   -2     15.753     -1.265      7.662
 415  426     -3.334     -5.711      8.710
  -1    4      5.232     -3.152     -4.370
   2  392      5.173     -3.165     -4.256
 383  410      2.607     -1.651      5.378
 417  294      6.041     -3.377     -0.484
 388  414      3.347     -0.337      6.222
  -1   -2      2.491     -4.886     -5.611
  -1   -2     -4.402     -5.017      6.139
 424  432     -4.402     -5.017      6.139
  -1   -2      4.641     -3.157     -0.244
  -1   -2      4.622     -3.162     -0.202
  -1   -2     -8.974     -3.965      6.696
  -1   -2     -5.212     -1.160      3.382
  -1  119     -1.742     -5.789      9.083
  -1   -2      4.310     -6.776      1.847
  -1   76      4.590     -6.779      1.011
 401  421     -2.452      0.083      6.835
 407   -2      3.497     -4.274      6.104
 405  422      2.912      0.285     -2.129
  -1   -2     14.991     -1.938      6.887
  -1   -2     15.011     -1.943      6.895
  -1   -2     14.833     -5.103      8.514
 432  437     -3.174     -8.254     -1.972
  -1   -2      2.491     -4.886     -5.611
  -1   -2      7.859     -4.902      5.424
  -1   -2     -8.974     -3.965      6.696
  -1   -2     -8.974     -3.965      6.696
 392   -2     -8.132     -3.346      2.311
 438  440     -5.212     -1.160      3.382
  -1   -2      4.622     -3.162     -0.202
 394  442      4.622     -3.162     -0.202
 442  443     14.833     -5.103      8.514
 431  436     15.011     -1.943      6.895
  -1   -2      2.491     -4.886     -5.611
 434  439      2.491     -4.886     -5.611
  -1   -2     -8.974     -3.965      6.696
  -1   -2     -8.974     -3.965      6.696
  -1   -2      2.446     -6.727      3.742
