48
  15    1     11.522     -7.675      1.399
  23    0      5.374     -9.067      8.709
  17   -2     10.423     -4.054      6.407
  35   -2     10.034     -6.640      8.836
   2   16      9.127     -6.898      8.486
   3   13      2.556    -10.999      1.215
  11   25     10.822     -9.217      0.927
  -1   39     -3.796    -10.547      5.701
   9   22      0.294    -10.236      1.311
  -1   -2     -8.676    -10.486     -8.080
  18   63      1.095    -10.775      1.451
  47   -2     10.958     -5.346      4.170
  31    7     10.500     -7.443     -7.478
   7   -2     10.948     -9.816     -2.750
  52   14     11.912     -9.668     -8.479
  37   18      4.610    -10.321      9.133
  33   19      2.873     -8.557      5.724
  -1   -2     11.685     -6.658     -2.697
  14   -2     10.676     -8.927     -2.434
  19   23     11.110     -9.415      0.437
  -1   -2     10.973     -5.879     -2.033
  -1   -2     -1.054     -9.571      7.770
  -1   29      4.952    -11.037     -5.503
  45   -2      7.588    -10.898     -1.513
  44   52     16.137     -6.616     -4.327
  30   -2     -8.263     -7.984      4.177
  -1   -2      0.739    -11.289     -0.748
  -1   37      8.152    -10.580      2.519
  34   -2      9.076     -7.597      6.543
  -1    3      4.258    -11.202      0.681
  46   34     -9.738    -10.396     -6.049
  24   27     13.076     -6.405     -4.861
  49   30     19.987     -6.431    -11.618
  32   47     -0.338     -1.601     -3.746
  26   44      8.197      6.212     10.886
  -1   -2     17.602      3.835    -12.399
  43   46      0.658     -4.002     -2.709
  42   -2      9.268    -10.113      5.233
  -1   24     11.646     -9.678     -3.552
  -1   32      9.373    -11.047     -4.373
  -1   40     21.715     -6.658     -9.866
  -1    6     12.631     -3.729      1.983
  -1    2      9.826     -3.588      6.724
  -1   -2      8.762    -10.452     -7.445
  29   12     10.941     -3.850      9.863
  -1   -2     -0.368     -1.472      2.471
   4   -2      0.294    -10.236      1.311
   6   62     -8.676    -10.486     -8.080
