59
   5    0      8.339     -6.577      8.745
  11   16      3.639    -10.312      8.366
   6   76     -4.532     -9.415      2.432
  -1    5      3.557     -9.307      7.827
  48   -2     10.592     -9.239      1.784
  -1   -2     -3.002    -10.853      1.863
  -1    4      3.612    -10.513      8.008
  -1   -2     12.153     -9.657     -3.565
  -1   47     12.382     -9.009     -1.602
  -1   -2      8.073     -7.921     -7.911
  18   15      0.182     -8.020      8.348
  -1   -2     -3.328    -10.231      2.606
  43   37     10.805     -9.889     -5.557
  -1   -2      9.003     -8.420      1.562
  20   -2     10.617     -9.625     -2.190
  26   29     10.890     -8.526     -0.803
  23   14     10.431     -8.566     -8.692
  14   10     -1.955    -10.893      1.551
  -1   45      5.549     -9.721      8.051
  21   -2      7.587     -6.880      7.845
  28   27      2.181     -6.004      9.395
  10   34     12.085     -9.597     -6.925
  17   33     -1.692     -8.451      0.922
  46   42      7.768    -10.259      3.696
  -1   30     -1.986    -11.392     -0.352
  -1   13     12.887     -9.800     -7.078
   2    9     10.345     -7.795      6.566
   1   32      1.659     -8.644      6.724
  -1   -2     -0.078     -9.154      3.619
   0   77      3.696     -8.912     -3.224
  31    1      9.421     -0.885      6.601
  -1   -2      1.565     -6.178     10.277
  24   19     10.110     -9.883     -2.280
  -1   61      8.347     -8.220      9.726
  -1   26     13.397     -6.334     11.740
  55   -2     -1.716     -3.640      1.764
  35   39     18.523     -4.339     -4.595
  22   11     10.851     -9.855      5.380
  -1   -2     -6.659     -7.207      4.375
  -1   -2     15.651     -7.718      0.966
  -1   -2    -12.205    -10.875     -9.475
  42   52      8.189      6.212     10.901
  45   38     19.146     -6.538     -2.049
  -1   -2     -2.945     -1.411     -3.531
  -1   64     20.748     -5.778     -5.059
  -1   18      8.603     -9.764      6.773
  -1   44      4.452    -10.922      9.797
  50   68    -11.202     -0.655     -2.629
  -1   67      9.827     -3.587      6.729
  -1   59      4.182    -11.323     -2.836
  -1   -2      5.310     -8.086      9.667
  -1   55      3.408     -6.523     10.104
  16   72     -6.828     -7.805     -0.447
   9   70      8.073     -7.921     -7.911
  -1   -2    -12.205    -10.875     -9.475
  15   78     -3.034    -10.857      1.780
  58   66     -2.945     -1.411     -3.531
  59   -2    -12.205    -10.875     -9.475
  56   41     -3.291    -10.219      2.704
