303
   0    0     11.075     -9.729     -3.145
  -1  115     16.490     -8.281     -1.598
  23   29      8.182     -8.317     -0.662
  84   -2     14.019     -2.034     -4.657
  13   23     14.008     -9.309      0.829
   5    4      5.643     -4.397     -6.197
  -1   -2      9.204     -6.829     -7.188
  59   -2     11.546     -5.226      1.631
   8   -2     -7.675     -6.229     -7.668
  79    6     11.183     -5.323      2.826
  11    8      6.764     -8.595      0.292
  12   -2      6.839    -11.016     -0.984
  -1   12     13.338     -8.706      7.913
  -1   -2     10.645     -1.862      4.741
  15   14      7.866     -6.883     -6.961
  -1   10      8.342    -10.333     -4.810
  94   18     17.530     -8.024      1.332
  17   19     -3.578     -6.383     -4.023
  19   20     -4.928    -10.522     -0.790
  -1   -2      1.401     -4.248      9.014
  20   -2     15.956     -3.754     -8.483
  21   -2     11.597     -6.637     -5.122
  25   27      6.005     -6.551      5.083
   9    1      8.938     -8.554      2.277
  -1   -2     14.908     -8.528      1.974
  26   30      1.211     -9.870      8.855
  29   32      9.453     -3.276      7.685
  27   -2     -4.522     -9.537      3.063
  43   -2     11.997     -8.643      1.398
  -1  233      7.002     -2.083     -3.843
  -1   57     -9.378     -3.432      3.305
  -1   -2     -0.776     -7.762     -6.646
  37   37      0.005     -2.672     -4.314
  -1   -2     16.753     -7.248      3.193
  30   94     16.226     -5.948     -9.194
  -1  112    -13.062     -7.294      5.807
  -1   69    -12.587     -9.470     -4.246
  -1   -2      9.842    -10.326     -1.566
  -1   -2      8.346     -6.607      0.239
  96   -2      7.335     -7.313     -0.863
  -1   -2      8.334      5.479      9.207
  58   -2     16.066     -4.918      3.189
  -1   35     -9.128     -6.922      2.296
  46   33      8.572      1.023     10.050
  -1   -2     15.810     -6.673      1.749
  -1   -2     -8.205    -10.817      7.635
  -1   47     11.057    -11.053     -5.998
  51   46     15.008    -10.794      3.188
  50   51      5.858     -6.497    -10.298
  52    7     -8.358     -5.172     -7.041
  53   73     -8.832    -12.050     -9.882
  -1   15     19.633     -8.142      3.704
 101   68     -1.294     -9.416     -7.473
  86   -2     -1.495     -8.039      3.473
  -1   65     17.616      3.838    -12.435
  38   56     16.006    -10.031     -5.618
  56   54    -11.332     -5.749     10.966
  -1   53     -2.272     -4.271      1.327
  -1   -2    -11.224     -3.949     -1.979
  54   55     19.180      3.904     -2.991
  32   21     -6.087     -8.002     -3.733
  90   58     10.659     -0.357      4.840
  78   28     17.879      0.004     -2.877
  80  102      1.957     -3.570      3.874
  64   62     -4.478      1.065      4.086
  62   61     12.791     -6.129    -10.461
  31   67     -2.501     -9.859     -4.753
  -1   -2     -4.240     -1.756     -9.537
  47   63     -7.204     -9.469     -3.423
  63   64      9.240     -1.746     -2.382
  68   -2    -11.709     -5.913     -1.249
  -1   59     17.871      4.502     -2.615
  66   -2      3.337     -9.700      6.741
  -1   -2     17.436     -5.451     -2.863
  48   -2     14.429    -10.176     -9.094
  -1   -2     10.599     -8.955     -1.162
  72   72      6.701     -6.852     10.124
  -1   -2     -6.713    -10.486     11.162
  73   70      3.730     -7.624      3.794
  74  103      3.340      5.962      1.983
  -1   77     16.920     -3.728      3.892
  81   13     15.313     -0.929     -4.864
  70   22     16.924     -6.417     -9.396
  -1   71      4.432     -4.151      5.798
  -1   80      7.622     -6.003    -10.279
  -1   -2      9.799      3.346      2.165
  71    9     10.513     -4.103      6.948
  65   87     18.577     -4.776     -6.450
  55   43     -4.610     -7.227      2.481
  -1   -2     16.484     -8.291     -1.754
  -1   -2      9.253     -6.823     -7.199
  -1   -2     10.818     -1.873      4.307
  -1   -2     -9.378     -3.432      3.305
  -1  110     -0.776     -7.762     -6.646
  -1   26      8.346     -6.607      0.239
  -1   31     16.753     -7.248      3.193
  -1   -2    -13.062     -7.294      5.807
  -1   -2      8.334      5.479      9.207
  -1   -2      7.002     -2.083     -3.843
  -1   -2     15.810     -6.673      1.749
  85   -2     17.436     -5.451     -2.863
  -1   -2     -4.240     -1.756     -9.537
 102    2     16.484     -8.291     -1.754
  -1   -2      9.253     -6.823     -7.199
  -1   -2     10.818     -1.873      4.307
  -1   -2     -9.378     -3.432      3.305
  -1   -2     -0.776     -7.762     -6.646
  -1   -2    -13.062     -7.294      5.807
  -1   -2      8.346     -6.607      0.239
  -1   -2      8.334      5.479      9.207
  -1   -2      7.002     -2.083     -3.843
  -1   -2     15.810     -6.673      1.749
  -1   -2     -4.240     -1.756     -9.537
  -1   -2      1.416     -4.225      9.048
  -1   -2      9.253     -6.823     -7.199
  -1   -2     10.818     -1.873      4.307
  -1   -2     -9.378     -3.432      3.305
  -1   -2     -0.776     -7.762     -6.646
  -1   -2     16.753     -7.248      3.193
  97   -2    -13.062     -7.294      5.807
  -1   -2      8.346     -6.607      0.239
  -1   -2      8.334      5.479      9.207
  -1   -2      7.002     -2.083     -3.843
  -1   -2     15.810     -6.673      1.749
  77   66     -4.240     -1.756     -9.537
  -1   -2      9.253     -6.823     -7.199
  -1   -2     10.818     -1.873      4.307
 114  125      1.416     -4.225      9.048
  -1   -2      7.002     -2.083     -3.843
  -1   -2     -9.378     -3.432      3.305
  -1   -2      8.346     -6.607      0.239
  -1   -2     16.753     -7.248      3.193
  -1   -2      8.334      5.479      9.207
  -1   -2     15.810     -6.673      1.749
  -1   -2      9.253     -6.823     -7.199
  -1   -2     10.818     -1.873      4.307
  -1   -2     -9.378     -3.432      3.305
  -1   -2      8.346     -6.607      0.239
  -1   -2      7.002     -2.083     -3.843
  -1   -2     16.753     -7.248      3.193
  -1   -2      8.334      5.479      9.207
  -1   -2      9.253     -6.823     -7.199
  -1   -2     10.818     -1.873      4.307
  -1   -2     -9.378     -3.432      3.305
  -1   -2      8.346     -6.607      0.239
  -1   -2      7.002     -2.083     -3.843
  -1   -2      8.334      5.479      9.207
  -1   -2      9.253     -6.823     -7.199
  -1   -2     10.818     -1.873      4.307
  -1   -2     -9.378     -3.432      3.305
  -1   -2      7.002     -2.083     -3.843
  -1   -2      8.346     -6.607      0.239
  -1   -2      8.334      5.479      9.207
  -1   -2      9.253     -6.823     -7.199
  -1   -2     10.818     -1.873      4.307
  33  148     -9.378     -3.432      3.305
  -1   -2      8.346     -6.607      0.239
  -1   -2      7.002     -2.083     -3.843
  -1   -2      8.334      5.479      9.207
  -1   -2      9.253     -6.823     -7.199
  -1   -2     10.818     -1.873      4.307
  -1   -2      7.002     -2.083     -3.843
  -1   -2      8.334      5.479      9.207
  -1   -2      8.346     -6.607      0.239
  -1   -2      9.253     -6.823     -7.199
  -1   -2     10.818     -1.873      4.307
  -1   -2      7.002     -2.083     -3.843
  -1   -2      8.346     -6.607      0.239
  -1   -2      8.334      5.479      9.207
  -1   -2      9.253     -6.823     -7.199
  -1   -2     10.818     -1.873      4.307
  -1   -2      7.002     -2.083     -3.843
  -1   -2      8.334      5.479      9.207
  75   24      9.253     -6.823     -7.199
  -1   -2     10.818     -1.873      4.307
  -1   -2      8.346     -6.607      0.239
  -1   -2      7.002     -2.083     -3.843
  -1   -2      8.334      5.479      9.207
  -1   -2     10.818     -1.873      4.307
  -1   -2      8.346     -6.607      0.239
  -1   -2      7.002     -2.083     -3.843
  -1   -2      8.334      5.479      9.207
  -1   -2     10.818     -1.873      4.307
  -1   -2      8.346     -6.607      0.239
  -1   -2      8.334      5.479      9.207
  -1   -2      7.002     -2.083     -3.843
  -1   -2     10.818     -1.873      4.307
  -1   -2      8.346     -6.607      0.239
  -1   -2      8.334      5.479      9.207
  -1   -2      7.002     -2.083     -3.843
  -1   -2     10.818     -1.873      4.307
  -1   -2      8.346     -6.607      0.239
  -1   -2      8.334      5.479      9.207
  -1   -2      7.002     -2.083     -3.843
  -1   -2     10.818     -1.873      4.307
  -1   -2      8.346     -6.607      0.239
  -1   -2      7.002     -2.083     -3.843
  -1   -2      8.334      5.479      9.207
  -1   -2     10.818     -1.873      4.307
  -1   -2      7.002     -2.083     -3.843
  -1   -2      8.346     -6.607      0.239
  -1   -2      8.334      5.479      9.207
  -1   -2     10.818     -1.873      4.307
  -1   -2      8.346     -6.607      0.239
  -1   -2      7.002     -2.083     -3.843
  -1   -2      8.334      5.479      9.207
  -1   -2     10.818     -1.873      4.307
  -1   -2      7.002     -2.083     -3.843
  -1   -2      8.346     -6.607      0.239
  -1   -2      8.334      5.479      9.207
  -1   -2     10.818     -1.873      4.307
  -1   -2      7.002     -2.083     -3.843
  -1   -2      8.346     -6.607      0.239
  -1   -2      8.334      5.479      9.207
  -1   -2     10.818     -1.873      4.307
  -1   -2      7.002     -2.083     -3.843
  -1   -2      8.346     -6.607      0.239
  -1   -2      8.334      5.479      9.207
  -1   -2     10.818     -1.873      4.307
  -1   -2      7.002     -2.083     -3.843
  -1   -2      8.346     -6.607      0.239
  -1   -2      8.334      5.479      9.207
  -1   -2     10.818     -1.873      4.307
  -1   -2      7.002     -2.083     -3.843
  -1   -2      8.346     -6.607      0.239
  -1   -2      8.334      5.479      9.207
  -1   -2     10.818     -1.873      4.307
  -1   -2      7.002     -2.083     -3.843
  -1   -2      8.346     -6.607      0.239
  -1   -2      8.334      5.479      9.207
  -1   -2     10.818     -1.873      4.307
  -1   -2      8.346     -6.607      0.239
  -1   -2      8.334      5.479      9.207
  -1   -2      7.002     -2.083     -3.843
  -1   -2     10.818     -1.873      4.307
  -1   -2      8.346     -6.607      0.239
  -1   -2      7.002     -2.083     -3.843
  -1   -2      8.334      5.479      9.207
  -1   -2     10.818     -1.873      4.307
  -1   -2      8.346     -6.607      0.239
  -1   -2      8.334      5.479      9.207
  -1   -2      7.002     -2.083     -3.843
  -1   -2     10.818     -1.873      4.307
  -1   -2      7.002     -2.083     -3.843
  -1   -2      8.346     -6.607      0.239
  -1   -2      8.334      5.479      9.207
  -1   -2     10.818     -1.873      4.307
  -1   -2      7.002     -2.083     -3.843
  -1   -2      8.346     -6.607      0.239
  -1   -2      8.334      5.479      9.207
  -1   -2     10.818     -1.873      4.307
  -1   -2      7.002     -2.083     -3.843
  -1   -2      8.346     -6.607      0.239
  -1   -2      8.334      5.479      9.207
  -1   -2     10.818     -1.873      4.307
  -1   -2      8.346     -6.607      0.239
  -1   -2      7.002     -2.083     -3.843
  -1   -2      8.334      5.479      9.207
  -1   -2     10.818     -1.873      4.307
  -1   -2      7.002     -2.083     -3.843
  -1   -2      8.334      5.479      9.207
  -1   -2     10.818     -1.873      4.307
  -1   -2      7.002     -2.083     -3.843
  -1   -2      8.334      5.479      9.207
  -1   -2     10.818     -1.873      4.307
  -1   -2      8.334      5.479      9.207
  -1   -2     10.818     -1.873      4.307
  -1   -2      8.334      5.479      9.207
  -1   -2     10.818     -1.873      4.307
  -1   -2      8.334      5.479      9.207
  -1   -2     10.818     -1.873      4.307
  -1   -2      8.334      5.479      9.207
  -1   -2     10.818     -1.873      4.307
  -1   -2      8.334      5.479      9.207
  -1   -2     10.818     -1.873      4.307
  -1   -2      8.334      5.479      9.207
  -1   -2     10.818     -1.873      4.307
  -1   -2      8.334      5.479      9.207
  -1   -2     10.818     -1.873      4.307
  -1   -2      8.334      5.479      9.207
  -1   -2     10.818     -1.873      4.307
  -1   -2      8.334      5.479      9.207
  -1   -2     10.818     -1.873      4.307
  -1   -2      8.334      5.479      9.207
  -1   -2     10.818     -1.873      4.307
  -1   -2      8.334      5.479      9.207
  -1   -2     10.818     -1.873      4.307
  -1   -2      8.334      5.479      9.207
  -1   -2     10.818     -1.873      4.307
  -1   -2      8.334      5.479      9.207
  -1   -2     10.818     -1.873      4.307
  -1   -2      8.334      5.479      9.207
  -1   -2     10.818     -1.873      4.307
  -1   -2      8.334      5.479      9.207
  -1   -2     10.818     -1.873      4.307
  -1   -2      8.334      5.479      9.207
  -1   -2     10.818     -1.873      4.307
  -1   -2      8.334      5.479      9.207
  -1   -2     10.818     -1.873      4.307
  44  290      8.334      5.479      9.207
  -1   -2     10.818     -1.873      4.307
  -1   -2     10.818     -1.873      4.307
 289  295     10.818     -1.873      4.307
