257
  -1   -2      7.589     -6.299     -4.925
  69  190      0.745     -5.276      7.189
  -1   -2     -5.176     -5.753      8.402
  52    3      5.998     -7.712     -5.167
  -1   71      7.584     -8.086     -1.188
  -1   21      6.687     -8.397     -5.223
  -1   -2      3.664     -7.843      2.072
  -1    9      2.221     -5.651      3.998
  -1    8      0.644     -8.433      7.524
   4   10     -0.485     -4.500      9.337
  -1  117      5.534     -7.146     -9.307
 148   80     10.040     -7.806      6.646
 170   -2     -4.931     -8.247      8.779
  -1   -2      7.452     -5.581     -6.125
 125   -2      7.415     -7.164      5.303
  15    5      2.866     -5.022      2.083
  -1   65      4.403     -6.914      2.240
  76   13     12.387     -8.243     -4.684
   6   20      1.089     -3.580      2.037
 105   -2     11.258     -7.425      7.821
  -1   -2      8.541     -6.595      1.745
  -1   48      7.213     -5.873      4.531
  -1  122      4.692     -8.982     -0.307
  75   44      7.172     -7.611      4.728
 136   29      4.681     -7.406      6.071
   7   16     -4.743     -9.076      8.750
  12   32     10.840     -5.975     -5.413
 135   46     11.131     -5.295      2.781
 133  120      5.402     -9.156     -1.116
  -1   51      7.414     -6.249     -6.278
  -1   47      6.978     -7.558     -2.672
 126   39      7.606     -7.396      6.247
  -1  194      2.127    -10.584     -9.512
  -1   45      8.812     -7.387      5.357
 115   99      4.723     -7.069      2.426
 103  196      4.487     -8.455      0.846
  -1   -2      8.581     -5.138     -4.141
  -1   -2      9.923     -3.980     -1.111
  -1   -2      5.394     -9.351     -2.038
  84   -2      7.852     -8.233     -1.135
  -1   19      7.912     -5.421      0.263
  -1   -2      1.427     -8.853      6.682
  -1   30      3.596     -6.688      7.752
  -1  102      2.405     -8.510      3.940
  43   -2      3.600     -9.662     -9.901
  -1   -2      4.745     -7.640      6.901
  17   57     12.887     -6.748     -4.588
  95   35      3.861     -5.026      6.250
  -1   -2     -0.519    -10.175      0.189
  -1   90      4.219     -7.242      5.452
   3  174      8.111     -7.673      4.764
  22   98     -4.032     -8.596      4.906
  37   72     10.144     -7.296      8.023
  65   66      3.076     -7.416      5.803
  -1   -2      5.374     -7.328      5.997
  34   -2     11.122     -5.363     -5.763
  -1  112      4.405     -4.471      8.167
  -1  300      2.620     -8.095      4.705
  -1   31     14.009     -9.249     -5.056
 118   34      2.067     -8.986      4.295
  -1  239      2.589     -5.721      7.350
  83   28      5.037    -10.017     -2.527
  28   64     -9.118     -6.367     -3.810
  14   -2      9.944     -8.357     -6.890
  -1   40      6.820     -8.930     -4.877
 131   62      1.211     -6.461     -1.110
  33    6      6.915     -6.379     -5.373
  -1    2      7.254     -6.978      3.844
  32  199      5.858     -6.570      9.077
  -1   -2     13.314     -7.102     -4.502
  30   -2     10.435     -6.014     -5.264
  -1   -2      1.458     -8.807      2.832
 111   -2     12.898     -7.985     -7.663
  -1   52      0.752     -8.283      2.259
  -1   -2      9.501     -5.668     -4.548
  -1   77     10.463     -5.781      3.101
  -1   97      2.706     -7.181      6.357
  -1  241      2.144     -8.609      4.246
 151   73      6.709     -5.370     -6.654
  -1   -2      8.724     -5.796     -6.855
  26   -2     10.539     -6.254     -7.371
  -1   -2      9.113     -6.764     -7.831
  13   84      9.266     -6.108     -1.164
  -1   -2     12.643     -5.894     -6.923
  59   88      7.107     -8.147     -6.469
  -1  182      3.680     -5.596      6.381
  82  259      6.174     -5.718     -3.368
  -1  123     -0.158     -4.571      9.459
  51   -2      4.956     -6.828      5.146
 109  243      4.151     -7.973      7.333
  -1   43      6.837     -8.164     -2.858
  24  188     13.289     -6.326     -6.873
 110  178     12.386     -8.776     -3.748
 167   -2     11.416     -5.019     -2.184
  -1  157      8.168     -8.857     -9.672
 128  238     -1.558     -3.872      4.669
  38   -2      1.495     -5.100      9.914
  -1  154      2.994     -8.962     -2.790
  -1  135      3.271     -7.333     -0.469
  -1  166      4.373     -9.185     -0.510
  20   37      7.956     -7.495      2.253
  88   -2     12.814     -5.763     -6.276
  41   81     10.677     -6.647      8.504
  -1  119     10.771     -4.018     -5.651
   1   -2      4.368     -6.061      3.929
 163   -2     -9.992     -2.800     -3.196
  16   -2     11.082     -5.715     -5.485
  87   74      9.788     -7.014     -3.587
  -1  187      4.763     -5.774     -7.891
   9  113      8.930     -5.849     -4.789
  -1   68      5.481     -7.713     -3.641
  23   -2      0.110     -8.014      8.448
  -1  261     -4.990     -7.985      9.891
  -1   -2      8.877     -9.808     -4.578
  57  186      1.037     -9.952      6.210
  -1    4      5.998     -4.372     -6.198
  -1  165      2.557     -9.747     -2.930
 161   49     -3.500    -10.603     -8.304
  -1   -2     -8.436     -5.098     -0.741
  -1  225      3.210    -10.944     -4.717
 127   -2     -2.488     -7.070      0.339
  -1   42      9.528     -8.922     -7.649
 113   -2     12.472     -9.793     -4.978
  58  283     -4.806    -10.582     -6.713
  -1   -2     -5.663     -4.443     -7.844
  56   -2      2.251     -9.616      7.418
  -1  215      5.256     -3.831     10.596
  -1   15      4.255     -8.313      0.246
  70  302     -2.637     -6.839      8.966
 119   -2      6.597     -9.012      5.676
 156   87     13.063     -3.250     -1.279
 123  257      2.722     -9.398      6.806
  18  202      9.899     -9.886     -4.025
  -1  210     14.378     -8.586     -1.499
  -1  191     -5.024     -4.693      5.470
  -1  221      1.400    -11.143     -6.501
  -1   78     11.145     -4.756     -4.925
 142  111     13.423     -4.020     -6.035
  -1  171      2.974     -8.649      1.419
 166  293      8.538     -2.886      9.988
  -1   -2      2.478     -6.180      9.221
  36   92     -0.337    -10.934     -5.305
   8  220     -0.488    -10.684    -10.060
  -1   -2     -1.397    -10.149     -4.882
  -1   67     16.230     -6.711      2.725
  -1   -2      9.566     -9.673     -0.440
  72   -2      4.163     -8.812     10.026
  -1   -2      0.820     -8.708     -7.588
  -1   -2      5.905     -8.398      1.669
   2   -2      6.761     -6.668     -5.554
  -1  114     10.480     -7.423      1.890
 139   -2      5.607    -10.353     -0.525
  -1  208     17.566     -7.269     -5.395
  -1  133      6.550    -10.314      7.718
  -1  104     15.923     -6.120    -10.424
  -1   82      8.277     -6.171     -5.457
  62   24      0.968    -10.409     -4.030
  -1  131      8.247     -4.103     -8.368
  -1   -2      9.475     -9.570     -0.469
  -1  103      0.908     -6.858      9.908
  78  155      7.570     -7.745      7.096
  11   53      4.898     -7.791      8.949
 108  242     12.303     -7.036     -5.651
 106  136     15.122     -7.754      5.910
  -1   -2     -6.330     -4.855    -10.048
  -1   -2      5.896     -7.586      8.142
  61  252      1.137     -9.344      2.718
  -1   25      8.589     -7.933      7.736
  -1   -2     -8.641    -10.661      7.483
 140  248      2.342    -10.568     -2.184
  27  193      2.213     -6.857      0.220
  94  100      5.816    -10.085     -4.359
  -1  204      2.942     -1.256      8.234
  -1   -2      0.295     -7.468      8.782
 160  197     -1.616     -2.390     -2.218
  -1   -2      6.898     -6.162     -6.360
  90  128      1.784    -10.068      6.609
  -1   -2      3.921     -8.972      2.927
 104   -2      2.234     -7.742      2.503
  60   -2     13.456     -9.212      1.163
 107  246     -3.130     -6.168      2.941
 168  232      3.352     -2.740      6.263
  -1   83      5.720     -7.875     -1.973
  -1  137      3.483     -9.490      9.686
  39  183     13.207     -7.473     -7.319
 145   -2    -11.705     -5.541     -5.287
  -1   -2      5.716     -7.593      8.218
  -1   -2      0.455    -10.045     -9.592
  68   -2      2.996     -7.249      3.031
  -1  281    -11.943     -7.847    -10.791
  85   -2      6.654     -8.683     -1.839
 157  164     -8.678     -6.898     -0.392
  -1   -2      0.124     -7.472      5.733
  -1  106     12.242     -9.722     -6.139
  80  149      1.725    -11.077     -0.384
  -1   70      1.954     -7.199      5.839
  -1   33      7.751     -7.302     -7.347
  -1  226      0.607     -9.572      2.813
  50   -2      7.362     -6.733      2.539
  -1   61      6.145     -8.380     -1.790
  -1  121      5.247     -8.248     -8.507
  92  223     13.592     -8.499     -8.570
  -1  245     -8.452     -4.962      0.292
  49   79      6.892     -5.070     -5.470
  -1  159     15.863     -9.085     -7.559
  -1  181      9.210     -4.843      0.462
  -1   -2     -0.662     -3.850      3.861
  91  264     14.800     -6.241     -9.727
  -1   55      9.318     -3.896     -4.603
  -1  110      7.005     -5.844      6.687
 120   95     -4.755    -10.418     -2.205
  -1  161      6.515     -5.052      8.827
  -1   -2      4.635     -6.340      9.080
 153  217     16.185     -5.188     -8.415
  -1   -2      5.031    -10.680     -1.513
  -1   -2      4.855     -7.047      5.215
  -1   -2      8.436     -5.723     -2.523
  -1   -2      4.280     -4.666     -8.984
  -1  216     18.200     -7.061     -1.307
  -1   -2      9.445     -8.328    -10.045
  -1   -2      2.601     -6.477      6.975
  -1  207     -6.785     -7.863     -0.590
  21   -2      8.709     -6.454     -4.654
  79   -2     15.419     -9.358     -6.324
  -1  146      9.459     -3.784     -8.311
  74   -2      7.771     -8.879     -7.231
  -1  277     -8.509     -0.420     -3.149
 121  272     -0.150      0.530      7.525
  -1  253     -6.237     -6.373      2.320
 164  180     -1.729     -5.376     -0.779
  -1   75     15.618      3.409     -7.506
 147  270     19.073     -1.707     -5.752
  -1   -2     15.435     -8.162     -3.209
  -1  134     17.534     -7.635    -11.542
  -1  290     -0.680      0.531     11.193
  -1  273     -6.830    -10.628      7.968
  -1  249     -8.979     -0.968     -5.736
 169   -2     -8.185     -3.341     -5.772
  -1   -2     -0.604     -7.481     10.157
  -1  284      4.902     -2.606      4.839
  -1   -2      7.057      6.069      6.596
  -1   -2     -8.992    -10.133     -3.427
  -1  267     -3.459     -6.509     10.382
  -1  296      5.951     -0.732      8.457
 134  278     -9.470     -1.784     -0.056
 116  268     -6.925     -1.742     -4.847
  -1   -2     10.281     -3.473     -8.902
 150  167     18.629     -9.288     -9.682
  -1  286    -13.965     -7.828      5.485
  -1   -2     -5.113     -5.777      8.484
 177  306     -8.481     -5.099     -0.851
  81   -2      2.880     -1.225      8.072
  -1   -2     -5.099     -5.756      8.521
  -1   -2     -5.099     -5.756      8.521
 175   -2     -4.990     -7.985      9.891
  -1   -2     -5.099     -5.756      8.521
  55   11     -5.099     -5.756      8.521
