226
   0   -2     -4.518     -8.386      3.898
   1   47      8.181     -8.318     -0.669
  97   34     -6.628     -9.051     -6.898
   2   -2     14.022     -2.034     -4.660
   3    4     14.575     -9.040     -5.245
   4   -2     -2.426     -9.224     -4.297
 203    5      5.644     -4.396     -6.194
  -1  232      9.204     -6.828     -7.190
  24   22     11.560     -5.222      1.665
   8    8     11.092     -9.705     -2.942
   7    9     -7.676     -6.229     -7.660
   9    7     11.182     -5.325      2.822
  11   -2     12.338     -9.752      8.553
  10   11      6.771     -8.596      0.278
  12   13     12.518     -8.782      5.220
  -1   -2      7.871     -6.882     -6.945
  -1  239     10.647     -1.865      4.741
  23   -2      8.344    -10.333     -4.820
  19   24     -5.000    -10.532     -1.055
  37   -2     -3.572     -6.384     -4.000
 114   19     17.534     -8.024      1.324
  43   -2    -10.767     -6.036      0.968
  14   -2      6.713    -10.908     -0.650
 103   -2     10.379     -0.423      5.518
  -1   -2     18.400     -6.962      3.018
  29   23     15.969     -3.757     -8.515
  -1   33     11.130     -8.966     -3.311
  31   -2     11.604     -6.636     -5.131
  33   79      6.005     -6.549      5.089
  34   -2      2.696     -7.847      6.613
  38   -2     12.980     -9.076     -1.079
  84   -2      3.628     -7.621      3.500
  80   -2     -2.269     -6.893     -6.261
  -1   -2     11.255     -8.490     -3.729
  89   32      9.450     -3.277      7.689
 162   -2     17.088     -8.327     -3.596
  25   28     -6.712     -7.863     -0.828
  66   38     -8.610    -10.057     -5.595
 188  190     -9.385     -3.430      3.339
  -1   -2      7.003     -2.082     -3.846
 156  159     -0.776     -7.760     -6.645
  -1   -2     14.072      3.072     -3.642
  -1   -2      0.006     -2.671     -4.313
  -1   -2    -13.063     -7.295      5.816
  -1   50    -12.589     -9.468     -4.244
  -1   16      8.247    -10.062     -6.673
  -1   -2      7.341     -7.313     -0.844
  -1    1      8.342     -6.604      0.252
  -1   -2      8.336      5.479      9.208
 104  110     -9.139     -6.924      2.334
  30   -2     -8.203    -10.816      7.646
  -1  105     15.809     -6.672      1.749
  -1   31     11.055    -11.050     -5.985
  56   52      5.860     -6.497    -10.286
  -1   -2     16.793    -10.456     -0.348
  -1   -2     16.498     -8.798      6.353
  -1   -2     16.217    -11.329      1.160
  -1   60     -2.274     -4.273      1.326
  59   57    -11.331     -5.747     10.967
  61   20    -11.222     -3.950     -1.974
  60   66     19.181      3.904     -2.993
  -1   -2     16.862      5.003     -6.506
  72   -2     17.438     -5.451     -2.873
  -1   -2      9.239     -1.746     -2.378
  64   63      1.959     -3.570      3.874
  69   -2     17.878      0.005     -2.874
  54   36     -7.205     -9.474     -3.433
  63   67     12.798     -6.128    -10.474
  -1   12     10.689    -10.724     10.224
  67   64     -4.479      1.066      4.088
  58    3      0.804    -11.217     -1.082
  -1   48      9.288     -9.460     -9.208
  -1   -2     -4.240     -1.755     -9.525
  70   68     -1.807     -3.128     -9.028
  -1   -2     12.548    -10.318      5.993
  81   73     -1.903     -9.698     -3.162
  -1   59    -10.082    -10.816     -7.362
  91   -2      8.406      0.936      9.556
  -1   87     10.792     -3.819     10.167
  87   -2     -0.980     -5.251     -9.465
  92   82     18.928     -9.631     -6.094
  -1   -2      3.333      5.960      1.994
  -1    2     15.308     -0.926     -4.865
  83   77      4.854     -2.620      4.666
  -1   21      9.800      3.350      2.155
  -1   83     19.440      4.796     -6.016
  -1   10     12.642     -5.039      9.381
  90   80      7.623     -6.004    -10.277
  -1   78     10.513     -4.101      6.952
  94   -2      9.371     -7.202      9.469
  -1   -2     18.575     -4.780     -6.460
 100   25      1.877     -9.327      5.778
  -1   -2      9.152     -6.830     -7.052
  -1   -2     10.821     -1.880      4.303
  -1   -2      7.697     -6.909     -7.500
 105  111     18.414     -6.959      2.992
  -1   -2      7.003     -2.082     -3.846
  -1   -2     -9.385     -3.430      3.339
  -1   -2     -0.776     -7.760     -6.645
  -1   -2      0.006     -2.671     -4.313
  -1   -2    -13.063     -7.295      5.816
  -1   -2      8.247    -10.062     -6.673
  -1   -2      8.342     -6.604      0.252
  -1   -2      8.336      5.479      9.208
  -1   -2     16.793    -10.456     -0.348
  -1  103     16.498     -8.798      6.353
  -1   -2     -4.240     -1.755     -9.525
  -1   -2      9.152     -6.830     -7.052
  -1   -2     10.821     -1.880      4.303
  -1   -2     -9.385     -3.430      3.339
 137  141      8.342     -6.604      0.252
  -1   -2     -0.776     -7.760     -6.645
  -1   -2      0.006     -2.671     -4.313
  -1   -2    -13.063     -7.295      5.816
  -1   -2      8.247    -10.062     -6.673
  -1   -2      8.336      5.479      9.208
  -1   -2      7.003     -2.082     -3.846
  -1   -2     16.793    -10.456     -0.348
  -1   -2      9.152     -6.830     -7.052
  -1   -2     10.821     -1.880      4.303
  -1   -2     -9.385     -3.430      3.339
  -1   -2     -0.776     -7.760     -6.645
  -1   -2      0.006     -2.671     -4.313
  -1   -2    -13.063     -7.295      5.816
  -1   -2      8.336      5.479      9.208
  -1   -2     16.793    -10.456     -0.348
 142  146     -4.516     -8.374      3.839
  -1   -2      9.152     -6.830     -7.052
  -1   -2     10.821     -1.880      4.303
  -1   -2      7.003     -2.082     -3.846
  -1   -2     -9.385     -3.430      3.339
  -1   -2      0.006     -2.671     -4.313
  -1   -2    -13.063     -7.295      5.816
  -1   -2      8.247    -10.062     -6.673
  -1   -2      8.336      5.479      9.208
  -1   -2     16.793    -10.456     -0.348
  -1   -2      9.152     -6.830     -7.052
  -1   -2     10.821     -1.880      4.303
  -1   -2     -9.385     -3.430      3.339
  -1   -2      0.006     -2.671     -4.313
  -1   -2    -13.063     -7.295      5.816
  -1   -2      8.336      5.479      9.208
  -1   -2      8.247    -10.062     -6.673
  -1   -2      7.003     -2.082     -3.846
  74   35     16.793    -10.456     -0.348
  -1   -2      9.152     -6.830     -7.052
  -1   -2     10.821     -1.880      4.303
  -1   -2     -9.385     -3.430      3.339
  -1   -2      7.003     -2.082     -3.846
  -1   -2    -13.063     -7.295      5.816
  -1   -2      0.006     -2.671     -4.313
  -1   -2      8.247    -10.062     -6.673
  -1   -2      8.336      5.479      9.208
  -1   -2      9.152     -6.830     -7.052
  -1   -2     10.821     -1.880      4.303
  -1   -2     -9.385     -3.430      3.339
  -1   -2      0.006     -2.671     -4.313
  -1   -2    -13.063     -7.295      5.816
  -1   -2      7.003     -2.082     -3.846
  -1   -2      8.247    -10.062     -6.673
  -1   -2      8.336      5.479      9.208
  -1   -2      9.152     -6.830     -7.052
  -1   -2     10.821     -1.880      4.303
  -1   -2     -9.385     -3.430      3.339
  -1   -2      0.006     -2.671     -4.313
  -1   -2    -13.063     -7.295      5.816
  -1   -2      7.003     -2.082     -3.846
  -1   -2      8.247    -10.062     -6.673
  -1   -2      8.336      5.479      9.208
  -1   -2      9.152     -6.830     -7.052
  -1   -2     10.821     -1.880      4.303
  -1   95     -9.385     -3.430      3.339
  -1   -2      0.006     -2.671     -4.313
  -1   -2    -13.063     -7.295      5.816
  62  198      7.003     -2.082     -3.846
  -1   -2      8.247    -10.062     -6.673
  -1   -2      8.336      5.479      9.208
  -1   -2      9.152     -6.830     -7.052
  -1   -2     10.821     -1.880      4.303
  -1   -2      0.006     -2.671     -4.313
  -1   -2    -13.063     -7.295      5.816
  -1   -2      8.247    -10.062     -6.673
  -1   -2      8.336      5.479      9.208
  -1   -2      9.152     -6.830     -7.052
  -1   -2     10.821     -1.880      4.303
 189  191      0.006     -2.671     -4.313
  -1   -2    -13.063     -7.295      5.816
  -1   -2      8.247    -10.062     -6.673
  -1   -2      8.336      5.479      9.208
  -1   -2      9.152     -6.830     -7.052
  -1   -2     10.821     -1.880      4.303
  -1   -2    -13.063     -7.295      5.816
  50  205      8.247    -10.062     -6.673
  -1   -2      8.336      5.479      9.208
  -1   -2      9.152     -6.830     -7.052
  -1   -2     10.821     -1.880      4.303
  -1   -2    -13.063     -7.295      5.816
  -1   -2      8.336      5.479      9.208
  -1   -2      9.152     -6.830     -7.052
  -1   -2     10.821     -1.880      4.303
  -1   -2    -13.063     -7.295      5.816
  -1   -2      8.336      5.479      9.208
  -1   -2      9.152     -6.830     -7.052
  -1   -2     10.821     -1.880      4.303
  -1   -2    -13.063     -7.295      5.816
  -1   -2      8.336      5.479      9.208
  -1   -2      9.152     -6.830     -7.052
  -1   -2     10.821     -1.880      4.303
  -1   -2    -13.063     -7.295      5.816
  -1   -2      8.336      5.479      9.208
  -1   -2      9.152     -6.830     -7.052
  -1   -2     10.821     -1.880      4.303
  46  221    -13.063     -7.295      5.816
  -1   -2      8.336      5.479      9.208
  -1   -2      9.152     -6.830     -7.052
  -1   -2     10.821     -1.880      4.303
  -1   -2      8.336      5.479      9.208
  -1   -2      9.152     -6.830     -7.052
  -1   -2     10.821     -1.880      4.303
 233  234      8.336      5.479      9.208
 231   17      9.152     -6.830     -7.052
  -1   -2     10.821     -1.880      4.303
  -1   -2     10.821     -1.880      4.303
  -1   -2     10.821     -1.880      4.303
  -1   -2     10.821     -1.880      4.303
 238   -2     10.821     -1.880      4.303
