147
   0   -2     -1.511     -8.438     -2.297
   1    0     -7.391     -6.873     -8.444
  49   42     -8.925     -9.879     -5.121
  20   -2      3.490     -7.602      3.730
 152   58     -4.946     -7.634     -1.112
  73   -2     10.141     -7.841      4.486
  16   -2     11.016    -11.100     -5.624
  -1   -2     15.439     -7.617      4.340
   5   50     13.406     -8.801      8.908
  -1  128      1.500     -8.616      8.346
  38   -2     12.283     -7.818      8.381
   9  139     17.451     -7.244     -4.217
 129   -2     -4.538     -8.248     -3.184
  26   85     14.526     -8.032     -2.135
  47  123     -3.745     -8.596     -5.007
  13    9     11.223     -9.634     -2.501
  -1   47      5.647     -4.394     -6.184
  -1   40      9.206     -6.827     -7.191
  19   60     11.563     -5.221      1.686
  -1   -2     -7.675     -6.228     -7.660
  10   -2      6.772     -8.594      0.280
 137    2      8.758    -10.006     -4.979
  36   29     15.608     -7.152      4.696
  77   22      4.240     -7.727     -4.728
  43   -2     11.183     -5.325      2.827
  23   -2      6.570     -6.162      5.310
  25   -2      9.730     -2.701      7.009
 127   -2      8.126     -5.241      7.146
 118    3      3.019     -6.227      9.714
  -1   -2     10.640     -1.865      4.755
  99   41      5.059     -9.649      2.103
  -1   99     16.675     -8.845      6.615
  -1   -2     -7.829     -8.595      5.376
  18   34      4.990     -9.666     -7.870
  30   61      6.931     -5.351     -6.260
  -1   45     -2.678     -6.514      4.206
  -1   -2      7.131     -8.175      1.575
  57   30     13.940     -9.169      1.412
  53   19     12.423     -9.031      0.029
  -1   10     -3.433     -6.306     -3.638
  -1   46      9.748     -7.578     -5.391
   4   -2      9.821     -5.470      2.489
  -1   28     12.980     -2.047     -8.393
  39   -2     14.996     -7.350      7.247
 132    4     11.132     -3.531      3.510
 101   -2      4.806     -2.608     -0.704
  28   13      7.421     -6.053      9.366
  -1   -2      0.250     -8.405      8.780
  -1   59     17.181    -10.503      2.073
  -1   64     -4.426     -5.099      3.712
  -1   51     10.859     -6.264     -7.109
  45   11      7.258     -8.155     -4.122
  -1   53     -5.124     -3.733     -6.355
 104   35    -12.004     -5.803     -2.069
  65   -2     19.412     -5.242     -7.610
  55   44     11.391     -9.000     -3.980
  12   66    -10.313     -8.711     -1.251
  -1  110      5.981     -7.124      9.419
   2   -2     -3.229     -8.965      0.069
 110   -2     -7.606     -5.460      2.126
  52   -2     -9.860     -5.761     -7.138
  59   25     -5.949     -7.392      6.077
 112   -2     -2.101     -3.850      6.684
  83   -2      5.642     -3.242      2.501
  64    1     -3.958     -9.520     -4.455
  15   -2     14.437    -10.176     -8.748
  70   18      5.360     -8.437      6.704
  -1   -2     -3.697     -8.621     -9.692
  31   36      0.064     -8.378      7.954
  -1   96     -0.628     -1.800      8.532
 131   -2     17.082     -8.326     -3.594
  54   -2     -4.882     -7.778      0.503
  61   57     -6.814     -8.560      2.059
  14   -2      4.616     -6.737     -8.991
  -1  109     -4.950     -0.888     -4.880
  -1   -2     24.703     -5.161    -12.102
 117   -2     -0.770     -7.759     -6.622
  -1   -2     14.082      3.071     -3.666
  -1   -2     16.063     -4.916      3.195
 130  131    -13.070     -7.295      5.848
  -1   -2     14.169     -3.361      3.386
  85  132     18.875     -4.855     -5.357
  87  133     21.944     -2.987      8.729
  -1   -2     20.946    -10.153      0.126
  -1   -2    -12.953    -10.423     -3.620
  74   -2     -4.157      1.060      3.046
  24   26     17.370     -9.707     -0.021
  -1   63     -0.518     -6.715      5.391
  -1   -2     -1.774     -8.009     10.479
 100   88    -11.323     -5.750     10.934
  -1   -2      0.623     -0.598     -0.572
 103   70      0.803     -2.473     -6.807
  -1   87     21.170     -8.787     -5.543
  -1   33     -0.479    -10.549    -10.451
  -1   39     18.590     -3.315     -2.151
 116  115     10.660     -0.356      4.841
  95   -2      5.894     -3.936     -1.017
 106   -2     12.790     -6.127    -10.453
  -1   49     10.450     -0.956     -4.483
  -1    8      1.404     -3.348     -5.478
  -1   67      3.349     -5.864    -11.789
 122  102      6.588      4.998     10.060
  84   -2     18.074     -1.046     -0.229
  -1   -2    -15.340     -7.192    -10.665
  -1   -2     21.469     -0.670      5.072
  -1   -2     -4.239     -1.752     -9.521
  -1   55     -3.707      3.149      4.269
  89   32      8.760      1.517      9.590
  22    5     10.613     -6.513      9.441
 125   -2     17.268      1.176     -8.360
  -1   73      1.052    -10.532     -3.646
 105   54      8.206      0.133      6.206
 124   -2    -11.310     -8.092     -1.686
  -1   -2      6.700     -6.852     10.129
  69   62     12.145      2.365      9.747
 102   69      8.399      0.939      9.576
  -1   56     10.509     -4.114      6.934
 114    7     16.463     -6.592      4.054
  81   -2     -0.982     -5.244     -9.499
  -1  122     19.449      4.797     -6.038
  -1    6     16.924     -6.414     -9.389
  -1   -2      9.269    -10.941      6.933
 113   -2      1.954     -3.188      1.234
 126  129     -6.253      3.713     -7.646
  -1  108    -12.091     -3.381     -3.923
  27   -2     13.214     -1.949     -1.166
  90   -2     -5.889      2.174      0.164
  -1   -2      2.912     -3.149    -11.840
  98   65     18.953     -6.585     -3.882
  40   -2      0.223     -9.784     -9.712
  -1   52      3.022    -10.447     -2.592
  -1   -2     22.723     -7.407      7.378
 134   -2     10.805     -1.878      4.342
  76   -2     -0.599     -1.759      8.594
  -1  149     16.836     -7.218     -2.766
 139  145     -2.058     -8.383     -0.840
  -1   -2     16.836     -7.218     -2.766
  -1   -2     16.836     -7.218     -2.766
  -1   -2     16.836     -7.218     -2.766
  -1   -2     16.836     -7.218     -2.766
  -1   -2     16.836     -7.218     -2.766
  -1   -2     16.836     -7.218     -2.766
  -1   -2     16.836     -7.218     -2.766
  -1   -2     16.836     -7.218     -2.766
  -1   -2     16.836     -7.218     -2.766
  -1   -2     16.836     -7.218     -2.766
 155   -2     16.836     -7.218     -2.766
