381
   0   12      1.448     -5.641      0.281
  21   96      2.660     -8.291      3.163
  -1   -2     -0.535     -7.354      9.747
   1    1      2.895     -5.874     -3.632
 149   -2      3.719     -6.720     -4.524
  -1   -2      8.964     -9.552     -6.724
  50  107      2.417     -6.653     -4.576
  15    5     -0.673     -3.999      8.289
 160   28      6.315     -4.905     -5.051
   9    6      2.762     -6.495      0.270
  14    9      3.076     -5.722      3.167
  10   11      3.507     -4.399     -1.783
  16   10      3.117     -7.752     -9.643
  35   29      6.168     -7.077     -1.856
  -1  216     -0.024     -9.415      7.875
 372  319      4.937     -6.636     -4.498
   5  288      4.242     -8.058      3.491
  25   13      5.251     -4.556     -1.309
 293  117     -0.254     -7.332     -2.298
  43   80     -0.636     -9.258     -4.921
  56  313      1.191     -7.684     -2.597
  -1   -2     -0.856     -9.906     -3.748
  -1  134      7.135     -7.323     -2.108
 275   -2      1.509     -9.910     -3.764
  64  123      5.533     -5.650     -5.617
  -1   20      5.280     -4.312     -0.764
  -1  223      0.301     -6.798      0.603
  -1  180      6.605     -9.717     -3.964
  26  373      8.572     -4.461      1.476
  -1   -2     -1.343     -9.497     -0.061
  34   26     -2.432     -1.565      3.960
  36   35      0.246     -9.994     -1.859
 328   75      1.166     -1.724     -2.139
  38  374      4.880     -8.112     -1.957
  -1   30     10.853     -7.319     -8.709
  -1   73      0.678     -7.359     -2.918
 126   93     14.099     -5.779     -2.444
 165   -2     -3.974    -10.004      0.381
 313  279      3.339     -6.001     -1.080
 240  239     -4.118     -9.279      4.345
 152   88      5.161     -4.583      1.717
  -1   16      0.163     -6.937      2.347
 185  241     16.304     -8.733     -2.364
  -1   -2      8.611     -8.013     -8.242
  45   43      3.892     -1.284      2.465
  47   -2      1.558     -4.740     -1.574
  29   -2      0.005     -2.908      2.985
 273  135      6.474     -8.142      0.117
 255  149     -0.867     -9.753      0.545
 142   -2      5.723     -6.412     -2.528
 171  112     -6.950     -6.548     -6.410
 263  302     11.799      1.027      1.647
 124   -2      9.731     -8.476     -9.159
 136   -2      2.399     -7.269     -2.214
 111  155     -0.328     -7.369      3.638
  19   44      0.458     -6.905     -0.824
  -1   -2     10.280     -6.345     10.628
  -1   -2      0.766     -8.922      3.786
  60  132      2.129     -6.288     -0.509
  13   -2      6.714     -8.584     -3.666
 315   -2      2.751     -9.508      1.214
  -1   54     -1.070     -9.153      1.168
 247   98      1.008     -3.415     -2.008
  -1  146      1.410     -5.326     -3.257
 190  272      1.397     -6.877      5.899
  22   -2      0.349     -9.538      6.406
 170  286      1.562    -10.350     -1.762
  -1   90     -2.733     -5.280     -5.415
 211   -2     -2.258     -6.980     -2.127
  84   47      9.919     -3.570      0.452
  68  339     -2.493     -7.979     -0.356
 205  140     -1.591     -8.850      7.628
  -1  375      9.526     -7.926     -2.584
 354   -2     10.551     -5.036     -2.027
  77   58     13.134     -3.984      1.085
 264   -2     11.930     -6.744     -2.780
 156   -2      8.079    -10.502    -10.634
 196   60      5.550     -3.880      0.834
  -1  238      4.371     -4.644      4.551
  -1  226      4.990     -8.964      0.503
 271   -2     -6.749     -4.146     -4.822
  61   -2      0.207     -6.075      1.078
 123   94      5.567     -4.047     -4.563
  42   -2      4.425    -10.008    -10.085
  -1   14      6.382     -4.851     -2.919
  87   97      2.851     -7.164      6.567
  97   48      8.515     -4.352      3.263
 150   19     -2.522     -7.616      5.873
  96   -2     13.257     -5.603     -3.617
  -1  250     19.735     -9.881     -6.106
 115  273      5.878    -10.260     -9.969
 331   -2     16.072     -1.360      1.080
  -1   -2      2.542     -7.044     -8.550
  -1   36     -3.233     -5.644      0.005
  66   79     11.645     -3.460      1.598
 288   -2      8.788     -3.273      0.672
 280   -2      0.529    -10.174     -2.836
 223  332      3.977     -8.375     -3.088
 175   -2      3.889    -10.506     -9.509
 119   78     17.473     -1.775      0.207
  18  328      4.057     -2.652      4.231
 221  307      8.112     -5.685      1.533
 274    4      3.620     -7.448     -5.535
  67   65      4.564     -7.788     -4.788
  -1   -2     -4.452    -10.266     -5.684
  -1  124      6.738     -2.480     -1.592
 133   -2      3.427     -3.309     -6.175
 276   -2     10.113     -9.169     -5.401
  -1  103      4.041     -6.341      7.834
  91  102    -12.798     -4.695     -4.568
 253  220     12.353     -5.911     -1.763
 208   -2     18.087     -8.679     -7.728
  -1   -2      1.347     -8.309     -0.742
 112   85      9.689     -3.302      3.216
  83   -2     -5.977     -7.315     -2.442
  -1    0      1.046     -8.378      7.277
  74  116     -3.410     -5.887      1.086
 322   31      2.801     -6.009     -8.318
  -1   64      4.206     -8.036    -10.029
 312   -2     -1.061     -6.902     -9.505
  -1   66     -0.564     -9.612      4.927
  -1   -2      2.683    -10.044     -1.312
  86   -2     -3.212     -5.023     -1.988
  -1   33     -0.842     -8.718      7.691
  12   -2      1.306     -9.667     -1.412
 277   72      1.930     -8.453     -0.180
 130   -2     -0.963     -8.416      3.363
 371   25      5.726     -5.887     -2.640
 121  120     14.491     -3.820      1.442
 245  211     10.969     -7.786      6.088
 248   -2     -2.871     -5.614      1.979
  -1   -2      6.670     -5.145     -5.982
  -1   -2      9.296      2.040      7.941
 252  125     10.716     -2.379      0.784
 129   68     -3.053     -9.912     -2.068
 118  169      5.800     -7.588      6.773
  39  104      2.002    -10.198     -6.258
 161   56      0.843     -9.829     -2.185
  75   -2     -0.026     -7.032     -4.034
 138  172      3.364     -4.742     -8.564
  -1   81      8.653     -3.270      0.786
  -1   -2      7.193      1.940      9.794
 224  131     -5.046     -1.325      7.476
 320   17      5.028     -6.540     -6.505
  78  283     10.487     -2.917      2.107
 143  144      3.516     -1.630     -1.944
  92  219     10.767     -6.789     -2.879
  -1   57      6.098     -4.159     -5.103
 194   -2     -0.813    -10.104     -0.439
 210   -2      1.792     -3.087      3.666
 227  136      2.657     -0.006     -3.159
 144  230      1.781     -5.917      3.791
 250  128     13.934     -7.684     -1.849
 232   37      1.632     -4.992      3.926
 177   -2      0.770     -9.060     -0.370
 134  153     13.305     -3.562     -0.974
  24  122      4.485     -4.755     -0.698
  -1  237     11.913     -7.626      9.570
  -1   -2      0.808     -9.052      5.493
 283  109     -8.360     -9.019      0.096
 120   -2      2.384     -9.733     -1.837
  -1   -2      4.989     -4.196     -6.749
  -1  235     -0.106     -9.286     -8.327
 233  320      8.803     -7.632      4.818
 182  314     -4.431     -2.443      9.072
 186   -2      5.993     -9.193     -3.231
 173   -2     12.429     -7.244     -3.356
 166   -2     19.145     -7.685     -6.114
 296    7      0.318     -8.192     -2.960
  -1  200      3.117    -11.079     -3.280
 369   15     11.327     -7.849      1.343
  -1  187      8.877     -9.860     -4.602
  -1   -2     -0.224     -7.684     -6.859
 318  152      6.469     -8.248      8.925
  -1   -2     -3.513     -6.165     -0.442
  -1   -2      6.993    -10.275     -5.107
 103   39     12.207     -9.493     -1.612
  -1   -2      3.460     -9.984      4.351
  30  351     -3.717     -4.027     10.270
  -1  199      7.003    -10.997     -9.434
  -1   40     18.537     -8.768     -4.048
 201  145      9.877     -9.395      7.120
  81  189     -5.632     -8.361      1.259
 333   -2     19.423     -8.517     -3.358
 203   -2     12.103     -9.234      3.717
 189   -2      4.730    -10.454      6.395
 217   -2      8.466    -10.919     -8.402
 244   62     10.028     -6.480     -3.304
  -1  101     -2.661     -9.984      3.991
  -1   -2      4.323     -5.184      9.005
  54   -2      7.075     -6.353      6.528
 229   59      3.709    -10.686     -6.301
  -1   -2      6.692     -2.870     -1.496
  -1   -2     17.478     -6.324      3.068
  -1   -2      7.801     -6.610     -6.793
  -1   -2      9.975     -2.683      6.427
  -1   -2     -7.726     -4.766      7.638
 107  318      7.635    -10.231     -2.308
 169   -2      3.592    -10.670      4.021
 258  205     16.503     -4.650    -10.005
  -1   -2     -1.122     -3.560      8.141
  -1  191     -0.141     -8.486     -7.595
 256  203      5.388    -10.171      7.951
  23   -2      2.397     -6.779     -5.477
  -1  178      9.613     -9.838    -10.500
  -1   21     -4.161    -10.932     -2.558
  -1  221     -7.486     -5.070     -3.994
 200   -2      4.391    -11.108     -1.014
 231  246      7.947     -8.377      7.323
 116   -2      3.996     -7.457      6.848
  79  336      1.092     -4.315     -5.520
 204  378     -4.402     -5.270      5.992
  -1   -2     -4.912     -8.062     -5.153
 329  353     18.121     -7.029     -4.300
 279  259      9.657     -9.174      5.086
  -1  143     12.713     -6.552     -5.757
  -1   -2     -4.759     -5.579      0.108
 178   -2     12.662     -8.944      6.592
  -1   -2     -2.918     -3.597      8.584
  -1  184     19.633     -9.071     -0.543
  -1   -2     13.853    -10.210     -1.827
  -1   -2     -6.637     -8.538     -5.932
  -1  127      7.112     -7.893      5.880
  -1   -2     -1.043     -6.747      3.437
  99  111     10.967     -0.699      0.252
  -1  316     -0.841     -4.160      7.281
  -1   99      7.026    -10.194      9.258
  -1   -2      2.958     -6.870      7.767
  94  185      9.398     -7.988      6.893
 158   -2      3.414     -8.746      8.323
 339   -2     -0.510     -0.607     -1.351
  -1   -2      5.154     -9.641      9.517
  -1   -2     -6.613     -5.518     -8.072
  -1  297      1.064    -10.118     10.461
 302   -2     -3.790     -3.884      7.923
 237  277      7.130    -10.478     -0.636
  -1  194     19.977     -8.211     -3.729
 153   22     -1.955     -6.866     -2.458
 334  231     14.382     -9.152      3.707
 370   -2      9.383     -6.187      7.360
  48   -2      4.980     -8.115     -5.428
 157  165     10.223     -8.138      6.249
 191  322     -4.998     -6.102     -5.729
 267   -2      4.182     -3.998     10.476
 207   61     -2.951     -6.125     -2.182
 216   95     12.508     -5.256      2.438
 284  100     15.986     -4.630      1.127
 184   -2     12.916     -8.633     -8.219
  -1   -2      5.129     -4.849      1.390
  -1   -2      8.183     -4.993     -5.424
  -1  233     16.876     -1.876      0.352
  -1  129     -3.679    -10.298     -8.199
 254  301     14.224      2.512     -8.640
 290   -2     19.547     -9.650     -3.811
  -1   -2     -3.978    -10.796     -5.851
 272  335     18.482     -3.174     -0.386
  -1   -2     12.346     -8.389     10.404
 261   -2     -5.529     -7.630     -5.734
  82   -2      2.350     -6.721     -8.101
  -1   -2     -8.276     -4.154      4.868
  -1   71      3.631     -8.020     -6.710
 364  162     -5.636     -4.120     -7.128
  65   24     -0.834     -8.748      2.854
 282   69      1.727    -10.167      0.255
 172   -2      7.902    -10.732     -4.763
  -1  290      9.008     -4.524      8.232
 303  329      3.616    -10.099     -1.505
  -1  255     17.723     -6.812     -8.317
  80   84      3.677     -8.375      8.187
  -1   -2     13.867     -1.841    -10.917
 340  114     -3.387     -5.458      8.249
 351   -2    -10.482     -3.442     -8.484
  -1  266      2.915     -6.327     -8.893
  -1  325     15.115     -1.531     -9.180
  52   34      0.344     -7.814     -3.489
 281  179      0.874     -9.950      8.315
 323   -2     16.651     -6.682     -7.324
 159   -2     -3.291    -10.370     -7.022
  -1  151     -0.581     -4.099     -2.448
  63   27      3.594     -5.175     -1.656
 307   -2     -5.880     -8.868      2.214
 345  236     -7.458     -9.619     -4.844
 132   -2      8.847     -5.260      5.270
  -1  174      2.030     -8.939     -0.509
  -1  158      1.470     -4.892     -9.265
  -1   -2     19.834     -6.326     -9.823
  -1   -2      4.549     -6.590     -6.300
 146  278     17.719     -9.513     -4.736
  -1   -2     15.863     -8.763     -8.225
  -1  243     16.043     -7.839      6.911
 349  225    -11.682    -10.519      1.121
  40   -2      5.187     -7.926      7.415
 350   -2     -2.288     -0.208      1.714
  70  157      1.210     -5.806      6.405
  -1  193     -1.844    -10.326      7.374
 319   -2      1.750     -9.013     -9.418
  93  261      5.450     -4.343     -5.248
  -1   45      0.366     -2.849      2.354
 180  321     -0.260     -5.884      0.998
  -1  192     14.237    -10.093      2.344
  -1   51      5.754     -6.520     -2.604
  -1   -2     14.531     -3.502     -8.342
  -1  113      0.410     -8.550      2.162
 242  175      6.610    -10.593     -1.696
 226  181      9.670    -10.372     -5.300
 238   -2     12.786     -2.371     -2.052
  -1   -2     16.488     -5.750      5.997
 269  115     -5.227     -7.918     -2.123
 291   -2     14.598     -2.685     -5.144
 110   -2      2.273     -2.106     -2.953
 101  222     10.956     -7.926     -2.856
  -1   67      9.683     -8.658      7.137
  58  315     -3.758    -10.598    -10.791
 176  156     -0.759    -10.513     -3.302
 259   -2      0.347     -1.208      0.846
  -1   -2     14.270     -4.316      0.645
  -1   -2      5.020     -4.304      1.280
  -1  281     11.804     -1.845      2.234
  -1   91     10.900     -5.274     -9.266
  -1   -2     -2.626     -6.052     -9.923
 243  166     17.692     -1.269     -2.163
 362  298     -3.751     -1.780     -3.112
  -1   -2     -2.617     -6.044     -3.682
 316  323     10.071     -1.164     -3.357
  -1   -2      4.096     -7.616      0.634
  -1   -2     -8.036     -9.538      8.061
 235  292     13.534     -1.893     -2.407
  -1   -2     12.525     -2.398      0.749
  -1  207     -8.096     -8.624      2.882
  33   -2     17.838     -9.684     -9.095
 195  342     -3.506     -4.150      3.699
 287   -2      4.412     -9.520     -2.560
  -1  176      6.154    -10.520     -1.458
  -1  138      3.118    -10.568     -6.119
 352   -2     12.019     -4.912     -5.314
 332   -2     -0.543     -5.924      6.729
 127   38      3.224     -4.194      2.538
 335  333     13.765     -1.971     -7.812
  -1  148    -11.187     -0.541     -2.597
  -1   -2    -11.980     -3.926      8.550
  -1   -2     15.568     -6.742      4.044
  -1   -2     -1.875     -4.932     11.488
 341   -2     11.381      4.161     -6.085
  -1  343     -3.524      1.917     -7.618
  -1  368      7.757      4.829      8.810
  -1  183     -1.724     -1.513     -2.453
 344   -2    -10.956     -7.793     -5.308
  -1  358     -3.367      0.941    -10.110
  -1   -2     -9.105     -6.912     -3.954
 321  218     -0.941    -10.092      7.586
  -1  257    -12.465     -6.509     -4.133
  -1   -2      1.492     -3.352     -5.138
 262   -2     19.289     -5.314     -5.776
 356  291    -12.149     -1.888     -3.352
 327  164      3.168     -0.182      7.294
  -1  196     -7.002    -11.005      5.771
  -1  254     20.802     -3.348     -4.856
  -1  256     -9.041    -11.261     -9.367
 295  160      4.822      1.724     -6.580
  -1   -2     17.172     -1.461      2.317
  -1   -2    -12.379    -10.563      5.865
 286  364      9.377      3.725      8.128
  -1   -2     10.051      0.575      3.352
  -1  360    -10.993     -0.253     -9.802
 361  367    -13.478     -0.433      6.962
  -1   -2     -8.535     -3.456     -6.949
 360  208    -11.155     -6.807    -10.128
 365  361     15.475      2.778     -3.049
  -1  326     -6.831     -0.966     -5.896
  -1  305    -11.350    -10.423      8.023
 301   -2      8.435      2.679      4.593
  90   -2      3.148     -4.741     -4.633
 368    2     -0.535     -7.354      9.747
  -1   -2     11.327     -7.849      1.343
  55   -2      9.502     -7.925     -2.555
  95  137      9.751     -7.853     -7.102
  -1  269    -12.829     -4.714     -4.390
  -1   -2      2.655     -4.803      6.564
   3  370     11.284     -7.846      1.451
  -1   -2     -7.768     -4.759      7.539
 373  380     -7.768     -4.759      7.539
