289
 251   -2      8.179     -8.317     -0.674
  22   -2      4.620     -7.912      6.452
   1   -2     14.024     -2.034     -4.663
  20   17      6.595     -5.841      7.303
   2    3      5.643     -4.397     -6.197
  -1   -2      9.204     -6.828     -7.188
  -1   44     11.546     -5.224      1.634
  79   -2     -7.675     -6.229     -7.665
   6    5     11.184     -5.322      2.827
   7  197     11.029     -9.738     -3.168
   9    8     12.513     -8.784      5.197
  -1   -2     10.645     -1.863      4.742
   3   10      7.870     -6.882     -6.955
  -1   12      2.605     -6.210      9.802
   8   13      6.007     -8.484     -1.200
  14   19     -3.581     -6.379     -4.022
  16   15      8.342    -10.332     -4.820
  98   35     17.531     -8.025      1.328
  12   -2      6.840    -10.939     -0.965
  -1   -2      6.054     -5.274      9.536
  -1   47    -11.297     -9.901     -9.107
  17   18     -4.927    -10.520     -0.792
  -1   -2      1.207     -7.958     -0.824
  28   -2     12.838     -9.056     -1.003
  85   91     15.962     -3.760     -8.503
  -1   23      6.002     -6.550      5.094
  -1    0      8.939     -8.553      2.271
  44   55     -6.295     -7.332      5.296
  -1   28      6.637     -7.346     -3.031
  23   40     -2.254     -4.266      1.615
  27   22      1.343     -9.895      9.100
  72    2      5.981     -7.123      9.418
  29   29      9.459     -3.273      7.669
  26   34     10.233     -0.885     -3.916
  -1   -2     -9.374     -3.433      3.296
  -1   -2      9.844    -10.315     -1.569
  69   31      8.570      1.019     10.049
  -1  287      0.005     -2.671     -4.316
  -1   -2     16.751     -7.248      3.191
  -1   -2      7.001     -2.080     -3.853
  -1   -2    -13.064     -7.294      5.818
  -1   -2      8.344     -6.605      0.248
  41   67     -9.008    -12.016    -10.349
  -1   89     -9.139     -6.923      2.329
  -1   20      8.335      5.478      9.214
  -1   73    -11.051    -10.515      0.873
  -1   25     16.064     -4.920      3.190
  45   49     11.066    -11.053     -6.020
  -1   -2      5.855     -6.497    -10.294
  -1   60     15.507    -10.288     -7.538
  -1   30     16.792    -10.453     -0.347
  51   59     -0.398    -11.137     -5.049
  50   52    -11.331     -5.748     10.962
  -1   -2     16.492     -8.794      6.365
  53   68     -2.505     -9.860     -4.764
 111   62     19.180      3.905     -2.990
  43   -2    -11.223     -3.949     -1.979
  54   -2     12.195     -9.727      8.891
  -1   64      9.240     -1.748     -2.385
  57   63      1.959     -3.571      3.870
  39   11     10.660     -0.355      4.837
  -1   -2     16.863      5.005     -6.503
  -1   -2     -7.207     -9.472     -3.432
  97   -2     17.880      0.004     -2.881
  61   58     -4.477      1.064      4.082
  -1  104     17.440     -5.448     -2.875
  65   72     15.002    -10.283      5.229
  -1   21     14.661    -11.009      1.998
  -1  105     -4.243     -1.751     -9.525
  71   74     -9.407    -10.991     -9.850
  67   -2     -1.807     -3.131     -9.029
  70   61     10.605     -8.957     -1.176
  -1   76      4.851     -2.625      4.674
  -1   -2      6.700     -6.856     10.127
  -1   -2     16.623     -3.274     -8.039
  -1   -2     12.967     -7.605     10.351
  -1   -2      9.762     -3.616      6.940
  -1   82     -0.979     -5.241     -9.488
  -1  123     16.463     -6.589      4.047
  74   -2     12.150      2.363      9.751
  82   50     19.434      4.798     -6.007
  -1   -2     16.933     -6.417     -9.411
  83   80      0.617    -10.141    -11.912
  -1   14      4.683    -11.013      2.150
  56    1     15.312     -0.926     -4.863
  -1   56     11.469     -9.281      7.707
   5   90     -6.801     -4.336     -7.424
 100   24     18.577     -4.778     -6.458
  -1   -2      9.252     -6.823     -7.197
  -1   -2     10.817     -1.875      4.311
  -1   -2     -9.374     -3.433      3.296
  -1   -2      0.005     -2.671     -4.316
  -1   -2    -13.064     -7.294      5.818
  -1   -2     16.751     -7.248      3.191
  -1   -2      8.335      5.478      9.214
  -1   -2      8.344     -6.605      0.248
  -1   -2      7.001     -2.080     -3.853
  -1   16     16.492     -8.794      6.365
  -1   -2     16.792    -10.453     -0.347
  -1   -2     17.440     -5.448     -2.875
  -1   -2      9.252     -6.823     -7.197
  -1   -2     10.817     -1.875      4.311
  -1   -2      9.844    -10.315     -1.569
  -1   -2     -9.374     -3.433      3.296
  -1   -2      0.005     -2.671     -4.316
  -1   -2      8.344     -6.605      0.248
 107   -2     16.751     -7.248      3.191
  -1   -2    -13.064     -7.294      5.818
  -1   -2      7.001     -2.080     -3.853
  -1   -2      8.335      5.478      9.214
  -1   -2     16.492     -8.794      6.365
  84   -2     17.440     -5.448     -2.875
  -1   -2      9.252     -6.823     -7.197
  -1   -2     10.817     -1.875      4.311
  -1   -2     -9.374     -3.433      3.296
  -1   -2      0.005     -2.671     -4.316
  -1   -2      7.001     -2.080     -3.853
  -1   -2    -13.064     -7.294      5.818
  -1   -2      8.335      5.478      9.214
 112   -2     16.492     -8.794      6.365
  -1   -2      9.252     -6.823     -7.197
  -1   -2     10.817     -1.875      4.311
  33  140     -9.374     -3.433      3.296
  -1   -2      9.844    -10.315     -1.569
  -1   -2      0.005     -2.671     -4.316
  -1   -2      8.344     -6.605      0.248
  -1   -2    -13.064     -7.294      5.818
  -1   -2      8.335      5.478      9.214
  -1   -2      9.252     -6.823     -7.197
  -1   -2     10.817     -1.875      4.311
  -1   -2      9.844    -10.315     -1.569
  -1   -2      0.005     -2.671     -4.316
  -1   -2      8.344     -6.605      0.248
  -1   -2    -13.064     -7.294      5.818
  -1   -2      8.335      5.478      9.214
  -1   -2      7.001     -2.080     -3.853
  77   32      9.252     -6.823     -7.197
  -1   -2     10.817     -1.875      4.311
  -1   -2      9.844    -10.315     -1.569
  -1   -2      0.005     -2.671     -4.316
  -1   -2      8.344     -6.605      0.248
  -1   -2    -13.064     -7.294      5.818
  -1   -2      8.335      5.478      9.214
  -1   -2      7.001     -2.080     -3.853
  -1   -2     10.817     -1.875      4.311
  -1   -2      7.001     -2.080     -3.853
  -1   -2      8.344     -6.605      0.248
  -1   -2      0.005     -2.671     -4.316
  -1   -2    -13.064     -7.294      5.818
  -1   -2      8.335      5.478      9.214
  -1   -2     10.817     -1.875      4.311
  -1   -2      9.844    -10.315     -1.569
  -1   -2      0.005     -2.671     -4.316
  -1   -2    -13.064     -7.294      5.818
  -1   -2      7.001     -2.080     -3.853
  -1   -2      8.344     -6.605      0.248
  -1   -2      8.335      5.478      9.214
  -1   -2     10.817     -1.875      4.311
 182    7      9.844    -10.315     -1.569
  -1   -2      7.001     -2.080     -3.853
  -1   -2      8.344     -6.605      0.248
  -1   -2      0.005     -2.671     -4.316
  -1   -2    -13.064     -7.294      5.818
  -1   -2      8.335      5.478      9.214
  -1   -2     10.817     -1.875      4.311
  -1   -2      7.001     -2.080     -3.853
  -1   -2      0.005     -2.671     -4.316
  -1   -2    -13.064     -7.294      5.818
  -1   -2      8.335      5.478      9.214
  -1   -2      8.344     -6.605      0.248
  -1   -2     10.817     -1.875      4.311
  -1   -2      0.005     -2.671     -4.316
  -1   -2    -13.064     -7.294      5.818
  -1   -2      7.001     -2.080     -3.853
  -1   -2      8.344     -6.605      0.248
  -1   -2      8.335      5.478      9.214
  -1   -2     10.817     -1.875      4.311
  -1   -2      8.344     -6.605      0.248
  -1   -2      0.005     -2.671     -4.316
  -1   -2    -13.064     -7.294      5.818
  -1   -2      8.335      5.478      9.214
  -1   -2      7.001     -2.080     -3.853
  -1   -2     10.817     -1.875      4.311
  -1   -2      0.005     -2.671     -4.316
  -1   -2    -13.064     -7.294      5.818
  -1   -2      8.344     -6.605      0.248
  -1   -2      8.335      5.478      9.214
  -1   -2      7.001     -2.080     -3.853
  -1   -2     10.817     -1.875      4.311
  -1   -2      8.344     -6.605      0.248
  -1   -2      7.001     -2.080     -3.853
  -1   -2      0.005     -2.671     -4.316
  -1   -2    -13.064     -7.294      5.818
  -1   -2      8.335      5.478      9.214
  -1   -2     10.817     -1.875      4.311
  -1   -2      8.344     -6.605      0.248
  -1   -2      0.005     -2.671     -4.316
 192  207    -13.064     -7.294      5.818
  -1   -2      8.335      5.478      9.214
  -1   -2      7.001     -2.080     -3.853
  -1   -2     10.817     -1.875      4.311
  -1   -2      8.344     -6.605      0.248
  -1   -2      0.005     -2.671     -4.316
  -1   -2      8.335      5.478      9.214
  -1   -2      7.001     -2.080     -3.853
  -1   -2     10.817     -1.875      4.311
  -1   -2      8.344     -6.605      0.248
  -1   -2      0.005     -2.671     -4.316
  -1   -2      7.001     -2.080     -3.853
  -1   -2      8.335      5.478      9.214
  -1   -2     10.817     -1.875      4.311
  -1   -2      0.005     -2.671     -4.316
  -1   -2      8.344     -6.605      0.248
  -1   -2      7.001     -2.080     -3.853
  -1   -2      8.335      5.478      9.214
  -1   -2     10.817     -1.875      4.311
  -1   -2      7.001     -2.080     -3.853
  -1   -2      8.344     -6.605      0.248
  -1   -2      0.005     -2.671     -4.316
  -1   -2      8.335      5.478      9.214
  -1   -2     10.817     -1.875      4.311
  89   39      7.001     -2.080     -3.853
  -1   -2      0.005     -2.671     -4.316
  -1   -2      8.344     -6.605      0.248
  -1   -2      8.335      5.478      9.214
  -1   -2     10.817     -1.875      4.311
  -1   -2      0.005     -2.671     -4.316
  -1   -2      8.335      5.478      9.214
  -1   -2      8.344     -6.605      0.248
  -1   -2     10.817     -1.875      4.311
  -1   -2      0.005     -2.671     -4.316
  -1   -2      8.344     -6.605      0.248
  -1   -2      8.335      5.478      9.214
  -1   -2     10.817     -1.875      4.311
  -1   -2      0.005     -2.671     -4.316
  -1   -2      8.344     -6.605      0.248
  -1   -2      8.335      5.478      9.214
  -1   -2     10.817     -1.875      4.311
  -1   -2      0.005     -2.671     -4.316
   0  261      8.344     -6.605      0.248
  -1   -2      8.335      5.478      9.214
  -1   -2     10.817     -1.875      4.311
  -1   -2      0.005     -2.671     -4.316
  -1   -2      8.335      5.478      9.214
  -1   -2     10.817     -1.875      4.311
  -1   -2      0.005     -2.671     -4.316
  -1   -2      8.335      5.478      9.214
  -1   -2     10.817     -1.875      4.311
  -1   -2      0.005     -2.671     -4.316
  -1   -2      8.335      5.478      9.214
  -1   -2     10.817     -1.875      4.311
  -1   -2      0.005     -2.671     -4.316
  -1   -2      8.335      5.478      9.214
  -1   -2     10.817     -1.875      4.311
  -1   -2      0.005     -2.671     -4.316
  -1   -2      8.335      5.478      9.214
  -1   -2     10.817     -1.875      4.311
  -1   -2      0.005     -2.671     -4.316
  -1   -2      8.335      5.478      9.214
  -1   -2     10.817     -1.875      4.311
 273   -2      0.005     -2.671     -4.316
  -1   -2      8.335      5.478      9.214
  -1   -2     10.817     -1.875      4.311
  -1   -2      8.335      5.478      9.214
  -1   -2     10.817     -1.875      4.311
  -1   -2      8.335      5.478      9.214
  -1   -2     10.817     -1.875      4.311
  -1   -2      8.335      5.478      9.214
  -1   -2     10.817     -1.875      4.311
  -1   -2      8.335      5.478      9.214
  -1   -2     10.817     -1.875      4.311
  -1   -2      8.335      5.478      9.214
  -1   -2     10.817     -1.875      4.311
  -1   -2      8.335      5.478      9.214
  -1   -2     10.817     -1.875      4.311
  -1   -2      8.335      5.478      9.214
  -1   -2     10.817     -1.875      4.311
  -1   -2      8.335      5.478      9.214
  -1   -2     10.817     -1.875      4.311
  -1   -2      8.335      5.478      9.214
  -1   -2     10.817     -1.875      4.311
  -1   -2      8.335      5.478      9.214
  -1   -2     10.817     -1.875      4.311
 294  308      8.335      5.478      9.214
  -1   -2     10.817     -1.875      4.311
  -1   -2     10.817     -1.875      4.311
  -1   -2     10.817     -1.875      4.311
  -1   -2     10.817     -1.875      4.311
 297  311     10.817     -1.875      4.311
