138
  61   17     11.212     -5.275      3.145
   1    0     -5.003     -7.556     -0.836
   0   26     -8.039     -8.154     -7.957
   5   -2     13.948     -8.287      9.891
  -1   -2      6.627     -8.572      0.354
   2   -2      6.635     -6.613      3.644
  67   -2      8.185     -8.320     -0.668
  27    7     15.115     -7.379      7.405
  18   -2     12.559     -7.836      9.346
  16   -2     14.072     -9.412     -2.052
  76   -2     -7.538     -9.355      1.299
 139   -2     15.538     -8.294      0.328
 114   -2     -5.263     -6.697      0.825
   9   39     11.218     -9.639     -2.524
  -1   -2      8.065    -10.005     -7.275
  72   -2      5.646     -4.396     -6.186
  -1   -2      9.204     -6.826     -7.186
  -1   -2     12.689    -10.138     -8.870
  -1   -2     -3.079    -10.005     -9.299
  41   50     10.757    -11.054     -5.177
  -1   20     14.777     -6.033     10.030
  -1   -2     13.686     -5.495      6.887
  73   73      5.067     -9.114     -1.891
  95   -2     11.528     -5.271      1.550
   4    3     13.974     -2.203     -3.289
  17  109     10.634     -1.866      4.767
 130   -2     -1.834     -8.647     -9.246
  13   45      8.863     -6.446      1.602
 127   -2     12.449     -3.049      0.270
  89   21     21.032     -5.651     -4.617
  -1   -2     -9.011     -6.844    -10.100
  36    6      2.581     -7.466      9.239
  24    1      8.882    -10.407     -6.261
  51   14     11.920     -5.171     -2.470
  -1   43     12.521     -6.150     -9.764
 128   10      4.722     -9.713      2.999
  12   55      5.665     -3.956     -1.736
  22   27      4.801     -9.670     -8.432
  43   -2      5.702     -7.933      1.968
  80   -2     -2.985     -6.407      3.365
  99   -2     13.941     -9.171      1.409
  -1   -2     12.438     -9.029     -0.011
  -1   -2     14.085     -7.621      3.417
  94  123     10.373     -0.426      5.532
  38   -2     -6.231     -8.699      3.356
 121   -2    -12.208     -5.764     -2.160
  26   52     16.717    -10.931      0.090
  64   -2    -10.478     -8.396     -0.533
  -1   -2      4.380     -9.608      0.319
  -1   -2     11.391     -8.999     -3.984
  37   -2     -1.734     -5.328     -6.824
  -1   -2     -4.589      2.043      4.171
 110  110      3.630     -7.622      3.510
  40   -2     12.003     -6.640     -6.157
  -1   16    -10.277     -9.800     -1.013
  44   -2     11.248     -8.484     -3.711
 102    5      5.954      3.889     10.084
  77   -2     19.337     -3.602     -0.352
  42   -2     -9.094    -10.316     -6.444
  50   75      8.519     -7.152      2.775
  52  103      5.359     -8.436      6.701
  33   -2     -4.299     -6.743     -6.012
   6   57     18.803     -8.364     -2.908
  -1   25      1.333     -8.918     -8.082
  79   28     -5.814     -4.642     -5.749
  -1   63      3.608     -3.881     -3.097
  31    4     -5.181     -7.500     -8.034
  -1    9     15.220     -8.650      1.373
 107   60     -6.007     -8.115     -3.924
  87   44     17.920     -7.560      1.098
  -1   -2     17.693     -2.891     -9.323
  -1   -2     22.715     -3.379    -11.761
  -1   32     -9.195     -3.489     -9.474
  -1   -2     20.441     -6.477     -5.483
  -1   94     -0.769     -7.759     -6.620
  -1   -2     14.076      3.070     -3.650
  68   51      0.007     -2.669     -4.307
 100   -2     -4.196      0.230      3.475
 103   -2      7.009     -2.083     -3.834
  81   35    -11.622     -6.274     -7.465
  39    2     15.809     -6.673      1.747
  -1   79     -6.446     -5.415     10.221
 105  104     19.905     -3.582     -6.956
  -1   19     14.258    -11.133     -3.247
  -1   76      8.335      5.475      9.205
  -1   67      0.481    -11.070     -2.409
  -1   22      5.841     -6.500    -10.343
  -1   48     19.192     -4.656     -4.031
  -1   -2     -0.475     -8.884     -1.015
  -1   15     -7.391     -6.247     -8.652
  -1   69     20.027     -0.147     -0.513
  -1   -2     19.024     -2.813     -9.577
  -1   -2      3.288     -0.722     -7.039
 117   -2      5.191      2.414      7.421
  86   72    -13.155     -8.329      1.160
  98  126    -11.898      2.432      9.283
  -1   81    -10.748      2.874      7.100
  88   -2    -11.332     -5.748     10.968
  -1   59     -4.477      1.066      4.084
 120   47      1.959     -3.567      3.875
  -1   -2      8.635     -5.283      4.492
  69   -2      9.462     -0.111      3.137
  96   -2     -3.163     -1.800      0.499
 101   66    -13.614    -10.371     -5.200
  62   -2      6.729     -2.368     10.111
  -1   36      1.603     -7.039     10.965
  -1   92     -4.236     -1.749     -9.539
 108  108    -13.057     -5.268     -3.797
  84   98    -12.157     -3.533     -3.655
  32   64     11.643     -2.149      1.338
 109  127     -7.810     -1.587      4.652
  -1  121      6.598    -10.978     -4.648
  93   33      0.163     -5.006     -6.232
  -1   41     12.617     -5.035      9.333
  -1   -2     -4.407     -9.558     -9.178
  -1   -2      4.275      3.836     -3.558
  25   24     -3.661    -10.222      1.835
 129  116     -3.726      2.048     -6.917
  -1   65     11.640      1.117      2.353
  65   62     16.925     -6.417     -9.390
 125  112      8.417      0.941      9.528
 122  117     19.431      4.794     -5.995
 116   97      9.799      3.347      2.163
 134   89     -4.590     -7.225      2.429
  74   -2     18.878     -4.854     -5.361
  55    8     -4.505      2.102      4.363
  -1   -2     17.289     -8.607     -3.437
  -1   -2     17.289     -8.607     -3.437
  -1   -2     17.289     -8.607     -3.437
  -1   -2     17.289     -8.607     -3.437
  -1   -2     17.289     -8.607     -3.437
  -1   -2     17.289     -8.607     -3.437
  -1   -2     17.289     -8.607     -3.437
  -1   -2     17.289     -8.607     -3.437
  -1   -2     17.289     -8.607     -3.437
  -1   -2     17.289     -8.607     -3.437
  -1   -2     17.289     -8.607     -3.437
 149   -2     17.289     -8.607     -3.437
