347
   0    0      1.682     -8.279      0.793
  -1   -2      0.177     -9.013      0.601
   2    2      0.713     -9.317      0.453
  13   -2     -0.318     -8.950      0.898
 107   15      7.945     -8.740      5.013
   5    4      8.182     -8.318     -0.663
  -1   88     14.018     -2.035     -4.646
   7    6     12.281     -7.819      8.404
  10   -2     -4.496    -10.424     -9.871
   9    8      5.648     -4.394     -6.180
  -1  244      9.205     -6.826     -7.190
  12   -2     11.563     -5.222      1.691
   8   -2     -3.276    -10.397     -6.096
  28   -2     -1.691     -8.068      2.904
  14   12     12.523     -8.785      5.225
  91   -2     -7.677     -6.229     -7.666
  -1    9     11.181     -5.322      2.823
  -1   18     11.342    -11.071     -6.738
  -1   -2     10.630     -1.866      4.777
  -1   44     15.030     -8.380      9.688
  -1   -2      4.128     -7.926      7.237
  72   -2     -2.137     -4.316      1.747
  38   26     16.335     -8.461      2.346
  73   21     17.533     -8.023      1.327
  24   -2     -3.580     -6.378     -4.029
  68   -2      1.060     -6.312      1.006
  -1   -2     12.832     -9.085     -0.992
  83   22      6.622     -5.781     10.138
  30   -2     11.391     -9.032     -3.991
  80   -2      6.077     -5.307      9.468
  60   -2     17.719    -11.137     -7.911
 102   38     10.860     -6.260     -7.111
  -1   78      7.768    -10.914    -10.067
  54   -2     -1.013    -10.202      4.532
  -1   46     16.865    -10.579      0.914
  17   -2     -9.025     -8.664      2.516
  53   -2     -9.633     -6.210      4.742
  -1   -2      3.628     -7.617      3.504
  29   -2     15.940     -3.750     -8.447
  32   41      5.355     -8.434      6.692
  99   39      9.456     -3.276      7.677
  50    7     18.916     -7.925     -0.476
  -1   -2     14.983     -9.065      8.334
   3   -2      6.424     -7.246      8.266
  96   -2     17.089     -8.330     -3.602
  41   50      8.326      0.925     10.712
  42   -2      1.891     -8.671      9.272
  86   -2     18.207    -10.103     -0.497
  93   43     12.751     -5.008      9.442
  63   45     -6.255     -7.899     -2.368
  -1   -2     10.785     -7.889      9.959
  -1   -2     -8.458     -7.153      0.039
  -1   -2     -9.374     -3.434      3.294
  55   79      7.980     -6.840     -6.710
  -1   -2      0.005     -2.668     -4.315
  -1   -2    -13.063     -7.295      5.809
  -1   -2      5.740    -10.503      9.093
  -1   -2     16.753     -7.245      3.187
  -1   -2      7.001     -2.080     -3.844
  -1   -2      8.335      5.479      9.207
  95   -2     -8.193     -9.941     -1.560
  -1  133     15.810     -6.672      1.747
  -1   17     -0.266     -9.389     10.252
  59   -2     17.570      3.829    -12.320
  57   63     -8.359     -5.169     -7.034
  -1   93     -6.447     -5.418     10.216
  -1   61      5.849     -6.497    -10.312
  -1   64     20.061      3.947     -5.040
  84   68    -13.170     -5.212     -4.068
  -1   89      7.763     -6.025     10.374
  43   25     -6.927    -10.257     -7.218
  -1   54     -8.611     -6.763     -1.131
  -1  100    -15.394     -6.690      8.669
  66   -2     12.179     -9.720      8.941
  -1   -2    -11.964     -4.567     -4.707
  67   27    -11.222     -3.950     -1.975
  62   37     17.879      0.005     -2.880
  -1   -2     10.660     -0.357      4.843
 111   -2      9.242     -1.746     -2.381
  -1   72     -4.243     -1.752     -9.527
  -1   -2     12.785     -6.127    -10.443
  -1   73     -5.308      1.391      6.774
  -1   13     -8.958    -10.665     -8.711
  -1   -2     17.438     -5.448     -2.876
  -1   20     -3.571    -10.903     -6.875
  82   76    -11.927     -9.931     -8.892
  -1   32      9.288     -9.458     -9.212
  -1   58    -13.614    -10.371     -5.200
  -1   -2     10.617     -6.507      9.436
  56   -2     16.207     -8.924      0.510
  -1   33      3.277     -4.432      6.618
  75   11     -0.979     -5.244     -9.496
  90   -2      0.590    -10.134    -11.818
  92   -2     15.309     -0.928     -4.848
  -1   24     -6.615     -4.116     -7.881
  -1   -2      7.620     -6.007    -10.273
  97   87     19.429      4.795     -5.996
  89   80     16.923     -3.732      3.882
  -1    3      1.276     -7.261      4.415
  31   -2     16.927     -6.415     -9.395
  -1   -2     -4.580     -7.226      2.392
  -1    5      9.796      3.348      2.159
  69   -2     10.512     -4.102      6.940
  -1   -2     10.493    -10.048      0.334
 101   94     18.576     -4.778     -6.457
  -1   -2     17.856     -9.512      1.289
  36   -2      0.317     -9.701      2.385
  -1   -2      0.149     -9.032      0.782
  -1   -2      9.251     -6.820     -7.197
  -1  337     10.777     -1.879      4.408
  -1   -2     10.785     -7.889      9.959
 108  101      5.740    -10.503      9.093
  45   98     -9.374     -3.434      3.294
  -1   -2      0.005     -2.668     -4.315
  -1   -2      7.001     -2.080     -3.844
  47   -2    -13.063     -7.295      5.809
  -1   -2     16.753     -7.245      3.187
 333  332      8.335      5.479      9.207
  -1   -2     20.061      3.947     -5.040
  25   -2     12.451     -9.014     -0.037
  -1   84     -4.243     -1.752     -9.527
  -1   -2     17.438     -5.448     -2.876
 115  116      0.149     -9.032      0.782
  -1   -2      9.251     -6.820     -7.197
  -1   -2     10.777     -1.879      4.408
  -1   -2     10.785     -7.889      9.959
  -1   -2      0.005     -2.668     -4.315
  -1   -2     16.753     -7.245      3.187
  -1   -2      7.001     -2.080     -3.844
  -1   -2      8.335      5.479      9.207
  -1   -2     17.438     -5.448     -2.876
  -1   -2      9.251     -6.820     -7.197
  -1   -2     10.777     -1.879      4.408
  58   -2     10.785     -7.889      9.959
  -1   -2     16.753     -7.245      3.187
  -1   -2      0.005     -2.668     -4.315
  -1   -2      8.335      5.479      9.207
  -1   -2      7.001     -2.080     -3.844
  -1   -2     17.438     -5.448     -2.876
  -1   -2     10.777     -1.879      4.408
  -1   -2      0.005     -2.668     -4.315
  -1   -2      7.001     -2.080     -3.844
  -1   -2      8.335      5.479      9.207
  -1   -2     17.438     -5.448     -2.876
  -1   -2      9.251     -6.820     -7.197
  -1   -2     10.777     -1.879      4.408
  -1   -2      0.005     -2.668     -4.315
 127   -2      7.001     -2.080     -3.844
  -1   -2      8.335      5.479      9.207
  -1   -2     17.438     -5.448     -2.876
  -1   -2      9.251     -6.820     -7.197
  -1   -2     10.777     -1.879      4.408
  -1   -2      0.005     -2.668     -4.315
  -1   -2      8.335      5.479      9.207
 134   75     17.438     -5.448     -2.876
  -1   -2      9.251     -6.820     -7.197
  -1   -2     10.777     -1.879      4.408
  -1   -2      0.005     -2.668     -4.315
  -1   -2      8.335      5.479      9.207
  -1   -2      9.251     -6.820     -7.197
  -1   -2     10.777     -1.879      4.408
  -1   -2      0.005     -2.668     -4.315
  -1   -2      8.335      5.479      9.207
  -1   -2      9.251     -6.820     -7.197
  -1   -2     10.777     -1.879      4.408
  -1   -2      0.005     -2.668     -4.315
  -1   -2      8.335      5.479      9.207
  -1   -2      9.251     -6.820     -7.197
  -1   -2     10.777     -1.879      4.408
  -1   -2      0.005     -2.668     -4.315
  -1   -2      8.335      5.479      9.207
  -1   -2      9.251     -6.820     -7.197
  -1   -2     10.777     -1.879      4.408
  -1   -2      0.005     -2.668     -4.315
  -1   -2      8.335      5.479      9.207
  -1   -2      9.251     -6.820     -7.197
  -1   -2     10.777     -1.879      4.408
  -1   -2      0.005     -2.668     -4.315
  -1   -2      8.335      5.479      9.207
  -1   -2      9.251     -6.820     -7.197
  -1   -2     10.777     -1.879      4.408
  -1   -2      0.005     -2.668     -4.315
  -1   -2      8.335      5.479      9.207
  -1   -2      9.251     -6.820     -7.197
  -1   -2     10.777     -1.879      4.408
  -1   -2      0.005     -2.668     -4.315
  -1   -2      8.335      5.479      9.207
  -1   -2      9.251     -6.820     -7.197
  -1   -2     10.777     -1.879      4.408
  -1   -2      0.005     -2.668     -4.315
  -1   -2      8.335      5.479      9.207
  -1   -2      9.251     -6.820     -7.197
  -1   -2     10.777     -1.879      4.408
  -1   -2      0.005     -2.668     -4.315
  -1   -2      8.335      5.479      9.207
  -1   -2      9.251     -6.820     -7.197
  -1   -2     10.777     -1.879      4.408
  -1   -2      0.005     -2.668     -4.315
  -1   -2      8.335      5.479      9.207
  -1   -2      9.251     -6.820     -7.197
  -1   -2     10.777     -1.879      4.408
  -1   -2      0.005     -2.668     -4.315
  -1   -2      8.335      5.479      9.207
  -1   -2      9.251     -6.820     -7.197
  -1   -2     10.777     -1.879      4.408
  -1   -2      0.005     -2.668     -4.315
  -1   -2      8.335      5.479      9.207
  -1   -2      9.251     -6.820     -7.197
  -1   -2     10.777     -1.879      4.408
  -1   -2      0.005     -2.668     -4.315
  -1   -2      8.335      5.479      9.207
  -1   -2      9.251     -6.820     -7.197
  -1   -2     10.777     -1.879      4.408
  -1   -2      0.005     -2.668     -4.315
  -1   -2      8.335      5.479      9.207
  -1   -2      9.251     -6.820     -7.197
  -1   -2     10.777     -1.879      4.408
  -1   -2      0.005     -2.668     -4.315
  -1   -2      8.335      5.479      9.207
  -1   -2      9.251     -6.820     -7.197
  -1   -2     10.777     -1.879      4.408
 109  212      0.005     -2.668     -4.315
  -1   -2      8.335      5.479      9.207
  -1   -2      9.251     -6.820     -7.197
  -1   -2     10.777     -1.879      4.408
  -1   -2      8.335      5.479      9.207
  -1   -2      9.251     -6.820     -7.197
  -1   -2     10.777     -1.879      4.408
  -1   -2      8.335      5.479      9.207
  -1   -2      9.251     -6.820     -7.197
  -1   -2     10.777     -1.879      4.408
  -1   -2      8.335      5.479      9.207
  -1   -2      9.251     -6.820     -7.197
  -1   -2     10.777     -1.879      4.408
  -1   -2      8.335      5.479      9.207
  -1   -2      9.251     -6.820     -7.197
  -1   -2     10.777     -1.879      4.408
  -1   -2      8.335      5.479      9.207
  -1   -2      9.251     -6.820     -7.197
  -1   -2     10.777     -1.879      4.408
  -1   -2      8.335      5.479      9.207
  -1   -2      9.251     -6.820     -7.197
  -1   -2     10.777     -1.879      4.408
  -1   -2      8.335      5.479      9.207
  -1   -2      9.251     -6.820     -7.197
  -1   -2     10.777     -1.879      4.408
  -1   -2      8.335      5.479      9.207
  44   31      9.251     -6.820     -7.197
  -1   -2     10.777     -1.879      4.408
  -1   -2      8.335      5.479      9.207
  -1   -2     10.777     -1.879      4.408
  -1   -2      8.335      5.479      9.207
  -1   -2     10.777     -1.879      4.408
  -1   -2      8.335      5.479      9.207
  -1   -2     10.777     -1.879      4.408
  -1   -2      8.335      5.479      9.207
  -1   -2     10.777     -1.879      4.408
  -1   -2      8.335      5.479      9.207
  -1   -2     10.777     -1.879      4.408
  -1   -2      8.335      5.479      9.207
  -1   -2     10.777     -1.879      4.408
  -1   -2      8.335      5.479      9.207
  -1   -2     10.777     -1.879      4.408
  -1   -2      8.335      5.479      9.207
  -1   -2     10.777     -1.879      4.408
  -1   -2      8.335      5.479      9.207
  -1   -2     10.777     -1.879      4.408
  -1   -2      8.335      5.479      9.207
  -1   -2     10.777     -1.879      4.408
  -1   -2      8.335      5.479      9.207
  -1   -2     10.777     -1.879      4.408
  -1   -2      8.335      5.479      9.207
  -1   -2     10.777     -1.879      4.408
  -1   -2      8.335      5.479      9.207
  -1   -2     10.777     -1.879      4.408
  -1   -2      8.335      5.479      9.207
  -1   -2     10.777     -1.879      4.408
  -1   -2      8.335      5.479      9.207
  -1   -2     10.777     -1.879      4.408
  -1   -2      8.335      5.479      9.207
  -1   -2     10.777     -1.879      4.408
  -1   -2      8.335      5.479      9.207
  -1   -2     10.777     -1.879      4.408
  -1   -2      8.335      5.479      9.207
  -1   -2     10.777     -1.879      4.408
  -1   -2      8.335      5.479      9.207
  -1   -2     10.777     -1.879      4.408
  -1   -2      8.335      5.479      9.207
  -1   -2     10.777     -1.879      4.408
  -1   -2      8.335      5.479      9.207
  -1   -2     10.777     -1.879      4.408
  -1   -2      8.335      5.479      9.207
  -1   -2     10.777     -1.879      4.408
  -1   -2      8.335      5.479      9.207
  -1   -2     10.777     -1.879      4.408
  -1   -2      8.335      5.479      9.207
  -1   -2     10.777     -1.879      4.408
  -1   -2      8.335      5.479      9.207
  -1   -2     10.777     -1.879      4.408
  -1   -2      8.335      5.479      9.207
  -1   -2     10.777     -1.879      4.408
  -1   -2      8.335      5.479      9.207
  -1   -2     10.777     -1.879      4.408
  -1   -2      8.335      5.479      9.207
  -1   -2     10.777     -1.879      4.408
  -1   -2      8.335      5.479      9.207
  -1   -2     10.777     -1.879      4.408
  -1   -2      8.335      5.479      9.207
  -1   -2     10.777     -1.879      4.408
  -1   -2      8.335      5.479      9.207
  -1   -2     10.777     -1.879      4.408
  -1   -2      8.335      5.479      9.207
  -1   -2     10.777     -1.879      4.408
  -1   -2      8.335      5.479      9.207
  -1   -2     10.777     -1.879      4.408
  -1   -2      8.335      5.479      9.207
  -1   -2     10.777     -1.879      4.408
  -1   -2      8.335      5.479      9.207
  -1   -2     10.777     -1.879      4.408
  -1   -2      8.335      5.479      9.207
  -1   -2     10.777     -1.879      4.408
  -1   -2      8.335      5.479      9.207
  -1   -2     10.777     -1.879      4.408
  -1   -2      8.335      5.479      9.207
  -1   -2     10.777     -1.879      4.408
  -1   -2      8.335      5.479      9.207
  -1   -2     10.777     -1.879      4.408
  -1   -2      8.335      5.479      9.207
  -1   -2     10.777     -1.879      4.408
  -1   -2      8.335      5.479      9.207
  -1   -2     10.777     -1.879      4.408
  -1   -2      8.335      5.479      9.207
  -1   -2     10.777     -1.879      4.408
  -1   -2      8.335      5.479      9.207
  -1   -2     10.777     -1.879      4.408
  -1   -2      8.335      5.479      9.207
  -1   -2     10.777     -1.879      4.408
  -1   -2      8.335      5.479      9.207
  -1   -2     10.777     -1.879      4.408
  -1   -2      8.335      5.479      9.207
  -1   -2     10.777     -1.879      4.408
  -1   -2      8.335      5.479      9.207
  -1   -2     10.777     -1.879      4.408
  -1   -2      8.335      5.479      9.207
  -1   -2     10.777     -1.879      4.408
  -1   -2     10.777     -1.879      4.408
  18   -2     10.777     -1.879      4.408
