106
  98   28     -7.454     -6.108     -7.425
   0    1      8.184     -8.318     -0.661
   1   -2     14.019     -2.034     -4.651
   2    3     -9.272     -6.874      2.923
  91   -2     13.736     -5.442      6.085
   3    4     12.282     -7.820      8.392
   4    5     11.178     -9.659     -2.661
   5    6      5.646     -4.395     -6.185
   6  106      9.207     -6.828     -7.197
  25   -2     11.566     -5.220      1.687
  -1   -2      8.307     -6.585      0.446
  71   -2      1.514     -5.398      6.506
  10   -2     11.182     -5.322      2.825
  54   -2      6.771     -8.595      0.281
  -1   14     12.522     -8.780      5.240
  -1   -2     10.643     -1.866      4.744
  -1   21      1.380     -9.040      4.187
 106   -2      8.341    -10.331     -4.801
  53   60     -6.259     -8.670      2.786
  18   -2     -3.581     -6.380     -4.019
  11   38    -10.337     -8.361     -0.190
 105   12      9.886     -5.616      2.681
  47   66     17.534     -8.022      1.326
  -1   31     10.235    -10.902     -3.847
  -1   -2     16.009     -7.324      6.373
   7   -2     12.851     -9.020     -1.023
  -1   -2     -2.977     -6.190      2.603
  21   35     11.128     -8.945     -3.300
  70   53     -9.568     -5.766      0.030
  39   13    -10.276     -9.859      0.264
  85   -2     10.860     -6.266     -7.119
  87   -2     -3.481     -6.138      6.054
  23   18     16.136     -6.493      4.406
  94   34     15.975     -3.756     -8.533
  29   33     11.597     -6.633     -5.124
  33   40     -3.782     -6.089     -1.426
  64   -2      6.635     -7.346     -3.035
  32   41     11.246     -8.485     -3.710
  -1   93    -12.628    -10.351     -8.931
 103   47      8.927     -2.639      1.471
  -1   85      5.738     -3.909      9.818
 120   -2      8.312      0.919     10.738
  84   42      9.453     -3.273      7.682
  -1   45     17.092     -8.329     -3.614
  51   -2      0.916     -1.159      6.378
  55   -2     -0.766     -7.759     -6.612
  58   27    -13.039     -7.303      5.736
  46   61    -11.626     -9.812     -7.888
  16   20     -2.274    -10.851    -10.021
  -1   22      8.431    -10.001     -6.076
  -1   19     16.061     -4.922      3.202
  12   -2     16.022     -9.706     10.208
  -1   65     16.794    -10.457     -0.350
  -1   -2      5.850     -6.498    -10.320
  65   74     17.510      3.815    -12.170
  -1   70     -3.802     -8.590      0.523
  -1   36     -6.445     -5.418     10.221
  35   71      7.760     -6.025     10.367
  72   23     -2.604     -4.420     -8.908
  66   -2     11.743    -10.121     -6.527
  -1   25     20.264    -10.413     -2.663
  37   -2      0.802     -2.473     -6.812
  -1   77    -11.222     -3.947     -1.972
  62    9     10.660     -0.356      4.838
  -1   29     -1.189    -10.759      6.461
  -1   -2     -5.643     -9.265     -5.456
  75   76     -4.476      1.068      4.086
  -1   50     -0.694     -0.057      4.118
  -1   59      9.239     -1.745     -2.382
  63  103     17.438     -5.450     -2.872
  -1   79     17.878      0.002     -2.871
  78   86      9.287     -9.460     -9.212
  -1   -2     10.770     -3.805     10.102
  -1   87    -11.637      3.847      1.981
  -1   80      5.423      5.181      0.459
  83   -2     -9.180      2.785     -2.775
  -1   52     -4.664     -8.547     -7.266
  77   89    -14.234     -5.451     -6.932
  -1   91     -4.286    -10.345     -9.705
  50   -2     -6.963     -9.578     -4.218
  -1   -2      9.367     -7.213      9.447
  30   39      3.726     -7.624      3.786
  -1   51     -8.014     -9.930     -2.432
 102    0      3.277     -4.433      6.619
  -1  100     12.148      2.364      9.748
  -1   78    -10.919     -5.365      2.114
  -1   -2      7.623     -6.005    -10.275
  -1   56     -2.508     -9.586     -9.859
  -1   68      6.270      6.996      6.877
  -1   15      0.611    -10.137    -11.885
  79    2     15.305     -0.926     -4.863
  95   -2     19.430      4.797     -5.996
  -1   -2     -5.528     -4.988     -9.159
  76   -2      4.400     -2.646      3.362
  -1   44     -4.584     -7.230      2.403
  99   96     10.505     -4.095      6.927
  74   10     -6.799     -4.331     -7.420
  42   55      9.207     -6.828     -7.197
  -1   -2     10.815     -1.880      4.313
  56   16      8.346     -6.610      0.243
  -1   -2      8.431    -10.001     -6.076
  69   -2     -6.722     -7.483      8.786
  -1   -2     10.815     -1.880      4.313
  -1   -2     10.815     -1.880      4.313
 118  111     10.815     -1.880      4.313
 116   -2      8.431    -10.001     -6.076
