353
  89   -2      1.124     -7.756      0.419
  -1    1     -1.000     -8.777      0.036
  -1   -2      0.113     -9.146     -0.277
 130   -2     -1.699     -8.469      0.516
  41   32      8.185     -8.318     -0.665
   5   -2     14.020     -2.035     -4.649
   6    7     17.928     -5.890      0.179
  43   14     15.039     -9.096      8.555
   7   -2      5.646     -4.394     -6.186
  -1  252      9.204     -6.826     -7.183
  31   19      5.974     -8.490      8.873
  29   29     11.566     -5.225      1.685
  11   97     -7.677     -6.228     -7.661
  12   -2     12.525     -8.784      5.226
  14   -2      6.768     -8.595      0.286
  -1   15     12.658     -5.580      8.392
  23   27      7.657     -6.030     10.062
  -1   -2     10.636     -1.862      4.763
  15    5      8.602     -8.938      3.710
  66   22     -6.332     -8.735      3.860
  -1   21     16.334     -8.461      2.344
  22   24     17.533     -8.022      1.327
  38   -2     -3.586     -6.377     -4.032
  27   -2      8.668    -10.384     -5.679
  24   -2     12.834     -9.085     -0.999
  42    8     12.403     -7.787      8.261
  36   35     15.965     -3.753     -8.510
 248   -2     10.856     -6.261     -7.104
  -1   33      6.972     -8.237      8.689
  21   37     16.862    -10.576      0.921
  -1    4      8.939     -8.553      2.283
  32   36     11.604     -6.633     -5.131
 114   -2      5.160     -9.848     -1.855
   4   -2      6.636     -7.347     -3.030
  47   31     12.401     -5.086     10.213
  44   -2      9.444     -3.281      7.703
  40    9     -0.072    -10.022     -9.734
  -1   34     -6.596     -9.853     -6.642
  -1   -2     17.089     -8.330     -3.607
  45   -2      8.319      0.926     10.724
  58   16      1.899     -8.668      9.292
  49   -2     -9.368     -3.434      3.281
  -1   26     -4.287    -10.980     -4.524
  -1   40     12.861     -2.810      9.438
  53   -2     -0.776     -7.758     -6.644
  -1   -2      5.872    -11.082     -1.048
  92   -2     16.754     -7.247      3.187
  -1   74      0.006     -2.668     -4.313
  -1  110    -13.064     -7.294      5.819
  -1   55      8.345     -6.607      0.242
  -1   28      8.335      5.479      9.207
  76   95     -9.137     -6.924      2.330
  -1   10      7.004     -2.082     -3.841
  -1   -2     -0.265     -9.389     10.252
  -1   96     -8.269     -8.196      3.653
  60   60     11.108    -11.048     -6.104
  -1   44     -9.291    -10.903     -9.550
  28   -2     16.061     -4.923      3.203
  63   62      5.853     -6.496    -10.304
  -1  111     16.821     -6.379      5.407
  61   64     -6.449     -5.418     10.208
  65   65     11.745    -10.122     -6.518
  75    0     -1.425     -4.122     -5.486
  94   39      6.266     -3.119      5.831
  67   67    -11.328     -5.748     10.950
  -1   -2     19.181      3.905     -2.994
  68   70     12.182     -9.722      8.935
  70   -2    -11.223     -3.949     -1.975
  -1   46     16.865      5.006     -6.503
 110   12     10.661     -0.356      4.838
  83   77     -9.324     -9.065     -4.430
  72   43     -4.476      1.067      4.084
  74   75     12.797     -6.126    -10.469
 101  103     17.437     -5.448     -2.872
  86  112    -11.713     -5.912     -1.258
  64   -2     17.879      0.003     -2.876
  -1   78      9.297     -9.461     -9.230
  -1   -2     -4.243     -1.752     -9.533
  -1   61    -13.611    -10.372     -5.188
  48   -2     -8.190     -9.796     -5.927
  -1   73     -6.991     -0.895     -9.659
  -1   85      0.151     -5.004     -6.209
  87   -2      6.702     -6.853     10.121
  71   -2      3.274     -4.438      6.623
  85   91     12.150      2.362      9.764
  -1   13    -11.987     -6.534     -8.674
  -1   -2     20.413    -10.002     -9.499
  96   92     16.918     -3.729      3.904
  78   66    -11.117    -10.215     -6.824
  95   68     19.436      4.796     -6.006
  -1   -2      6.903     -9.729      0.045
  -1   -2     16.936     -6.417     -9.421
  69    6     15.314     -0.926     -4.863
  99   -2     -4.575     -7.226      2.377
  30   41     16.251    -10.120      4.028
 100   -2     10.509     -4.101      6.945
  46   -2     -6.847     -7.810     -0.401
  -1   30     10.576     -2.486    -10.532
  -1  162     18.576     -4.776     -6.458
  -1  102     -0.991     -8.783      0.105
 105  115      0.153     -9.133     -0.264
  -1   -2      9.253     -6.820     -7.196
  -1  353     10.794     -1.874      4.368
  -1   -2      0.006     -2.668     -4.313
  62   -2    -13.064     -7.294      5.819
  -1   -2      7.004     -2.082     -3.841
  -1   -2      8.335      5.479      9.207
  -1   -2     12.861     -2.810      9.438
  -1   -2     -4.243     -1.752     -9.533
  -1   -2     17.437     -5.448     -2.872
  -1   -2     -0.991     -8.783      0.105
  -1   -2      9.253     -6.820     -7.196
  -1   -2     10.794     -1.874      4.368
  -1   -2      7.004     -2.082     -3.841
  -1   -2      0.006     -2.668     -4.313
  -1   -2      8.335      5.479      9.207
 111   -2     12.861     -2.810      9.438
  -1   -2     17.437     -5.448     -2.872
  -1   -2     -4.243     -1.752     -9.533
  -1   -2      9.253     -6.820     -7.196
  -1   -2     10.794     -1.874      4.368
  -1   -2      7.004     -2.082     -3.841
  -1   -2      0.006     -2.668     -4.313
  -1   -2      8.335      5.479      9.207
  -1   -2     17.437     -5.448     -2.872
  77   80     -4.243     -1.752     -9.533
   2    3     -0.991     -8.783      0.105
  -1   -2      9.253     -6.820     -7.196
  -1   -2     10.794     -1.874      4.368
  -1   -2      0.006     -2.668     -4.313
  -1   -2      7.004     -2.082     -3.841
  -1   -2      8.335      5.479      9.207
  -1   -2     17.437     -5.448     -2.872
  -1   -2      9.253     -6.820     -7.196
  -1   -2     10.794     -1.874      4.368
  -1   -2      0.006     -2.668     -4.313
  -1   -2      7.004     -2.082     -3.841
  -1   -2      8.335      5.479      9.207
  -1   -2     17.437     -5.448     -2.872
  -1   -2      9.253     -6.820     -7.196
  -1   -2     10.794     -1.874      4.368
  -1   -2      0.006     -2.668     -4.313
 109  155      7.004     -2.082     -3.841
  -1   -2      8.335      5.479      9.207
  82   -2     17.437     -5.448     -2.872
  -1   -2      9.253     -6.820     -7.196
  -1   -2     10.794     -1.874      4.368
  -1   -2      0.006     -2.668     -4.313
  -1   -2      8.335      5.479      9.207
  -1   -2      9.253     -6.820     -7.196
  -1   -2     10.794     -1.874      4.368
  -1   -2      0.006     -2.668     -4.313
  -1   -2      8.335      5.479      9.207
  -1   -2      9.253     -6.820     -7.196
  -1   -2     10.794     -1.874      4.368
  -1   -2      0.006     -2.668     -4.313
  -1   -2      8.335      5.479      9.207
  -1   -2      9.253     -6.820     -7.196
  -1   -2     10.794     -1.874      4.368
  -1   -2      0.006     -2.668     -4.313
  -1   -2      8.335      5.479      9.207
  -1   -2      9.253     -6.820     -7.196
  -1   -2     10.794     -1.874      4.368
  -1   -2      0.006     -2.668     -4.313
  -1   -2      8.335      5.479      9.207
  -1   -2      9.253     -6.820     -7.196
  -1   -2     10.794     -1.874      4.368
  -1   -2      0.006     -2.668     -4.313
  -1   -2      8.335      5.479      9.207
  -1   -2      9.253     -6.820     -7.196
  -1   -2     10.794     -1.874      4.368
  -1   -2      0.006     -2.668     -4.313
  -1   -2      8.335      5.479      9.207
  -1   -2      9.253     -6.820     -7.196
  -1   -2     10.794     -1.874      4.368
  -1   -2      0.006     -2.668     -4.313
  -1   -2      8.335      5.479      9.207
  -1   -2      9.253     -6.820     -7.196
  -1   -2     10.794     -1.874      4.368
  -1   -2      0.006     -2.668     -4.313
  -1   -2      8.335      5.479      9.207
  -1   -2      9.253     -6.820     -7.196
  -1   -2     10.794     -1.874      4.368
  -1   -2      0.006     -2.668     -4.313
  -1   -2      8.335      5.479      9.207
  -1   -2      9.253     -6.820     -7.196
  -1   -2     10.794     -1.874      4.368
  -1   -2      0.006     -2.668     -4.313
  -1   -2      8.335      5.479      9.207
  -1   -2      9.253     -6.820     -7.196
  -1   -2     10.794     -1.874      4.368
  -1   -2      0.006     -2.668     -4.313
  -1   -2      8.335      5.479      9.207
  -1   -2      9.253     -6.820     -7.196
  -1   -2     10.794     -1.874      4.368
  -1   -2      0.006     -2.668     -4.313
  -1   -2      8.335      5.479      9.207
  -1   -2      9.253     -6.820     -7.196
  -1   -2     10.794     -1.874      4.368
  -1   -2      0.006     -2.668     -4.313
  -1   -2      8.335      5.479      9.207
  -1   -2      9.253     -6.820     -7.196
  -1   -2     10.794     -1.874      4.368
  -1   -2      0.006     -2.668     -4.313
  -1   -2      8.335      5.479      9.207
  -1   -2      9.253     -6.820     -7.196
  -1   -2     10.794     -1.874      4.368
  -1   -2      0.006     -2.668     -4.313
  -1   -2      8.335      5.479      9.207
  -1   -2      9.253     -6.820     -7.196
  -1   -2     10.794     -1.874      4.368
  -1   -2      0.006     -2.668     -4.313
  -1   -2      8.335      5.479      9.207
  -1   -2      9.253     -6.820     -7.196
  -1   -2     10.794     -1.874      4.368
  -1   -2      0.006     -2.668     -4.313
  -1   -2      8.335      5.479      9.207
  -1   -2      9.253     -6.820     -7.196
  -1   -2     10.794     -1.874      4.368
  -1   -2      0.006     -2.668     -4.313
  -1   -2      8.335      5.479      9.207
  -1   -2      9.253     -6.820     -7.196
  -1   -2     10.794     -1.874      4.368
  -1   -2      0.006     -2.668     -4.313
  -1   -2      8.335      5.479      9.207
  -1   -2      9.253     -6.820     -7.196
  -1   -2     10.794     -1.874      4.368
  51  229      0.006     -2.668     -4.313
  -1   -2      8.335      5.479      9.207
  -1   -2      9.253     -6.820     -7.196
  -1   -2     10.794     -1.874      4.368
  -1   -2      8.335      5.479      9.207
  -1   -2      9.253     -6.820     -7.196
  -1   -2     10.794     -1.874      4.368
  -1   -2      8.335      5.479      9.207
  -1   -2      9.253     -6.820     -7.196
  -1   -2     10.794     -1.874      4.368
  -1   -2      8.335      5.479      9.207
  -1   -2      9.253     -6.820     -7.196
  -1   -2     10.794     -1.874      4.368
  -1   -2      8.335      5.479      9.207
  -1   -2      9.253     -6.820     -7.196
  -1   -2     10.794     -1.874      4.368
  -1   -2      8.335      5.479      9.207
  -1   -2      9.253     -6.820     -7.196
  -1   -2     10.794     -1.874      4.368
  -1   -2      8.335      5.479      9.207
  -1   -2      9.253     -6.820     -7.196
  -1   -2     10.794     -1.874      4.368
  -1   -2      8.335      5.479      9.207
  -1   -2      9.253     -6.820     -7.196
  -1   -2     10.794     -1.874      4.368
  -1   -2      8.335      5.479      9.207
  -1   -2      9.253     -6.820     -7.196
  -1   -2     10.794     -1.874      4.368
  -1   -2      8.335      5.479      9.207
  -1   -2      9.253     -6.820     -7.196
  -1   -2     10.794     -1.874      4.368
  -1   -2      8.335      5.479      9.207
   8   -2      9.253     -6.820     -7.196
  -1   -2     10.794     -1.874      4.368
  -1   -2      8.335      5.479      9.207
  -1   -2     10.794     -1.874      4.368
  -1   -2      8.335      5.479      9.207
  -1   -2     10.794     -1.874      4.368
  -1   -2      8.335      5.479      9.207
  -1   -2     10.794     -1.874      4.368
  -1   -2      8.335      5.479      9.207
  -1   -2     10.794     -1.874      4.368
  -1   -2      8.335      5.479      9.207
  -1   -2     10.794     -1.874      4.368
  -1   -2      8.335      5.479      9.207
  -1   -2     10.794     -1.874      4.368
  -1   -2      8.335      5.479      9.207
  -1   -2     10.794     -1.874      4.368
  -1   -2      8.335      5.479      9.207
  -1   -2     10.794     -1.874      4.368
  -1   -2      8.335      5.479      9.207
  -1   -2     10.794     -1.874      4.368
  -1   -2      8.335      5.479      9.207
  -1   -2     10.794     -1.874      4.368
  -1   -2      8.335      5.479      9.207
  -1   -2     10.794     -1.874      4.368
  -1   -2      8.335      5.479      9.207
  -1   -2     10.794     -1.874      4.368
  -1   -2      8.335      5.479      9.207
  -1   -2     10.794     -1.874      4.368
  -1   -2      8.335      5.479      9.207
  -1   -2     10.794     -1.874      4.368
  -1   -2      8.335      5.479      9.207
  -1   -2     10.794     -1.874      4.368
  -1   -2      8.335      5.479      9.207
  -1   -2     10.794     -1.874      4.368
  -1   -2      8.335      5.479      9.207
  -1   -2     10.794     -1.874      4.368
  -1   -2      8.335      5.479      9.207
  -1   -2     10.794     -1.874      4.368
  -1   -2      8.335      5.479      9.207
  -1   -2     10.794     -1.874      4.368
  -1   -2      8.335      5.479      9.207
  -1   -2     10.794     -1.874      4.368
  -1   -2      8.335      5.479      9.207
  -1   -2     10.794     -1.874      4.368
  -1   -2      8.335      5.479      9.207
  -1   -2     10.794     -1.874      4.368
  -1   -2      8.335      5.479      9.207
  -1   -2     10.794     -1.874      4.368
  -1   -2      8.335      5.479      9.207
  -1   -2     10.794     -1.874      4.368
  -1   -2      8.335      5.479      9.207
  -1   -2     10.794     -1.874      4.368
  -1   -2      8.335      5.479      9.207
  -1   -2     10.794     -1.874      4.368
  -1   -2      8.335      5.479      9.207
  -1   -2     10.794     -1.874      4.368
  -1   -2      8.335      5.479      9.207
  -1   -2     10.794     -1.874      4.368
  -1   -2      8.335      5.479      9.207
  -1   -2     10.794     -1.874      4.368
  -1   -2      8.335      5.479      9.207
  -1   -2     10.794     -1.874      4.368
  -1   -2      8.335      5.479      9.207
  -1   -2     10.794     -1.874      4.368
  -1   -2      8.335      5.479      9.207
  -1   -2     10.794     -1.874      4.368
  -1   -2      8.335      5.479      9.207
  -1   -2     10.794     -1.874      4.368
  -1   -2      8.335      5.479      9.207
  -1   -2     10.794     -1.874      4.368
  -1   -2      8.335      5.479      9.207
  -1   -2     10.794     -1.874      4.368
  -1   -2      8.335      5.479      9.207
  -1   -2     10.794     -1.874      4.368
  -1   -2      8.335      5.479      9.207
  -1   -2     10.794     -1.874      4.368
  -1   -2      8.335      5.479      9.207
  -1   -2     10.794     -1.874      4.368
  -1   -2      8.335      5.479      9.207
  -1   -2     10.794     -1.874      4.368
  -1   -2      8.335      5.479      9.207
  -1   -2     10.794     -1.874      4.368
  -1   -2      8.335      5.479      9.207
  -1   -2     10.794     -1.874      4.368
  -1   -2      8.335      5.479      9.207
  -1   -2     10.794     -1.874      4.368
  -1   -2      8.335      5.479      9.207
  -1   -2     10.794     -1.874      4.368
 346  350      8.335      5.479      9.207
  -1   -2     10.794     -1.874      4.368
  -1   -2     10.794     -1.874      4.368
  -1   -2     10.794     -1.874      4.368
  -1   -2     10.794     -1.874      4.368
 349   -2     10.794     -1.874      4.368
