381
 115   -2      2.063     -8.261      4.378
   3    0      2.084     -5.731     -2.843
 372   -2     -0.767     -7.242     10.206
  -1    1      1.506     -6.520     -4.249
 102  347      3.058     -6.710     -4.279
   7    4     -1.230     -3.776      9.106
   9    3      2.159     -6.245      1.067
 168   -2     -0.166     -8.744     -4.529
  -1   -2      3.877     -8.040      4.845
  10   -2      2.588     -5.334      4.336
  12   27      2.639     -7.955     -9.668
  11    7      2.950     -3.869     -1.184
   0   16      0.189     -5.647      1.594
  17  379      4.905     -4.138     -0.415
  84   -2      6.214     -4.572     -4.874
 170  392     11.137     -7.900      2.400
  41  391     -1.273     -7.446     -1.031
 143    8      5.260     -5.406     -5.620
  -1   -2      8.212     -4.297      2.626
  87   67     -1.889     -7.242      4.449
  25   15      5.075     -3.758     -0.074
 205   -2     -3.167    -10.119     -3.808
 237  143     -1.037     -6.637      1.416
  -1   -2      2.838     -7.671      8.424
 262  207     -0.587     -9.223      4.793
 127   -2      6.522     -5.658      1.132
  30   22     -3.110     -1.276      4.320
 279   -2      4.011     -4.630      1.004
   8   64      5.911     -5.795     -3.439
  13  378      5.977     -7.205     -1.279
  34   23     10.749     -6.849     -9.136
 117   -2      4.483     -6.566     -4.251
  -1   -2     12.641     -6.648     -2.279
 123   89     -1.300     -8.292      5.655
 274   -2     -0.330     -8.677     -8.335
  31   -2     -0.528    -10.299     -4.401
  93   37     -4.613     -5.361      0.939
 153  250      0.511     -4.483     -0.753
 336   -2      3.641     -4.161      6.341
 176   -2     12.352     -9.796      1.611
 180   -2     17.360     -9.219     -6.633
  -1   -2      4.465     -9.386     -4.096
  -1  110     -2.560     -8.514     -8.843
  44   44      2.984     -0.695      3.857
  55   -2     -0.240     -6.759      1.793
 297   53     -0.477     -2.507      2.670
  -1   52      1.958     -2.034      8.714
  69   48      9.705     -3.280      1.475
  86   68      8.309     -4.259      4.573
  -1  384      9.543     -2.653      7.131
  -1   -2      3.520     -6.962      6.275
 300   21      5.509     -6.447     -2.215
  -1   98      4.438     -8.389     -1.384
  -1   41      1.452     -5.986      0.154
  61   33     -1.677     -9.106     -0.122
  -1  190      0.081     -9.266     -8.394
 137   -2      1.743     -9.917     -4.473
 147   12      6.375     -4.362     -4.708
  74   63     13.215     -3.548      2.227
 191  171      4.777    -10.788     -9.409
  77   42      4.859     -3.682      1.875
 244   -2     -1.379     -6.454      0.840
 187  200      8.640     -6.205     -0.029
  -1   -2     15.837     -8.917      3.289
 118  140      3.459     -8.151     -8.550
 103  383      5.501     -8.008     -6.378
 120  112      1.711     -9.720      0.804
 311  285      8.942     -7.920      8.821
 134   -2     -2.854     -9.830      1.220
 263   -2      0.781    -10.226     -2.483
  -1  118      2.767    -10.395     -9.570
 260   -2      2.906     -7.552     -8.780
 125   40      1.117     -9.121     -2.695
  35   55      0.847     -7.249     -1.347
  -1   -2     12.003     -7.744      2.403
  32   -2      3.118     -2.677     -6.194
  -1   74     -2.507     -8.954      7.107
  -1  321      3.883     -9.100     -3.750
  99  249     18.101     -1.079      1.383
  94   70     11.657     -3.144      2.801
  19   78     -1.202     -9.603     -5.736
 140   84      8.430     -3.010      2.082
  -1  108     10.970     -8.119     -2.049
  -1  242     -2.957     -5.260     -5.732
 268   -2      6.964     -7.370     10.091
 113   73      9.592     -3.080      4.545
  -1   82      3.799     -4.130      0.955
  -1  206     12.111     -5.919     -5.778
  40   -2      6.261     -4.514     -2.541
  -1   -2     12.043     -0.583     -0.753
  67   -2     -0.496     -5.553     -1.018
 318   -2      7.876     -4.567     -0.840
  -1   90      2.669     -8.126      5.137
  36  113     15.480     -5.662     -3.727
  82   91      5.272     -3.443     -4.279
 245   -2     12.330     -5.772     -1.069
   1   59      2.284     -8.406      0.632
  85  102      3.650     -6.967      4.034
  62   -2      0.443     -2.987     -0.297
 226  187      7.209     -9.515      7.572
 246   95     15.610     -5.249      2.157
 188  291     -2.258     -9.508      2.290
 109  315    -13.501     -4.475     -4.727
 108   -2      4.662     -6.946      9.225
 136  218     -0.291     -9.882     -8.144
  -1  192      6.915     -9.258      9.970
  -1  308     -4.487     -5.530     -1.404
   6   -2      1.160     -7.066    -10.291
  -1  124      3.060     -7.059      9.865
 159  330     -8.758     -7.733     -2.952
  -1  256     -4.028     -9.708     -2.789
 224  117     11.105      0.120      0.969
  50  243     -8.477     -6.406     -4.731
 302   -2     -0.339     -8.847     -0.236
 270  239     -6.135     -5.371      2.489
 307  229     -7.299     -8.155      2.103
 116   -2     -4.495     -5.298      1.720
  18   34     -2.426     -7.597     -6.744
  -1   -2     -4.993     -4.702     -1.198
  -1   -2      9.012     -7.319      8.989
 128  101     14.764     -3.406      2.602
  -1  147      2.527     -4.855     -3.864
 156   -2      3.715     -4.303      0.108
  24  131      5.085     -7.832     -8.455
 105   83      6.766     -1.653     -1.032
 133  111     10.700     -1.964      1.829
  -1  193      1.014     -8.565      6.116
 222   -2      6.464     -7.796      4.319
 152   -2     12.874     -7.261     -2.742
 251  270     -3.351    -10.533     -7.541
  -1   -2      3.122     -9.911     -9.268
 142  135     -5.899     -0.820      7.253
  58   25      2.622     -5.769      0.323
  -1  159     -0.774     -6.770     -2.750
  22   -2      9.257     -7.632      4.212
  47  155      5.571     -7.982      5.484
 150  172      1.189     -1.480     -1.938
 375   -2      9.411     -8.201     -8.840
 333  216      4.310    -10.013     -3.807
  -1  156     -8.644     -4.507      7.681
  71  198     -1.843     -8.842      6.556
  -1   -2      6.410     -7.051      7.898
  -1  129     13.986     -4.054      2.867
 215  144     12.747     -6.744     -4.327
 145  106      2.728     -0.983     -1.159
 181  203     11.161     -9.006      7.406
  63   31      2.494     -5.528     -4.380
  -1   -2      6.112     -6.002      0.571
 338   -2     -8.038     -2.593      1.792
  48  385      0.946    -10.093     -3.399
  -1   -2      2.816     -4.398     -9.457
 278  170     -0.505     -4.785     -2.921
 173   -2      7.277     -8.665      8.985
 155  137     13.466     -3.188     -0.136
  -1   -2     -5.178     -4.917      5.291
  54   50     -0.716     -7.029      2.548
 313   24     -1.420    -10.379     -6.792
 293   -2      3.454     -5.628      6.474
 284  336      1.503     -4.945     -5.861
  -1  146      0.994     -6.897      0.244
 358  362      1.749      0.912     -2.507
  -1  221     -1.000    -10.445     -3.273
 261  116     -7.303     -7.435     -5.272
  -1  254     17.314     -8.526     -9.595
 354  160      8.274     -3.157      4.821
 241   -2      9.591     -8.759      9.059
 320   -2     18.440     -0.471     -0.860
  -1   -2      2.033    -10.049      1.863
  -1  215     -2.251     -7.837      4.547
 135  123      5.455     -7.459      7.731
  -1   -2      8.461     -4.460      3.682
  -1   80      5.939     -6.935     10.084
 139   -2      3.707     -4.340     -9.770
  -1   -2      2.263     -3.583      9.873
 283   -2      1.354     -9.193     -1.943
 303   -2      6.949    -10.112     -3.092
 332   -2      6.724    -10.727     -2.511
  -1   -2     -5.096     -5.921      0.403
 204  173      9.671    -10.160     -7.372
 275  185     -0.718    -10.708      2.423
  27   57      6.553     -9.183     -2.954
 304   -2      8.768    -10.534     -5.625
  -1   -2     -0.556     -7.412     -1.526
 345  133     -0.177     -1.072     -1.693
 219   39     18.100     -9.054     -4.205
 228   -2     11.109     -8.203      5.412
  -1   -2      5.266     -7.982      1.358
 171   -2      8.208     -9.879     -6.788
  -1  244     15.240     -9.642      7.393
 182   -2     -8.337     -8.782     -4.349
  -1   -2    -10.012     -5.070     -4.223
 201  232      0.197     -8.010     -6.551
 299   -2     14.516     -9.654      4.429
 294  276     -3.402    -10.214      3.317
 236  259     19.061     -8.432     -2.261
  -1   47      4.206     -3.604      8.637
 355  177     -6.221    -10.135      3.541
  -1   -2     -3.609     -7.189     -0.671
  -1  107     12.152     -5.361      6.035
 179  191      7.208    -10.766     -6.945
 169   -2      2.804    -11.098     -3.609
  -1  186     -0.554    -10.568      7.158
  -1   -2      6.477    -11.093     -5.791
 202   -2      4.982    -10.072      9.169
  -1   72      2.877    -10.539      4.361
 199   -2     16.595     -4.722    -10.213
  -1  100     -4.850    -10.740     -8.716
 328  217     -8.435     -8.876      1.977
 366  281    -11.427     -7.928     -8.972
  -1  325      7.824     -9.205      2.312
  -1  223     -1.023    -10.257      8.625
 129   54     12.084     -7.768      8.162
  -1   99      7.850     -9.296     -8.996
  -1   -2     12.459     -5.680      7.747
  -1  300      6.981    -10.911     -9.152
  -1   96      4.061     -4.349      0.043
  14   87     -0.420     -9.444      7.812
  -1   -2     10.561     -9.497      8.951
 349   28     -1.031     -9.930      5.939
 146  104     10.734     -6.794     -3.625
 110  283     14.404     -7.328      0.302
 206  120     -5.351     -5.767      0.085
 310   -2     12.384     -8.338     -4.831
  26   -2     -0.027     -6.728      1.193
  -1  139     -2.045    -10.398     -1.428
 290   -2     -7.113     -9.634     -1.366
  79   -2      5.129     -8.650      1.230
  -1  202     -5.358     -4.316     -9.615
  -1    5     -0.399     -7.526      4.326
  -1  162     10.652     -7.339      2.242
 151   14      3.441     -5.508     -1.232
 238   -2     13.436     -9.149      2.344
  -1   51      7.527     -5.835      3.422
 250  390     17.553     -1.234      1.352
  -1  165      7.873    -10.232      5.826
 162  320      1.070     -9.613     -5.388
 281   -2     -8.517     -9.071     -6.609
 157   -2     13.944     -7.094      4.552
  78   -2      3.084     -4.161      2.053
  39  334     -4.576     -8.823      2.591
  -1  251      7.522     -8.652      6.396
  42   -2     16.242     -9.876     -5.579
  -1   18      8.383     -9.323     10.770
 289   -2     16.743     -8.459      4.627
  -1   -2      1.036     -8.798      4.548
  -1  195     11.746      2.045      2.124
 208   58      6.627     -8.297      4.099
  -1   86     -5.443     -8.262     -5.037
  -1  196     -8.643     -6.794      0.980
  -1   -2      2.728    -10.295      4.808
  89  179     18.506     -9.983     -6.599
  -1  316     16.690     -8.567      2.818
  -1   76     -2.506     -7.816     -6.062
  -1   -2      3.130     -6.443      6.001
 356   -2     18.379     -2.495      0.592
 267  269     18.381     -6.425     -7.666
 357  311     -7.276    -10.896     -3.897
 350   -2     -9.753     -4.336     -0.350
  -1   -2     13.981      1.367     -3.387
 214   61      9.639     -7.845      6.140
  -1   71      1.500     -6.947     10.257
 296  148      5.786     -4.921     -7.963
  -1   -2     15.323     -9.574      4.449
  -1   -2     -0.686    -10.473      4.348
  -1   60     11.957     -4.630     -5.597
  -1   -2     -1.497     -8.585      3.005
 272  151      2.575     -6.614     -9.060
  -1  263      4.065     -3.002      9.990
  -1   -2     16.525     -6.394     -8.506
 376  307    -12.537     -5.022     -5.065
  -1   -2     -7.795     -9.176     -1.783
  -1   45      1.982     -6.052     -4.101
  64   -2      3.090     -7.092      8.278
  90  174      7.528    -10.736    -10.166
  -1  152      9.096     -7.341     -1.113
  -1   -2      5.806     -6.817     -2.642
  -1   -2     -1.804     -6.136      4.611
 235   66      5.574    -11.097     -4.810
 287   79     15.945     -9.138     -0.297
  38  273      1.153     -5.164      3.976
  -1   46      1.765     -7.940      2.156
 317  154     11.978     -1.620      1.480
  -1   56      7.563     -9.164      6.257
 144  114     10.520     -2.609      3.175
  -1   -2      1.739     -2.540      0.902
  -1  109     10.410     -7.198     -1.371
  66  105      2.161    -10.625     -3.438
  -1   -2      3.895     -9.940     10.378
  16  288      3.676     -8.144      6.420
  -1   -2     -3.230    -10.256      1.803
 265   -2     12.959     -5.042     -0.895
 353  345    -13.213     -1.481     -6.615
 326   -2     12.028     -2.089      1.032
  -1   -2     -3.346     -9.238     -9.099
  -1  182      1.838     -5.797     -7.871
  -1  297     16.622     -8.649      5.253
  -1  299      5.578     -4.565      3.017
 233  237     -0.024     -9.872      9.116
 321  257      1.205     -2.721     -6.385
  -1   -2      0.161     -8.982     -8.180
  -1   -2     11.518     -8.619     -7.831
 252  267     14.450      3.649     -8.849
  51   -2     10.106      1.319      6.228
  -1  319     13.838     -6.906     -7.645
  -1   -2      5.153     -8.247      3.878
 369  338     -9.378    -10.699      5.726
  -1    9     -0.416     -9.383     -8.349
 101   -2      8.883     -5.346     -1.797
  -1   -2      5.582     -2.252     -0.569
  -1  197     -5.340     -5.499     -6.954
  -1  212     11.072     -4.550      1.491
  -1  141      1.484     -8.068     -4.362
  -1  150     13.076     -1.918      0.612
  20   85      2.380     -7.599     -6.036
 164   -2     -4.982     -2.160      7.804
 312  290     -5.539    -10.485     -9.681
 225  121      0.161     -4.802      5.879
  -1   -2     -2.318     -2.964     -1.442
 197   93      9.019    -10.193      1.579
  15  266      5.186     -6.502     -5.093
 163   -2     10.557     -7.919     10.600
 298  304      1.955     -6.303      6.128
 242  294     -3.594     -6.456     -3.804
 323  302      9.851     -0.538     -2.749
  -1  126     -1.568     -7.844     -3.302
 273  258     15.090     -0.950     -7.945
 368   -2     -7.554     -4.027     -5.113
  -1  167     -5.150     -6.405      6.778
 100   -2      5.628     -3.319     10.209
 266  323      5.557     -9.195     -0.343
  -1   -2     17.369     -0.688      4.440
  -1  103      7.931     -7.738      3.770
  97  333      3.710     -8.053     -3.970
 337  132     14.398     -2.856     -6.899
  -1  163      0.886    -10.943     -6.613
 255  357     19.406     -2.610      0.929
 210   97      0.359     -3.264     -2.363
  -1  370      6.880    -11.076     -6.215
  -1   -2     16.081     -2.188     -3.338
  70   65     -4.912     -7.888     -4.658
  -1   17      0.856     -7.754      3.468
  -1  260      6.824     -9.804    -10.023
 330   20     -2.914     -5.497      2.230
 343  181     -5.402     -0.724     -6.656
  -1  329     16.488     -1.811      1.172
  -1    6      2.724     -4.511      7.708
  -1  327      6.623     -4.733      3.580
  -1  248     -2.932     -4.045      0.122
  -1  210    -12.669    -10.189     -5.995
  -1  292     -6.906     -2.835     -1.059
  -1  306    -10.108    -11.185      3.382
 178  168     -4.547     -3.740     10.453
  -1   -2      3.521      4.698      1.361
 213   -2     20.561     -4.929     -0.762
  -1   -2     -7.599     -1.615     -9.244
  -1   -2     20.195     -0.346     -0.849
  -1   -2      0.450     -0.479      1.870
  -1  313     14.071     -8.600     -9.535
 347  374     -2.704      1.336     -9.030
  -1  293      7.220      6.218     10.174
 363  296     -8.779     -2.796     -8.408
 367  375     15.695      3.962     -1.770
  -1   -2     -9.156     -0.916    -10.097
  -1  236    -12.038     -3.792      1.386
 361   -2      8.500      4.985      7.446
  -1   -2     12.828      5.429      9.963
  -1   -2     -4.511     -9.262      9.226
 364   -2    -14.081     -0.415      7.070
 344   -2      8.618      2.908      7.262
  -1   -2     16.804      1.683     -0.702
 378   -2     11.042     -7.896      2.650
  -1  231      3.863     -8.039      4.877
  -1   -2      2.669     -7.977     -9.765
  28  380      8.212     -4.297      2.626
  33   -2      4.485     -8.358     -1.485
  72  208      9.937     -8.140     -3.730
  -1   -2      2.952     -6.202      0.102
  -1  382      8.284     -4.260      4.537
 211  389     -5.275     -4.948      5.465
  -1   -2      7.921     -4.346      3.364
 380   -2     -8.714     -4.475      7.298
