239
   0    0     17.076     -9.739      0.121
   1   -2      8.185     -8.318     -0.673
  14   -2     14.025     -2.032     -4.665
   3    4      5.642     -4.397     -6.198
  -1   -2      9.205     -6.827     -7.194
  54   20     11.558     -5.226      1.662
   6    7     -7.675     -6.229     -7.663
  31   22     11.055     -9.724     -3.085
   7   -2     11.181     -5.322      2.819
  13   68     -3.750    -10.679     -7.782
  17   11      6.769     -8.594      0.279
  27   12     12.516     -8.783      5.203
  -1   -2     10.640     -1.864      4.752
  45   -2     -7.112     -6.560     -6.506
  15   14      7.872     -6.881     -6.946
  66   15      8.344    -10.333     -4.822
  40   -2    -12.812    -10.714     -3.036
  18   -2     17.534     -8.023      1.323
 101    6     10.386     -0.420      5.496
  67   23     12.839     -9.047     -0.999
  23   24      6.007     -6.551      5.086
  21   21     15.962     -3.751     -8.502
  25   -2     11.607     -6.637     -5.142
  -1    1      8.938     -8.552      2.282
  26   25      6.633     -7.346     -3.036
  44   19     10.652     -8.275     -5.360
  29   27      9.449     -3.279      7.690
  28   26      1.216     -9.868      8.872
  -1   28      8.332      0.927     10.696
  85   -2     17.089     -8.330     -3.608
  -1    9      9.842    -10.298     -1.560
  -1  124     -8.460     -7.150      0.031
  -1  135     -9.381     -3.430      3.311
  -1  144     -0.776     -7.761     -6.638
  -1   -2      0.005     -2.673     -4.315
  -1   -2    -13.067     -7.293      5.824
  -1   39     -9.018     -6.925      9.078
  -1   -2     16.756     -7.247      3.181
  -1   43    -12.588     -9.469     -4.245
  -1   -2      7.008     -2.085     -3.840
  -1   -2      8.344     -6.606      0.239
  -1   -2      8.332      5.480      9.214
  -1   -2    -11.051    -10.516      0.874
  -1   -2     -0.273     -9.391     10.228
  -1   48     11.057    -11.051     -5.994
  -1   -2     -8.355     -5.171     -7.035
  -1   83      5.850     -6.499    -10.323
  -1   71     17.507      3.815    -12.165
  -1   -2     16.493     -8.798      6.361
  -1   65     20.061      3.949     -5.042
  52   56    -11.331     -5.749     10.966
 107   18     -2.272     -4.272      1.327
  68   61    -11.223     -3.951     -1.976
 139   -2     -2.506     -9.860     -4.763
  -1   10     -7.207     -9.474     -3.425
  60   -2      1.957     -3.570      3.875
  -1  218      9.240     -1.746     -2.378
  81   -2     16.390     -6.446      3.883
  63   70     12.795     -6.128    -10.471
  -1   88     17.878      0.003     -2.879
  61   69     -4.477      1.065      4.085
  93   -2     -6.089     -8.004     -3.743
  70   75     -4.236     -1.750     -9.542
  -1   31     16.931     -9.613     -2.080
  -1   -2     14.430    -10.177     -9.096
  -1   -2     17.436     -5.452     -2.866
  72   74     -9.406    -10.989     -9.848
  -1   76      9.294     -9.459     -9.230
  -1   -2     10.601     -8.956     -1.164
  76   -2      6.704     -6.854     10.115
  -1   80      3.727     -7.621      3.784
  78  108      4.854     -2.622      4.669
  83   84     12.148      2.369      9.756
  -1   66      3.281     -4.438      6.601
  -1   82     -0.979     -5.246     -9.498
  62    2     15.305     -0.931     -4.863
  -1   -2     16.923     -3.730      3.892
  -1   94      7.624     -6.007    -10.273
  53   79     -4.494     -8.633     -6.795
  86   59     19.420      4.795     -5.972
  -1   60      0.102    -10.621      2.615
  77   -2      9.372     -7.202      9.464
  49   -2     -4.577     -7.228      2.382
  88   -2     10.509     -4.095      6.936
  -1  167     18.576     -4.779     -6.454
  -1   30     10.567     -2.483    -10.516
  46   16     17.095     -9.745      0.219
   4   -2      9.205     -6.827     -7.194
  -1   -2     10.805     -1.877      4.340
  -1   -2      9.842    -10.298     -1.560
  -1   -2     -9.381     -3.430      3.311
  -1   -2      8.344     -6.606      0.239
  -1   -2     -0.776     -7.761     -6.638
  35   -2     16.756     -7.247      3.181
  -1   57      0.005     -2.673     -4.315
  -1   -2     -8.460     -7.150      0.031
  -1   -2    -13.067     -7.293      5.824
  -1   62      8.332      5.480      9.214
  -1   -2      7.008     -2.085     -3.840
  -1   -2     16.493     -8.798      6.361
  -1   -2     17.436     -5.452     -2.866
  75   -2      3.281     -4.438      6.601
  -1   -2     10.805     -1.877      4.340
  -1   -2      9.842    -10.298     -1.560
  -1   -2     -8.460     -7.150      0.031
  -1   -2     -0.776     -7.761     -6.638
  -1   -2      0.005     -2.673     -4.315
  -1   -2     -9.381     -3.430      3.311
  -1   -2    -13.067     -7.293      5.824
  -1   -2      8.344     -6.606      0.239
  -1   -2      8.332      5.480      9.214
  -1   -2      7.008     -2.085     -3.840
  -1   -2     16.493     -8.798      6.361
  -1   -2     17.436     -5.452     -2.866
  -1   -2     10.805     -1.877      4.340
  -1   -2      8.344     -6.606      0.239
  64   -2      9.842    -10.298     -1.560
  -1   -2      7.008     -2.085     -3.840
 122   -2     -9.381     -3.430      3.311
  -1   -2     -8.460     -7.150      0.031
  -1   -2     -0.776     -7.761     -6.638
  -1   -2      0.005     -2.673     -4.315
  -1   -2    -13.067     -7.293      5.824
  -1   -2      8.332      5.480      9.214
  -1   -2     16.493     -8.798      6.361
  -1   -2     17.436     -5.452     -2.866
  -1   -2     10.805     -1.877      4.340
  -1   -2     -8.460     -7.150      0.031
  -1   -2      8.344     -6.606      0.239
  -1   -2     -0.776     -7.761     -6.638
  -1   -2      0.005     -2.673     -4.315
  -1   -2    -13.067     -7.293      5.824
  -1   -2      8.332      5.480      9.214
  -1   -2      7.008     -2.085     -3.840
  -1   -2     16.493     -8.798      6.361
  -1   -2     17.436     -5.452     -2.866
  -1   -2     10.805     -1.877      4.340
  -1   -2     -8.460     -7.150      0.031
  -1   -2     -0.776     -7.761     -6.638
  -1   -2      8.344     -6.606      0.239
  -1   -2      0.005     -2.673     -4.315
  -1   -2    -13.067     -7.293      5.824
  -1   -2      8.332      5.480      9.214
  -1   -2      7.008     -2.085     -3.840
 102  141     16.493     -8.798      6.361
  -1   -2     17.436     -5.452     -2.866
  -1   -2     10.805     -1.877      4.340
  95   -2     -0.776     -7.761     -6.638
  -1   -2      8.344     -6.606      0.239
  -1   -2      0.005     -2.673     -4.315
 125  138    -13.067     -7.293      5.824
  -1   -2      7.008     -2.085     -3.840
  -1   -2      8.332      5.480      9.214
  89   46     17.436     -5.452     -2.866
  -1   -2     10.805     -1.877      4.340
  -1   -2      0.005     -2.673     -4.315
  -1   -2      8.344     -6.606      0.239
  -1   -2      7.008     -2.085     -3.840
  -1   -2      8.332      5.480      9.214
  -1   -2     10.805     -1.877      4.340
  -1   -2      7.008     -2.085     -3.840
  -1   -2      8.344     -6.606      0.239
  -1   -2      0.005     -2.673     -4.315
  -1   -2      8.332      5.480      9.214
  -1   -2     10.805     -1.877      4.340
  -1   -2      7.008     -2.085     -3.840
  -1   -2      0.005     -2.673     -4.315
  -1   -2      8.344     -6.606      0.239
  -1   -2      8.332      5.480      9.214
  -1   -2     10.805     -1.877      4.340
  -1   -2      0.005     -2.673     -4.315
  -1   -2      7.008     -2.085     -3.840
  -1   -2      8.332      5.480      9.214
  -1   -2      8.344     -6.606      0.239
  -1   -2     10.805     -1.877      4.340
  -1   -2      0.005     -2.673     -4.315
  -1   -2      8.344     -6.606      0.239
  -1   -2      7.008     -2.085     -3.840
  -1   -2      8.332      5.480      9.214
  -1   -2     10.805     -1.877      4.340
  -1   -2      7.008     -2.085     -3.840
  -1   -2      0.005     -2.673     -4.315
  -1   -2      8.344     -6.606      0.239
  -1   -2      8.332      5.480      9.214
  -1   -2     10.805     -1.877      4.340
  -1   -2      7.008     -2.085     -3.840
  -1   -2      0.005     -2.673     -4.315
  -1   -2      8.344     -6.606      0.239
  -1   -2      8.332      5.480      9.214
  -1   -2     10.805     -1.877      4.340
  -1   -2      0.005     -2.673     -4.315
  -1   -2      8.332      5.480      9.214
  39   67      7.008     -2.085     -3.840
  -1   -2     10.805     -1.877      4.340
  -1   -2      0.005     -2.673     -4.315
  -1   -2      8.332      5.480      9.214
  -1   -2     10.805     -1.877      4.340
  -1   -2      0.005     -2.673     -4.315
  -1   -2      8.332      5.480      9.214
  -1   -2     10.805     -1.877      4.340
  -1   -2      0.005     -2.673     -4.315
  -1   -2      8.332      5.480      9.214
  -1   -2     10.805     -1.877      4.340
  -1   -2      0.005     -2.673     -4.315
  -1   -2      8.332      5.480      9.214
  -1   -2     10.805     -1.877      4.340
  -1   -2      0.005     -2.673     -4.315
  -1   -2      8.332      5.480      9.214
  -1   -2     10.805     -1.877      4.340
  -1   -2      0.005     -2.673     -4.315
  -1   -2      8.332      5.480      9.214
  -1   -2     10.805     -1.877      4.340
  37  227      0.005     -2.673     -4.315
  -1   -2      8.332      5.480      9.214
  -1   -2     10.805     -1.877      4.340
  -1   -2      8.332      5.480      9.214
  -1   -2     10.805     -1.877      4.340
  -1   -2      8.332      5.480      9.214
  -1   -2     10.805     -1.877      4.340
  -1   -2      8.332      5.480      9.214
  -1   -2     10.805     -1.877      4.340
  -1   -2      8.332      5.480      9.214
  -1   -2     10.805     -1.877      4.340
  -1   -2      8.332      5.480      9.214
  -1   -2     10.805     -1.877      4.340
  -1   -2      8.332      5.480      9.214
  -1   -2     10.805     -1.877      4.340
  -1   -2      8.332      5.480      9.214
  -1   -2     10.805     -1.877      4.340
  -1   -2      8.332      5.480      9.214
  -1   -2     10.805     -1.877      4.340
  -1   -2      8.332      5.480      9.214
  -1   -2     10.805     -1.877      4.340
 237  248      8.332      5.480      9.214
  -1   -2     10.805     -1.877      4.340
  -1   -2     10.805     -1.877      4.340
  -1   -2     10.805     -1.877      4.340
  -1   -2     10.805     -1.877      4.340
  11  252     10.805     -1.877      4.340
