40
   1    1      9.040     -7.451     -9.907
  -1   -2      9.762    -11.006    -10.321
  25    0     11.156     -9.661     -9.749
  -1   -2     15.266     -9.277      0.287
   0   -2     11.870     -9.398     -0.781
  -1   32     12.824     -8.707     -8.101
   7   -2     14.012    -10.356     -0.705
  10   10     17.622     -9.342     -3.663
  -1    4     16.199     -8.701      5.579
  -1   -2     12.703     -9.043     -0.646
  11    9      9.957     -3.374      6.452
  17   29     18.944     -9.198    -10.678
   3   -2     11.543     -9.635     -8.029
   6   -2     15.823     -8.787     -2.617
  35   26      2.370     -8.396     -0.467
  26    8      5.534     -6.929      8.670
  -1   -2     15.760     -8.602     -2.900
  23    6     11.835    -10.768     -2.720
  -1   -2     12.865    -10.568      3.878
  20   34     -5.191    -10.745     -2.336
  18   -2      6.421     -7.022     -3.859
  24   24     17.582      3.830    -12.351
   5   15      2.124     -9.013      8.714
  15   19     16.974     -6.605      0.742
  29   30     15.499     -2.463     -6.890
  -1    2     10.330    -10.727    -11.565
  -1   23     14.770     -5.851      9.473
   8   25      9.125     -9.217     -6.699
  22   -2     15.013     -6.676     -6.325
  27   -2      2.835    -10.099      2.170
  -1    5     12.435    -11.408      6.236
  -1   16     18.109    -11.100     -2.871
   9   31     15.767     -0.751     -6.030
  -1   -2     16.113    -11.332      0.966
  -1    3     16.213     -7.926      4.250
  -1   11      6.564     -8.958      0.249
  -1   -2      4.149     -2.764      2.627
  -1   -2      3.909     -6.640    -10.300
  -1   -2     20.078     -6.441     -3.926
  -1   33     -6.827     -7.809     -0.466
