110
  -1   -2     -1.658     -8.513      9.440
  -1   -2      3.627     -7.299      2.936
   5    1      0.846     -7.143      6.888
   2    3     -1.545     -8.701      8.320
  45   -2      4.072     -5.905      0.391
  -1    6      1.218     -9.819     -1.393
  18   44      5.689     -7.518      6.111
   3   -2      2.432     -9.203     -2.599
  -1    7      5.289     -6.941      0.422
  14   -2      6.922     -8.601      1.865
  51   -2      1.349     -7.948      9.132
  -1   26      4.916     -7.031     10.138
  12   22      0.527     -8.820     -1.130
   8   21     -0.751     -9.090      6.842
  77   -2      8.920     -7.109      5.032
  55   20      2.084     -8.660      5.850
  29   -2      4.097     -9.801      2.868
  -1   -2      4.956     -7.397      7.418
  70   97      7.546     -5.421      5.498
  39   -2      1.513     -5.946      1.362
  -1   -2     -1.691     -6.750      8.288
  -1   -2     -0.241     -7.686     -5.224
  -1   38     12.022     -9.356      0.343
  -1   -2      4.411     -7.645      0.134
  -1   37     11.117     -9.028      2.725
  -1   -2     -7.180     -4.618      9.274
  -1   30      9.801     -9.370      4.079
  68   -2      9.253     -8.947     -2.666
  59   68      2.323    -10.504      6.421
  63   -2     -6.014     -8.507     -2.663
  -1   -2      5.783    -10.418      5.118
  -1   18      9.641     -9.698      6.251
  -1   94     -0.654     -9.208      3.794
  11   -2     -1.122     -9.750      8.562
  -1   57     18.879     -8.544     -1.287
  -1   23      6.892    -10.056     -1.335
  30  102     -4.890     -5.846      1.914
  -1   25      5.675     -8.401      5.575
  38   35      8.878     -6.609      6.220
  49   64     12.816     -9.414     -9.564
  64   -2     18.203     -6.527     -7.250
  17   -2      7.409    -10.053      2.845
  58   82     -8.274     -6.874      0.792
  -1   41      6.057     -5.285     10.215
  -1    2      5.132     -6.258      1.319
  73   51     11.297     -6.398     -7.250
  87    9      6.332    -10.156     -1.534
  24   17      2.776     -9.317      7.279
  -1   52     12.395     -8.969      7.846
  -1   27      7.205     -9.857      3.466
  -1   -2      6.491     -9.049     -2.484
  10   46      4.234     -4.125      9.796
  81   55     -4.515    -10.696     -3.187
  -1   -2      6.363     -8.144      3.027
  -1   -2     16.936     -7.096    -10.066
  75   65      9.961     -3.372      6.430
   4   -2     -0.023     -7.919      6.367
  -1   42     -5.643     -8.795      7.717
  -1   61      2.588     -7.493      6.559
  15   -2      2.140     -9.961      2.617
  78   -2     -0.412     -4.706      4.120
   6   -2      4.633     -7.901      3.160
  22   56      1.962     -6.903      0.122
  50   62      6.307    -10.257      3.808
  84   59     -3.369     -6.247     -3.402
  -1   -2      5.339    -10.693      4.992
  32   54      8.719     -8.955      9.205
  86   12     -6.181     -7.856     -2.620
  -1   -2      1.974     -7.965     -3.676
  52   93      8.119      3.947      6.029
  -1   34      3.959     -7.628      8.969
  -1   -2     11.729     -7.016     -7.300
  -1   -2      3.339     -6.618      7.819
  71    0     11.626     -7.376     -8.217
  -1   -2     -7.716     -8.637     -7.584
  -1   -2     -7.264     -4.005     -3.987
  72   -2     12.946     -5.751      9.311
  65   78     -3.335     -1.435     10.898
  66   79      8.189      6.211     10.906
  -1   80     17.585      3.832    -12.360
  61   84    -10.390     -0.661     -5.487
  -1   95     -7.497     -1.910     -3.393
  -1    5     -4.135     -9.712      8.056
  -1   -2      5.415     -2.148      8.205
  43   -2     13.922     -5.394     -1.639
  -1   66     -2.635     -7.078     -8.314
  -1   -2    -11.673     -9.697     -7.658
  -1   75      2.728     -9.506     10.921
  67   60     18.523     -5.875     -5.849
  -1   -2      8.988     -5.748      8.760
  -1   92    -11.516    -11.118      2.823
  83   96     18.765     -4.178     -6.280
  -1   29     18.436     -8.764     -0.678
  60   71      1.869     -3.671     10.233
  -1   -2     -5.951     -5.491     -6.944
  -1   -2     12.798     -6.981     10.260
  74   -2     -7.283     -4.197     -5.721
  21   45     14.427     -7.145      2.174
  90   -2     -2.115     -1.711      6.610
  -1   86    -10.116     -5.551    -10.465
  -1   40     14.640     -4.836     -6.793
  -1   -2     19.187     -7.434     -6.745
  -1   -2     -7.455     -8.400     -1.692
  -1   -2     -1.724     -6.744      8.205
  -1   76     -7.234     -4.605      9.151
  94   14      5.972     -6.943      7.814
  92  100     -1.591     -8.485      9.298
  -1   -2     -1.724     -6.744      8.205
  19   -2     -7.234     -4.605      9.151
  93  101     -1.724     -6.744      8.205
