210
   1    0      1.247     -2.783     -5.435
  -1   -2     -3.115     -5.745      1.544
   3    1      5.829     -6.497     10.472
  -1   -2     -7.430     -3.375      8.978
   7  204      9.084     -6.272     -9.681
  -1   -2     -6.357     -8.646      3.302
 103   26      9.585    -10.805     -9.101
   0   38     10.267     -6.205    -10.071
 144   41     11.123     -5.317      3.353
  -1   -2    -12.794     -0.356     -3.228
  14    5     -1.188     -4.353      3.196
  20   -2      3.936     -5.033      7.988
  60   17     10.889     -8.383      0.406
  16    7     16.379     -0.703      4.914
 176  111     19.283     -4.574     -3.817
 153   92     11.309     -9.451     -5.180
  19   44      8.891     -7.383     -6.761
  26   -2     -9.558     -7.029      2.974
  39   -2      1.370     -3.178     10.128
  22   13      6.305     -2.120      1.220
  -1   12      9.922      3.111      9.774
 119   50     16.457     -8.801      6.242
  24   -2      8.185     -8.320     -0.657
  -1   -2      4.492     -7.862      6.352
  27  182     14.748     -1.218     -0.062
  -1   10      9.935     -6.139     -4.530
  32   67      7.060     -3.001     10.463
  88   -2     -1.073     -7.569      2.489
  33   -2    -10.066     -7.786      1.844
 154   -2     -3.210     -3.545     -1.087
 134   76      1.717     -6.985      4.775
  -1   24      0.572      2.812      9.270
  38   29     17.479     -2.112     -2.348
 113   28      3.787     -2.749      6.571
 130   75     13.243     -7.544      5.472
 111   -2     -9.099     -7.125     -2.467
  79   -2     -3.096     -7.606     -5.244
  34   31      5.530     -3.862     10.259
 175  106      6.475     -7.146      8.453
  89   -2     15.527     -8.340      0.696
  -1   -2     -5.591     -4.534    -10.803
  -1   89     -0.770     -7.749     -6.623
  -1   45     10.761    -11.085     -5.329
 161   -2      5.396     -9.438     -4.798
  65   23     -6.460     -3.401     10.141
 133   85      5.655     -4.400     -6.157
  90   57      5.783     -5.954      2.073
  42  108      8.417     -2.948     10.283
 124   -2     -7.673     -6.227     -7.655
 108   -2      7.426     -2.162     -2.300
 141   15     -0.368     -8.774     -8.433
  68  149     11.436    -10.272     -7.590
  58   -2     11.525     -5.271      1.571
  50   -2     16.210     -7.303      7.251
 112   -2     12.428     -9.023      0.020
 102  116     -3.889     -5.986      4.647
 142   -2     -3.305    -10.085     -8.103
  49    8     12.752     -8.205      5.460
  -1   -2     11.567     -5.749     -6.397
 166   -2     10.639     -1.863      4.753
  47   32      4.905     -7.229      4.828
  -1   -2      7.948     -8.734      4.403
 146   27     13.899     -8.557     -3.071
  -1   -2      7.599     -6.028      9.896
   8   14     -8.636     -8.598      3.441
 125   98     14.616     -7.031      3.562
 143   88      7.259     -3.049      4.561
 109   55     14.406     -5.710      6.314
  -1   -2     -6.815     -7.256     -4.553
  37   -2     17.053     -8.494      0.665
  -1  128    -12.100     -4.087      0.823
  86   -2      7.549     -6.097      5.576
  -1   59     -1.550     -8.025      3.317
  -1   42     -1.581    -10.638     -9.370
 129   21     -3.594     -6.377     -4.030
 140   62     -9.041     -5.915     -1.665
  -1  114     16.286     -7.861      4.216
  67   -2     -1.756     -6.905      7.535
 123   48     11.967     -4.733     -5.525
  -1  102      9.473      1.227      7.797
  99   46     -6.887     -5.404     -2.091
  40  103     -0.729     -8.366     -5.260
  -1   -2     11.737     -5.146     -2.190
  77   37     12.924     -7.949      9.677
 126   82     -0.092    -10.105     -9.094
  -1   65     -0.836     -4.000     -4.316
  44   -2      6.656    -10.556    -10.480
  -1  123      5.318     -9.519     -6.858
  -1   -2      9.290     -9.395     -9.197
 212   96     -6.522     -8.970     -3.249
 137   22     -2.265     -4.631     -4.385
  36   79     11.387     -8.986     -3.966
 120   -2     18.648     -7.110     -6.692
  84   74     -6.635     -7.454      8.882
  45   87      9.352     -4.342      2.245
  30   93      3.083     -8.434      5.882
 121  132     18.645     -3.904     -3.852
 132  135     -4.141     -1.767     -9.707
  31   -2      2.968     -6.862     -2.853
  46   -2      8.440    -10.999     -8.407
  -1  172     -5.676     -8.942     -8.492
  -1  131     16.125     -6.660      2.819
 115  188     -8.082     -8.124      5.969
  -1   39      4.234     -5.530     -9.548
  92   30     -6.250     -8.348      9.309
 106   20     12.564     -1.898      0.257
  78   -2      8.945     -8.449      0.678
  64    6      2.155     -6.457      6.337
  -1   -2     -2.244     -4.270      1.602
  -1  115     13.905     -4.922      6.092
  10   49      7.275    -10.534     -8.510
  -1   -2      6.566     -2.073     -2.810
  -1   16      5.083    -10.282     -6.609
  -1    9     19.701     -7.751     -0.591
  -1   91     -5.971     -6.639    -10.121
  69   -2     -4.906     -8.406     -6.677
  -1   35     -4.475     -7.943      8.260
  -1   18      2.718     -5.334      6.010
 159   99     11.421     -0.223      4.664
  52   -2     -2.273     -9.932     -2.527
  -1   -2     12.690      0.206     -0.204
  -1   -2     17.837     -9.860     -0.641
  41  101      1.920     -5.996      6.675
  -1   -2      1.864     -7.873      6.666
  17   69     -1.171     -3.596     -5.856
 162  141    -10.124     -2.534     -5.949
  15   -2     -4.097     -9.061      5.437
 169   53      8.943     -0.274      7.675
  -1   73      5.336    -10.337      3.067
 152  133      9.838      1.215     11.822
  -1  110     -0.227     -0.542     -9.067
  -1   -2    -10.725     -2.687      2.400
 148  189    -13.070     -7.294      5.841
  -1   19     -2.241     -2.563     -0.537
  -1  122     -6.154     -4.526    -10.907
 167  130     14.991      1.203     -5.980
  75   -2      7.330     -7.312     -0.873
  -1  113     -3.119      0.885     -0.210
  91   -2     -1.088     -5.960     11.606
  54   -2      5.837     -6.501    -10.358
  -1  124      5.388      6.104      7.959
  -1  139     17.569      3.826    -12.318
  -1   -2     -3.563     -9.479      5.097
 180   -2     14.357      4.257     -8.078
 172   -2     18.877      0.195     -5.005
  -1  125    -11.991    -10.524     -1.333
  -1   -2     21.980      0.786      4.372
  -1  129     18.726      4.859     -4.100
  -1   81    -10.870     -1.102     -3.204
 156  171      9.474     -3.778      8.011
  -1  105     20.737    -10.514     -3.719
 174   95    -12.468     -6.503     -4.126
 177  146    -12.792      2.018     -3.336
  -1  107     -4.153     -7.537     -9.860
  -1   -2    -14.893     -9.766    -12.229
 170  150     -5.854      3.409     -4.892
  -1  137    -10.389     -8.622    -10.676
  11   -2    -12.846     -3.688     -1.083
  -1  174     -7.591      0.091     -9.393
 151   -2      7.011      5.067      4.282
 168   -2     -4.502     -0.226      3.193
  -1  100    -10.462     -3.553     -8.927
  94  159     -7.723    -10.630     -1.991
  -1   -2      8.000      5.409      6.040
  -1   -2    -10.919     -5.362      2.108
  -1  140    -10.986     -2.629     -7.433
 147  151     -6.212      1.855      4.481
  -1  109     16.921     -6.414     -9.382
  -1  169    -13.394     -1.616     -6.280
  -1  168     14.789      0.307    -12.457
  98   -2    -13.563     -5.957      2.214
  -1  183     -0.892     -1.851    -11.179
  -1   -2      1.039     -2.784     -4.803
  -1   -2      9.003     -6.260     -9.422
  -1    2     -3.141     -5.741      1.607
  80  187     -3.818     -7.872      9.630
 118   -2      0.679      2.839      9.122
  -1   -2      1.039     -2.784     -4.803
  -1   -2     -3.141     -5.741      1.607
  -1   -2      1.039     -2.784     -4.803
  -1   -2      9.003     -6.260     -9.422
  -1   -2     -3.141     -5.741      1.607
 189  200     21.980      0.786      4.372
  -1  207     -7.352     -3.342      8.903
  -1   -2      1.039     -2.784     -4.803
  -1   -2      1.039     -2.784     -4.803
 187  206      9.003     -6.260     -9.422
 186  195     -3.141     -5.741      1.607
  -1   -2      9.967      3.170      9.482
  -1  223     14.361     -1.229      0.873
  -1   -2     14.361     -1.229      0.873
  -1   -2     -7.352     -3.342      8.903
 195   -2     -7.336     -3.350      8.909
  -1   -2      1.039     -2.784     -4.803
  -1   -2      1.039     -2.784     -4.803
  -1   -2    -12.706     -0.321     -3.394
  -1   -2     14.361     -1.229      0.873
  -1   -2    -12.706     -0.321     -3.394
  -1   -2      1.039     -2.784     -4.803
  -1   -2      1.039     -2.784     -4.803
  -1   -2     14.361     -1.229      0.873
 202   -2    -11.904     -4.050      0.508
  -1   -2    -12.706     -0.321     -3.394
 191  202      1.039     -2.784     -4.803
 197  209      9.996      3.155      9.522
  -1   -2    -12.706     -0.321     -3.394
  -1   -2     14.361     -1.229      0.873
 218  225    -12.706     -0.321     -3.394
  -1   -2     14.361     -1.229      0.873
 216   -2     14.361     -1.229      0.873
