276
  -1   -2     15.718    -10.364     -0.140
   1   23      8.185     -8.318     -0.671
   4   93      5.644     -4.397     -6.192
  -1  111      9.207     -6.828     -7.199
   2   -2     11.555     -5.228      1.658
  50    6     -7.677     -6.228     -7.653
   8    7     11.183     -5.323      2.829
  -1    9     11.046     -9.730     -3.116
  10    1      6.770     -8.595      0.279
  12   10     12.515     -8.785      5.195
  15   22     -0.468     -7.542     10.444
  85   -2     13.956     -2.209     -3.238
  -1   -2     10.638     -1.864      4.757
  13   12      7.870     -6.884     -6.945
  73   13      8.344    -10.333     -4.820
  21    0     -4.792    -10.602     -0.387
  17   -2     -3.583     -6.379     -4.022
  -1   -2      6.419     -5.765      7.806
  18   -2     17.532     -8.024      1.327
 103   -2     14.498     -7.034      3.650
  43   -2     10.371     -0.425      5.529
  23   24     15.960     -3.750     -8.491
   6   -2     12.842     -9.051     -1.008
  99   64     11.604     -6.637     -5.134
   9   25     11.386     -9.020     -3.979
  -1   -2      6.003     -6.551      5.093
  19   74     -5.230    -10.597     -0.126
  75   -2     -9.128    -10.747      6.957
  31   -2     11.249     -8.484     -3.722
  28   27      9.454     -3.274      7.681
  29   28      1.210     -9.871      8.863
 162   -2     -4.264     -7.298      1.373
  77   -2      7.492     -5.053      7.864
  30   85     18.268     -7.153     -6.171
  -1   81     10.786     -7.889      9.960
  -1   -2     13.252     -6.404      3.139
  62   -2     14.081      3.072     -3.659
  -1   -2     -9.379     -3.432      3.318
  -1   -2      9.297    -10.926      5.909
  -1   42     -8.459     -7.152      0.036
  -1   39     -0.769     -7.759     -6.623
  -1   62      0.005     -2.671     -4.314
  -1   -2    -13.062     -7.294      5.809
  34   89     16.755     -7.247      3.187
  -1   -2    -12.588     -9.467     -4.245
  -1   -2      8.344     -6.605      0.250
  -1    4      7.001     -2.087     -3.832
  -1   -2      8.119    -10.104     -7.088
  -1  251      8.333      5.480      9.217
  44   44     10.208    -12.144    -10.034
  -1   -2     15.812     -6.673      1.747
  51   48      5.852     -6.499    -10.320
  49   46     11.058    -11.051     -5.994
  -1   59     20.060      3.947     -5.037
  -1  167     16.497     -8.797      6.356
  53   52    -11.330     -5.748     10.959
  -1   -2     11.743    -10.119     -6.541
  -1   -2     -2.274     -4.272      1.323
  58   57    -11.223     -3.949     -1.975
  -1   17     -2.502     -9.859     -4.751
  -1   -2     -3.185     -9.978     11.971
  66    2     17.878      0.005     -2.869
  57   -2     -7.203     -9.471     -3.421
  81   99      1.959     -3.570      3.870
  90   97     17.439     -5.452     -2.870
  67   61     -4.477      1.066      4.086
  65   -2     12.797     -6.129    -10.477
  -1   67     14.452    -10.491      3.299
  -1   -2     -4.241     -1.755     -9.537
  -1   72     15.511    -10.300     -7.545
  74   -2     -1.809     -3.130     -9.031
  69   -2     14.664    -11.010      1.991
  47   73     -9.406    -10.991     -9.849
  -1   71      8.407      0.936      9.551
  -1   -2     12.147      2.361      9.744
  -1   30      9.294     -9.459     -9.223
  -1   16     -0.976     -5.246     -9.462
  25   -2      3.720     -7.624      3.766
  14   69    -11.546    -10.147     10.363
 179   -2      0.602    -10.141    -11.859
  83   47     16.919     -3.734      3.905
  -1   83     15.311     -0.931     -4.860
  84   -2     19.443      4.798     -6.023
  -1   -2     12.631     -5.037      9.396
  -1   -2      9.371     -7.201      9.472
  88   82     10.511     -4.098      6.935
  20    5     11.097     -2.228      3.676
  76   -2     -5.638     -9.892      8.621
  68   -2     18.575     -4.778     -6.464
  -1   -2     15.753    -10.353     -0.108
  -1   -2     15.784    -10.353     -0.176
  -1   -2      9.253     -6.822     -7.204
  -1   18     10.799     -1.876      4.355
  26  122      9.843    -10.305     -1.562
  -1   -2     -9.379     -3.432      3.318
  -1   -2     -0.769     -7.759     -6.623
  -1   -2      0.005     -2.671     -4.314
  -1   -2      7.001     -2.087     -3.832
  -1   19     16.755     -7.247      3.187
  -1   -2    -13.062     -7.294      5.809
  -1   -2     -8.459     -7.152      0.036
  -1   21      8.344     -6.605      0.250
  -1   -2      8.333      5.480      9.217
  42   95      9.297    -10.926      5.909
  -1   70     15.812     -6.673      1.747
  -1   86     -2.274     -4.272      1.323
  -1   -2     16.497     -8.797      6.356
  -1   49     -4.241     -1.755     -9.537
  -1   -2     15.784    -10.353     -0.176
 106   -2      9.253     -6.822     -7.204
  -1   -2     10.799     -1.876      4.355
  -1   -2      9.843    -10.305     -1.562
  -1   -2     -9.379     -3.432      3.318
  -1   -2      8.344     -6.605      0.250
  -1   -2     -0.769     -7.759     -6.623
  -1   -2      7.001     -2.087     -3.832
  -1   -2      0.005     -2.671     -4.314
  -1   -2     -8.459     -7.152      0.036
  -1   -2    -13.062     -7.294      5.809
  -1   -2      8.333      5.480      9.217
  -1   -2     16.497     -8.797      6.356
  -1   -2     10.799     -1.876      4.355
  -1   -2      9.843    -10.305     -1.562
  -1   -2      7.001     -2.087     -3.832
  -1   -2     -8.459     -7.152      0.036
  -1   -2     -9.379     -3.432      3.318
  -1   -2     -0.769     -7.759     -6.623
  -1   -2      8.344     -6.605      0.250
  -1   -2      0.005     -2.671     -4.314
  -1   -2    -13.062     -7.294      5.809
  -1   -2      8.333      5.480      9.217
  -1   -2     16.497     -8.797      6.356
  -1   -2     15.784    -10.353     -0.176
   0   15     15.770    -10.355     -0.140
  -1   -2     10.799     -1.876      4.355
  -1   -2      9.843    -10.305     -1.562
  -1   -2     -8.459     -7.152      0.036
  -1   -2     -9.379     -3.432      3.318
  -1   -2     -0.769     -7.759     -6.623
  -1   -2      0.005     -2.671     -4.314
  -1   -2    -13.062     -7.294      5.809
  -1   -2      7.001     -2.087     -3.832
  -1   -2      8.344     -6.605      0.250
  -1   -2      8.333      5.480      9.217
  -1   -2     16.497     -8.797      6.356
  -1   -2     10.799     -1.876      4.355
  -1   -2      9.843    -10.305     -1.562
  33   -2     -8.459     -7.152      0.036
  -1   -2     -9.379     -3.432      3.318
  -1   -2     -0.769     -7.759     -6.623
  -1   -2      7.001     -2.087     -3.832
  -1   -2      0.005     -2.671     -4.314
  -1   -2    -13.062     -7.294      5.809
  -1   -2      8.344     -6.605      0.250
  -1   -2      8.333      5.480      9.217
  -1   -2     16.497     -8.797      6.356
  -1   -2     10.799     -1.876      4.355
  -1   -2      7.001     -2.087     -3.832
  -1   -2     -9.379     -3.432      3.318
  -1   -2     -0.769     -7.759     -6.623
  -1   -2      0.005     -2.671     -4.314
  -1   -2      8.344     -6.605      0.250
 101  164    -13.062     -7.294      5.809
  -1   -2      8.333      5.480      9.217
  -1   -2     16.497     -8.797      6.356
  -1   -2     10.799     -1.876      4.355
  -1   -2     -0.769     -7.759     -6.623
 154  149     -9.379     -3.432      3.318
  -1   -2      0.005     -2.671     -4.314
  -1   -2      7.001     -2.087     -3.832
  -1   -2      8.344     -6.605      0.250
  -1   -2      8.333      5.480      9.217
 177   98     16.497     -8.797      6.356
  -1   -2     10.799     -1.876      4.355
  59   -2     -0.769     -7.759     -6.623
  -1   -2      0.005     -2.671     -4.314
  -1   -2      7.001     -2.087     -3.832
  -1   -2      8.344     -6.605      0.250
  -1   -2      8.333      5.480      9.217
  -1   -2     10.799     -1.876      4.355
  -1   -2      0.005     -2.671     -4.314
  -1   -2      8.344     -6.605      0.250
  -1   -2      8.333      5.480      9.217
  -1   -2      7.001     -2.087     -3.832
  -1   -2     10.799     -1.876      4.355
  -1   -2      0.005     -2.671     -4.314
  -1   -2      8.344     -6.605      0.250
  -1   -2      7.001     -2.087     -3.832
  -1   -2      8.333      5.480      9.217
  -1   -2     10.799     -1.876      4.355
  -1   -2      0.005     -2.671     -4.314
  -1   -2      8.344     -6.605      0.250
  -1   -2      8.333      5.480      9.217
  -1   -2      7.001     -2.087     -3.832
  -1   -2     10.799     -1.876      4.355
  -1   -2      7.001     -2.087     -3.832
  -1   -2      0.005     -2.671     -4.314
  -1   -2      8.344     -6.605      0.250
  -1   -2      8.333      5.480      9.217
  -1   -2     10.799     -1.876      4.355
  -1   -2      7.001     -2.087     -3.832
  -1   -2      0.005     -2.671     -4.314
  -1   -2      8.344     -6.605      0.250
  -1   -2      8.333      5.480      9.217
  -1   -2     10.799     -1.876      4.355
  -1   -2      0.005     -2.671     -4.314
  -1   -2      7.001     -2.087     -3.832
  -1   -2      8.344     -6.605      0.250
  -1   -2      8.333      5.480      9.217
  -1   -2     10.799     -1.876      4.355
  -1   -2      0.005     -2.671     -4.314
  -1   -2      8.344     -6.605      0.250
  -1   -2      7.001     -2.087     -3.832
  -1   -2      8.333      5.480      9.217
  -1   -2     10.799     -1.876      4.355
  -1   -2      0.005     -2.671     -4.314
  -1   -2      8.344     -6.605      0.250
  -1   -2      7.001     -2.087     -3.832
  -1   -2      8.333      5.480      9.217
  -1   -2     10.799     -1.876      4.355
  -1   -2      0.005     -2.671     -4.314
  -1   -2      8.344     -6.605      0.250
  -1   -2      7.001     -2.087     -3.832
  -1   -2      8.333      5.480      9.217
  -1   -2     10.799     -1.876      4.355
  -1   -2      0.005     -2.671     -4.314
  -1   -2      8.344     -6.605      0.250
  -1   -2      8.333      5.480      9.217
  -1   -2      7.001     -2.087     -3.832
  -1   -2     10.799     -1.876      4.355
  60  204      7.001     -2.087     -3.832
  -1   -2      0.005     -2.671     -4.314
 218   -2      8.344     -6.605      0.250
  -1   -2      8.333      5.480      9.217
  -1   -2     10.799     -1.876      4.355
  -1   -2      0.005     -2.671     -4.314
  -1   -2      8.333      5.480      9.217
  -1   -2     10.799     -1.876      4.355
  -1   -2      0.005     -2.671     -4.314
  -1   -2      8.333      5.480      9.217
  -1   -2     10.799     -1.876      4.355
  -1   -2      0.005     -2.671     -4.314
  -1   -2      8.333      5.480      9.217
  -1   -2     10.799     -1.876      4.355
  -1   -2      0.005     -2.671     -4.314
  -1   -2      8.333      5.480      9.217
  -1   -2     10.799     -1.876      4.355
  -1   -2      0.005     -2.671     -4.314
  -1   -2      8.333      5.480      9.217
  -1   -2     10.799     -1.876      4.355
  37  230      0.005     -2.671     -4.314
  -1   -2      8.333      5.480      9.217
  -1   -2     10.799     -1.876      4.355
  -1   -2      8.333      5.480      9.217
  -1   -2     10.799     -1.876      4.355
  -1   -2      8.333      5.480      9.217
  -1   -2     10.799     -1.876      4.355
  -1   -2      8.333      5.480      9.217
  -1   -2     10.799     -1.876      4.355
  -1   -2      8.333      5.480      9.217
  -1   -2     10.799     -1.876      4.355
  -1   -2      8.333      5.480      9.217
  -1   -2     10.799     -1.876      4.355
  -1   -2      8.333      5.480      9.217
  -1   -2     10.799     -1.876      4.355
  -1   -2      8.333      5.480      9.217
  -1   -2     10.799     -1.876      4.355
  -1   -2      8.333      5.480      9.217
  -1   -2     10.799     -1.876      4.355
  -1   -2      8.333      5.480      9.217
  -1   -2     10.799     -1.876      4.355
 263   -2      8.333      5.480      9.217
  -1   -2     10.799     -1.876      4.355
  -1   -2     10.799     -1.876      4.355
  -1   -2     10.799     -1.876      4.355
  11  256     10.799     -1.876      4.355
