345
   0    2      5.864     -4.294     10.032
   1    3      4.121     -6.111     -3.445
   2  283      9.429     -5.527     -9.404
  54   -2     -2.041     -8.934    -10.210
 289    4     -3.032     -2.397      8.607
  -1   -2      5.693     -6.607      2.319
   8    0      8.821     -7.959      5.612
  -1   68     10.204     -7.157     -8.883
 153  259      3.216     -8.719      9.097
 151  113     -5.118     -6.832     -0.944
  -1   -2     15.372     -2.789      3.517
  13  307      7.991     -4.589     -0.980
  -1   -2      3.949     -1.243     -8.309
  25   -2     -7.187     -1.152      6.311
 187   58      3.599     -4.338      5.487
  -1   -2     -8.456      2.755     -4.065
  17  291     14.846     -9.228     -4.309
  19   16      0.327     -0.250      1.152
  41   30     -9.436     -8.800     -0.404
  74  262     10.351     -6.337     -3.627
  15   -2      8.872      4.293      8.824
 299   -2     12.107      1.266      4.552
  -1    5     -6.644     -6.364      6.141
  93   -2     10.809     -5.326      0.985
  20  125      9.358     -6.869     -6.903
  -1   24     15.245      0.798     -0.024
  34  211     10.613     -8.965     -2.566
  31   22     -2.228     -6.290      1.308
  51  296      8.847     -9.175     -8.219
  -1   -2     -9.350     -7.115     -8.207
  -1   -2      4.643     -4.926      4.895
 120   29      3.834     -6.186      2.931
 195  144     -2.499     -5.709     -5.193
  64   21     -8.485     -7.969      4.205
  -1   -2    -10.035     -4.085      3.888
 136   83      3.128     -3.563     -0.081
  43   -2      9.845    -10.988     -9.541
  -1   -2     -6.781     -1.917      4.549
 305   42      9.781     -6.131      5.154
  40  160      0.857     -7.272     10.408
 200   -2      3.700     -2.395      1.815
  14   78      8.584     -7.506     -4.868
  -1   -2      2.892     -6.762      3.567
  36   -2     -7.211     -3.677      0.372
 304   37     -0.882     -4.932     10.111
  52   51     -5.291     -4.528      2.313
  42   41      6.004     -6.519      5.107
  45   44     16.215     -5.462     -5.050
  60   53      6.734     -3.497      3.720
  46  224     -4.246     -5.957      2.763
 348   31    -11.286     -9.760     -4.570
 198  112     10.993     -7.643     -1.546
  -1   -2      6.108     -5.443      4.716
  48   64      0.156     -5.414     10.204
 228   17      6.386     -8.603      1.314
 137   18      8.560     -5.673     -8.453
  -1  170     11.942     -7.744      9.390
  59   48     -9.906      0.028     -3.673
 106  123      7.049     -8.181     -4.319
  66   69      7.323      1.633      7.309
  -1  138      7.648    -10.000     -9.766
 163   -2     14.681     -7.012      2.436
  62  298     16.977     -4.919     -0.494
 114   -2      6.958     -5.047     -7.801
  84  223      6.514     -2.041      4.823
 155  124     -0.529     -9.791     -9.756
 190   72      6.712      0.494      7.470
 254  217     19.787     -8.361     -3.301
  73   76      8.372     -1.226      8.393
  -1   -2     17.430     -5.473     -2.768
  49   -2     20.294     -7.717     -3.229
  85   84      5.252     -4.786      1.679
   3   38     15.350     -7.578      6.099
 105   -2     11.762     -5.235      2.688
  83   79      7.051     -2.304      5.762
  -1  220      6.458     -7.245      7.876
  -1   -2     -8.771     -7.030      5.211
 226   -2     12.470     -9.585     -5.652
 199  197      7.383     -4.775     -3.861
  -1   -2      9.588     -3.507      7.014
 208   59      6.661     -7.204     -1.406
  -1   -2    -10.310     -9.053      0.218
  92   -2      6.575     -8.166      3.338
  95   -2      9.438     -7.340     10.026
  -1  158     -1.049     -5.894     -8.707
  -1   67     -5.183     -7.923    -10.124
  -1  122      6.793    -10.249     -9.485
  88  132      7.190     -8.476      5.144
  -1   -2    -10.066     -7.884      2.457
  -1  114      3.780     -3.715    -10.738
  -1   -2     -0.386     -8.743     -5.625
 140   -2     -0.791     -7.773     -6.678
  -1   -2     -2.216     -9.562     -9.785
  -1   26      4.754     -9.553     -5.632
  -1   49     -2.864     -9.199    -10.637
  -1   -2      3.306    -10.601     -8.415
 108   40     12.114     -3.084     -9.955
  -1   -2     -3.966     -8.790     -0.989
  75   65     12.442     -9.011     -0.019
  -1   -2     16.888     -3.396      6.334
  18  231     -1.520     -8.011      4.954
 112  299     -7.036     -9.510      0.853
 160   -2     10.014     -2.671      6.313
 113   56    -10.248     -6.517     -8.996
  98  181      1.536     -8.783     -6.631
  -1   -2      8.056     -7.004     -6.258
 269  111     -3.275     -3.032     -4.767
 103  116     -1.217     -3.609      7.369
  -1  173     -0.069    -10.097    -10.460
 230  218      3.428     -3.746    -10.695
  38   47      8.773     -2.895     -5.979
  -1   -2      0.593     -5.501     -9.680
 184   -2      1.134     -4.837     -9.190
  81   -2     -6.404     -5.605     -5.694
 138   93      3.173    -10.092     -7.701
  -1   -2     -2.065     -4.787     -3.878
 180  254     20.054     -9.314     -1.406
  -1   -2     10.756     -5.728     -5.460
 235   96     -5.379     -6.758     -8.885
 218   -2     -1.043     -6.896     -9.429
 144  225     12.470     -6.808     -9.521
 104   -2     -0.693    -10.687     -7.082
  72   -2      5.736     -3.965     -1.487
  -1   -2     16.413     -8.960      5.604
  -1   -2      9.478      2.032      7.805
 171  134     17.969     -5.925     -8.738
 147  215     11.512     -1.587      2.646
 130   -2     -5.751     -8.648      4.041
  91  104      9.377     -9.303     -9.443
 109   35    -12.267     -5.760     -2.436
 139  201     13.584     -5.460      6.263
  -1   -2     19.578     -6.807     -4.594
 150   -2     -3.573     -9.343     -8.340
  -1   88      6.313     -5.456      9.005
  -1  148     -4.593     -6.773      1.572
 118   87      2.479     -7.717      6.977
  -1   -2     11.285     -2.269     -7.836
 141   -2     -1.186     -0.625      6.271
 307  119      7.961     -4.306      5.496
  94  230     13.336     -6.726     -0.658
  -1   -2      6.944     -6.655     -3.755
  58   85      9.226    -10.991    -10.273
  -1  192     -3.509     -6.402      1.895
 134  214     -0.973     -8.931    -10.022
  -1   -2      8.893      5.732      6.772
  -1  118      5.112     -8.418      5.251
 176  156     -7.380     -9.623     -5.814
 256  174     15.028    -10.667     -5.991
 220   -2     13.419     -3.973     -2.210
 284   -2      9.534     -0.470      7.516
 143   89     10.383    -10.797     -4.922
 177  171     19.513     -6.131     -0.652
  86   39     10.418     -8.494     -6.296
  -1   11      7.984     -6.027     -9.232
  -1   -2      7.599     -7.259     -0.034
  -1   55      8.294     -6.851      6.049
  -1   32     14.359     -7.970      7.821
  -1  136      5.974     -4.485      2.767
  -1   -2      6.012     -4.703      4.886
  -1   -2     -7.363     -8.741      6.655
 102   -2     -9.485     -8.241     -6.237
  -1  155     11.840      0.440      0.089
 221  182     19.511     -5.514     -4.104
  -1  147     -8.409     -5.588     -9.454
 278   -2     20.433     -0.355     -0.783
 129  268      8.349     -8.433     -0.700
  -1  202     -9.629     -5.721     -9.273
  26   74     -2.490     -8.768     -4.341
 215  107     -1.140     -0.765     -7.692
 115   -2     13.110     -7.309      5.691
 225   -2     11.241     -9.313     -1.100
  -1   -2      8.608     -7.911      8.227
  -1   19     -1.544    -10.083    -10.858
  22   97     13.594     -9.953     -4.234
  50   -2     -3.538     -6.009      5.854
  -1   -2     17.152     -7.383      5.073
 167   -2     -1.108      5.501     -6.824
 181  200      4.965    -10.531     -8.603
  -1   -2    -13.029     -0.878     -3.726
  56   -2      8.469     -8.082     -5.697
 152   82     17.509     -8.655      1.653
 164   -2     13.712     -8.332      6.395
  -1  146     16.353     -6.426      3.738
 212  135     17.747    -10.427     -8.963
  -1   71      9.863     -3.981      8.399
 258   -2    -11.546     -9.503     -6.779
  -1   90      4.042     -4.992      9.613
 182   -2     -5.127    -10.418      8.328
 121   -2     -2.671     -7.422      2.921
 162  172     -7.483     -4.837      5.520
  78  152     10.451     -4.722      3.267
  -1   -2     -1.165     -0.138     -9.695
  -1   -2      1.335     -6.894      6.245
 232  205      1.799     -8.710      9.026
 314    7      6.322     -3.919     -0.647
 223  210      4.834     -2.782     -9.028
 170   -2     11.926      1.069      1.672
 157   -2      2.212     -6.959      4.464
 257   -2     -0.214     -8.349      9.396
  -1  228     12.383     -6.857     10.049
 276   -2     19.997      2.500     -1.148
 194   98      2.745     -7.995     -7.843
  89  203     11.262     -9.949      0.424
 298   20      6.705     -4.667     -8.343
  -1  233     19.807     -3.242     -6.146
  61  207     18.198     -7.367     -6.391
  55   -2     -2.580     -5.264     -6.097
 203   52     15.460     -8.592      4.603
  -1   54      2.026     -4.598      2.723
 279  221      4.078      3.647      6.378
 238   -2      5.072     -2.584      6.068
  -1   -2      1.599     -2.468     -9.972
 124   -2     18.261     -4.822     -5.677
 111   -2     -4.688     -4.452     -3.114
 233   80      6.931     -7.244      7.858
  -1   -2     16.527     -2.705     -9.598
  87   -2     13.642     -7.762     -0.992
 241  229     15.175     -0.250     -6.429
 173  102     11.363     -5.742      5.309
  -1   -2      3.786     -6.013     -5.380
 271   77      4.342      1.899      4.102
 110   -2     -4.021     -0.971      7.105
 149  129      3.750     -3.538     -3.278
  -1   -2      7.997      2.769      6.646
  -1  191     -3.159      0.917     -0.092
  -1   -2     12.388     -1.662     11.785
  -1   57     20.893      0.207     -2.910
  -1   -2     -8.505    -10.703     -7.545
 251   -2     17.837      1.064     -6.215
  -1  187     18.733     -1.784     -5.085
  -1  219    -10.833    -10.836    -10.207
 116  142     -2.265     -3.664     -0.481
  -1   -2     -8.851      2.380     -2.064
  -1   -2      7.885      4.868      8.476
 249   -2    -12.882    -10.446     -1.039
  -1  164     16.593    -10.294      0.722
  -1   -2    -16.095     -6.883      9.960
  -1  110     -1.083     -1.856      2.057
  -1   -2     17.511      4.972      4.943
  -1   -2      6.920      4.620      6.618
  -1   -2     17.384     -4.326     -8.500
 222   -2    -10.954     -9.231     -3.568
  82   -2    -10.410     -5.558      2.810
  -1   75    -13.832     -3.799      5.442
  -1  184     19.002      4.857     -4.690
 250   -2      8.627      5.550      8.471
  -1   -2     22.562     -1.974     -7.488
  -1   -2    -15.927      2.354     10.992
 207   -2     -4.475     -3.992      9.665
  -1   -2     20.324      1.179     -1.040
 202  263    -12.581     -5.179     -2.660
  -1   -2     -6.807      3.428     -0.299
 255  120     -7.649      1.280     -5.716
 189   45     -8.257     -7.928      2.313
  -1  167     14.354     -4.127      9.935
  -1   -2      8.799      2.457      5.923
  -1   -2     19.453     -1.482      5.216
  -1   -2     10.228     -6.181     -5.432
 285  150      6.979      0.336      9.340
  -1  234     14.943     -4.779      7.420
 216   -2     16.468     -2.040      3.187
  -1   61      1.416     -5.226     -9.721
  -1  250      7.491      0.226      1.196
 245   -2    -11.636     -3.097     -4.866
  -1  212     13.753      2.668     -9.866
 237   -2     -3.888     -2.468     -0.320
 211   -2     14.577    -10.691    -11.464
  -1   -2    -12.968     -0.597     -2.106
  -1   -2      8.817     -8.694     11.680
 268   -2     20.209    -10.059      7.857
 261   -2    -10.871    -10.424     -3.461
  -1   -2      7.634      3.038      7.617
  -1   -2    -10.485     -7.998     -1.924
  -1   -2      5.876     -4.290      9.995
  -1   -2      5.743     -6.580      2.173
   4   -2     10.165     -7.149     -8.835
  -1   -2     -8.460      2.761     -4.185
  -1    9      3.927     -1.223     -8.279
  -1   -2      7.592     -4.498      0.035
  -1   -2     -2.420     -5.741     -5.341
 296  310      8.896      4.303      8.746
  -1   -2     12.025      1.265      4.762
  -1   -2     -9.326     -7.122     -8.226
 301  315     -9.291     -7.111     -8.134
  -1   -2     -2.257     -6.312      1.446
  -1   -2      2.949     -6.747      3.489
  -1   -2     15.237      0.801     -0.084
  -1  297     -9.943      0.016     -3.639
 264   -2      6.793    -10.249     -9.485
  -1  140     -0.479     -8.784     -5.933
  -1   -2      8.955      5.728      6.759
 313   -2     20.983     -6.431      4.925
 244   -2     -8.851      2.380     -2.064
  -1   -2    -12.718     -0.858     -4.907
  -1   -2      8.725     -7.972      6.084
  -1   -2      8.725     -7.972      6.084
 288   -2      5.856     -4.285      9.993
 356  106     -0.479     -8.784     -5.933
 292  306     -7.115     -1.149      6.362
  -1   -2     -8.469      2.750     -4.205
  -1   -2     16.858     -3.382      6.220
  -1   -2      3.927     -1.223     -8.279
   7   -2      4.112     -1.236     -8.719
 297   -2     14.735     -9.218     -4.087
  -1   -2     -2.420     -5.741     -5.341
  -1   -2      7.592     -4.498      0.035
  63   -2      8.311     -6.862      6.100
  28   -2     15.281      0.809      0.077
  -1   -2      6.835     -3.474      3.717
  -1   -2     17.041     -4.910     -0.587
 306  324      2.940     -6.752      3.524
 312  317      8.955      5.728      6.759
  -1   -2      8.725     -7.972      6.084
 311   -2      3.784     -6.093     -2.479
  -1   -2      7.592     -4.498      0.035
  -1   -2      7.592     -4.498      0.035
  -1   -2     -8.460      2.761     -4.185
 329  332     -2.420     -5.741     -5.341
 328  331     16.858     -3.382      6.220
  -1   -2     12.025      1.265      4.762
  -1   -2     -7.111     -3.640      0.268
  -1   -2     -7.111     -3.640      0.268
 332   43     15.509     -9.775     -9.104
 322  326     17.041     -4.910     -0.587
  -1   -2      8.725     -7.972      6.084
  -1   -2     -7.111     -3.640      0.268
 339  341     -8.469      2.750     -4.205
  -1   -2     -6.691     -1.889      4.442
 326  329     15.372     -2.781      3.397
  -1   -2     12.025      1.265      4.762
 331  336     12.025      1.265      4.762
  -1   -2      8.725     -7.972      6.084
 287  302      8.725     -7.972      6.084
 353  351      5.649     -6.609      2.318
  -1   -2     -9.933     -4.052      3.738
  -1   -2     -6.691     -1.889      4.442
  -1   -2     -7.111     -3.640      0.268
  -1   -2     -9.933     -4.052      3.738
  -1   -2     -6.691     -1.889      4.442
 321  347     -7.111     -3.640      0.268
  -1   -2     -9.933     -4.052      3.738
  -1   -2     -9.933     -4.052      3.738
 352  350     -6.691     -1.889      4.442
 335  354     -9.933     -4.052      3.738
 358  355      3.937     -6.174      2.770
