207
   0    0      0.749     -3.495     -4.837
  -1    1     -3.248     -6.068      1.584
   1   36      5.807     -7.345     10.583
 204    3      9.189     -6.833     -9.810
  -1   85     -8.279     -3.992      9.045
   5    5     -1.437     -5.541      3.591
   7    6     16.590     -1.403      5.817
 123   29      8.877     -5.082      4.100
  85   -2      9.244     -6.855     -6.870
  25   39     12.965     -8.665      7.305
  76   -2     -2.144     -4.291      1.566
  27   62     11.908     -9.724      0.645
  12   66     10.119      2.212     10.318
  -1   10     20.274     -5.492     -1.785
  -1   21      8.183     -8.318     -0.656
  13   13      5.349     -3.011      1.423
  72    2      9.063     -8.321     -7.805
 168   -2     14.020     -2.032     -4.678
 110   82     -2.529     -4.721     -8.407
  24   15      0.465      1.874     10.095
  71   23     -6.520     -7.417      9.361
  28   18      3.818     -4.311      6.564
  52  108      9.565    -10.499     -7.914
  61   -2     18.606     -4.988     -5.288
 201  107     -7.627     -3.186      8.889
  32   46      6.621     -6.815      9.855
  29   19     16.882     -2.950     -2.299
 107   52     -4.410     -8.688     -5.262
 167   -2      4.888     -9.123     -4.947
  73   -2      3.848     -5.043      7.951
 145   -2      0.264     -7.748     10.335
  41   -2     11.565     -5.217      1.695
  33   -2     -7.154     -7.196      3.643
  64   -2     11.872     -6.232     -6.400
  -1   94     -7.676     -6.228     -7.660
 122   22     -7.300     -5.336    -10.089
  16   38     11.182     -5.324      2.824
  -1    7      6.776     -8.595      0.267
  87   -2      8.827     -2.332      9.338
  -1   -2     -2.913     -9.936    -11.038
  47  109     12.427     -9.024      0.026
  -1   42      7.719     -6.020     10.247
  -1   79     19.081     -8.189     -9.733
  -1   -2      7.782     -7.105      0.576
  35   91     -6.068     -9.104      6.347
  -1   -2     14.720      0.548     -5.326
  17   32      3.439     -7.987      9.034
 175   -2     -8.652     -8.018      5.518
  79    8     10.491     -8.878     -1.670
  -1   78     16.028     -8.400      3.050
 117   -2      5.587     -6.134      2.673
 105    4     17.312     -7.946      1.855
  50   -2     15.017     -6.561      9.840
 161   -2     12.607     -9.783     -4.374
  -1   49      2.451     -7.516      7.646
  -1   -2     -4.632     -8.302      9.189
  45   -2     11.968    -11.170     -8.345
  91   -2     -3.575     -6.381     -4.007
  -1   -2     -3.842     -7.877      9.040
  -1   -2      4.737     -2.634      4.883
  -1   -2     15.187     -2.086     -0.712
  78   27     11.537     -5.391     -0.618
  42   -2     -0.264     -7.091     -7.181
  38   -2     12.760     -7.067     -2.864
  -1  125    -12.728     -5.092     -1.353
  -1   58      0.580     -4.273     10.337
   8   -2     12.893     -7.912      9.146
 108   92      9.966     -3.372      6.431
 166   87      7.547     -0.942     -4.978
  43   12      2.693     -6.395      5.399
 139   -2     14.396      3.146     -4.419
  -1   44      3.389     -5.131      1.788
  21   99     -1.980     -6.559      1.889
  18   -2      5.756     -5.081     10.450
  -1   89     10.859     -6.259     -7.107
  -1   -2      8.199     -4.379      4.543
  46   68     -9.784     -6.152     -5.973
 127   84      2.935     -6.332     -9.899
 119   65    -10.700     -4.303     -1.322
  -1   17     -3.406     -4.259     -1.594
  39   48      6.246     -3.906      0.050
 101  101      1.734     -7.963      0.687
 183   76     -3.351     -5.132     -8.843
  -1   -2     -5.301     -8.388    -10.213
  98   11     14.135     -9.342     -1.347
  99   37     12.149     -0.639      1.371
  57   54     10.857     -6.870     -3.615
  59   -2     -2.460     -8.319      0.810
  83   -2     18.661     -5.352     -4.279
  -1   31      9.625    -10.094     -2.542
 125   -2    -12.908     -9.429     -5.225
  22   -2     -4.646     -3.721      3.415
 177  144    -12.790     -6.573     -3.195
 151  122     -7.049     -1.419      8.398
  -1  160     17.035     -6.452     -9.657
  -1   -2      2.769     -7.879      0.182
 172   -2     -4.337     -8.667     -7.973
  -1  103     -5.256     -2.425     -7.774
  -1   51     14.297     -9.068     10.078
  68   -2     16.158     -8.529      3.299
  60   97     10.540     -4.498      2.196
 170   -2    -12.573     -7.980     -3.706
 169   57     -8.569     -2.895     -1.290
  -1  131      8.297      0.839      7.250
 225  153    -13.040     -1.605     -5.484
 155   43     -5.529     -1.082     -3.098
  -1   40     -0.645      0.478     -8.038
 159   -2     -6.089    -10.130     -9.766
  -1   -2      7.006     -2.082     -3.851
 100   -2     -9.354     -6.851     -7.935
 138   -2    -11.055    -10.512      0.883
  -1   -2     19.170     -8.450      9.925
 135   -2     -4.393     -2.435    -10.891
  67   71      7.215     -4.251     10.858
  -1  147     19.656      3.890     -1.079
 156  132      9.279      0.124     10.137
 174  102     -8.088     -1.053     -9.991
 115   16     14.462     -6.285      3.612
  -1   60     -3.734    -10.039     -8.573
 103   63      1.840     -9.498     -9.663
  82   67      5.836     -6.501    -10.356
  -1   80     14.859     -4.035      8.604
 137  169    -10.846     -9.087     -8.648
  -1  117      8.702      4.759      6.379
  -1   -2     -6.326     -4.142     -7.137
  -1   -2      0.802     -2.473     -6.794
  81   -2     -1.318      0.817      7.093
  -1  128      8.619      5.541      8.490
 180   -2     20.110     -0.710     -4.557
 102    9      9.284      1.179      8.288
 210   -2    -11.221     -3.948     -1.974
  53   -2      7.307     -3.531      5.568
  -1  170    -13.207      0.967     -3.678
 104   -2     -8.116     -8.584      4.690
 118   -2     -0.226     -2.059     -7.052
  -1  111      7.291     -0.299    -10.320
  -1   -2     17.663      1.224     -6.904
  -1   -2     14.462     -0.927    -10.047
  90   34      3.156    -10.329     -8.303
  -1   -2     -5.352    -10.620    -11.738
 160   55      3.324    -10.516     -6.853
 129  141     18.839      0.127     -5.092
  -1  113      8.992      1.577      9.731
 157   -2      2.850     -0.643      9.942
 133   90     12.327     -1.509      5.374
 124   -2     12.142      2.368      9.732
  -1   -2      0.986      6.937      5.421
  -1   -2     -5.579     -0.693      2.487
 163  155     -6.148      5.562     -6.871
  -1  106     11.425     -6.996      9.726
 106   -2     11.498     -7.256     10.571
  -1   -2      7.750     -1.967      1.586
  -1   -2      8.193     -1.252      1.368
  94   -2      4.666     -7.078      2.699
 140   -2    -10.920     -5.360      2.114
  -1   45      9.334     -1.265      5.929
  -1   -2     -5.462     -0.061      6.227
  75   -2     21.152     -8.907      7.635
  -1   -2     19.441      4.796     -6.020
  -1   -2      9.048      2.319      5.378
  95   -2     -9.304     -6.703      5.228
  65  135     -3.509      0.219      1.302
  -1  145      2.714     -0.161      6.145
  -1   -2     20.080      2.819     -6.899
  -1   -2    -13.001     -6.485     -3.061
  34   20     -5.499     -9.383     -4.507
  -1   83     -8.972     -6.156     -2.131
 179   -2     14.460    -10.649    -10.955
  -1   -2      8.095      4.308     -1.637
  30   72     -9.132     -9.256      5.190
  -1   -2     -3.236     -6.054      1.527
  -1   -2      9.046     -6.820     -9.401
  -1   -2      9.244     -6.818     -9.929
 188   -2     -8.546     -9.156      6.577
 146   -2    -13.207      0.967     -3.678
  -1   -2      0.459     -3.500     -4.041
  -1   -2      9.046     -6.820     -9.401
 195  166     -3.377     -6.057      1.964
  -1   -2     -3.218     -6.060      1.517
 187  173     -4.632     -8.302      9.189
  -1   -2      0.459     -3.500     -4.041
  -1   -2     -3.377     -6.057      1.964
  -1   -2     -3.218     -6.060      1.517
  -1   -2      0.459     -3.500     -4.041
  -1   -2      9.046     -6.820     -9.401
  -1   -2     -3.377     -6.057      1.964
  -1   -2     -3.218     -6.060      1.517
  -1   -2     -8.174     -3.962      8.941
  -1   -2      0.459     -3.500     -4.041
  -1   -2      0.459     -3.500     -4.041
 206  182      9.046     -6.820     -9.401
  -1   -2     -3.377     -6.057      1.964
   2   -2     -3.270     -6.068      1.631
  -1   -2     14.824     -2.090      0.162
  -1   -2     14.824     -2.090      0.162
  -1   -2     -8.174     -3.962      8.941
  -1   -2     -8.174     -3.962      8.941
  -1   -2      0.459     -3.500     -4.041
  -1   -2      0.459     -3.500     -4.041
  -1   -2     14.824     -2.090      0.162
  -1   -2      0.459     -3.500     -4.041
  -1   -2      0.459     -3.500     -4.041
  -1   -2     14.824     -2.090      0.162
 202  179      0.459     -3.500     -4.041
  -1   -2     14.824     -2.090      0.162
  -1   -2     14.824     -2.090      0.162
 223  193     14.824     -2.090      0.162
