357
  11   11     -6.695     -9.782     -5.239
  12   -2      8.171     -8.323     -0.678
  99   -2     12.278     -7.818      8.403
  -1   34      0.223     -8.623      9.174
   4    8     -0.600     -9.453      8.496
   5  109     -9.135     -9.472     -6.412
   6   10      5.645     -4.394     -6.185
  -1   -2      9.205     -6.827     -7.192
   8   12     11.561     -5.218      1.684
  14   -2     -7.681     -6.223     -7.648
  40   37     12.522     -8.785      5.231
  -1   -2      6.766     -8.594      0.292
  26   15     12.658     -5.580      8.394
  -1   -2    -12.379     -9.593     -5.133
  44  354     10.641     -1.862      4.749
  88   -2     -3.776    -10.376      2.180
  21    7      8.968     -9.020      2.790
  -1    3     13.974     -2.202     -3.294
 108   -2     16.330     -8.459      2.355
  -1   54     -5.175     -8.655     -0.048
  19   22     17.533     -8.020      1.330
   0   43     12.835     -9.079     -0.998
  15   27      9.742    -10.393     -8.482
  37   23     -3.565     -6.384     -3.995
  17   32     10.379     -0.423      5.517
  71   52     -9.682     -8.363      1.379
  33   -2     -6.762    -10.460      3.752
  75   -2     16.006    -10.257      5.892
  32   33     10.856     -6.256     -7.103
  50   -2      2.555     -6.728     -2.919
  25   -2      5.463     -9.570      1.274
  48   89      5.934     -8.444      8.348
  30   30     15.992     -3.766     -8.578
  31    1      8.934     -8.551      2.293
  -1   -2     11.600     -6.630     -5.125
   1   -2      7.690     -8.236     -2.042
  -1   42      6.634     -7.345     -3.039
  -1   39     15.972     -9.028      1.219
 103   -2      7.312     -6.703     -5.233
  10   21     11.059     -8.665      6.688
  87   44    -10.824    -10.465      0.456
  -1   41     16.863    -10.577      0.918
  41   53      1.223     -9.865      8.892
  -1   35     -4.643    -10.495     -8.127
  46   20     15.269     -9.135      0.588
  -1   49     14.979     -9.065      8.345
  86   -2      9.444     -3.277      7.705
  96   -2     17.091     -8.330     -3.609
  45   99     16.143     -7.580    -10.007
  23   36     -6.250     -7.901     -2.378
  -1   24      5.747    -10.447      9.086
  -1   -2      8.346     -6.609      0.235
  -1  103     14.076      3.072     -3.650
  -1  105     -0.775     -7.757     -6.632
  -1   -2      0.005     -2.668     -4.317
  -1   -2    -13.063     -7.295      5.802
  -1   -2     16.753     -7.245      3.190
  83   -2     -9.136     -6.922      2.320
  -1   -2      8.336      5.481      9.209
  53  116      7.000     -2.079     -3.855
  -1   -2     -1.143     -9.377     -1.043
  -1   88    -11.321    -12.205     -7.129
 149   85     15.809     -6.670      1.746
  -1    5     15.994     -9.510      0.075
  -1   65     -0.263     -9.387     10.257
  55   14     -8.360     -5.170     -7.041
  63   70     -6.447     -5.418     10.211
  -1   -2      0.822     -5.912     11.814
  -1   -2     16.059     -4.923      3.205
  90   68    -11.032     -3.228     -6.588
  -1   26      7.758     -6.027     10.361
  68   75    -11.333     -5.747     10.968
  -1   -2     -7.024    -10.326     -3.738
  18   -2     -6.327     -4.142     -7.138
  -1   -2     -2.276     -4.272      1.326
  -1   71     19.182      3.905     -2.997
  -1   -2     -6.625     -9.849     -6.914
  84   29    -11.224     -3.948     -1.978
  78   80      9.241     -1.746     -2.384
  92   -2      1.958     -3.566      3.878
  79   79     17.879      0.005     -2.874
  70   83     12.788     -6.126    -10.447
  77  133     -4.478      1.068      4.084
  -1   57     16.864      5.005     -6.509
  -1   -2     -4.243     -1.752     -9.534
  -1   -2     17.438     -5.454     -2.874
  34   -2      0.153     -8.951      0.492
  -1   -2    -10.114     -4.601      3.192
  57   50      8.407      0.935      9.554
  -1   -2     12.142      2.364      9.727
  -1   -2     13.316     -6.551     12.017
  -1   31     -4.757    -10.443      0.783
  28    2      3.731     -7.623      3.799
  94   -2     15.259    -10.956      0.350
  93   96     -0.987     -5.241     -9.495
  24   78     20.761    -10.362     -3.823
  67   -2    -11.993     -6.125     -7.023
  -1   40      3.034     -9.696      6.266
  -1   81    -11.741     -5.493     -5.456
  61   -2      7.622     -6.005    -10.268
  97  101     19.432      4.794     -5.995
  95   -2     15.311     -0.928     -4.874
  -1    4      9.371     -7.201      9.467
  -1   -2     15.746     -3.240     -0.372
  38   56     -4.590     -7.225      2.415
  13   -2     12.425     -5.099      6.411
  -1  148     18.575     -4.776     -6.456
  72   -2     19.019     -7.535     -2.974
 101  102     10.570     -2.485    -10.521
   3  108      0.223     -8.623      9.174
  -1   -2      9.251     -6.821     -7.193
  -1   -2     10.803     -1.872      4.344
  47  112     14.076      3.072     -3.650
  -1   -2      0.005     -2.668     -4.317
  -1   -2    -13.063     -7.295      5.802
  -1   -2     16.753     -7.245      3.190
  36   38      8.346     -6.609      0.235
  -1   91      8.336      5.481      9.209
  -1   48     16.059     -4.923      3.205
  -1   -2     -2.276     -4.272      1.326
  -1   -2     17.438     -5.454     -2.874
  -1   -2      9.251     -6.821     -7.193
  -1   -2     10.803     -1.872      4.344
  -1   -2      0.005     -2.668     -4.317
  -1   -2    -13.063     -7.295      5.802
  -1   -2     16.753     -7.245      3.190
  -1   -2      8.346     -6.609      0.235
  -1   -2      8.336      5.481      9.209
 132   -2     16.059     -4.923      3.205
  85   16     -2.276     -4.272      1.326
  -1   -2     17.438     -5.454     -2.874
  -1   -2      9.251     -6.821     -7.193
  -1   -2     10.803     -1.872      4.344
  -1   -2      0.005     -2.668     -4.317
  -1   -2    -13.063     -7.295      5.802
  -1   -2      8.346     -6.609      0.235
  -1   -2      8.336      5.481      9.209
 102   -2     17.438     -5.454     -2.874
  -1   -2      9.251     -6.821     -7.193
  -1   -2     10.803     -1.872      4.344
  -1   -2      0.005     -2.668     -4.317
  -1   -2      8.346     -6.609      0.235
  -1   -2    -13.063     -7.295      5.802
  -1   -2      8.336      5.481      9.209
  -1   -2      9.251     -6.821     -7.193
  -1   -2     10.803     -1.872      4.344
  -1   -2      0.005     -2.668     -4.317
  -1   -2    -13.063     -7.295      5.802
  -1   -2      8.346     -6.609      0.235
  -1   -2      8.336      5.481      9.209
  -1   -2      9.251     -6.821     -7.193
  -1   -2     10.803     -1.872      4.344
  -1   -2      0.005     -2.668     -4.317
  -1   -2    -13.063     -7.295      5.802
  -1   -2      8.346     -6.609      0.235
  -1   -2      8.336      5.481      9.209
  -1   -2      9.251     -6.821     -7.193
  -1   -2     10.803     -1.872      4.344
  -1   -2      0.005     -2.668     -4.317
  -1   -2      8.346     -6.609      0.235
  -1   -2    -13.063     -7.295      5.802
  -1   -2      8.336      5.481      9.209
  -1   -2      9.251     -6.821     -7.193
  -1   -2     10.803     -1.872      4.344
  -1   -2      0.005     -2.668     -4.317
  -1   -2    -13.063     -7.295      5.802
  -1   -2      8.346     -6.609      0.235
  -1   -2      8.336      5.481      9.209
  -1   -2      9.251     -6.821     -7.193
  -1   -2     10.803     -1.872      4.344
  -1   -2      0.005     -2.668     -4.317
  -1   -2    -13.063     -7.295      5.802
  -1   -2      8.346     -6.609      0.235
  -1   -2      8.336      5.481      9.209
  -1   -2      9.251     -6.821     -7.193
  -1   -2     10.803     -1.872      4.344
  -1   -2      0.005     -2.668     -4.317
  -1   -2    -13.063     -7.295      5.802
 177   -2      8.346     -6.609      0.235
  -1   -2      8.336      5.481      9.209
  -1   -2      9.251     -6.821     -7.193
  -1   -2     10.803     -1.872      4.344
  -1   -2      0.005     -2.668     -4.317
  -1   -2    -13.063     -7.295      5.802
  -1   -2      8.336      5.481      9.209
  -1   -2      9.251     -6.821     -7.193
  -1   -2     10.803     -1.872      4.344
  -1   -2      0.005     -2.668     -4.317
  -1   -2    -13.063     -7.295      5.802
  -1   -2      8.336      5.481      9.209
  -1   -2      9.251     -6.821     -7.193
  -1   -2     10.803     -1.872      4.344
  -1   -2      0.005     -2.668     -4.317
  -1   -2    -13.063     -7.295      5.802
  -1   -2      8.336      5.481      9.209
  -1   -2      9.251     -6.821     -7.193
  -1   -2     10.803     -1.872      4.344
  -1   -2      0.005     -2.668     -4.317
  -1   -2    -13.063     -7.295      5.802
  -1   -2      8.336      5.481      9.209
  -1   -2      9.251     -6.821     -7.193
  -1   -2     10.803     -1.872      4.344
  -1   -2      0.005     -2.668     -4.317
  -1   -2    -13.063     -7.295      5.802
  -1   -2      8.336      5.481      9.209
  -1   -2      9.251     -6.821     -7.193
  -1   -2     10.803     -1.872      4.344
  -1   -2      0.005     -2.668     -4.317
  -1   -2    -13.063     -7.295      5.802
  -1   -2      8.336      5.481      9.209
  -1   -2      9.251     -6.821     -7.193
  -1   -2     10.803     -1.872      4.344
  -1   -2      0.005     -2.668     -4.317
  -1   -2    -13.063     -7.295      5.802
  -1   -2      8.336      5.481      9.209
  -1   -2      9.251     -6.821     -7.193
  -1   -2     10.803     -1.872      4.344
  -1   -2      0.005     -2.668     -4.317
  -1   -2    -13.063     -7.295      5.802
  -1   -2      8.336      5.481      9.209
  -1   -2      9.251     -6.821     -7.193
  -1   -2     10.803     -1.872      4.344
  -1   -2      0.005     -2.668     -4.317
  -1   -2    -13.063     -7.295      5.802
  -1   -2      8.336      5.481      9.209
  -1   -2      9.251     -6.821     -7.193
  -1   -2     10.803     -1.872      4.344
 217  222      0.005     -2.668     -4.317
  -1   -2    -13.063     -7.295      5.802
  -1   -2      8.336      5.481      9.209
  -1   -2      9.251     -6.821     -7.193
  -1   -2     10.803     -1.872      4.344
  -1   -2    -13.063     -7.295      5.802
  -1   -2      8.336      5.481      9.209
  -1   -2      9.251     -6.821     -7.193
  -1   -2     10.803     -1.872      4.344
  -1   -2    -13.063     -7.295      5.802
  -1   -2      8.336      5.481      9.209
  -1   -2      9.251     -6.821     -7.193
  -1   -2     10.803     -1.872      4.344
  52  247    -13.063     -7.295      5.802
  -1   -2      8.336      5.481      9.209
  -1   -2      9.251     -6.821     -7.193
  -1   -2     10.803     -1.872      4.344
  -1   -2      8.336      5.481      9.209
  -1   -2      9.251     -6.821     -7.193
  -1   -2     10.803     -1.872      4.344
  -1   -2      8.336      5.481      9.209
  -1   -2      9.251     -6.821     -7.193
  -1   -2     10.803     -1.872      4.344
  -1   -2      8.336      5.481      9.209
  -1   -2      9.251     -6.821     -7.193
  -1   -2     10.803     -1.872      4.344
  -1   -2      8.336      5.481      9.209
  -1   -2      9.251     -6.821     -7.193
  -1   -2     10.803     -1.872      4.344
  -1   -2      8.336      5.481      9.209
  -1   -2      9.251     -6.821     -7.193
  -1   -2     10.803     -1.872      4.344
  -1   -2      8.336      5.481      9.209
  -1   -2      9.251     -6.821     -7.193
  -1   -2     10.803     -1.872      4.344
  -1   -2      8.336      5.481      9.209
   7  255      9.251     -6.821     -7.193
  -1   -2     10.803     -1.872      4.344
  -1   -2      8.336      5.481      9.209
  -1   -2     10.803     -1.872      4.344
  -1   -2      8.336      5.481      9.209
  -1   -2     10.803     -1.872      4.344
  -1   -2      8.336      5.481      9.209
  -1   -2     10.803     -1.872      4.344
  -1   -2      8.336      5.481      9.209
  -1   -2     10.803     -1.872      4.344
  -1   -2      8.336      5.481      9.209
  -1   -2     10.803     -1.872      4.344
  -1   -2      8.336      5.481      9.209
  -1   -2     10.803     -1.872      4.344
  -1   -2      8.336      5.481      9.209
  -1   -2     10.803     -1.872      4.344
  -1   -2      8.336      5.481      9.209
  -1   -2     10.803     -1.872      4.344
  -1   -2      8.336      5.481      9.209
  -1   -2     10.803     -1.872      4.344
  -1   -2      8.336      5.481      9.209
  -1   -2     10.803     -1.872      4.344
  -1   -2      8.336      5.481      9.209
  -1   -2     10.803     -1.872      4.344
  -1   -2      8.336      5.481      9.209
  -1   -2     10.803     -1.872      4.344
  -1   -2      8.336      5.481      9.209
  -1   -2     10.803     -1.872      4.344
  -1   -2      8.336      5.481      9.209
  -1   -2     10.803     -1.872      4.344
  -1   -2      8.336      5.481      9.209
  -1   -2     10.803     -1.872      4.344
  -1   -2      8.336      5.481      9.209
  -1   -2     10.803     -1.872      4.344
  -1   -2      8.336      5.481      9.209
  -1   -2     10.803     -1.872      4.344
  -1   -2      8.336      5.481      9.209
  -1   -2     10.803     -1.872      4.344
  -1   -2      8.336      5.481      9.209
  -1   -2     10.803     -1.872      4.344
  -1   -2      8.336      5.481      9.209
  -1   -2     10.803     -1.872      4.344
  -1   -2      8.336      5.481      9.209
  -1   -2     10.803     -1.872      4.344
  -1   -2      8.336      5.481      9.209
  -1   -2     10.803     -1.872      4.344
  -1   -2      8.336      5.481      9.209
  -1   -2     10.803     -1.872      4.344
  -1   -2      8.336      5.481      9.209
  -1   -2     10.803     -1.872      4.344
  -1   -2      8.336      5.481      9.209
  -1   -2     10.803     -1.872      4.344
  -1   -2      8.336      5.481      9.209
  -1   -2     10.803     -1.872      4.344
  -1   -2      8.336      5.481      9.209
  -1   -2     10.803     -1.872      4.344
  -1   -2      8.336      5.481      9.209
  -1   -2     10.803     -1.872      4.344
  -1   -2      8.336      5.481      9.209
  -1   -2     10.803     -1.872      4.344
  -1   -2      8.336      5.481      9.209
  -1   -2     10.803     -1.872      4.344
  -1   -2      8.336      5.481      9.209
  -1   -2     10.803     -1.872      4.344
  -1   -2      8.336      5.481      9.209
  -1   -2     10.803     -1.872      4.344
  -1   -2      8.336      5.481      9.209
  -1   -2     10.803     -1.872      4.344
  -1   -2      8.336      5.481      9.209
  -1   -2     10.803     -1.872      4.344
  -1   -2      8.336      5.481      9.209
  -1   -2     10.803     -1.872      4.344
  -1   -2      8.336      5.481      9.209
  -1   -2     10.803     -1.872      4.344
  -1   -2      8.336      5.481      9.209
  -1   -2     10.803     -1.872      4.344
  -1   -2      8.336      5.481      9.209
  -1   -2     10.803     -1.872      4.344
  -1   -2      8.336      5.481      9.209
  -1   -2     10.803     -1.872      4.344
  -1   -2      8.336      5.481      9.209
  -1   -2     10.803     -1.872      4.344
  -1   -2      8.336      5.481      9.209
  -1   -2     10.803     -1.872      4.344
  -1   -2      8.336      5.481      9.209
  -1   -2     10.803     -1.872      4.344
  -1   -2      8.336      5.481      9.209
  -1   -2     10.803     -1.872      4.344
  -1   -2      8.336      5.481      9.209
  -1   -2     10.803     -1.872      4.344
  -1   -2     10.803     -1.872      4.344
  -1   -2     10.803     -1.872      4.344
  -1   -2     10.803     -1.872      4.344
 349   -2     10.803     -1.872      4.344
