374
   6    0      2.684     -5.697     -0.694
  -1    3      3.660     -6.117     -4.012
  15   -2      4.374     -6.774     -4.732
  -1  378     11.550     -7.833      0.194
  -1   -2     -0.304     -7.503      9.288
  10   16      4.560     -8.095      2.312
  22   -2      3.341     -6.790     -4.688
   2   -2      6.428     -5.278     -5.089
 265   -2      2.634     -5.066     -2.087
  14    9      3.373     -6.787     -0.558
 191   11      4.042     -4.946     -2.378
 216   -2      2.376     -7.482     -2.545
  -1  124      2.796     -9.398      2.065
 186   59      9.786     -9.149     -7.905
  -1   10      3.591     -6.152      1.936
 114    7     -0.083     -4.240      7.565
  13   12      3.568     -7.562     -9.512
  -1   -2      5.763     -5.970     -5.309
 280  100      2.452     -2.414     -2.786
 115   55      1.078     -7.170     -2.888
  62   -2      9.940     -8.532     -8.054
  -1    1      2.622     -8.288      3.808
 182   65      1.009     -9.143      3.949
  -1  203      3.907     -6.360     -1.320
  54  156      5.497     -4.923     -1.376
  -1   17      5.525     -5.045     -1.964
  35   28      8.947     -4.674      0.279
  68   -2      0.840     -7.124      0.874
  -1   -2      4.225     -7.975      4.829
  59   46      0.498     -3.266      2.746
 178  178     -2.746     -4.414     10.251
  46   -2      1.671     -7.659     -7.999
  33   -2     -1.042     -9.878     -4.636
 156  329     18.308     -9.334     -7.122
  34   30     -1.744     -1.890      3.578
  12   13      6.353     -7.002     -2.486
  -1   31      0.681     -9.622      1.412
  -1   -2      1.745     -6.006     -2.009
  29   33      5.329     -7.854     -2.490
  -1  136      3.493    -10.157     -1.590
  18  291      3.785     -8.511      4.485
  -1   -2     -1.650     -9.932     -4.213
 250   83      4.731     -9.245     -8.934
  94   19      0.581     -9.083     -1.496
  37   -2     -0.297     -8.585      8.539
  53   44      4.828     -1.922      1.063
 301   -2      9.286    -10.044     -6.466
 300   45      1.655     -4.570      1.709
  63  240      4.885     -8.083     -3.651
  -1   -2      2.123    -10.251      1.556
 152    6      3.603     -6.703      1.125
  57   -2      3.000     -2.927      9.108
  -1  274      1.809     -7.683      1.465
 238   -2      0.119     -9.464      7.721
  -1  190      8.663     -6.514      9.528
  43  374      9.029     -7.750     -1.271
  -1   20      0.229     -7.842     -0.281
 140   -2     -1.868    -10.094     -4.955
 285  312     -2.465    -10.376     -9.725
  -1   -2      9.483     -5.523      7.461
  -1   58      1.295     -6.400     -1.067
 288   81     -1.604     -6.135     -1.675
 187   -2      5.994     -7.847      2.983
  55  279      2.347     -5.742     -3.767
 315   24      6.718     -3.363     -2.166
 289  262     -0.390     -7.395      1.666
  83   94     11.628     -3.828      0.358
 130  103      4.286     -8.052     -2.470
 294   70     -0.687     -7.843      4.560
  25   -2      1.854    -10.153     -9.625
  38  293     -0.499     -6.396      5.735
  70   -2      6.515     -5.237     -3.313
  85   -2      9.903     -8.035      3.368
 262   -2      4.728     -5.191      2.365
 214  116     -1.449     -6.027     -0.434
 138  138      1.265     -7.066     -0.826
  -1   -2      4.258     -9.797     -9.509
 102   74     13.062     -4.469     -0.073
 136  144     10.443     -3.307      0.998
  -1  210      3.269     -5.190     -4.814
  47  268      2.376     -8.992      2.862
 110  182     -2.894     -7.237      3.953
  16  258      3.290     -7.102     -5.499
 278  114     -3.707     -7.894     -5.049
  98   69     10.138     -3.919     -0.609
 150   -2      5.049     -6.215      7.476
 212  122     -4.626     -5.107     -2.817
  -1   85      2.557     -7.724      7.843
  -1   -2      1.733     -9.777      2.563
  71   -2      1.636     -9.447     -2.851
   3  371      4.248     -5.867     -4.886
  92  109    -12.086     -4.951     -4.423
  50  146     10.071     -6.719     -1.426
 205  296      6.320     -4.098     -0.097
 200  228      8.502     -8.067      8.395
  -1  375      9.946     -7.481     -6.537
  76   88     12.116     -5.756     -2.095
 231   86      8.739     -4.496      1.897
 232   -2      1.282     -6.822      4.076
  99  224     11.130     -1.510     -0.627
  -1   -2      9.527     -6.365     -1.568
 154  310     10.193     -7.773     -1.644
  91   -2     13.147     -2.832     -8.773
 121  176     11.550     -8.994     -4.806
 263   -2     -4.196     -2.561      7.476
  -1   -2      2.536     -7.154      2.675
 259   -2     19.596     -8.102     -5.676
  95  197      6.716    -10.284     -6.111
  -1   -2      8.059     -4.625     -9.097
 297   -2     -1.776     -9.007     -9.229
  19  309      3.123     -2.808     -3.321
  79   54      0.175     -7.466      5.969
  -1  113      9.792     -3.585      1.827
  -1   -2      4.534     -7.720      6.265
   4   -2      4.614     -5.436     -1.967
  86   90      4.509    -10.222     -9.555
 126  209      6.431     -7.107     10.220
  36   -2      5.997     -6.468     -2.761
  -1  135      5.880     -7.601      5.095
 229   99     16.832     -2.530     -1.012
  -1  160      3.634     -9.658      2.194
 129  128     14.220     -4.285      0.239
  -1   -2     -3.470     -9.792      0.342
  -1   82      5.942     -4.596     -4.222
 149   52      7.574     -9.601     -8.904
  69   -2      2.109     -9.616     -1.673
  74   36     13.041     -5.867     -0.858
  -1  336      2.377     -3.323      0.265
 225   -2     10.262     -2.868     -1.059
  -1  134     -2.927    -10.015     -4.074
 174  126     -0.815     -8.533      5.913
 105   -2      9.914     -7.851      6.949
 306  282      8.711     -5.972      5.305
 116  106      2.630     -3.694     -4.564
 132  155     13.103     -3.970     -1.538
  -1   -2      3.854     -5.153     -8.290
  -1   53      2.568     -7.941     -2.230
  -1   -2      9.864    -10.753     -9.226
  -1  139      3.262     -4.940     -8.140
 221   -2      1.467     -8.556      4.429
  11   -2      4.831     -5.197     -1.602
 125   -2      8.166    -10.873    -10.234
  17   49      5.828     -6.089     -3.436
 117  145      4.334     -2.330     -2.747
  -1  151      3.736     -5.877      8.378
 181   -2      7.582     -7.946      3.585
 245  287     16.099     -9.338     -6.298
 127   -2      6.412     -6.678     -3.260
 251   -2     14.600     -8.409      5.945
 144    4      2.687     -6.935     -6.384
  -1   87     -1.216     -7.761      8.429
 202   -2     -3.880     -6.044      7.051
  -1   40      4.210     -4.812      5.613
  -1  237     -2.992     -7.383     -7.081
 320   -2      5.443      2.068     -6.628
  -1   -2      3.840      0.008     -2.579
 237   76      8.038     -9.288     -9.906
 139  241     11.054     -7.488      2.739
  -1  229      3.142     -8.281      8.229
 253  277     -2.901    -10.509     -8.215
  -1    8      6.669     -4.500     -6.654
 292  137      0.261    -10.037     -1.876
 286   -2      2.633     -5.716     -0.025
 203   -2     15.496     -3.027     -0.626
 211   -2      3.211    -10.920     -8.840
 226   37     -3.420     -9.952     -3.752
 228  167     18.871     -7.574     -7.760
 159   -2      8.784    -10.446    -10.496
  -1   -2      1.829     -9.734      9.515
  -1  198      2.332    -10.710     -0.558
  40   66      2.144    -10.462     -0.402
  -1   50     -5.014     -7.064     -9.665
 210  264      7.751    -10.331     -1.124
  -1  166     14.183     -7.063      4.167
 145   -2     10.547     -5.963      3.413
 304   98      3.207    -10.982     -7.377
  -1  313      0.488    -10.502      0.051
 269  154      1.006     -8.599     -2.316
 275  217     12.645     -8.667      7.537
  -1   -2     18.615     -9.247    -10.010
 206  298     -1.751     -5.485     -2.317
 274   -2     17.782     -7.497     -6.499
 163  164     -2.376     -3.902     10.434
  81   -2      2.607     -3.884     -1.644
 162  247     14.395     -9.043     -2.945
  -1   42     17.471     -8.068      1.563
  -1  165      7.437     -9.553     -6.216
  -1   -2     13.993     -7.690      4.260
  -1   -2      1.132     -9.557      8.936
 106  185      2.949    -10.052      2.501
  -1   64      0.141     -6.808      4.278
 195  242     -5.445     -5.933     -6.157
  80   -2      4.047     -4.135     -6.358
 183   -2     -6.996     -8.635      2.818
  -1  148      1.677    -10.447    -10.457
   5  330     -1.934     -4.222      5.880
 325   77      6.635     -3.713     -2.005
  -1   -2      9.430     -7.269      7.777
  -1   -2     -6.748     -5.094      7.905
  -1   -2     -5.538     -6.402    -10.088
 279  207      7.043    -10.712      4.621
 196  181      9.082    -10.142      4.721
  -1   -2      2.136     -9.071     10.258
  -1  184     11.551     -9.018      1.610
  -1  211     -3.548     -5.625      6.416
  -1   71     -1.065     -8.165     10.124
  -1   -2     -1.087     -2.350      9.644
  -1  244     -4.385     -6.167     -5.786
  -1  111     17.903     -8.729     -9.646
 201   -2     15.690     -6.106     -5.271
 109  149      2.383     -3.450      4.369
  -1   68     -3.527     -6.924     -7.545
 272   -2     11.543      0.002     -0.171
  -1   -2      6.895     -9.800     -3.055
  -1   -2     17.810     -7.999     -7.690
   0   -2      3.733     -6.465     -9.525
  -1  245     13.165     -5.744      3.977
  -1  186      8.904    -10.732     -9.963
  -1   -2     -5.202     -4.597     -3.893
 227   -2      1.155     -6.723     -7.534
  -1   -2     -1.982     -6.986     -2.749
  88  101      6.325     -5.800      5.576
  -1   -2      5.350     -6.623      5.791
  -1   97      4.188     -8.931     -2.906
 270  142     -4.203     -1.940      8.217
  -1   -2      5.429     -5.311     10.067
  -1  304     10.771     -9.957     -5.360
  -1  150      3.435     -1.065     -3.200
  -1   -2      4.693     -7.842      7.794
  -1  191      2.873    -10.966     -4.851
  -1   -2     13.552     -2.622    -10.069
  -1  208      8.899     -8.279      9.886
  -1  153      2.700     -5.961      8.003
  -1  163      7.489     -7.459     -1.818
  72   -2      1.534     -9.844     -9.214
  -1  326     14.396     -2.171     -4.331
  -1   -2     14.655     -9.342      3.214
  31  235      8.659    -10.199      0.319
  -1  305     15.175     -2.603     -9.437
 180   -2      4.968     -4.461     10.018
  -1   39     -0.760     -9.482     10.173
  -1   -2      4.774    -10.143      7.932
  -1  303      6.863    -10.738     -1.146
 260  320     17.155     -1.952     -3.434
  64  187     11.854     -6.529     -6.069
 267  129     10.346     -7.771      4.615
 243   -2     -3.313     -4.287     -6.831
  -1   62      1.933     -4.039     -5.736
 160  130     -2.467     -6.158     -1.199
 258   -2      7.988     -4.493      8.685
 133  152     12.823     -7.864      2.988
  -1   -2      3.105     -6.744     -2.307
  -1  133     13.578     -1.620     -6.774
  -1  110     10.920     -5.311     -2.850
  -1  252     14.070      1.310     -8.133
 167   48     -3.060    -10.165      3.186
  -1  202      5.354    -10.628      6.219
  -1   -2      0.735     -7.143     -6.768
 120  199     15.389     -3.782     -7.344
 135  314      0.875     -1.892      1.462
  93   -2      4.697     -7.886     -7.573
 239  257     -3.180     -8.975     -5.040
 161  352     20.022     -6.256     -1.703
 283   51     13.421      1.350     -2.007
  -1   75      8.605     -6.824      5.883
 284   -2     -4.704     -4.487     -0.960
  -1   -2      0.339     -5.276      8.578
  44  243      2.627     -3.913      5.867
  -1   -2      2.185     -6.897      0.728
 175  307     -3.882     -7.899     -3.074
  -1   -2      3.810     -9.771     -7.593
 295   80     -3.078     -2.431     -2.945
  -1  255     17.642     -3.725     -1.316
  82   47      9.482     -8.474     -8.496
  -1  102      3.430     -7.694     -6.787
 230   23      2.207     -9.798     -6.086
  28  107     10.672    -10.229     -7.347
 249  125      2.517     -7.888      1.030
  -1   -2     -2.321     -6.765    -10.575
  -1  214      9.652     -9.860      4.132
  -1   96     -0.816    -10.794     -6.754
 217  275      1.703     -9.405      9.182
  -1  263      3.009    -10.348      3.171
  -1  159     -7.549    -10.699      5.025
 317  246     16.943     -3.588     -1.263
  -1   -2      5.712     -0.194     -5.185
 124  361      9.797      1.223      7.013
  -1  331      6.538     -9.749     -9.158
  -1   95      9.544     -3.564     -2.075
  -1   -2      1.849    -10.078     -4.607
 324  253     16.676    -10.262     -4.278
  -1  308     16.070     -2.811     -8.822
 291   -2    -10.861    -10.449      1.344
 307   18      1.261     -7.466      1.465
  -1   -2     16.511     -2.249      1.192
 254  358      7.490      2.222    -10.034
  -1  168      0.789     -7.922     -1.944
  -1   -2      2.435     -2.011      9.798
  48   -2      4.773     -7.703      3.431
  -1   -2      5.356     -4.437     -0.498
 111   -2      5.075     -7.384      2.699
 165  370      5.747      2.943     -0.107
  -1  234     -3.166     -2.887      8.396
 171  266      1.959    -10.498     -3.242
  -1   -2      8.281      2.385      7.077
  -1   -2     -0.375     -8.410     -1.478
  -1   -2     -1.413    -10.797     -7.895
  -1  280     -5.640     -8.628      4.531
 192   -2     10.074     -4.812     -5.668
 290   -2     14.050     -4.640     -0.472
  -1   -2      7.899     -3.367      2.906
  -1   -2     10.070     -9.314     10.308
  -1  119     -0.198     -6.812    -10.198
  -1   38      5.189     -6.293     -6.639
  -1   -2     15.188     -6.641     -9.430
  -1   60      0.179     -9.757      8.764
  -1  323     10.318     -1.852     -4.008
 204   -2     11.749     -2.885     -2.788
  -1  173      5.557     -8.282      7.713
 143  295      1.467     -9.387     -8.708
  -1  143      5.040     -7.001     -6.943
  -1  349     -0.865    -10.080      8.417
  -1  117      2.434     -5.419     -9.718
  -1  276     17.697     -7.533    -10.155
  52   -2      6.842     -5.296      0.813
  -1   -2     11.695     -2.475     -1.534
  -1   -2      6.018     -7.770      7.688
 335  354      0.181      1.981      6.059
 298   32     -1.139     -0.098      3.091
  -1  213     15.918     -7.982    -10.443
 240   -2     -5.920     -3.330     -7.770
  -1   91     14.034     -1.543      4.903
  -1  335     -0.716     -6.482      6.982
  -1  183     19.222     -7.768     -1.236
  -1  238     16.098     -9.501      7.041
  -1  337     12.980     -0.679     -8.701
  -1   -2    -11.522     -8.024      1.851
  -1   -2      8.845      0.935     -3.448
 334   -2      0.668     -1.441     -2.664
  -1  230     -1.488      0.849     -3.177
  -1  270     -1.716     -5.324     10.127
 308  342     11.617      2.723     -7.009
 318   -2     -9.756    -10.073     -6.561
  -1   -2     17.987     -4.339     -3.190
  -1  346    -12.101     -8.409    -10.110
 277  281     -7.258     -9.618     -3.746
 276   -2     -2.118     -0.089      8.219
  -1   -2     -7.584     -4.819      9.466
 322   -2    -11.475     -6.148     -9.250
 327  290    -15.195     -9.790      5.006
 328  292     -5.584      2.947      0.386
 268  271    -10.818     -3.952    -10.007
 266  334     12.811     -6.146     -8.611
  -1   -2      8.620      0.263     11.642
  -1   73     12.369     -5.149     -8.569
  -1   -2     -5.731    -12.720    -10.107
  -1  353     -7.839     -3.953     -3.919
 296   -2      1.457      0.245      2.889
  -1   -2      5.975    -10.351    -11.942
  -1   -2    -13.851     -4.308      4.517
  -1  366     -9.260     -6.333    -10.240
  -1  364    -12.852     -0.487      6.859
 332  321     -8.448     -0.843      2.725
  -1   -2      2.995      1.185     -2.958
 314  261     -3.810     -1.694     -7.994
  -1  367     16.069     -0.204     -3.295
  -1   -2     -4.035      4.244      5.448
  -1   -2     -4.677    -11.233      5.572
   7  372     -0.304     -7.503      9.288
 337  170     11.540     -7.834      0.158
  60  239      9.553     -6.167      7.582
  -1  127      4.649     -5.991     -6.535
  97   15      4.104     -6.909     -2.789
 341  380     -6.790     -5.085      7.806
