355
  97    0      8.183     -8.318     -0.661
   2   -2     14.017     -2.035     -4.650
  -1    2     14.006     -9.324      0.797
   4    3     12.277     -7.817      8.392
  17   -2     -3.809    -10.921     -3.355
  -1  248      9.203     -6.825     -7.189
 185   -2      5.643     -4.395     -6.192
   9   18      3.727     -8.023      8.180
  68   28     11.567     -5.221      1.699
  -1   -2     -2.318    -10.592     -7.456
  41    9     13.341     -8.706      7.945
  61   63     -7.677     -6.229     -7.662
  86   11     11.180     -5.322      2.828
  -1   15      4.763     -9.755     -8.339
   0    7     -3.538    -10.020     -7.410
  16   -2      5.350     -8.501     -3.194
  -1   33     10.646     -1.865      4.740
  75   14      3.018     -6.228      9.712
  15   -2     17.530     -8.022      1.339
  36   20     -3.586     -6.380     -4.041
  30   -2     11.137     -9.015     -3.337
  20   90     17.892     -9.571     -4.371
  73   94     -7.193     -9.466     -3.570
  23   21     10.853     -6.251     -7.089
  25   -2     15.961     -3.756     -8.496
  11   16     -4.280    -10.605     -7.018
  27   25     11.602     -6.629     -5.130
  33   37     16.288     -8.455      2.252
   3   30     13.164     -9.098     -1.800
  28   29      6.633     -7.347     -3.043
  35   -2     11.238     -8.479     -3.685
  -1   32     17.086     -8.328     -3.600
  46   34      8.326      0.924     10.708
  53   35      1.225     -9.863      8.893
  -1   36     16.823    -10.560      1.358
  29   -2      0.210     -8.976      1.070
  -1   38     -0.597    -10.315     10.458
  51   31      7.976     -6.841     -6.724
  -1   65     -9.359     -3.436      3.242
  -1   -2     -8.460     -7.151      0.029
  -1   -2     -0.774     -7.758     -6.634
  -1  199      0.005     -2.671     -4.318
  -1   -2    -13.065     -7.294      5.813
  -1   -2      8.344     -6.606      0.246
  43   46    -12.584     -9.470     -4.244
  -1   -2      1.415     -7.696     -8.749
  -1   22      8.335      5.478      9.209
  -1  316      6.999     -2.084     -3.852
  72   -2    -10.579     -7.808      1.071
  -1   24     15.808     -6.671      1.750
  -1   42      5.844     -6.499    -10.338
  -1   -2    -11.052    -10.516      0.865
  -1    8     -0.269     -9.389     10.241
  55   52     -6.446     -5.417     10.207
  58   53     17.499      3.812    -12.142
  -1   -2      4.231    -10.828      3.928
  -1   -2     -0.735     -7.559     10.044
  -1   -2     20.261     -8.270      6.264
  59  111     20.060      3.948     -5.037
  70   66     -2.275     -4.272      1.324
  -1   -2      2.105    -10.129      3.248
  -1   -2     -6.720     -7.480      8.783
  74   83      8.152     -9.515     -6.237
  -1   44    -11.324     -5.747     10.937
  63   87    -11.224     -3.951     -1.977
  -1   62     16.538     -7.199      2.474
  -1   84     17.877      0.004     -2.872
  82   58      1.959     -3.568      3.878
 298   -2      9.239     -1.745     -2.380
  -1   70     12.780     -6.126    -10.429
  98    6     10.660     -0.356      4.841
  -1   71     -5.309      1.389      6.772
  -1   -2     -4.241     -1.753     -9.536
  -1   80     -1.807     -3.130     -9.029
  54  101     17.432     -5.453     -2.861
  56   -2     -8.131     -8.584      4.647
  -1   72    -11.710     -5.913     -1.256
  89   67      3.714     -7.624      3.743
  79   -2     12.146      2.363      9.751
  78   79      6.699     -6.853     10.125
  -1   78      5.124    -10.887      3.473
 105   -2     -0.988     -5.244     -9.490
  84   89      0.603    -10.136    -11.855
  80   -2      7.621     -6.007    -10.280
  81    1     15.311     -0.927     -4.844
  -1   40    -10.921     -5.364      2.107
  52   27     16.918     -6.415     -9.376
  85   95     19.456      4.799     -6.054
  32   98     10.511     -4.102      6.935
  83   56     16.916     -3.731      3.913
  -1   17     18.995     -7.531     -3.051
  -1   74     -8.962     -9.910      1.120
  57   -2     -6.801     -4.333     -7.424
  49   55     -4.115     -7.441      1.387
  87  100     10.570     -2.482    -10.513
 116   -2     18.573     -4.777     -6.454
  -1   -2      9.249     -6.819     -7.198
  -1   68     -2.396    -10.574     -7.209
  -1   -2     10.819     -1.879      4.306
  -1   -2      0.005     -2.671     -4.318
  -1  134     -0.774     -7.758     -6.634
  -1   -2      8.344     -6.606      0.246
  -1   -2    -13.065     -7.294      5.813
  -1   -2      6.999     -2.084     -3.852
  -1   -2      1.415     -7.696     -8.749
  -1   -2      8.335      5.478      9.209
  -1   -2     15.808     -6.671      1.750
  -1   -2    -11.052    -10.516      0.865
  -1   -2     -6.720     -7.480      8.783
  -1   93     -4.241     -1.753     -9.536
  -1   -2      9.249     -6.819     -7.198
  91  145     -2.396    -10.574     -7.209
  -1   -2     10.819     -1.879      4.306
  -1   -2      6.999     -2.084     -3.852
  -1   -2      0.005     -2.671     -4.318
  -1   -2     -0.774     -7.758     -6.634
  -1   -2    -13.065     -7.294      5.813
  -1   -2      1.415     -7.696     -8.749
  -1   -2      8.344     -6.606      0.246
  -1   -2      8.335      5.478      9.209
  -1   -2     15.808     -6.671      1.750
  60  125     -6.720     -7.480      8.783
 117  136     -4.241     -1.753     -9.536
  -1   -2      9.249     -6.819     -7.198
  -1   -2     10.819     -1.879      4.306
  -1   -2      6.999     -2.084     -3.852
  76   -2     -0.774     -7.758     -6.634
  -1   -2      0.005     -2.671     -4.318
  -1   -2    -13.065     -7.294      5.813
  -1   -2      8.344     -6.606      0.246
  -1   -2      1.415     -7.696     -8.749
  -1   -2      8.335      5.478      9.209
  48   92     15.808     -6.671      1.750
  -1   -2      9.249     -6.819     -7.198
  -1   -2     10.819     -1.879      4.306
  -1   -2      6.999     -2.084     -3.852
  -1   -2      0.005     -2.671     -4.318
  -1   -2    -13.065     -7.294      5.813
  -1   -2      8.344     -6.606      0.246
  -1   -2      1.415     -7.696     -8.749
  -1   -2      8.335      5.478      9.209
  -1   -2      9.249     -6.819     -7.198
  -1   -2     10.819     -1.879      4.306
  -1   -2      0.005     -2.671     -4.318
  -1   -2      6.999     -2.084     -3.852
  -1   -2      8.344     -6.606      0.246
  -1   -2    -13.065     -7.294      5.813
  -1   -2      8.335      5.478      9.209
  -1   -2      9.249     -6.819     -7.198
  -1   -2     10.819     -1.879      4.306
  -1   -2      6.999     -2.084     -3.852
  -1   -2      0.005     -2.671     -4.318
  -1   -2    -13.065     -7.294      5.813
  -1   -2      8.335      5.478      9.209
  -1   -2      9.249     -6.819     -7.198
  -1   -2     10.819     -1.879      4.306
  -1   -2      0.005     -2.671     -4.318
  -1   -2    -13.065     -7.294      5.813
  -1   -2      8.335      5.478      9.209
  -1   -2      6.999     -2.084     -3.852
  -1   -2      9.249     -6.819     -7.198
  -1   -2     10.819     -1.879      4.306
  -1   -2      0.005     -2.671     -4.318
  -1   -2    -13.065     -7.294      5.813
  -1   -2      8.335      5.478      9.209
  -1   -2      6.999     -2.084     -3.852
  -1   -2      9.249     -6.819     -7.198
  -1   -2     10.819     -1.879      4.306
  -1   -2      0.005     -2.671     -4.318
  -1   -2      6.999     -2.084     -3.852
  -1   -2    -13.065     -7.294      5.813
  -1   -2      8.335      5.478      9.209
  -1   -2      9.249     -6.819     -7.198
  -1   -2     10.819     -1.879      4.306
  -1   -2      6.999     -2.084     -3.852
  -1   -2      0.005     -2.671     -4.318
  -1   -2    -13.065     -7.294      5.813
  -1   -2      8.335      5.478      9.209
  -1   -2      9.249     -6.819     -7.198
  -1   -2     10.819     -1.879      4.306
  -1   -2      0.005     -2.671     -4.318
  -1   -2    -13.065     -7.294      5.813
  -1   -2      8.335      5.478      9.209
  -1   -2      6.999     -2.084     -3.852
  -1   -2      9.249     -6.819     -7.198
  -1   -2     10.819     -1.879      4.306
  -1   -2      0.005     -2.671     -4.318
  -1   -2    -13.065     -7.294      5.813
  -1   -2      8.335      5.478      9.209
  -1   -2      6.999     -2.084     -3.852
  -1   -2      9.249     -6.819     -7.198
  -1   -2     10.819     -1.879      4.306
  -1   -2      0.005     -2.671     -4.318
  -1   -2    -13.065     -7.294      5.813
  -1   -2      6.999     -2.084     -3.852
  -1   -2      8.335      5.478      9.209
  -1   -2      9.249     -6.819     -7.198
  -1   -2     10.819     -1.879      4.306
  94   -2      0.005     -2.671     -4.318
  -1   -2    -13.065     -7.294      5.813
  -1   -2      6.999     -2.084     -3.852
  -1   -2      8.335      5.478      9.209
  -1   -2      9.249     -6.819     -7.198
  -1   -2     10.819     -1.879      4.306
  -1   -2    -13.065     -7.294      5.813
  -1   -2      6.999     -2.084     -3.852
  -1   -2      8.335      5.478      9.209
  -1   -2      9.249     -6.819     -7.198
  -1   -2     10.819     -1.879      4.306
  -1   -2    -13.065     -7.294      5.813
  -1   -2      6.999     -2.084     -3.852
  -1   -2      8.335      5.478      9.209
  -1   -2      9.249     -6.819     -7.198
  -1   -2     10.819     -1.879      4.306
  -1   -2      6.999     -2.084     -3.852
  -1   -2    -13.065     -7.294      5.813
  -1   -2      8.335      5.478      9.209
  -1   -2      9.249     -6.819     -7.198
  -1   -2     10.819     -1.879      4.306
 211  229    -13.065     -7.294      5.813
  -1   -2      8.335      5.478      9.209
  -1   -2      6.999     -2.084     -3.852
  -1   -2      9.249     -6.819     -7.198
  -1   -2     10.819     -1.879      4.306
  -1   -2      6.999     -2.084     -3.852
  -1   -2      8.335      5.478      9.209
  -1   -2      9.249     -6.819     -7.198
  -1   -2     10.819     -1.879      4.306
  -1   -2      6.999     -2.084     -3.852
  -1   -2      8.335      5.478      9.209
  -1   -2      9.249     -6.819     -7.198
  -1   -2     10.819     -1.879      4.306
  -1   -2      6.999     -2.084     -3.852
  -1   -2      8.335      5.478      9.209
  -1   -2      9.249     -6.819     -7.198
  -1   -2     10.819     -1.879      4.306
  -1   -2      6.999     -2.084     -3.852
  -1   -2      8.335      5.478      9.209
  -1   -2      9.249     -6.819     -7.198
  -1   -2     10.819     -1.879      4.306
  -1   -2      6.999     -2.084     -3.852
  -1   -2      8.335      5.478      9.209
  -1   -2      9.249     -6.819     -7.198
  -1   -2     10.819     -1.879      4.306
  -1   -2      6.999     -2.084     -3.852
  -1   -2      8.335      5.478      9.209
   6   -2      9.249     -6.819     -7.198
  -1   -2     10.819     -1.879      4.306
  -1   -2      8.335      5.478      9.209
  -1   -2      6.999     -2.084     -3.852
  -1   -2     10.819     -1.879      4.306
  -1   -2      6.999     -2.084     -3.852
  -1   -2      8.335      5.478      9.209
  -1   -2     10.819     -1.879      4.306
  -1   -2      8.335      5.478      9.209
  -1   -2      6.999     -2.084     -3.852
  -1   -2     10.819     -1.879      4.306
  -1   -2      6.999     -2.084     -3.852
  -1   -2      8.335      5.478      9.209
  -1   -2     10.819     -1.879      4.306
  -1   -2      6.999     -2.084     -3.852
  -1   -2      8.335      5.478      9.209
  -1   -2     10.819     -1.879      4.306
  -1   -2      8.335      5.478      9.209
  -1   -2     10.819     -1.879      4.306
  -1   -2      8.335      5.478      9.209
  -1   -2      6.999     -2.084     -3.852
  -1   -2     10.819     -1.879      4.306
  -1   -2      8.335      5.478      9.209
  -1   -2      6.999     -2.084     -3.852
  -1   -2     10.819     -1.879      4.306
  -1   -2      6.999     -2.084     -3.852
  -1   -2      8.335      5.478      9.209
  -1   -2     10.819     -1.879      4.306
  -1   -2      6.999     -2.084     -3.852
  -1   -2      8.335      5.478      9.209
  -1   -2     10.819     -1.879      4.306
  -1   -2      6.999     -2.084     -3.852
  -1   -2      8.335      5.478      9.209
  -1   -2     10.819     -1.879      4.306
  -1   -2      6.999     -2.084     -3.852
  -1   -2      8.335      5.478      9.209
  -1   -2     10.819     -1.879      4.306
  -1   -2      6.999     -2.084     -3.852
  -1   -2      8.335      5.478      9.209
  -1   -2     10.819     -1.879      4.306
  -1   -2      8.335      5.478      9.209
  -1   -2      6.999     -2.084     -3.852
  -1   -2     10.819     -1.879      4.306
  -1   -2      8.335      5.478      9.209
  -1   -2      6.999     -2.084     -3.852
  -1   -2     10.819     -1.879      4.306
  66    4      6.999     -2.084     -3.852
  -1   -2      8.335      5.478      9.209
  -1   -2     10.819     -1.879      4.306
  -1   -2      8.335      5.478      9.209
  -1   -2     10.819     -1.879      4.306
  -1   -2      8.335      5.478      9.209
  -1   -2     10.819     -1.879      4.306
  -1   -2      8.335      5.478      9.209
  -1   -2     10.819     -1.879      4.306
  -1   -2      8.335      5.478      9.209
  -1   -2     10.819     -1.879      4.306
  -1   -2      8.335      5.478      9.209
  -1   -2     10.819     -1.879      4.306
  -1   -2      8.335      5.478      9.209
  -1   -2     10.819     -1.879      4.306
  -1   -2      8.335      5.478      9.209
  -1   -2     10.819     -1.879      4.306
  -1   -2      8.335      5.478      9.209
  -1   -2     10.819     -1.879      4.306
  -1   -2      8.335      5.478      9.209
  -1   -2     10.819     -1.879      4.306
  -1   -2      8.335      5.478      9.209
  -1   -2     10.819     -1.879      4.306
  -1   -2      8.335      5.478      9.209
  -1   -2     10.819     -1.879      4.306
  -1   -2      8.335      5.478      9.209
  -1   -2     10.819     -1.879      4.306
  -1   -2      8.335      5.478      9.209
  -1   -2     10.819     -1.879      4.306
  -1   -2      8.335      5.478      9.209
  -1   -2     10.819     -1.879      4.306
  -1   -2      8.335      5.478      9.209
  -1   -2     10.819     -1.879      4.306
  -1   -2      8.335      5.478      9.209
  -1   -2     10.819     -1.879      4.306
  -1   -2      8.335      5.478      9.209
  -1   -2     10.819     -1.879      4.306
  -1   -2      8.335      5.478      9.209
  -1   -2     10.819     -1.879      4.306
  -1   -2      8.335      5.478      9.209
  -1   -2     10.819     -1.879      4.306
  -1   -2      8.335      5.478      9.209
  -1   -2     10.819     -1.879      4.306
  -1   -2      8.335      5.478      9.209
  -1   -2     10.819     -1.879      4.306
  -1   -2      8.335      5.478      9.209
  -1   -2     10.819     -1.879      4.306
  -1   -2      8.335      5.478      9.209
  -1   -2     10.819     -1.879      4.306
  -1   -2      8.335      5.478      9.209
  -1   -2     10.819     -1.879      4.306
  -1   -2      8.335      5.478      9.209
  -1   -2     10.819     -1.879      4.306
  -1   -2      8.335      5.478      9.209
  -1   -2     10.819     -1.879      4.306
  -1   -2      8.335      5.478      9.209
  -1   -2     10.819     -1.879      4.306
  -1   -2      8.335      5.478      9.209
  -1   -2     10.819     -1.879      4.306
  -1   -2     10.819     -1.879      4.306
  -1   -2     10.819     -1.879      4.306
  -1   -2     10.819     -1.879      4.306
 348  366     10.819     -1.879      4.306
