180
   1    0     -0.026     -4.842     -4.038
   2    1     -3.432     -6.816      1.666
   3    2      9.344     -7.936    -10.013
   4    3     -5.424     -3.660     -9.903
   6    8     -1.777     -7.544      4.153
   7    7     19.158     -6.616     -0.843
   8   -2      4.698     -8.032      5.069
  72   11      5.559     -6.964     -1.646
   9   33     11.558     -7.787      0.139
 100   16      3.066     -6.799      8.850
  57   49      8.186     -8.321     -0.663
   5   -2      8.930     -9.387     -8.098
  -1  141     14.023     -2.034     -4.650
  13    9      4.004     -4.566      1.716
  12   14     16.015     -3.579     -2.073
  10   95     12.333     -9.010      0.046
  -1   58     15.857     -7.815      5.345
  14   -2     12.282     -7.821      8.396
  17   18     16.042     -4.414     -2.232
 124   70     11.654     -6.294     -8.539
 130   -2      5.647     -4.395     -6.182
  -1   50     -2.626     -5.374     -4.274
  30   25     11.566     -5.214      1.690
  -1   93      7.319     -4.558     -9.631
  -1   -2     16.247     -8.702      7.284
  63   -2      2.366     -6.854     -2.548
  25   23     -7.678     -6.227     -7.653
  32   89     -0.596     -7.695      9.084
  23   31     13.078     -8.725      7.066
   0  105     -8.795     -6.798     -9.695
  21   86     10.483     -7.949      9.036
  -1   -2      9.225     -6.813     -7.237
 168   59     -7.489     -8.607      4.554
  67   63      8.826     -8.979      3.146
  43   -2     10.636     -1.862      4.768
  68   -2     -2.676     -6.327     -8.117
 146   21     -5.859     -9.347     -5.877
 102   -2      1.370     -7.682     -8.758
 143   41     -6.068     -8.776      2.619
 131   -2     17.521     -6.729     -3.913
  -1  145     -0.387     -4.342     -9.916
  18   -2     -4.968     -6.772     -7.771
  37   -2     -1.311     -7.750     -8.136
 148   -2     14.252     -0.559     -2.231
  38   40     11.583    -11.156     -7.334
  -1   -2     -5.355     -6.118     -3.172
  -1   -2     20.364     -5.577     -1.859
  34   98      5.645     -3.886     -1.747
  76  101      5.504     -8.565     -2.784
  49  159     16.332     -8.459      2.352
  95   51     13.863     -9.142      1.257
  61   -2     17.021     -2.710      6.939
  -1   68     -0.202     -7.980     -6.561
  -1    4     10.683     -9.333      0.543
  -1  130    -12.504     -7.398     -9.024
 165   91     14.673     -6.985      2.009
  -1   -2     -3.987     -8.556      4.839
  -1   71     10.391     -0.419      5.487
 139   -2     -7.732     -4.899      3.717
  99   39      4.718     -6.082      5.478
  -1   55     -5.254     -7.770    -10.071
  -1   30     13.431      3.027     -2.048
  53   -2     -3.368     -5.393     -1.151
 157   72      5.947     -4.572      0.723
  39   76     11.166     -8.453     -3.533
  -1   -2     12.594     -1.968      8.725
  47   24     11.605     -6.630     -5.136
 104    5     18.937     -8.301      2.781
  -1   -2      9.376     -2.413      7.949
  51   64     -7.660     -8.576      5.682
  -1   99      9.476    -10.769     -8.115
  80  128     -1.082     -0.862     -7.976
  11   -2      3.623     -7.619      3.493
  -1  113    -11.074     -5.317      2.634
  70   -2     -3.225     -8.739     -1.489
 109   -2      9.032      1.036      7.892
  -1  139     -5.066     -3.330     -1.093
 113   47      6.305     -6.752      9.040
  -1   66      9.418     -7.259      8.767
  77   -2     17.092     -8.330     -3.611
  -1  122     -7.266     -6.636     -5.713
  91   45     -6.450    -10.292     -7.101
  97   -2     -6.820     -2.839      9.687
  -1  167     -4.876     -7.198      3.333
  40   -2     -5.921     -9.024    -10.291
 163   -2    -12.200     -3.974     -5.962
 140  106     19.372      1.442     -7.386
  -1   90     -6.255     -7.901     -2.359
  -1   -2      6.998     -2.080     -3.847
  84  104      0.346    -10.956    -10.397
 145   -2     19.827     -0.091     -1.295
  -1   38      1.905    -11.116      1.666
 111  156    -12.145     -6.337     -5.460
 142  153      8.901      5.647      9.906
  -1   67      8.758      1.373      9.577
  -1   -2     22.357     -9.597      9.529
  -1   92     10.574      0.673     10.953
 117   15     -4.053     -2.703     -1.831
  -1   81     15.507     -9.611      8.429
  -1   54      0.605     -9.064      2.188
  -1   56      3.782     -3.353     -8.936
  -1  158      8.766     -1.772      8.614
  -1   79     18.224     -9.958    -10.495
 116   -2      0.482      0.331     11.076
  -1   -2      5.842     -6.502    -10.338
  -1   -2      7.660     -8.564    -12.518
  -1   13      4.233    -10.575      6.383
 141   -2    -11.660     -2.584     -9.121
  -1   57     -7.944    -10.128      6.942
 158  123     14.949      1.578      0.046
  -1   -2    -13.775     -0.760     -4.126
 127  152     -5.677     -0.996     -2.667
  -1   -2     -7.278      3.469     -6.690
 121   27    -11.275     -3.187     -5.809
  -1   -2     18.913     -1.390      1.092
  -1   -2     15.955     -1.673     -9.792
 108   -2    -11.222     -3.947     -1.973
  -1  157     -6.496     -2.611     -5.564
  -1   87     -7.724     -2.948     10.902
  -1   83    -13.845     -2.479      0.493
 154  118     -5.307      1.392      6.775
  -1   -2     17.440     -5.451     -2.873
 129   -2     -8.899     -1.331     -2.873
  -1   10      9.754     -3.455      6.920
  -1   80    -11.713     -5.912     -1.251
 132   26    -13.214     -6.658     -5.917
  -1   -2      8.347     -5.152      5.149
  -1   -2     17.605     -9.255     10.460
  36   12     13.817     -3.540     -1.479
  -1   -2      8.625      4.753      6.585
  -1   -2    -11.702     -7.219     10.914
  -1   -2     10.616     -6.511      9.438
  -1  108    -10.166    -10.436     -2.263
  -1   -2      1.474      2.808     -4.946
  -1   -2     -8.166     -9.279     -5.035
  26   -2     17.356     -8.999      3.445
  -1   74     19.369     -3.673     -9.106
  -1   -2     -6.976     -4.069      2.746
  83   17     10.212     -6.176     -5.393
  66   42      4.446     -4.157      5.846
  64   -2      4.530     -9.853     -4.539
  -1  116     -4.524      5.649     -5.251
  -1   -2     23.522      2.398      9.277
  48   -2      8.899     -1.113      9.145
 144  149      8.446      0.112      5.599
 150   -2      3.318     -0.993      1.812
  42   28     -2.171     -6.236      9.077
  85   -2     -9.138     -4.367      5.480
  -1  134    -12.998     -1.607      8.967
  -1  147     19.435      4.796     -6.002
  -1   -2      9.800      3.348      2.160
  -1   20     -5.671     -9.405    -12.168
  -1   -2      9.454     -7.251    -11.138
  -1   -2      9.115     -7.918     -9.378
  -1   -2     15.522     -3.578     -0.892
 171  114      8.625      4.753      6.585
  -1  125    -13.775     -0.760     -4.126
 175   -2    -13.775     -0.760     -4.126
  -1   -2      9.115     -7.918     -9.378
  -1   -2      9.115     -7.918     -9.378
  -1   -2     -0.400     -4.831     -2.920
  -1   -2      9.115     -7.918     -9.378
  -1   -2      9.115     -7.918     -9.378
  -1   -2      9.115     -7.918     -9.378
  -1   -2      9.115     -7.918     -9.378
 195  176     -0.400     -4.831     -2.920
  -1   -2      9.115     -7.918     -9.378
  -1   -2      9.115     -7.918     -9.378
 174  161      9.115     -7.918     -9.378
  -1   -2     15.522     -3.578     -0.892
  -1   -2     15.522     -3.578     -0.892
  -1   -2     15.522     -3.578     -0.892
  -1   -2     15.522     -3.578     -0.892
  -1   -2     15.522     -3.578     -0.892
  -1   -2     15.522     -3.578     -0.892
  -1   -2     15.522     -3.578     -0.892
  -1   -2     15.522     -3.578     -0.892
  -1   -2     15.522     -3.578     -0.892
  -1   -2     15.522     -3.578     -0.892
 198  179     15.522     -3.578     -0.892
