403
   0    0     -0.187     -5.309     -1.391
   5    2      1.147     -6.841     -3.531
   1    1     -1.006     -6.360     -3.043
   7    3      5.861     -3.766     -4.804
  -1   49      2.293     -5.892     10.144
   8    5      4.216     -2.960      1.221
   3    6      1.334     -2.530      0.624
  -1   -2      0.365     -5.728      3.403
  -1    7      6.424     -3.817     -2.422
  12   10      4.386     -4.884     -5.606
  13    9      1.329     -8.789     -9.888
  -1   -2      7.153     -4.067      5.949
  10   11      4.464     -2.318      2.018
 221   -2     -5.333     -8.213      1.273
  18   16     -5.108     -0.625      5.420
 223  182      1.278     -5.014      1.184
  34   -2     -3.037     -8.541      0.391
  36  403      9.093     -2.710      4.399
  26  405      2.949     -3.380      4.786
  24   18      3.557     -6.382     -3.980
  -1   22     -2.529     -3.942      1.609
  -1   -2     -8.979     -4.585      3.832
  19  280     -5.203    -10.584     -2.996
  -1   -2      5.417     -7.855      0.462
  80   -2      2.418     -7.517     -0.163
 288   -2      5.589     -8.021     -6.984
  31  387      5.714     -5.712     -2.253
 181  126     17.279     -9.376     -6.918
 305   -2      2.274     -5.017     -5.659
  22   19     10.542     -8.314      5.528
  40   24     -2.263     -4.053     -1.160
  29   33     -0.695     -5.924      5.341
 136  111      8.558     -6.639      6.742
  -1   -2     -3.680     -5.254      1.695
 240   -2      2.001     -4.624      3.735
  42   12      9.548     -4.366      0.736
 330   82     -1.508     -9.993     -2.262
 233   -2     -3.077     -6.494      1.840
  61   29     -1.997     -1.718      2.885
 320  250      3.545     -2.624      8.388
  51   30     13.460     -2.520      5.519
  56   42      0.504     -1.013      8.134
  38   34      0.375      0.778      7.817
  48   28     11.673     -2.479      6.249
  58  393      2.280     -7.568     -6.590
  43   -2     -1.265     -8.127     -0.244
 213   -2      6.880     -6.551     -0.090
  75   32      5.458     -3.662     -2.232
 344   -2     11.729     -8.902      4.190
  -1   -2     -3.701     -9.473    -10.000
 172  184      1.163     -9.343     -1.306
  59   45     -2.408     -7.273      2.648
  47  158     -3.070     -5.990      5.249
  -1   -2      7.776     -2.481      5.061
 371   -2    -11.263     -4.102     -4.157
 146   37      7.905     -2.494      3.961
  -1   -2     -0.544     -6.965      9.509
  -1   51      3.250     -3.366      1.880
 176   -2      4.882     -6.740      6.734
  -1   -2      3.242     -5.330      9.973
 236  328     15.233     -7.398      7.379
  -1   -2      9.365     -2.756      8.209
 129  255      5.125     -9.485      8.777
 115   52      4.655     -8.233     -4.945
 252   -2      4.907     -7.875     -2.370
  69  331      3.092     -5.390      5.260
  49  127     -2.886     -6.756      1.527
 274   -2      0.378     -6.210     -3.025
  81   75      7.132      0.061      0.239
 313  162     -5.419     -6.721      2.894
 245   -2      5.074     -9.029     -6.021
  -1   31      4.978     -6.749     -0.681
 198  180     -6.229     -8.730      3.898
 201   -2      4.843     -5.824     -1.379
  30  157      5.519     -7.283     -0.707
  78  394     16.717     -4.985      5.306
 159   -2     -2.477     -8.929     -2.561
 183   -2     -2.384     -5.828     -3.955
  87   63     -2.660     -2.020      2.155
 152   -2      1.964     -5.899      5.171
  -1   -2     -3.125     -9.186     -7.709
 273  256      0.256     -9.857     -3.315
  91   68     15.548     -2.453      5.952
  -1   40     12.989     -5.313      4.597
  -1  164      7.219     -8.040      2.534
  -1   -2     -1.785     -6.998      1.016
  94   -2      4.364     -6.053     -3.736
 105   80     14.470     -3.580      6.097
  57  309      4.118     -6.459      2.087
  17   -2     -4.160    -10.399     -4.575
 123   -2      4.387     -5.883      2.932
  72  321     -4.400    -10.908     -4.944
 117   -2      3.134     -8.631     -5.735
 112  104     10.950      2.044      3.891
 107  110      1.359     -0.851     -5.894
 289   88     14.060     -4.517      3.557
 343   71      3.722     -6.179     -3.905
  86   -2     18.930     -5.679     -7.468
 281   -2     -3.632     -9.983      1.307
  84  262     -0.657     -7.867     -6.408
 318   60      3.970     -4.296      2.300
  95   -2     -5.633     -8.941     -2.508
  -1   -2      8.886     -7.824      3.951
 126  397     10.383     -2.029      6.611
 116  105     11.508     -8.161      4.992
 321  150     -0.397     -6.930     -4.102
 124   98     -1.567      0.179      0.055
  -1  130      7.939     -7.706     -0.172
 389  406      1.793     -4.072      3.274
 215   48     -1.943    -10.224     -3.679
 285   -2     15.829     -9.434    -10.063
 297   -2     -4.361     -6.364      3.640
  99   87     10.676     -1.031      4.777
 143  101     13.949     -2.360      2.208
 131  322      6.994     -5.969      9.647
  -1   13      0.745     -4.279     -0.579
 120  113      7.170      0.703     -0.414
 255  159     -1.970     -5.461     -3.091
 231   -2     12.178     -8.951      8.654
 304   -2      1.287     -8.026      3.471
 358  326     -8.781     -8.988     -7.900
 235  173     10.443     -6.908      9.743
 332  282     15.144      0.504     -5.897
 187   65     -7.479     -4.270     -0.221
  -1   -2      8.954     -6.589      6.655
  -1   -2      7.539     -9.999      6.236
 157  140      9.336     -5.853      7.179
  -1  121      0.822     -3.658     -3.659
 190  229     10.077     -6.773     -1.079
  -1  188     -7.398     -4.924      8.822
  -1  316     -0.243     -9.177      2.796
  -1   36      2.081     -5.265      7.001
 142   -2      7.666     -6.387      7.292
 182  179      7.336     -9.823      3.482
 385   84      7.888     -4.403      7.917
 121   -2     12.814     -8.068      8.153
  71  131     -2.247     -8.701      4.855
 282  108     11.528     -7.932     -6.069
 145  118     13.540     -0.888      1.098
 324  327     -9.171     -8.984     -1.651
 279  283      0.471      0.649      1.062
 335  246     12.609     -6.162     -3.681
 138   -2      5.272     -7.353      6.201
 103  289      0.055     -8.601      1.525
 163  119      7.044     -5.107      8.009
 303   55     -6.169    -10.324     -3.974
  83   -2     10.361     -8.405      9.310
 256   66     13.159     -8.473     -6.379
 241  339      2.904     -4.887      9.378
 150   -2     -7.682     -3.433     -3.753
  -1   -2     -2.018     -9.915    -10.434
  -1  215      6.409     -8.640     -7.878
 258  186      1.057     -9.971     -1.687
  -1  245     -0.535     -7.411      4.475
 179   73      1.539     -7.856     -3.805
  -1   -2     17.319     -8.997     -9.267
 102   -2     10.993     -7.556      3.759
 310  147     -5.493     -9.021     -5.622
  11   -2      6.821     -4.249      1.223
 227   15     -5.393    -10.757     -0.916
 370  340     -3.364     -3.666     -8.923
  -1   -2      0.285    -10.639     -9.871
 161  134      9.764     -5.191      7.380
 271  153      8.102     -7.766      8.688
 280  122      5.479     -6.594      6.459
  93   -2     -3.121     -5.638      4.260
  -1   83     -9.720     -8.343     -2.022
  -1   62     -3.361    -10.862     -2.196
  -1  247     -0.448    -10.182      7.693
 180  193     -9.862     -5.096      3.099
  -1  163      1.226     -4.394      7.914
  -1   -2      0.891    -10.263      9.668
  -1  175     -3.459      0.614      0.749
  -1  178      4.489     -9.953      8.583
  -1   -2      1.420    -10.751     -7.451
 191   -2      8.954     -9.931      4.043
  -1  273     -0.042     -8.474      6.732
  -1   58      5.536     -9.202      8.461
 307  197      3.913    -10.561      4.386
  -1  166      8.172    -10.530     -0.245
 175   -2     10.111     -9.601     -9.980
  -1  213      0.031     -5.699     -2.453
  82   74      4.347     -1.942     -3.172
 125  298      7.090     -9.582     -8.115
  -1  286      4.015     -9.413      2.433
  -1  270      6.842     -6.807      7.131
 203   -2     -1.228    -10.563     -2.348
 197  135     -7.849     -5.375     -6.204
  -1   77      0.828     -9.369      2.342
  -1   92      1.659     -4.210      2.354
 188  242      8.023     -8.827      4.852
  -1  187    -10.227     -1.828     -2.405
  64   -2      1.374     -9.415      1.991
 110   25     12.987     -8.761      8.752
 101  109      3.694     -5.817      9.827
  -1   46     -3.874    -10.301    -10.641
 286   -2      9.729     -9.063      7.555
  -1   -2     15.620     -3.701     -7.661
  76  284      2.637     -6.396      9.237
 351  338     -8.891     -9.818      2.799
  -1   -2     18.565     -6.804      0.238
 232  169     -0.934    -10.064      9.506
 208   43      1.905     -5.602      5.875
   9   -2     -2.649     -6.766     -0.215
  -1   -2      3.538     -4.886      4.573
 376   -2    -10.229     -3.574      2.593
 388   90     11.146     -3.567      3.479
  -1   -2      5.180    -10.267     -1.211
 109  115      0.522    -10.275     -7.915
 195  398      3.430     -3.375     -3.807
 363  259      0.674    -10.785      0.843
  -1  161      7.302    -10.918     -5.499
 298  237     -7.241     -8.434     -8.393
  -1   -2     11.470     -6.052     -4.590
 205  191     14.605     -6.943      1.967
  -1   -2     -4.267    -10.126      6.342
  -1  149      2.130     -7.664      2.190
 178   -2     -7.121     -4.147     -4.327
 219  287      0.654     -9.618     -6.505
 154   56      6.775     -8.957     -9.003
  -1   -2     -9.279    -10.846     -3.373
  70  151      5.484     -5.801     10.110
  37  112      5.920     -8.871      6.880
 206   -2     12.773     -6.949      0.489
  -1  183     -0.997     -9.420      9.734
  -1   -2      2.799     -5.521     10.112
 266  192      5.245     -8.000      8.609
 118  145      7.860     -5.260      5.670
 119  224      3.068     -5.204      7.760
 390   -2     17.473     -6.907     -9.845
  -1   -2      5.714     -4.623      7.245
  -1  174     -6.763    -10.035     -7.510
  -1   -2      6.617     -8.193      7.770
  -1   -2      6.928     -8.038    -10.089
 226   17     -1.701     -4.051      5.673
  -1   -2     -4.271     -3.915     -1.342
  -1   -2     -1.542     -8.029     -3.670
 196   -2     10.179    -10.411     -8.828
 204  288     -3.825     -8.062     -5.589
 184  308     -7.766     -4.221      3.913
 148   26     -4.336     -6.617      0.614
  -1   -2     11.963     -6.717      7.115
  -1  244      9.952     -9.457      3.423
  -1   -2      6.099     -9.444     -2.562
 276   -2      3.073    -10.898     -8.592
 230  234     17.622     -5.405     -8.967
  -1  160    -10.556     -9.485      0.731
 200   47     11.060     -9.259      0.461
  -1   -2     -4.084     -2.922     -3.684
  -1  171      4.951    -10.036      7.139
 158   -2     -1.787     -8.253     -9.958
 336  306     -2.701     -6.006     -2.478
 244  152     11.360     -9.748      1.895
  -1   -2     -5.406     -8.675     -8.442
  -1   -2     18.768     -7.859     -0.586
 309   -2     -2.846    -10.534      6.075
 130  136      6.585     -9.184     -5.490
  -1  207      3.973     -7.843      8.457
 160  307     17.190     -9.214      1.227
  -1   -2     -2.895    -10.263    -10.183
  -1   -2      6.531     -7.167      2.432
  -1   -2     -0.216     -6.155      8.102
  -1   95     -4.271     -8.324      0.209
 264   -2    -10.639     -4.109      3.158
  -1  236     17.550     -8.294     -3.553
 253   -2      1.680     -9.226      5.035
  67   97      7.335     -6.340      2.461
  -1  253      2.380     -4.623      8.755
 346  102      7.695     -8.787      9.827
 194  144      3.706     -7.761    -10.139
  -1  346     18.038     -7.090     -0.970
  45   44      0.410     -6.900      6.765
  -1  357     -9.880    -10.711      3.146
 380   -2      0.671     -6.601      0.259
  -1  198     18.314     -9.528     -7.102
  -1  345     -4.637     -2.083     -5.230
 132  291     -3.460     -9.534     -8.274
 140   -2     -5.836     -4.771     -9.846
  -1  278      5.827     -7.039     -8.895
  -1  165     -7.190     -9.217     -0.492
  -1   20     -6.928     -7.617      0.530
 292  269      9.248      1.002     -0.972
 333  129     -2.924     -8.546     -5.715
 300  264     12.712     -0.933      4.999
  -1  243    -11.507     -5.144     -1.418
  -1   -2     -8.709     -7.044      3.133
  -1   -2     -0.530     -9.519      9.700
  -1  272      0.862    -10.625     -3.974
 269  141      8.470     -9.718      6.385
  -1  299      4.119     -9.077     10.151
  32   -2    -10.362     -6.556      0.668
 263  172      3.988     -8.190      4.852
  -1   53     -3.268    -10.506     -7.427
  -1   -2      8.553     -9.083      6.697
  -1  220     16.299     -6.672      4.559
  74   -2     -0.581    -10.414    -10.437
  -1  271      7.996     -9.485      2.847
  -1   59     -1.986    -10.267     -9.715
 284   -2     12.681      1.030      0.957
 359   -2     -2.202    -10.133     10.615
  -1  123      5.301     -5.396     -0.075
  53   -2      9.518     -7.111     -0.193
  -1   -2      9.599     -5.089     -7.553
  -1   -2      0.305    -11.060      2.743
  -1  217     17.883     -7.564    -10.102
  -1   50     -6.924     -9.840    -10.197
 147   -2     -8.648    -10.358     -7.567
  -1  114      7.666     -3.640     -4.685
  -1   -2     12.158     -0.550      3.110
 228  261      6.632    -10.172      3.794
 296   -2     14.965     -4.572      3.580
 149  240      6.758     -8.417      9.743
 302   -2      2.647     -3.224      2.829
 312  300     -1.053      3.393     -0.380
  68   -2      2.593     -5.669      1.992
 267   -2     18.466     -8.348     -0.189
 162   79      6.012     -6.122      1.653
  -1   81     -2.263     -7.575     -2.171
 234  380      6.718     -2.213     -4.733
  -1   -2      5.368     -7.766      7.145
  -1   -2      2.613     -7.097      2.093
 237  116     -1.727     -9.199     -8.043
  -1   -2     -4.339    -11.031     -6.953
 350   -2     13.208     -8.980      2.304
 327  375     17.646     -0.446      4.144
 165  238      0.551    -10.486      4.378
  -1   54      8.992     -6.530     -9.846
  -1   -2      6.720     -7.817     -4.400
 311  330     -5.664     -2.946     -9.986
  -1  315     -5.100     -5.669     -4.202
  -1   -2      5.498     -7.081     -2.001
  -1   -2      0.038     -6.048      2.983
  -1  323      0.517     -4.814     -2.682
 177  304     16.703     -8.867      0.153
 360  214    -12.904    -10.292     -7.606
  -1   21      7.060     -8.212      7.084
   2  216      1.779     -6.234      8.633
 167  383     -7.483     -2.030      8.584
  -1  277      5.767    -10.493      7.219
 133  190     16.086     -8.217     -9.855
 337   -2     -5.944     -4.057     -4.898
 113   -2     -8.547     -8.006     -3.339
  -1  312     17.254      3.953      4.257
  -1  106     -0.870    -10.808      5.190
  -1   -2     -9.608    -10.970     -9.955
  -1   -2      2.513     -2.011      1.705
  -1   -2     17.085     -3.705      6.685
  96   -2     -8.856     -5.110     -3.957
 314  352     -8.435      0.425      6.568
 166   -2    -10.946     -7.144      8.788
 361  360     19.509      0.396      4.280
 357   -2     20.109      0.752      4.590
  -1   -2     21.607     -1.496      3.140
  -1  351    -11.025    -12.550    -10.027
 391   -2     12.179      4.884      5.866
  -1   -2    -10.622     -6.790     -9.937
  -1   -2      7.726     -1.856      8.989
  -1   -2      5.140     -0.483      0.422
 378   -2     20.385     -1.258      3.187
 353  249    -10.983     -5.646     -7.223
  -1   -2      7.921      5.509     10.259
  -1  337    -14.492     -8.636      2.947
 308   -2    -11.535     -6.301     -7.812
  -1   -2     -7.881      0.307      3.489
  -1   -2      4.579      2.559     -7.285
 283   -2     12.575     -7.342    -11.582
  -1   -2      2.267     -2.439     -3.654
  -1  332     17.170      0.850    -11.565
  -1  374     -6.824     -1.804     10.125
  -1  356      6.381      1.145      9.731
 323   72    -11.286     -2.906     -2.330
  -1   -2     -5.903      2.219      0.437
  -1  372    -15.732     -0.552      7.329
  -1  266     -1.030     -1.999     11.791
  -1   -2      6.276     -1.133      0.197
  -1   -2    -11.215     -6.212     -9.972
  -1   -2     14.077     -1.873      4.950
  -1  366     12.457      6.643     -4.743
  -1  353     -4.227      3.536     -5.093
   4    4      0.359     -5.705      3.433
  -1   -2      7.159     -4.063      5.962
  35  388      5.029     -6.729     -0.837
  -1   86      5.446     -7.832      0.333
  -1   -2     -2.512     -3.946      1.713
  27  226     -8.996     -4.575      3.774
 386   61      2.925     -3.379      4.718
 364   -2      9.193     -2.708      4.162
  63   67      9.364     -2.751      8.236
  -1   -2      9.301     -2.750      8.079
  -1   -2      8.074     -2.444      4.413
 104   41      7.779     -2.483      5.089
  -1   -2     16.684     -4.989      5.251
  79   -2      3.202     -3.386      1.996
  -1  396     14.410     -3.581      5.997
 141   -2      0.789     -3.691     -3.392
 168   -2     -3.539      0.641      0.546
 218   -2    -10.556     -9.485      0.731
  -1   85     -2.852     -6.757      1.572
  21  401      5.446     -7.832      0.333
 381   -2      3.326     -3.130      3.749
   6  407      7.153     -4.067      5.949
  -1  281      7.953     -4.258      8.454
  28  385     -2.465     -3.945      1.822
