41
   4    1     -0.891     -9.989    -10.541
  -1   -2     11.180     -9.706     -2.684
  18   16     10.338    -10.970     -0.555
  -1    3      9.929    -10.381      3.525
  12   -2     12.234     -9.519     -1.895
  21   -2     11.707     -8.853     -2.934
  -1   -2     -3.588     -6.479      7.956
  16   13      1.498    -11.056     -3.821
  23    9     13.643     -8.870     -0.303
  22   -2     11.327     -7.105      2.934
  10    5      5.939     -9.116      8.792
  -1   -2      4.635    -10.458     -5.505
  29   -2     11.133     -9.180      3.096
   3   15     10.894     -3.515      4.087
   8   -2      9.877    -10.985      3.108
  36   -2     13.972     -9.588     -4.152
   0   12     13.585     -9.845     -4.117
  -1   -2      9.573    -10.614      5.788
  17    7      8.775     -8.444      0.380
  13    6      0.842     -9.602     10.659
  -1   14     10.796     -0.253      4.469
  -1   -2     -5.190    -10.744     -2.338
  19   -2     17.428     -7.577     -6.166
  -1   -2     14.728    -10.417      5.653
  -1   10     11.277     -6.755      5.528
  -1    2      2.703     -9.570     11.412
  11   -2      1.819    -11.547     -3.047
  -1   -2     -9.013    -11.284      1.846
  -1   -2     15.547    -10.728    -11.995
  -1   -2     17.763     -9.093     10.129
  28    0     11.299     -9.876      5.494
  -1   -2     -8.643    -10.412      7.224
  31   32     -0.554     -9.231     -1.326
  26   36     -6.814     -7.803     -0.501
  -1   34     13.386     -8.906      7.653
  20   -2     16.961     -9.749     -9.650
  -1   -2     -3.624     -6.484      7.864
   7   39     -3.588     -6.479      7.956
  -1   -2     -5.190    -10.744     -2.338
  -1   -2     -5.190    -10.744     -2.338
  39   -2     -5.190    -10.744     -2.338
