359
   3    0      5.862     -4.272     10.004
   2    1      4.216     -5.679     -3.533
   6    2      9.334     -5.665     -9.297
 150   72     14.655     -7.344      8.123
  10  275     10.390     -6.953     -9.330
  -1   -2      5.612     -6.195      2.323
  -1   -2     15.360     -2.715      2.718
  16  302      4.229     -1.278     -8.586
   0    6      8.733     -7.738      6.035
 177   -2     -4.869     -6.777     -1.273
  -1   -2     16.765     -3.296      5.469
  -1   -2     -2.557     -2.471      8.394
  -1   -2     -7.990      2.888     -4.147
 346   11      7.877     -4.485     -0.311
  34   41      9.411     -7.497     -7.048
  -1   20      8.771      4.414      8.422
  -1   -2     -2.031     -5.578     -5.506
  -1   16     14.512     -8.952     -3.507
  79  100     -0.075     -8.758      1.534
  20   17      0.513     -0.013      1.004
 152   24     10.019     -4.766     -5.762
 156   -2     12.154    -10.023     -4.049
 135  173     12.356     -8.994      0.058
  -1   -2     11.838      1.329      5.067
  -1   -2     10.264     -6.187     -3.472
  -1   13     -6.610     -1.118      7.156
  -1  167     -1.128     -9.279     -6.762
  31   -2     -8.648     -6.956     -8.273
  46  307     15.125      0.754     -0.554
  -1   -2     -6.657     -7.441      9.303
  -1   -2      4.168     -5.771      3.500
  37   27     -2.117     -6.552      1.288
  -1   -2     -6.463     -1.571      4.724
  -1   -2     -9.674     -3.666      3.846
  -1   26     10.665     -8.952     -2.074
  -1   -2     -0.383     -4.900      9.911
 360   43     -6.863     -3.386      0.218
 139   -2      3.047     -7.493      9.859
  77  110      7.493     -2.106     -2.547
  -1   -2      3.025     -6.581      3.782
  47   39      1.177     -7.149     10.276
 213   18     -9.416     -8.716      0.560
 200   46      5.918     -6.557      5.141
 167   36      8.395    -10.342     -6.922
  -1   -2     12.938     -9.561     -1.942
  48   47     16.753     -5.241     -5.015
 251   49     -3.741     -6.395      1.960
  41   -2      4.746     -4.186      5.894
  50   53      0.344     -5.027      9.969
 128   70     20.053     -9.091     -4.005
  42  174     -4.390     -6.114      3.663
  -1   28      7.635     -9.732     -8.390
  51   45     -4.938     -4.333      1.873
  65   -2      8.159     -4.432     -3.927
 241    3     -0.879     -8.335     -7.879
  99  206     -3.558     -6.293     -3.423
 144  179     10.690     -9.014     -0.773
  -1   -2    -10.731     -9.347     -3.648
 131  141     10.030    -10.910     -9.990
  62   57     -9.305     -0.107     -3.876
 319   48      7.381     -3.311      3.542
  -1  205     20.460     -8.100     -3.150
  -1   62     17.468     -4.714     -0.620
 315  306      8.166     -6.641      6.334
  87   33     -7.292     -7.801      6.021
  -1   -2      4.118     -6.018     -5.759
  64   59      7.365      1.924      6.962
  71   -2     10.025     -6.696      0.069
  -1   -2      8.981     -9.309     -8.485
  -1   -2     11.568     -7.839      9.261
  -1   -2     10.372     -6.852     -3.041
  44   -2     -1.667     -4.718     -5.581
 218  122      5.223     -3.218     -4.876
  -1   68      8.264     -0.893      8.075
  -1   19     10.273     -6.070     -4.093
  -1   98     12.995     -8.914     -3.150
 159   -2     -3.674     -6.180      3.496
  83   -2     16.839     -4.988     -7.686
  -1  190     11.751     -5.659      0.614
  -1   -2     -4.170     -7.512     -0.654
 238   -2     10.864     -1.947      4.219
 340  113     -6.282     -5.088     -4.525
  82  242    -10.119     -5.453     -1.497
  80   74      7.641     -2.047      5.548
  -1   64      6.817     -1.793      5.223
  -1   71      3.355     -4.490      7.521
  -1  152     10.034     -8.101     -8.512
 101  216     15.614     -6.885      1.002
 149   87      8.010     -8.446      6.773
  36  202     11.052     -9.436     -2.200
 286   -2     16.083     -8.572      3.506
  -1  128      9.568     -9.254     -7.956
 302   82      7.771     -7.650      5.009
 102   23     10.588     -4.553      2.607
 208  139     11.533     -5.248      3.492
  -1   83      9.255     -6.722     10.070
 252   -2     14.952     -8.110     -2.126
 105   -2      6.861    -10.116     -9.387
 179  104      2.003     -7.681     -4.478
 145   -2      9.783     -2.661      6.900
  -1   -2      4.988     -7.367      2.022
  -1   -2      1.889    -10.100     -3.200
 181  160     -7.847     -8.270     -3.127
  -1  107     -1.753     -4.789      5.059
 129  121      1.550     -9.977     -6.933
 123   73     13.613     -5.794      6.159
 246   58      4.716     -9.477     -5.048
 138   -2     -1.702     -2.954     -8.581
  30   96     12.858     -3.018     -9.759
  -1  129    -13.610     -3.279     -4.524
 225  221     -1.256     -3.388      6.300
 296  213     -3.163      0.093      0.252
 134  101     -6.587     -9.266      1.126
 117  103     -9.455     -6.679     -8.099
 119   63      7.214     -4.630     -8.697
  -1  169     14.676     -7.063      2.271
  -1  231     -1.151     -3.950      2.230
 114   -2      9.153     -5.614     -6.967
  -1  135      3.685     -8.360     10.115
  95   -2     13.841     -8.124      2.625
  27   31      3.980     -5.731      2.607
  26  188     -3.050     -8.222     -2.684
 162   -2     -2.622     -7.489     -0.326
 127   -2      9.005      1.979      8.974
  -1  212     18.989     -4.825     -5.816
 239   -2    -11.631     -7.463     -2.293
  25   -2     18.054     -9.307      2.170
  -1   -2     -1.413     -9.414     -6.912
 274   -2     12.950     -8.725      6.673
  32  165      8.951     -8.679     -3.033
 112  127     -4.816     -8.447      0.137
  85   -2     15.288     -9.659     -2.259
 121   -2      5.978    -10.484      1.875
 190   -2     15.708    -10.799     -7.125
 116  143      1.955     -8.669     -6.531
  33   -2      2.301     -8.467      8.273
  -1   35      4.296     -3.754      1.586
 212   55      8.108     -6.005     -8.781
 202  114      3.193     -9.758     -8.929
  -1  130     14.010     -5.736      9.762
  -1   91     -0.977     -7.713     -7.218
 283  137     -0.858     -1.867      2.311
 249   -2     12.777    -10.543     -7.806
  -1  150     10.605    -10.200     -3.398
  24  120     12.186     -6.579     -8.504
 187   -2    -12.399     -5.263     -7.999
  -1   -2      8.798      5.812      6.433
  -1  126     13.080     -1.818     -1.271
 198   -2     -7.158    -10.452      1.020
   8  222      1.716     -4.997     -7.190
  -1  132     -4.708     -9.088     -3.103
  -1    9     -5.950     -6.525     -4.545
 194  180     15.190     -9.507      7.015
  91    8      3.827     -8.807      8.065
  -1   -2     12.452    -10.960    -10.305
 221   65     -1.105     -9.726     -9.520
 270   -2    -12.229     -7.428    -10.525
  -1  197      2.052     -7.385      5.535
 279   -2     14.684     -4.462      6.538
 203   -2     14.595     -1.145      4.899
  -1  102      9.962     -3.375      6.443
  92   -2      6.111     -4.598      6.311
  -1  189     -6.307     -5.291      8.720
  -1   61     13.322     -7.440      5.110
  56  181     13.603     -8.212      7.049
  -1   -2     -5.208     -7.641     -6.105
 324   -2     20.175     -0.087     -0.986
  -1  176     -0.072      4.770     -9.163
 295   -2    -10.620     -5.337     -7.249
  -1   -2      0.315     -8.588     -6.843
  -1  196     12.479      0.513     -0.043
  -1  125     18.177     -6.001    -10.220
 122   -2    -11.599     -5.916     -1.511
  -1  218      9.839     -5.634      1.308
 215   -2      3.527     -8.948     -8.733
  94   -2     -5.352     -6.220      4.915
 253  146     -8.973     -9.003     -1.885
  -1  151     20.430     -5.518     -2.533
  -1   -2     15.939     -8.501     -0.692
 136   -2     11.573     -7.613      5.378
  -1  116     19.456    -10.832     -5.833
  -1  177      5.004    -10.348     -8.040
 292  187     -3.457    -10.353      9.053
  -1   -2     10.222     -9.910     -4.216
  -1  112      1.363     -4.329     -9.678
  -1   -2     10.839     -6.506     -7.233
  -1   -2     12.155     -6.551     -4.785
 153   14      1.692     -6.768      6.449
 195   -2      6.088     -3.963      2.922
  -1  253     -8.869     -8.107     -2.738
 210   66      7.326      0.663      7.255
  -1   -2      9.620     -1.983      4.913
  -1   -2     -9.984     -5.109     -6.517
  -1   -2      5.044      0.938      7.060
  -1  201      1.987     -7.651    -10.040
  -1   32     -0.844     -6.017     -8.501
  -1   -2     -4.909     -9.435      7.298
 165   -2      0.317     -6.094      3.177
 240   51      9.339     -7.231     -4.775
 196   78      5.873     -5.097     -6.940
  -1   40      1.961     -2.843      5.931
  58   -2      4.928     -8.485      7.105
 236  250    -12.067     -4.573     -3.875
 235  207     15.097     -8.100      6.836
 143   -2     20.313     -8.254     -7.624
  81   -2     -1.577     -6.951      8.012
  -1   -2     13.635     -5.076     10.155
  -1  248     -5.343     -3.897      4.903
 140   80      5.262     -7.102      3.725
  69   -2     -2.668     -8.447     -5.650
  78   -2      6.807     -1.960      3.712
 244  266     15.166     -9.460     -8.787
  -1  183     16.627     -9.961     -8.496
  -1   -2      0.340     -8.609      4.967
 262   -2     -0.268      3.839     10.375
 300  168     -0.024      0.091     -6.891
 160  260     13.545     -1.815      9.182
  75   -2     -4.002     -5.689     -1.017
 227  119     -0.200     -6.828     -8.347
 108   -2      4.888     -3.775     -4.012
 188  148     13.059     -4.090     -7.723
 126  162     19.015     -5.723     -6.960
 130  241    -10.559     -8.293      1.173
 186  195      6.032     -2.578     -5.116
  93   -2     18.085      5.372     -9.591
 161  170      9.697     -9.674     -6.363
 197   77     14.458     -9.553     -0.260
 226   -2     -3.771     -5.003     -9.477
 228   54      5.636     -8.447      7.620
 313   -2      7.642     -4.473     -4.595
 192  109      2.107     -2.193    -10.133
  -1   -2    -10.912     -5.266      5.072
  -1  193      1.122     -8.219      7.728
  -1  214      8.453     -7.116     10.420
 230   -2      4.702     -2.581      4.020
  -1  118     -6.735     -6.920     -9.829
 266   -2     18.634      1.120     -9.086
 297  265     -7.331      1.227     -5.162
  57  210      4.083     -1.831      0.643
  -1   -2    -12.005    -10.271     -0.822
 260   -2     19.370     -3.034     -5.552
  -1  217     15.676     -0.845     -5.765
 237   -2    -13.205     -6.765     -5.938
  -1   -2     -5.436      1.677    -12.280
 267  292     -8.530      2.294     -1.288
  -1  263    -13.041     -2.665      0.922
  -1   -2     17.266     -2.568     11.333
  -1   -2     21.310     -6.225      4.644
  -1   -2     20.149     -2.125     -1.478
  -1  234    -12.898    -10.714     -2.832
  -1  245      8.192      6.212     10.896
  -1  228     18.005      1.430     -2.435
  -1   -2     15.409      2.873     -1.821
  -1   -2    -11.322     -5.749     10.928
  -1   67     19.850     -7.653     -0.126
  -1  252    -10.113      1.534     -9.263
  -1  147     15.465    -10.446    -10.863
  -1  198     -2.078    -10.531      6.402
  59  185    -11.038     -9.052     -6.042
  -1   -2     14.615      1.551     -4.927
 207   -2      7.253      0.259      8.635
 151  270    -12.021    -10.585     -6.278
 124   -2     -0.826     -3.682    -10.822
 290   -2    -11.903     -0.391     -6.565
  -1  288      6.062     -9.966     -9.351
  -1   -2    -15.735     -6.302     10.977
  -1   -2     18.267    -10.165     -9.366
  -1   -2    -12.523     -0.244      2.138
  96  269     19.327     -8.106      2.930
  -1  106     -4.245     -1.751     -9.520
 234   -2      2.481     -8.951      9.302
  -1  220      3.642      2.065      1.703
  -1   -2    -11.024     -1.701     -7.985
  -1   -2     18.506      1.898     -8.600
  -1   -2      9.151      1.034      4.839
 176   -2      0.092     -1.261      8.758
 224  200     19.199      0.639     -0.959
 258   -2      4.182      2.565     -5.513
 285  164     18.456      1.602      3.311
 275  209      4.116      4.124      6.319
 294   -2      1.174     -8.437     11.443
  -1   -2     -9.560     -5.685     -3.821
  -1   -2    -10.506     -2.580     -6.320
  -1   -2     -0.998     -3.711      9.577
  -1  149     11.337     -0.931      5.790
 168  258      4.219     -0.365     10.357
  -1   -2      6.106      6.254     10.103
 328  332      8.700     -7.762      6.432
  -1  296      5.847     -4.267      9.983
   7    4     -2.558     -2.501      8.681
  -1   -2     15.351     -2.710      2.615
  -1   -2     -6.607     -1.046      6.976
 306  298     -6.607     -1.046      6.976
  -1   -2      7.867     -4.478     -0.281
  -1   -2     16.745     -3.283      5.332
  -1   -2     -8.008      2.885     -4.274
  28  280      8.809      4.409      8.432
 311  303     14.420     -8.950     -3.371
 276  203      4.205     -1.257     -8.550
 351   21     11.821      1.329      5.116
  -1   -2     -1.996     -5.575     -5.480
  -1  283     -8.620     -6.962     -8.259
 316   -2     -8.620     -6.962     -8.259
  -1   -2     -0.333     -4.894      9.953
 314   44     -0.327     -4.898      9.968
 229   38      7.892     -6.612      7.026
 323  310      3.069     -6.573      3.755
 219  138      7.479     -3.290      3.563
  -1   -2     -0.233     -8.290     -5.837
  -1   -2    -10.620     -9.330     -3.625
  -1   -2     -6.286     -5.041     -4.216
 132  313      1.796     -6.558     -0.817
 327  311      8.846      5.809      6.450
 259  291     21.310     -6.225      4.644
  18  194      7.767     -4.458     -0.022
  -1   -2     15.351     -2.710      2.615
  -1   -2     16.761     -3.287      5.337
  -1   -2     -8.008      2.885     -4.274
  -1   -2     11.798      1.332      5.173
  -1   -2     -1.996     -5.575     -5.480
  45   -2      3.075     -6.581      3.770
  -1  339     -6.802     -3.368      0.135
  -1  323     17.520     -4.708     -0.704
 231   -2     -6.286     -5.041     -4.216
  -1   -2     -8.008      2.885     -4.274
  -1   -2     15.349     -2.715      2.604
 349  328     15.365     -2.706      2.594
  -1   -2     -6.802     -3.368      0.135
 335  318     16.761     -3.287      5.337
  21  317     -1.996     -5.575     -5.480
  -1   -2     11.798      1.332      5.173
  29  330     11.798      1.332      5.173
 339  322     15.211     -9.466     -8.183
 341   -2     17.484     -4.728     -0.830
  -1   -2      5.706     -6.185      2.159
  -1  343     -9.592     -3.625      3.711
  -1   -2     -6.802     -3.368      0.135
  -1   -2     -6.376     -1.545      4.631
  -1   -2     -8.008      2.885     -4.274
 347  326     -8.008      2.885     -4.274
  -1   -2      5.706     -6.185      2.159
  -1   -2     -9.592     -3.625      3.711
  -1   -2     -6.376     -1.545      4.631
  -1   -2     -6.802     -3.368      0.135
  -1   -2      5.706     -6.185      2.159
  -1   -2     -9.592     -3.625      3.711
  -1   -2     -6.376     -1.545      4.631
 337   -2     -6.802     -3.368      0.135
 362   50    -10.632     -9.349     -3.658
  -1   -2      5.706     -6.185      2.159
  -1   -2     -9.592     -3.625      3.711
  -1   -2     -6.376     -1.545      4.631
 365  342     -6.376     -1.545      4.631
 354  333      5.687     -6.168      2.108
  -1   -2     -9.592     -3.625      3.711
  -1   -2     -9.592     -3.625      3.711
 304  297     -0.233     -8.290     -5.837
 366   -2     -9.577     -3.635      3.713
 367  344      3.975     -5.741      2.537
