127
 130  126     -5.142     -8.112     -0.034
   1   17      8.183     -8.319     -0.670
 106    4     14.024     -2.034     -4.660
   3    3     -7.185     -1.948      3.901
  -1   -2     12.193     -4.944      9.828
 101    0     12.279     -7.819      8.389
 100    7      6.430     -7.262      8.123
   6   10     11.198     -9.650     -2.602
  -1   -2     10.769    -11.012     -5.224
   7   11      5.646     -4.395     -6.189
 109   33      9.205     -6.827     -7.192
  13   12     11.568     -5.222      1.696
  -1   15     -7.675     -6.227     -7.660
   9   -2     11.185     -5.320      2.832
  14   -2      6.770     -8.594      0.281
  73   50     -4.043     -5.935      4.833
  16   -2     12.523     -8.780      5.242
  27   43     -3.111     -8.517     -8.101
  31  127     10.646     -1.861      4.736
  29    9     14.831     -8.615      6.054
  95   91     14.538      0.544     -4.876
  26  116      4.191     -0.085      9.859
  11   35     -7.373     -6.533     -7.736
  20   30      2.913     -9.111      5.048
  -1   -2     -5.807     -6.604    -10.189
  46   24     -3.578     -6.382     -4.008
   4   22      8.883    -10.404     -6.269
  -1   -2     -0.298     -5.890      8.983
  -1   28     14.990     -7.349      7.263
  -1   -2     -3.679     -9.941      2.544
  47   20      0.055     -8.458      3.755
  39   26     12.856     -9.019     -1.032
  10   -2     11.127     -8.939     -3.296
  -1   32      0.367     -5.310     10.314
  -1   -2     20.153     -9.996     -0.017
  -1   82      9.134     -9.386     -8.778
  30   65     -4.273     -5.187      4.538
  36   -2     10.858     -6.265     -7.112
  88   -2     19.316     -9.152     -4.291
  -1    2      6.637     -7.346     -3.033
  94   -2      0.619     -6.476      7.017
  97   25     -9.532     -9.959      3.167
  92   49     18.992     -6.264      0.165
  -1   40     15.619     -8.865      1.829
  55   -2     16.187     -3.671     -9.056
  51   95      9.460     -3.274      7.676
  -1   36     17.088     -8.328     -3.603
  28   -2      7.398     -5.086      5.851
  -1    8      4.237    -10.167      0.158
  15  100     18.068     -7.147     -6.836
  -1    5     11.166    -10.374      2.454
  79   87     -9.259     -8.660      1.950
 116   -2      9.767     -2.122     -9.020
  34    6     10.069     -7.807      9.292
  91   -2     18.022     -4.874     -5.234
  58   -2     -6.250     -7.902     -2.376
  -1   -2     14.069      3.072     -3.634
  72   37      7.979     -6.841     -6.705
  62  130     -0.778     -7.758     -6.642
 124   16      8.343     -6.607      0.247
  -1   73     -8.483     -9.595     -9.618
  -1   -2    -13.064     -7.294      5.823
  -1   -2     16.799    -10.443     -0.356
  -1   -2    -11.720     -1.596      8.311
  49   -2     -8.759    -10.057     -2.480
  -1   -2      8.325      5.472      9.233
  -1   -2      6.813     -3.234      7.457
  -1   -2     24.721     -2.312    -12.331
  -1   -2     -7.530     -9.727     -0.952
  -1   66      7.750     -6.026     10.341
  41   52     11.957     -0.213      8.989
  74   71    -15.207     -7.854      1.858
  -1   -2     11.744    -10.120     -6.530
  77   -2    -11.331     -5.749     10.977
  -1   85     19.253     -2.681     -8.707
  93   -2    -11.222     -3.947     -1.972
  99  114      0.802     -2.472     -6.806
  90   54     -2.652     -1.335      3.155
  -1   -2     -4.476      1.067      4.086
  69   -2     17.437     -5.448     -2.869
  57   39     -3.021     -1.620     -1.731
   2   61      9.237     -1.744     -2.375
  86   81     12.788     -6.128    -10.452
  66   44    -11.582    -10.230     -5.875
 105   -2      7.476      0.200      8.002
  80   27      3.373    -11.249      5.796
 113   -2     18.839      0.127     -5.093
  -1   -2    -15.328     -7.194    -10.640
  -1   -2     11.886     -8.742      5.513
  -1   55     -6.706     -8.710     -0.887
  63  105     -5.418     -2.324     -9.248
  -1   74    -14.232     -5.452     -6.926
  -1   98     12.152      2.369      9.760
  -1   -2     19.369     -3.671     -9.106
  -1   83      1.052      0.308      1.511
  -1   -2      6.702     -6.854     10.123
 122   31      0.156     -5.002     -6.214
  -1   -2    -11.080    -10.651      0.822
  -1   -2      9.762     -3.614      6.939
  -1   -2     18.650     -9.001      0.315
 110   -2      0.626    -10.139    -11.927
  52   51     -8.153     -9.166     -0.011
  -1   13      7.625     -6.005    -10.275
  -1   -2      3.276     -4.436      6.623
  56   96    -10.913     -5.362      2.121
 107  110      8.395      0.925      9.583
  -1   -2     20.227     -8.275     -7.517
 121   -2     10.511     -2.165      4.203
  45   -2     -0.852     -8.124      5.190
  -1   86     19.435      4.797     -6.004
  25   92      9.372     -7.203      9.465
  -1   -2    -13.640      0.429     -5.087
  -1   42      1.033     -9.741    -11.856
  82   80      4.398     -2.650      3.357
 118   48     -8.966     -9.853     -5.325
  -1   -2     10.509     -4.099      6.938
  -1   -2     -4.596     -7.224      2.434
  -1   84    -12.997     -6.492     -3.071
 119  125     -5.175     -8.107      0.046
  -1   45     10.824     -1.873      4.292
 123   -2    -13.064     -7.294      5.823
  -1  129      8.325      5.472      9.233
 102   -2      3.276     -4.436      6.623
 131   -2     10.824     -1.873      4.292
  67  122      8.467     -9.989     -5.964
  43  121      7.335     -7.313     -0.866
  -1   -2      8.325      5.472      9.233
