442
   0    0     -2.454     -5.273      0.094
   2  397     -1.276     -5.516      5.810
   5  399      5.583     -3.298     -4.587
   7    1      3.495     -2.176      3.042
  15    3     -3.581     -6.526     -2.169
  -1  158     -0.739     -7.259     -2.878
   6    9     -0.230     -1.526      2.348
   4  398      1.512     -5.920      9.804
   8  401      6.243     -3.409     -1.572
  10    6      3.905     -1.234      4.003
  11  436      3.550     -4.672     -5.614
  47  330     -0.134     -4.654      2.798
  -1   20      8.888     -4.358      2.575
  26   12     -2.269     -4.961      3.906
 155  181      4.802     -9.487      9.567
  -1   -2      8.513     -2.566      7.102
  -1   -2      6.153     -4.222      9.087
  20   14     -4.873     -3.517      0.334
  -1   -2      1.006     -7.558     -4.177
  -1   15      5.066     -3.217     -1.342
 418  440      2.628     -6.544     -3.322
  -1   -2      5.613     -5.967     -0.998
  66   83     -5.249     -6.921      3.587
  33   -2     13.720     -1.894      8.628
 217  296     -6.231    -10.556     -8.819
 241   27      0.287     -7.531     -3.815
  23   18     -5.410     -3.748      3.853
  29   31     -5.766     -6.595      3.046
  28  145     11.669     -2.221      9.455
  -1  444     -3.436     -1.264      3.081
  71   -2      1.982     -4.732      4.484
 105   25      3.445     -8.394      7.320
  -1   -2      2.511     -2.837      3.766
  -1   -2      3.627     -6.477      1.498
  -1   -2      7.311     -4.511     -9.698
  -1   -2      8.673     -6.650     -9.357
 332  273      7.390     -9.615     -4.896
  41   17      0.241     -4.994      6.262
  -1  318    -10.343    -10.188     -9.251
 171  248      6.065     -9.195      8.133
 264  250     -3.565     -9.261     -6.278
  49   87     -8.038     -6.281      4.857
  52   -2     -2.804     -8.160     -1.985
  -1  173     -5.155     -8.400      1.390
  95   -2      5.399     -7.005     -8.267
  51   60      4.617     -6.014     -0.185
  -1   -2      7.278     -2.400      7.685
  61   -2     -5.563     -1.422      4.429
 125   -2     -3.524    -10.293     -8.058
 309   53      3.946     -5.948     -2.864
  46   38     -0.824     -0.326      7.509
 365   -2     -5.995    -10.514     -3.417
  -1   -2      7.413     -2.436      6.220
 228   -2     11.443     -9.150      1.055
  67   43     10.663     -0.522      7.451
 161   -2     -3.833     -9.069      1.280
 166  233      5.858    -10.390      4.713
 311  157     10.245     -8.944      9.020
 250   -2     -2.377     -4.203      4.689
 118  167     -0.216     -7.364     -5.735
  63   59      3.659     -4.001      4.076
 167  349      5.123     -9.773      8.555
  57  104     -9.951     -9.733     -0.061
 448  182      6.481     -8.622     -0.388
 323   -2      7.467    -10.312      1.015
  -1   -2      4.633     -7.379      0.488
  58   49      3.669     -0.732     -2.648
 270   -2     -9.737     -9.323     -6.918
  -1   69      5.894     -4.480      2.560
 109   58      0.542     -5.394      4.098
  65   54      7.359      1.714      1.733
 416   -2      1.347     -3.490      7.196
 151  241      6.866     -5.934      8.331
  82   55     14.417     -1.941      4.380
 262  298    -11.285     -7.703     -5.164
 334  123      8.293     -7.452      5.387
  80   91      7.790     -7.790      5.202
  81   -2     14.905     -3.532      9.049
 129   63     12.225     -5.817      2.658
  -1   75     -2.420     -6.952      8.039
 135  408      5.488     -5.189      2.374
  -1   -2      2.758     -6.235     10.038
  73   71     -0.354      0.618     -5.570
 128   73     -4.006     -7.223      2.569
 203   -2     13.387     -7.178      9.401
  -1   -2     10.354     -1.871      9.522
  -1   -2      9.177     -7.290     -8.440
  -1  207     -7.873    -10.082     -1.057
 377   -2     11.385     -7.199     -4.934
  96   32      1.657    -10.216     -8.449
  86   78     10.855      3.511      6.642
  -1   30      1.535     -7.005      8.214
 286   -2     -1.996     -5.652     -1.571
 215   52     13.340     -8.845      7.098
  99   85      0.172     -4.377      5.582
 112  326     -3.740    -10.648     -7.756
  -1   -2      1.691     -6.562     -6.804
 103   77     14.196     -0.273      3.112
  13   -2     -0.151     -9.877     -8.894
 253   -2      0.027     -3.759     -0.064
  -1   41     -2.594     -8.577     -9.399
  88  426     -0.780     -2.848     -2.943
 305  373     -8.959     -9.717      3.070
  -1   -2      5.130     -8.098      0.416
 310   50      7.492     -7.947      9.458
  89  143     -1.715     -9.491     -1.821
  85   -2      4.760     -7.421     -7.437
  31   -2     10.120     -9.343     -9.519
 131   -2      2.555     -6.611     -0.374
  -1   -2     14.385     -4.545      5.858
  93  177     -5.588     -7.090     -5.078
  76   94      6.501     -6.938      3.971
 100   -2     -3.055     -7.651     -4.472
  98   79     -4.156      1.447      1.935
 116   -2      0.931    -10.673     -9.748
 101   99      7.396      2.491      0.875
 120  200     -0.106     -4.477      4.265
  -1   -2      9.418     -7.680      2.135
 358  334      2.593     -7.255     -1.422
 196  170     14.823     -6.853      4.707
  -1  194      4.850     -3.604      9.058
 291  240     -1.605      1.848      3.122
 273   64     -9.107     -9.907     -8.195
 177   -2      3.368     -6.827     -0.692
  54   -2     11.611     -9.142      7.033
 130  112     15.775     -6.478     -9.318
 108  317      8.389     -6.501      0.151
  92  153      5.750     -5.259     -3.137
 350   -2     -5.381     -7.371      0.927
 132  115      9.361     -5.653      3.866
 319  124     12.682     -7.939      9.344
  -1   -2     -2.057     -4.705      4.798
 337   88      6.595     -6.439      2.779
 239  259      6.441     -4.417      3.009
  -1   -2     -1.885     -8.857    -10.042
 191  210     11.958     -9.259      3.802
  35   46     -5.564     -8.086      5.266
 172   -2      3.917     -5.455      7.599
  59   -2      6.628     -6.777      7.980
  -1   -2     -1.945     -9.190     -0.079
 176   95      4.313     -9.022      9.892
  -1  229     -3.736     -5.765     -5.758
 188  186     -6.773     -8.712      2.631
  -1  303     15.994     -5.684      2.223
 244  332    -11.205     -3.717      0.019
 320  119     15.120     -9.369     -8.823
 114  218      5.740     -7.639     -4.628
   1   -2      1.539     -3.689      7.932
 279   -2     19.270     -5.263     -3.568
 198  340      2.148     -1.450      9.180
  79  203      2.054     -4.641      3.374
 343  216      8.738     -7.394      9.387
 353   -2     -7.206     -3.032     -5.592
  -1   -2     -1.794     -6.403     -0.947
 157  430     -6.423     -5.845      7.074
 156  429     -6.859     -5.243      3.610
  -1   92     -9.144     -9.157      2.815
 331  309      7.781    -10.070     -2.033
  -1   93      2.174     -8.706     -0.492
  68   -2     10.822     -9.053     10.289
  -1  165      3.956     -8.659      7.960
  90   42      4.680     -4.989      5.571
 164  371     -6.776      1.974      2.748
 134   -2     -4.491     -7.548      4.233
  -1   -2     12.551     -5.262     -0.180
  -1   -2      6.386     -6.926      6.681
  -1   80      3.681     -6.489      0.306
 301  175     -4.022    -10.595     -4.011
 169   -2      4.188    -10.212      5.902
  -1  180     -3.276    -10.350     -4.325
 227   68     -0.736    -10.520     -6.665
 175  144      3.370     -3.854      7.811
  -1  114     -8.642     -7.359      5.708
  -1  292      4.869     -5.943     -6.975
 321  136      1.838    -10.356      7.042
 284  156     -2.399    -10.091      6.649
 368   -2      4.972     -8.754      8.001
  -1   -2      1.553     -7.332     -8.629
 276   -2     -4.914    -10.749     -5.889
  18  437     -7.022     -0.305      6.412
 197  337     13.354     -3.927     -2.056
  -1   -2      1.670     -4.728     -4.373
  -1  211     -8.397    -10.882     -4.712
 223  316      5.091     -8.830      2.036
 189   -2     -0.310    -10.808     -0.141
  -1  171      0.209    -10.353      9.041
  -1   -2      2.997     -3.654      8.261
  -1   -2     -8.909     -4.598      4.350
  -1  342     12.346     -3.047      0.518
  -1  191     -6.390     -1.929     -3.350
 259  307     19.459     -9.230     -2.010
 144   -2     -5.117     -6.514     -0.057
  -1  357      6.117     -5.750      8.629
  -1   -2      1.640     -3.186     -3.320
 233   -2     14.117     -8.654     -2.462
  -1  262     13.352     -8.860      0.428
  -1  220     -8.222     -8.221     -5.179
 285  109      3.844    -10.114      8.133
  -1  325      7.654     -9.784      2.049
  -1  214      7.719     -9.762     -5.179
  -1   90     13.757     -6.314      7.881
  -1  237     -4.114    -10.654     -2.118
 315  331     16.050     -6.904     -0.079
 213   65     -3.920     -9.558      4.747
 173   -2      1.611    -11.004      4.436
  -1   -2     -4.322    -10.476     -0.416
 162   -2     -3.275     -4.094     -8.212
 318  202      3.604     -8.976     10.185
 145   35      7.786     -9.601      6.290
  -1   -2     -8.574     -5.741    -10.228
  -1   -2     10.715     -3.667     -9.621
 236  372     17.317     -3.643     -7.148
  -1  315      7.726     -8.799      5.426
 360  378    -11.785     -4.383     -3.624
  -1  238      7.815     -8.783     10.240
 226  150     12.892     -8.845      4.398
  -1   -2      1.247     -9.669     -6.797
 399  345     -9.767      0.844     -7.368
  -1   28      9.706     -7.525     -5.379
 237   -2      5.551    -10.060      7.796
 341   -2      4.362     -8.177      5.155
  -1  120     13.654     -6.982     10.462
  -1  204      3.042     -8.106      5.857
  -1   -2      0.925    -10.096     -8.808
 252  146     -1.581    -10.005      7.048
  -1   -2      4.774     -8.075     10.201
  -1  212      2.741     -4.420      2.700
  -1   -2     10.851     -9.654      7.919
 356   -2     13.546     -7.083      3.441
  -1  164    -13.225     -6.851     -5.980
 170  199      3.314     -8.895      1.542
  -1  417      0.245     -5.375      7.042
  -1   -2     -3.037     -9.755      9.600
 260   86      7.454     -8.195     10.058
  69   -2      7.317     -9.183      6.375
 102  293     -1.365     -5.852     -6.376
 206   -2      2.359     -6.810      6.908
  -1   -2     -0.559    -10.399     -9.681
 271   -2     -0.575     -7.303      3.098
  -1   36      2.765     -7.217     -3.809
  -1   -2      3.040     -2.345      2.124
  -1  155     -5.154     -6.841     -8.339
  -1  127      5.308     -7.786      9.332
  -1   -2      3.336     -9.864      8.523
  -1  288     11.455     -0.708      2.799
 238   -2     -7.354     -9.119      0.627
 272   74     17.887     -9.832     -5.601
  -1  168      1.961     -3.034      5.180
  -1   62      5.649     -9.373      4.637
  -1   -2     -0.199     -8.615      6.437
  -1   -2      2.525     -8.277     -2.222
 158   -2     13.255     -5.612      7.778
 254   -2      3.067     -6.037      1.546
  -1  206     -4.212     -2.400      6.969
  -1   -2     15.554     -8.643     -7.696
  -1   -2     10.087     -4.799     -5.360
  -1   -2     -4.224    -10.945     -6.283
 295   -2      7.620     -4.442      9.576
  -1   47     -0.497     -6.663      5.993
  -1  222      9.583     -8.955     -8.055
 292  244     12.451     -0.033      5.567
  -1  313      0.836     -8.393     -4.629
 393   40      3.754    -10.696      6.707
  -1  314     -8.795     -9.695     -0.081
 251  323      0.080     -3.900     -5.855
  -1  400      1.106     -2.184     -2.104
 288   -2      5.717     -8.685      7.953
  -1  242    -13.153     -5.254     -1.255
 326  213     -2.916    -10.088     -7.928
 208  328     -7.912    -10.899     -0.836
 182  111     -0.441     -4.053     -0.492
  -1  122     17.793     -6.890     -8.899
 317  279      8.862     -7.626      5.192
  -1   -2      5.957     -3.209      9.329
 352   -2      7.581     -5.422     -5.220
 289   -2     12.887     -3.706      1.435
  -1   -2     -6.846    -10.677     -3.048
  -1  219      1.944    -10.658      7.589
  -1   -2      2.422     -7.897      9.958
  -1   -2      3.795     -9.927      7.144
  -1   -2     16.240     -6.630      3.047
 345  286     13.027      2.110      3.040
  -1   -2      3.513     -8.464     -8.875
  -1  116     -1.140     -4.583     -4.571
 142  335     -3.773     -7.181     -1.508
 269  234     11.404     -1.703      3.187
 366   -2     10.756     -5.016      5.843
 293   -2    -11.339     -9.523     -1.098
 287  166      2.472     -6.243      9.617
  -1  198     -1.999     -8.413      3.865
 249  232     -6.370     -4.181     -7.527
 268   -2    -12.882     -5.965     -7.588
 147   37     -5.042     -9.689     -9.262
 348   82    -11.360    -10.316     -2.730
 371   10     -1.970     -3.957     -0.215
  83  283      7.644     -7.950      5.310
 124  142      7.926     -8.567      8.900
 146   -2     -1.478     -7.806     -4.357
 204   72      4.339     -7.705      6.087
 307  300     18.793     -7.009      1.974
 221   -2      5.992    -10.324      4.186
  -1   97     -2.347     -6.134      8.158
 349  358     19.712     -4.644     -1.945
 214   -2     19.949     -8.168     -3.657
 364   -2     -8.545     -6.809     -1.707
 403  380      6.873     -0.161      2.177
  -1  246     15.696     -4.696      1.506
 185   -2      1.075     -7.904     -1.092
  -1  183      5.268     -8.625     -0.087
 408  391     15.171      3.124     -6.358
  -1  174      6.543     -7.843      8.830
 230   -2     -0.620     -6.806      5.022
  -1   -2    -12.413     -5.868     -2.062
 322  260     16.139     -0.247     -4.912
 257  347      8.172     -4.304      5.408
  -1   -2      7.065     -4.772     10.342
  -1   -2     11.724     -6.551     -3.930
  60   -2      0.635     -9.097     -9.482
  -1   -2      1.931     -7.791     -5.273
  -1   45     -9.149     -9.190     -9.829
  -1   -2      1.454     -8.510     10.679
  -1   57      4.365     -8.052      4.306
  -1  263     -4.005     -2.840      2.165
  -1  369      8.336     -9.009      9.916
 224   -2     15.662     -8.982     -1.835
 149   33      0.713     -5.731      9.590
  -1   -2     -6.993    -11.140     -3.906
  84  306      3.262     -5.133     -6.125
  -1   56     15.034     -8.137     -1.902
  -1  228     13.544     -0.393      6.192
  50  364     -0.899     -4.270     -5.527
 290   -2      8.340    -10.042     -4.535
  -1   -2     19.512     -7.209     -9.133
  -1   -2     -2.915     -5.016     -2.796
 247   -2      1.695     -7.690      8.729
 184  100     -1.857     -8.409      3.186
  21  162     -2.686     -6.384     -7.554
 192  319      6.555     -9.485      4.110
 255  321     -7.346     -9.963     -6.582
  -1   -2      8.602     -5.228      7.375
 346  341     19.719      2.586     -7.448
 298   -2     -7.938     -6.712     -4.005
 106  134      4.207     -9.839      9.209
  -1   -2     -2.728     -7.357     -7.381
  -1   -2      5.206    -10.728      6.613
 372   -2     11.395     -5.213     -4.922
 354  290      5.192     -6.243      0.660
 277  176     -9.632     -7.627     -7.102
  64   -2      0.771     -8.377     -9.744
 382   -2    -11.692     -8.243     -1.933
  -1  117      9.751     -6.577      3.348
  -1  118     20.261     -8.647     -5.069
 375   -2     -0.121     -3.042      0.272
  -1  366     19.360     -5.351      2.656
  -1  267    -11.363    -11.455     -9.459
  -1  361      9.760      0.102      8.965
 165  374     16.260     -1.905      9.055
  -1   -2    -13.165      2.962      9.958
  -1   -2    -11.189    -11.029     -0.786
  -1   -2     18.541     -1.813     -4.800
 248   -2    -11.103     -2.739     -5.708
  -1  209    -12.186      1.191     -8.335
 387  377     22.046      2.111      7.514
  -1  284      3.265     -1.573     11.289
  -1  187     19.698      1.339      0.356
 390  432     22.249     -0.466      5.638
  -1  344      0.112     -0.606    -10.003
  -1   -2     -7.832     -2.251     -9.455
  -1   -2     20.085      2.721      6.988
  -1   -2      3.863      4.005     -5.100
  -1   -2     -9.611      0.467    -10.385
  -1   -2      8.153      1.597      3.226
  -1   -2    -13.462     -1.541     -6.234
 344  339     18.169      0.542     -7.888
  -1  282    -11.067     -7.252      3.037
 313   -2     -9.762    -10.690      4.747
  -1  376      9.238      3.729      0.553
  -1   -2     -3.969      1.219    -10.030
 137   -2     -9.729     -2.962     -9.049
  -1  301     11.091     -3.747     10.561
  -1  327    -12.301     -1.455     -5.256
  -1  336    -12.463     -6.820     -9.529
  -1   -2    -10.064    -12.456     -8.075
  -1  333     16.765     -8.555    -12.008
  -1   -2     -5.728     -2.802     11.224
  -1   -2     -3.901      2.112     -6.288
  -1   -2     -2.407     -5.272      0.075
 410  434     -0.671     -7.253     -2.824
  -1   -2      5.780     -3.282     -5.087
 123  231      6.383     -3.400     -1.911
  -1   -2      3.516     -4.670     -5.640
 424  443      8.869     -4.358      2.626
  -1   -2      8.500     -2.558      7.038
  -1   -2      8.513     -2.561      7.038
  -1  441     -5.339     -3.748      3.974
  -1   -2     -5.337     -3.745      3.979
  -1   26      5.588     -5.966     -0.916
  -1  407     -4.865     -3.522      0.435
  30   -2     -3.441     -1.272      3.165
 429  447      5.194     -3.208     -1.675
  -1   -2      1.006     -7.558     -4.177
  42   51      7.394     -2.434      6.287
 446  457      7.280     -2.393      7.605
  -1   -2     -0.831     -0.337      7.633
  40  448      2.511     -2.837      3.766
 433  450     -5.547     -1.425      4.537
  56  420      2.941     -6.345     -3.610
  -1   -2     10.335     -1.863      9.403
  -1   -2     14.923     -3.528      9.019
  -1   -2     14.923     -3.528      9.019
 159   -2     -5.252     -6.933      3.604
 436  452     14.376     -4.539      5.736
  -1   -2      0.178     -4.340      5.649
  -1  425     14.376     -1.946      4.339
 342   -2      3.046     -8.152      5.861
  -1   16      5.959     -4.225      9.568
 412  435      3.516     -4.670     -5.640
  -1   -2      3.579     -4.673     -5.521
  -1   -2     -5.339     -3.748      3.974
 419   -2     -5.337     -3.745      3.979
 420   -2      5.588     -5.966     -0.916
 444  455      4.676     -7.365      0.361
 181   -2      8.086     -2.592      8.009
  -1   -2      8.500     -2.558      7.038
  16  439      8.513     -2.561      7.038
 427  135     11.624     -2.213      9.337
  25  446      1.017     -7.560     -4.157
 324  310      1.137     -8.622     -6.377
 428   -2      0.997     -7.548     -4.149
 447  395     17.765     -5.099      8.151
  -1   -2     14.923     -3.528      9.019
 435  351     14.923     -3.528      9.019
 438   -2     10.335     -1.863      9.403
 442  453      1.673     -3.190     -3.222
  -1   -2      5.959     -4.225      9.568
  -1   -2      8.457     -2.570      7.243
  -1   -2      8.457     -2.570      7.243
 355  360      8.457     -2.570      7.243
 445  456      1.336     -3.449      7.361
  -1   -2      0.178     -4.340      5.649
  -1   -2      5.959     -4.225      9.568
  17   -2      6.188     -4.206      8.976
