390
  66   26     -0.058    -10.041     -0.631
  -1   -2     15.473     -5.173      0.672
   8    1      8.183     -8.317     -0.670
  36   19      9.217     -9.055      9.367
   3    2     14.022     -2.033     -4.666
  -1   11     12.277     -7.818      8.393
  45   15      5.015     -8.557      9.840
  67   31     13.867     -9.241      0.946
   6    4      5.645     -4.395     -6.186
  -1   -2      9.206     -6.827     -7.196
   7    6     11.556     -5.224      1.661
  65    9     -7.677     -6.227     -7.658
  10    7     10.733    -11.050     -5.126
  -1   12     12.661     -5.581      8.398
  30   -2     13.349     -8.705      7.935
  19   -2      4.129     -7.925      7.233
  -1  386     10.645     -1.866      4.740
  43   -2      5.797     -9.422     -5.209
  -1   10      2.430    -10.407     -0.510
  21   22     -3.583     -6.376     -4.024
  53   21     17.530     -8.021      1.336
  20   20      8.343    -10.333     -4.814
  23   -2     12.927     -9.839      7.172
  -1   24     12.384     -7.225      7.416
  25   25     12.837     -9.087     -1.009
  92    8      6.427     -8.346      9.750
  76   -2      1.773     -8.735      7.556
  37   28     17.057    -10.670      0.453
  29   16      4.198     -8.467      9.113
  72   74    -11.088     -4.023     -0.975
  27   -2      4.692     -8.318     -0.648
  28   30     15.966     -3.754     -8.509
  -1   33      6.003     -6.547      5.097
  35   32     11.606     -6.633     -5.135
  40   -2     11.389     -9.034     -3.990
   2   -2      6.634     -7.347     -3.037
  42   -2      9.454     -3.274      7.681
  -1   36     14.979     -9.063      8.342
  98   -2     -5.534     -7.697     -2.268
  91   86     17.223    -10.696      0.815
  46   -2     12.397     -5.097     10.153
  -1   95     14.906    -10.308     -6.124
  73   -2     -3.462     -5.917     -0.872
 103   97     -8.245     -3.744     -0.592
  -1   -2     12.864     -2.809      9.432
  -1   71     -8.460     -7.151      0.036
  -1   -2      0.006     -2.669     -4.316
  -1   -2    -13.063     -7.293      5.820
  -1   67     -3.557    -10.930      2.262
  -1   -2     16.755     -7.246      3.185
  -1  131      8.343     -6.606      0.246
  -1   -2      8.335      5.479      9.211
  -1   39    -11.608    -10.491     -0.431
  -1   -2     16.064     -4.923      3.193
  -1   -2      7.001     -2.084     -3.846
  -1   50    -11.841    -10.553     -5.835
  -1  135     15.808     -6.671      1.742
  95   66     20.061      3.950     -5.039
  -1   87     -6.442     -5.419     10.227
  -1   55      5.851     -6.498    -10.317
  -1   -2     -6.231     -9.447      3.327
  -1   -2      6.266     -3.119      5.828
  -1   -2     -6.723     -7.480      8.781
  71   59    -11.327     -5.747     10.949
  -1   -2     -2.275     -4.271      1.325
  -1   -2     20.269    -10.412     -2.673
  70   -2      8.424    -10.799     -5.438
  41   -2     16.730    -11.494     -4.195
  78  111     -4.478      1.067      4.084
  58   -2    -12.174     -9.707     -5.306
  74   65     10.659     -0.355      4.842
  93   76     -4.244     -1.754     -9.526
  -1   93     17.878      0.003     -2.874
  -1   64     -1.618     -9.513     -2.426
  75   -2      1.960     -3.569      3.870
  77   70     12.788     -6.128    -10.453
  81   -2    -11.712     -5.912     -1.253
  -1   -2     17.442     -5.449     -2.878
  83   77     -6.990     -0.893     -9.667
  -1   73      9.289     -9.459     -9.215
  49   -2      8.406      0.935      9.555
  -1   91     10.788     -3.821     10.162
  33   -2      1.509    -10.670     -1.826
  -1   -2      6.700     -6.856     10.125
  -1   -2     10.660      2.925      4.915
  -1   13      3.725     -7.626      3.781
  87   78      3.277     -4.430      6.619
  89   46     -0.979     -5.248     -9.487
  48   -2     -8.539     -4.477      6.914
  63   -2      7.624     -6.009    -10.283
  69   -2     19.443      4.797     -6.027
  85   84      0.601    -10.134    -11.849
  -1   -2     15.313     -0.928     -4.855
  -1   53    -12.013     -1.662     -3.095
  -1   -2    -16.153     -6.364     11.907
  68    3      9.372     -7.201      9.468
  -1   35     10.509     -4.103      6.944
  -1   29     10.570     -2.483    -10.522
  -1   -2     15.517     -5.164      0.653
  -1   -2      9.251     -6.822     -7.197
  -1   -2     10.816     -1.878      4.312
  -1   -2      7.001     -2.084     -3.846
  90   90     12.864     -2.809      9.432
  -1   -2     -8.460     -7.151      0.036
  -1  104      8.343     -6.606      0.246
  80   68      0.006     -2.669     -4.316
  -1  130    -13.063     -7.293      5.820
  -1  123     16.755     -7.246      3.185
  -1   -2      8.335      5.479      9.211
 112   -2     15.808     -6.671      1.742
  -1   -2     17.442     -5.449     -2.878
  -1   -2     15.517     -5.164      0.653
  -1   -2      9.251     -6.822     -7.197
  -1   -2     10.816     -1.878      4.312
  -1   -2     -8.460     -7.151      0.036
  -1   -2      0.006     -2.669     -4.316
  -1   -2     12.864     -2.809      9.432
  -1   -2      7.001     -2.084     -3.846
  -1   -2    -13.063     -7.293      5.820
  -1   -2     16.755     -7.246      3.185
  -1   -2      8.335      5.479      9.211
  -1   -2     17.442     -5.449     -2.878
  -1   -2     15.517     -5.164      0.653
  -1   -2      9.251     -6.822     -7.197
  -1   -2     10.816     -1.878      4.312
  -1   -2     12.864     -2.809      9.432
  54   63     -8.460     -7.151      0.036
  -1   -2      0.006     -2.669     -4.316
 120   -2    -13.063     -7.293      5.820
  -1   -2      7.001     -2.084     -3.846
  -1   -2      8.335      5.479      9.211
 125   -2     17.442     -5.449     -2.878
 114  125     15.517     -5.164      0.653
  -1   -2      9.251     -6.822     -7.197
  -1   -2     10.816     -1.878      4.312
  -1   -2     12.864     -2.809      9.432
  -1   -2      0.006     -2.669     -4.316
  -1   -2      7.001     -2.084     -3.846
  -1   -2      8.335      5.479      9.211
  -1   -2      9.251     -6.822     -7.197
  -1   -2     10.816     -1.878      4.312
  -1   -2      7.001     -2.084     -3.846
  -1   -2     12.864     -2.809      9.432
  -1   -2      0.006     -2.669     -4.316
  -1   -2      8.335      5.479      9.211
  -1   -2      9.251     -6.822     -7.197
  -1   -2     10.816     -1.878      4.312
  -1   -2     12.864     -2.809      9.432
  -1   -2      0.006     -2.669     -4.316
  -1   -2      8.335      5.479      9.211
  -1   -2      7.001     -2.084     -3.846
  -1   -2      9.251     -6.822     -7.197
  -1   -2     10.816     -1.878      4.312
  -1   -2      0.006     -2.669     -4.316
  -1   -2      7.001     -2.084     -3.846
  -1   -2      8.335      5.479      9.211
  -1   -2     12.864     -2.809      9.432
  -1   -2      9.251     -6.822     -7.197
  -1   -2     10.816     -1.878      4.312
  -1   -2      7.001     -2.084     -3.846
  -1   -2      0.006     -2.669     -4.316
  -1   -2      8.335      5.479      9.211
  -1   -2      9.251     -6.822     -7.197
  -1   -2     10.816     -1.878      4.312
  -1   -2      7.001     -2.084     -3.846
  -1   -2      0.006     -2.669     -4.316
  -1   -2      8.335      5.479      9.211
  -1   -2      9.251     -6.822     -7.197
  -1   -2     10.816     -1.878      4.312
  -1   -2      0.006     -2.669     -4.316
  -1   -2      7.001     -2.084     -3.846
  -1   -2      8.335      5.479      9.211
  -1   -2      9.251     -6.822     -7.197
  -1   -2     10.816     -1.878      4.312
  -1   -2      0.006     -2.669     -4.316
  -1   -2      7.001     -2.084     -3.846
  -1   -2      8.335      5.479      9.211
  -1   -2      9.251     -6.822     -7.197
  -1   -2     10.816     -1.878      4.312
  -1   -2      0.006     -2.669     -4.316
  57  188      7.001     -2.084     -3.846
  -1   -2      8.335      5.479      9.211
  -1   -2      9.251     -6.822     -7.197
  -1   -2     10.816     -1.878      4.312
  -1   -2      0.006     -2.669     -4.316
  -1   -2      8.335      5.479      9.211
  -1   -2      9.251     -6.822     -7.197
  -1   -2     10.816     -1.878      4.312
  -1   -2      0.006     -2.669     -4.316
  -1   -2      8.335      5.479      9.211
  -1   -2      9.251     -6.822     -7.197
  -1   -2     10.816     -1.878      4.312
  -1   -2      0.006     -2.669     -4.316
  -1   -2      8.335      5.479      9.211
  -1   -2      9.251     -6.822     -7.197
  -1   -2     10.816     -1.878      4.312
  -1   -2      0.006     -2.669     -4.316
  -1   -2      8.335      5.479      9.211
  -1   -2      9.251     -6.822     -7.197
  -1   -2     10.816     -1.878      4.312
  -1   -2      0.006     -2.669     -4.316
  -1   -2      8.335      5.479      9.211
  -1   -2      9.251     -6.822     -7.197
  -1   -2     10.816     -1.878      4.312
  -1   -2      0.006     -2.669     -4.316
  -1   -2      8.335      5.479      9.211
  -1   -2      9.251     -6.822     -7.197
  -1   -2     10.816     -1.878      4.312
  -1   -2      0.006     -2.669     -4.316
  -1   -2      8.335      5.479      9.211
  -1   -2      9.251     -6.822     -7.197
  -1   -2     10.816     -1.878      4.312
  -1   -2      0.006     -2.669     -4.316
  -1   -2      8.335      5.479      9.211
  -1   -2      9.251     -6.822     -7.197
  -1   -2     10.816     -1.878      4.312
  -1   -2      0.006     -2.669     -4.316
  -1   -2      8.335      5.479      9.211
  -1   -2      9.251     -6.822     -7.197
  -1   -2     10.816     -1.878      4.312
  -1   -2      0.006     -2.669     -4.316
  -1   -2      8.335      5.479      9.211
  -1   -2      9.251     -6.822     -7.197
  -1   -2     10.816     -1.878      4.312
  -1   -2      0.006     -2.669     -4.316
  -1   -2      8.335      5.479      9.211
  -1   -2      9.251     -6.822     -7.197
  -1   -2     10.816     -1.878      4.312
  -1   -2      0.006     -2.669     -4.316
  -1   -2      8.335      5.479      9.211
  -1   -2      9.251     -6.822     -7.197
  -1   -2     10.816     -1.878      4.312
  -1   -2      0.006     -2.669     -4.316
  -1   -2      8.335      5.479      9.211
  -1   -2      9.251     -6.822     -7.197
  -1   -2     10.816     -1.878      4.312
  -1   -2      0.006     -2.669     -4.316
  -1   -2      8.335      5.479      9.211
  -1   -2      9.251     -6.822     -7.197
  -1   -2     10.816     -1.878      4.312
  -1   -2      0.006     -2.669     -4.316
  -1   -2      8.335      5.479      9.211
  -1   -2      9.251     -6.822     -7.197
  -1   -2     10.816     -1.878      4.312
  -1   -2      0.006     -2.669     -4.316
  -1   -2      8.335      5.479      9.211
  -1   -2      9.251     -6.822     -7.197
  -1   -2     10.816     -1.878      4.312
  -1   -2      0.006     -2.669     -4.316
  -1   -2      8.335      5.479      9.211
  -1   -2      9.251     -6.822     -7.197
  -1   -2     10.816     -1.878      4.312
  -1   -2      0.006     -2.669     -4.316
  -1   -2      8.335      5.479      9.211
  -1   -2      9.251     -6.822     -7.197
  -1   -2     10.816     -1.878      4.312
  -1   -2      0.006     -2.669     -4.316
  -1   -2      8.335      5.479      9.211
  -1   -2      9.251     -6.822     -7.197
  -1   -2     10.816     -1.878      4.312
  -1   -2      0.006     -2.669     -4.316
  -1   -2      8.335      5.479      9.211
  -1   -2      9.251     -6.822     -7.197
  -1   -2     10.816     -1.878      4.312
  51  260      0.006     -2.669     -4.316
  -1   -2      8.335      5.479      9.211
  -1   -2      9.251     -6.822     -7.197
  -1   -2     10.816     -1.878      4.312
  -1   -2      8.335      5.479      9.211
  -1   -2      9.251     -6.822     -7.197
  -1   -2     10.816     -1.878      4.312
  -1   -2      8.335      5.479      9.211
  -1   -2      9.251     -6.822     -7.197
  -1   -2     10.816     -1.878      4.312
  -1   -2      8.335      5.479      9.211
  -1   -2      9.251     -6.822     -7.197
  -1   -2     10.816     -1.878      4.312
  -1   -2      8.335      5.479      9.211
  -1   -2      9.251     -6.822     -7.197
  -1   -2     10.816     -1.878      4.312
  -1   -2      8.335      5.479      9.211
  -1   -2      9.251     -6.822     -7.197
  -1   -2     10.816     -1.878      4.312
  -1   -2      8.335      5.479      9.211
  -1   -2      9.251     -6.822     -7.197
  -1   -2     10.816     -1.878      4.312
  -1   -2      8.335      5.479      9.211
  -1   -2      9.251     -6.822     -7.197
  -1   -2     10.816     -1.878      4.312
  -1   -2      8.335      5.479      9.211
  -1   -2      9.251     -6.822     -7.197
  -1   -2     10.816     -1.878      4.312
  -1   -2      8.335      5.479      9.211
  -1   -2      9.251     -6.822     -7.197
  -1   -2     10.816     -1.878      4.312
  -1   -2      8.335      5.479      9.211
   4  283      9.251     -6.822     -7.197
  -1   -2     10.816     -1.878      4.312
  -1   -2      8.335      5.479      9.211
  -1   -2     10.816     -1.878      4.312
  -1   -2      8.335      5.479      9.211
  -1   -2     10.816     -1.878      4.312
  -1   -2      8.335      5.479      9.211
  -1   -2     10.816     -1.878      4.312
  -1   -2      8.335      5.479      9.211
  -1   -2     10.816     -1.878      4.312
  -1   -2      8.335      5.479      9.211
  -1   -2     10.816     -1.878      4.312
  -1   -2      8.335      5.479      9.211
  -1   -2     10.816     -1.878      4.312
  -1   -2      8.335      5.479      9.211
  -1   -2     10.816     -1.878      4.312
  -1   -2      8.335      5.479      9.211
  -1   -2     10.816     -1.878      4.312
  -1   -2      8.335      5.479      9.211
  -1   -2     10.816     -1.878      4.312
  -1   -2      8.335      5.479      9.211
  -1   -2     10.816     -1.878      4.312
  -1   -2      8.335      5.479      9.211
  -1   -2     10.816     -1.878      4.312
  -1   -2      8.335      5.479      9.211
  -1   -2     10.816     -1.878      4.312
  -1   -2      8.335      5.479      9.211
  -1   -2     10.816     -1.878      4.312
  -1   -2      8.335      5.479      9.211
  -1   -2     10.816     -1.878      4.312
  -1   -2      8.335      5.479      9.211
  -1   -2     10.816     -1.878      4.312
  -1   -2      8.335      5.479      9.211
  -1   -2     10.816     -1.878      4.312
  -1   -2      8.335      5.479      9.211
  -1   -2     10.816     -1.878      4.312
  -1   -2      8.335      5.479      9.211
  -1   -2     10.816     -1.878      4.312
  -1   -2      8.335      5.479      9.211
  -1   -2     10.816     -1.878      4.312
  -1   -2      8.335      5.479      9.211
  -1   -2     10.816     -1.878      4.312
  -1   -2      8.335      5.479      9.211
  -1   -2     10.816     -1.878      4.312
  -1   -2      8.335      5.479      9.211
  -1   -2     10.816     -1.878      4.312
  -1   -2      8.335      5.479      9.211
  -1   -2     10.816     -1.878      4.312
  -1   -2      8.335      5.479      9.211
  -1   -2     10.816     -1.878      4.312
  -1   -2      8.335      5.479      9.211
  -1   -2     10.816     -1.878      4.312
  -1   -2      8.335      5.479      9.211
  -1   -2     10.816     -1.878      4.312
  -1   -2      8.335      5.479      9.211
  -1   -2     10.816     -1.878      4.312
  -1   -2      8.335      5.479      9.211
  -1   -2     10.816     -1.878      4.312
  -1   -2      8.335      5.479      9.211
  -1   -2     10.816     -1.878      4.312
  -1   -2      8.335      5.479      9.211
  -1   -2     10.816     -1.878      4.312
  -1   -2      8.335      5.479      9.211
  -1   -2     10.816     -1.878      4.312
  -1   -2      8.335      5.479      9.211
  -1   -2     10.816     -1.878      4.312
  -1   -2      8.335      5.479      9.211
  -1   -2     10.816     -1.878      4.312
  -1   -2      8.335      5.479      9.211
  -1   -2     10.816     -1.878      4.312
  -1   -2      8.335      5.479      9.211
  -1   -2     10.816     -1.878      4.312
  -1   -2      8.335      5.479      9.211
  -1   -2     10.816     -1.878      4.312
  -1   -2      8.335      5.479      9.211
  -1   -2     10.816     -1.878      4.312
  -1   -2      8.335      5.479      9.211
  -1   -2     10.816     -1.878      4.312
  -1   -2      8.335      5.479      9.211
  -1   -2     10.816     -1.878      4.312
  -1   -2      8.335      5.479      9.211
  -1   -2     10.816     -1.878      4.312
  -1   -2      8.335      5.479      9.211
  -1   -2     10.816     -1.878      4.312
  -1   -2      8.335      5.479      9.211
  -1   -2     10.816     -1.878      4.312
  -1   -2      8.335      5.479      9.211
  -1   -2     10.816     -1.878      4.312
 374  383      8.335      5.479      9.211
  -1   -2     10.816     -1.878      4.312
  -1   -2     10.816     -1.878      4.312
  -1   -2     10.816     -1.878      4.312
  -1   -2     10.816     -1.878      4.312
 377   -2     10.816     -1.878      4.312
