367
   0   -2      8.183     -8.319     -0.667
  84    1     14.023     -2.031     -4.668
   2    2     14.002     -9.322      0.806
   3    3     12.276     -7.818      8.392
 292   -2      5.645     -4.395     -6.184
  -1  246      9.201     -6.827     -7.183
  70   -2     11.560     -5.217      1.677
  14   59     -3.548    -10.060     -7.815
  52   -2      3.480     -8.375      5.050
  10    8     13.344     -8.705      7.951
  -1    9     -7.676     -6.228     -7.661
  12    6     11.179     -5.324      2.820
  -1   -2     -2.331    -10.859     -7.395
  -1   -2     10.642     -1.862      4.744
  17   -2      4.132     -7.924      7.227
  13   -2      5.255     -8.544     -3.480
  25   20     -3.900    -11.012     -4.013
  90   33     17.530     -8.021      1.338
   7   15      5.340     -8.330      5.234
  -1   22     11.388     -9.027     -3.981
  19   -2     -3.580     -6.381     -4.026
  23   23     10.851     -6.252     -7.086
  46   -2     10.379     -0.422      5.509
  -1   -2     -5.212    -10.589     -0.196
  49   25     16.290     -8.455      2.251
  26   24     11.598     -6.631     -5.122
  -1   58     -8.762    -10.641      5.447
  86   -2     15.976     -3.759     -8.539
   8   -2     12.132     -9.427     -1.433
  29   -2      6.638     -7.348     -3.027
  28   -2     13.170     -9.099     -1.818
  37   28     11.241     -8.483     -3.698
  31   32     17.086     -8.327     -3.596
  16   31      9.462     -3.272      7.656
  32   72      8.323      0.925     10.712
  33   29      1.220     -9.863      8.892
  34   71     16.823    -10.560      1.346
  27   81     15.897     -9.145      6.243
  36   36     -1.666     -9.642     10.647
  -1   17     -3.002     -9.281     10.368
  85   34     -8.461     -7.152      0.032
  -1  290      7.000     -2.082     -3.851
  50   30      7.978     -6.841     -6.713
  -1   -2      0.005     -2.670     -4.317
  63   -2     -9.373     -3.433      3.287
  -1   -2    -13.058     -7.295      5.795
  44   44    -12.585     -9.469     -4.246
  -1   -2      1.415     -7.696     -8.751
  -1   -2      8.346     -6.603      0.240
  -1   -2      8.334      5.479      9.212
  -1   70     15.810     -6.673      1.743
  -1   -2      5.857     -6.498    -10.295
  53   52     -6.446     -5.418     10.211
  54   -2     17.585      3.831    -12.359
  -1   54     -8.359     -5.173     -7.045
  93   10     -1.472     -8.037      3.486
  89  123     16.057     -4.925      3.209
  -1   -2     20.060      3.948     -5.039
  67   -2     -2.274     -4.273      1.327
  -1   27      4.210     -9.359     -5.588
  -1   56    -11.330     -5.748     10.961
  -1    0     10.844     -9.119      2.077
  65   16     16.539     -7.199      2.467
  11   -2     -7.600    -10.230     -9.705
  -1   -2     -6.721     -7.481      8.778
  38   61    -11.224     -3.949     -1.977
  59   -2      0.019     -9.057      0.608
  77   60      1.959     -3.565      3.877
  97    7     -3.505    -10.442     -2.669
  -1   -2      9.240     -1.744     -2.383
  69   64     12.783     -6.126    -10.439
  71   66     -5.307      1.390      6.771
  76   51    -11.710     -5.910     -1.259
  -1   62     17.880      0.006     -2.877
  91  124     -8.115     -8.585      4.678
  -1   -2     17.439     -5.451     -2.871
  -1   -2     -4.241     -1.749     -9.528
  -1   -2     -9.406    -10.991     -9.854
  80   -2      3.728     -7.624      3.780
  79   77      6.698     -6.853     10.135
  73   -2     -0.986     -5.242     -9.488
  -1   -2      3.338      5.960      1.990
  -1   63      3.274     -4.438      6.618
  62   -2      7.602     -9.529     -5.200
  66   -2     15.314     -0.929     -4.848
  -1   -2     10.791     -3.824     10.167
  -1   47     17.446    -10.751     -9.559
  64   -2    -12.484     -5.671     -1.585
  -1   -2      4.852     -2.622      4.668
  82  139      0.612    -10.136    -11.899
  21   46     18.822    -10.027     -1.898
  -1   82      7.620     -6.009    -10.265
 132   -2     14.837     -7.961      0.296
 109   -2     -6.614     -4.116     -7.887
  22   -2     -4.113     -7.439      1.377
  87   55     19.431      4.794     -5.995
  -1   26     16.922     -6.416     -9.388
  -1   -2     22.529     -8.240     10.735
  88   -2     10.517     -4.101      6.953
  -1   14      1.862     -8.753      9.184
  94   90     10.568     -2.486    -10.519
  74   -2     18.576     -4.777     -6.452
  -1   -2      9.249     -6.820     -7.191
  -1  353     10.812     -1.874      4.320
  -1   -2      8.346     -6.603      0.240
  -1   -2      0.005     -2.670     -4.317
  -1   -2    -13.058     -7.295      5.795
  -1   -2      1.415     -7.696     -8.751
  -1   -2      7.000     -2.082     -3.851
  -1   21      8.334      5.479      9.212
  -1   -2     15.810     -6.673      1.743
  58  103     20.060      3.948     -5.039
  -1   69     -6.721     -7.481      8.778
  -1   -2     17.439     -5.451     -2.871
  -1   87     -4.241     -1.749     -9.528
  -1   -2      9.249     -6.820     -7.191
  -1   -2     -2.429    -10.837     -7.084
  -1   -2     10.812     -1.874      4.320
  -1   -2      0.005     -2.670     -4.317
  -1   -2    -13.058     -7.295      5.795
  -1   -2      1.415     -7.696     -8.751
  -1   -2      8.346     -6.603      0.240
  -1   -2      8.334      5.479      9.212
  -1   -2      7.000     -2.082     -3.851
  -1   75     15.810     -6.673      1.743
 121   -2     -6.721     -7.481      8.778
  -1   -2     17.439     -5.451     -2.871
  -1   -2     -4.241     -1.749     -9.528
  -1   -2      9.249     -6.820     -7.191
  -1   -2     10.812     -1.874      4.320
  -1   -2      0.005     -2.670     -4.317
  -1   -2    -13.058     -7.295      5.795
  -1   -2      8.346     -6.603      0.240
  -1   -2      7.000     -2.082     -3.851
 100   48      1.415     -7.696     -8.751
  -1   -2      8.334      5.479      9.212
 122   67     -4.241     -1.749     -9.528
  -1   -2      9.249     -6.820     -7.191
  -1   -2     10.812     -1.874      4.320
  -1   -2      7.000     -2.082     -3.851
  -1   -2      0.005     -2.670     -4.317
  -1   -2    -13.058     -7.295      5.795
  -1   -2      8.346     -6.603      0.240
  -1   -2      8.334      5.479      9.212
  -1   -2     -2.429    -10.837     -7.084
 111   -2     -2.429    -10.837     -7.084
  -1   -2      9.249     -6.820     -7.191
  -1   -2     10.812     -1.874      4.320
  -1   -2      7.000     -2.082     -3.851
  -1   -2      0.005     -2.670     -4.317
  -1   -2      8.346     -6.603      0.240
  -1   -2    -13.058     -7.295      5.795
  -1   -2      8.334      5.479      9.212
  -1   -2      9.249     -6.820     -7.191
  -1   -2     10.812     -1.874      4.320
  -1   -2      0.005     -2.670     -4.317
  -1   -2    -13.058     -7.295      5.795
  -1   -2      7.000     -2.082     -3.851
  -1   -2      8.346     -6.603      0.240
  -1   -2      8.334      5.479      9.212
  -1   -2      9.249     -6.820     -7.191
  -1   -2     10.812     -1.874      4.320
  -1   -2      7.000     -2.082     -3.851
  -1   -2      0.005     -2.670     -4.317
  -1   -2    -13.058     -7.295      5.795
  -1   -2      8.334      5.479      9.212
  -1   -2      9.249     -6.820     -7.191
  -1   -2     10.812     -1.874      4.320
  -1   -2      7.000     -2.082     -3.851
  -1   -2      0.005     -2.670     -4.317
  -1   -2    -13.058     -7.295      5.795
  -1   -2      8.334      5.479      9.212
  -1   -2      9.249     -6.820     -7.191
  -1   -2     10.812     -1.874      4.320
  -1   -2      0.005     -2.670     -4.317
  -1   -2    -13.058     -7.295      5.795
  -1   -2      8.334      5.479      9.212
  -1   -2      7.000     -2.082     -3.851
  -1   -2      9.249     -6.820     -7.191
  -1   -2     10.812     -1.874      4.320
  -1   -2      7.000     -2.082     -3.851
  -1   -2      0.005     -2.670     -4.317
  -1   -2    -13.058     -7.295      5.795
  -1   -2      8.334      5.479      9.212
  -1   -2      9.249     -6.820     -7.191
  -1   -2     10.812     -1.874      4.320
  -1   -2      7.000     -2.082     -3.851
  -1   -2      0.005     -2.670     -4.317
  -1   -2    -13.058     -7.295      5.795
  -1   -2      8.334      5.479      9.212
  -1   -2      9.249     -6.820     -7.191
  -1   -2     10.812     -1.874      4.320
  -1   -2      0.005     -2.670     -4.317
  -1   -2    -13.058     -7.295      5.795
  -1   -2      8.334      5.479      9.212
  -1   -2      7.000     -2.082     -3.851
  -1   -2      9.249     -6.820     -7.191
  -1   -2     10.812     -1.874      4.320
  -1   -2      7.000     -2.082     -3.851
  41  198      0.005     -2.670     -4.317
  -1   -2    -13.058     -7.295      5.795
  -1   -2      8.334      5.479      9.212
  -1   -2      9.249     -6.820     -7.191
  -1   -2     10.812     -1.874      4.320
  -1   -2    -13.058     -7.295      5.795
  -1   -2      7.000     -2.082     -3.851
  -1   -2      8.334      5.479      9.212
  -1   -2      9.249     -6.820     -7.191
  -1   -2     10.812     -1.874      4.320
  -1   -2      7.000     -2.082     -3.851
  -1   -2    -13.058     -7.295      5.795
  -1   -2      8.334      5.479      9.212
  -1   -2      9.249     -6.820     -7.191
  -1   -2     10.812     -1.874      4.320
  -1   -2      7.000     -2.082     -3.851
  -1   -2    -13.058     -7.295      5.795
  -1   -2      8.334      5.479      9.212
  -1   -2      9.249     -6.820     -7.191
  -1   -2     10.812     -1.874      4.320
  -1   -2      7.000     -2.082     -3.851
  -1   -2    -13.058     -7.295      5.795
  -1   -2      8.334      5.479      9.212
  -1   -2      9.249     -6.820     -7.191
  -1   -2     10.812     -1.874      4.320
  -1   -2    -13.058     -7.295      5.795
  -1   -2      8.334      5.479      9.212
  -1   -2      7.000     -2.082     -3.851
  -1   -2      9.249     -6.820     -7.191
  -1   -2     10.812     -1.874      4.320
 219  219    -13.058     -7.295      5.795
  -1   -2      8.334      5.479      9.212
  -1   -2      7.000     -2.082     -3.851
  -1   -2      9.249     -6.820     -7.191
  -1   -2     10.812     -1.874      4.320
  -1   -2      8.334      5.479      9.212
  -1   -2      7.000     -2.082     -3.851
  -1   -2      9.249     -6.820     -7.191
  -1   -2     10.812     -1.874      4.320
  -1   -2      7.000     -2.082     -3.851
  -1   -2      8.334      5.479      9.212
  -1   -2      9.249     -6.820     -7.191
  -1   -2     10.812     -1.874      4.320
  -1   -2      7.000     -2.082     -3.851
  -1   -2      8.334      5.479      9.212
  -1   -2      9.249     -6.820     -7.191
  -1   -2     10.812     -1.874      4.320
  -1   -2      7.000     -2.082     -3.851
  -1   -2      8.334      5.479      9.212
   5   -2      9.249     -6.820     -7.191
  -1   -2     10.812     -1.874      4.320
  -1   -2      7.000     -2.082     -3.851
  -1   -2      8.334      5.479      9.212
  -1   -2     10.812     -1.874      4.320
  -1   -2      7.000     -2.082     -3.851
  -1   -2      8.334      5.479      9.212
  -1   -2     10.812     -1.874      4.320
  -1   -2      7.000     -2.082     -3.851
  -1   -2      8.334      5.479      9.212
  -1   -2     10.812     -1.874      4.320
  -1   -2      7.000     -2.082     -3.851
  -1   -2      8.334      5.479      9.212
  -1   -2     10.812     -1.874      4.320
  -1   -2      7.000     -2.082     -3.851
  -1   -2      8.334      5.479      9.212
  -1   -2     10.812     -1.874      4.320
  -1   -2      7.000     -2.082     -3.851
  -1   -2      8.334      5.479      9.212
  -1   -2     10.812     -1.874      4.320
  -1   -2      7.000     -2.082     -3.851
  -1   -2      8.334      5.479      9.212
  -1   -2     10.812     -1.874      4.320
  -1   -2      8.334      5.479      9.212
  -1   -2      7.000     -2.082     -3.851
  -1   -2     10.812     -1.874      4.320
  -1   -2      8.334      5.479      9.212
  -1   -2      7.000     -2.082     -3.851
  -1   -2     10.812     -1.874      4.320
  -1   -2      8.334      5.479      9.212
  -1   -2      7.000     -2.082     -3.851
  -1   -2     10.812     -1.874      4.320
  -1   -2      7.000     -2.082     -3.851
  -1   -2      8.334      5.479      9.212
  -1   -2     10.812     -1.874      4.320
  -1   -2      7.000     -2.082     -3.851
  -1   -2      8.334      5.479      9.212
  -1   -2     10.812     -1.874      4.320
  -1   -2      7.000     -2.082     -3.851
  -1   -2      8.334      5.479      9.212
  -1   -2     10.812     -1.874      4.320
  -1   -2      7.000     -2.082     -3.851
  -1   -2      8.334      5.479      9.212
  -1   -2     10.812     -1.874      4.320
  -1   -2      7.000     -2.082     -3.851
  -1   -2      8.334      5.479      9.212
  -1   -2     10.812     -1.874      4.320
  -1   -2      7.000     -2.082     -3.851
  -1   -2      8.334      5.479      9.212
  -1   -2     10.812     -1.874      4.320
  -1   -2      7.000     -2.082     -3.851
  -1   -2      8.334      5.479      9.212
  -1   -2     10.812     -1.874      4.320
  -1   -2      7.000     -2.082     -3.851
  -1   -2      8.334      5.479      9.212
  -1   -2     10.812     -1.874      4.320
  -1   -2      7.000     -2.082     -3.851
  -1   -2      8.334      5.479      9.212
  -1   -2     10.812     -1.874      4.320
  -1   -2      8.334      5.479      9.212
  -1   -2      7.000     -2.082     -3.851
  -1   -2     10.812     -1.874      4.320
  -1   -2      7.000     -2.082     -3.851
  -1   -2      8.334      5.479      9.212
  -1   -2     10.812     -1.874      4.320
  -1   -2      8.334      5.479      9.212
  -1   -2      7.000     -2.082     -3.851
  -1   -2     10.812     -1.874      4.320
  47   -2      7.000     -2.082     -3.851
  -1   -2      8.334      5.479      9.212
  -1   -2     10.812     -1.874      4.320
  -1   -2      8.334      5.479      9.212
  -1   -2     10.812     -1.874      4.320
  -1   -2      8.334      5.479      9.212
  -1   -2     10.812     -1.874      4.320
  -1   -2      8.334      5.479      9.212
  -1   -2     10.812     -1.874      4.320
  -1   -2      8.334      5.479      9.212
  -1   -2     10.812     -1.874      4.320
  -1   -2      8.334      5.479      9.212
  -1   -2     10.812     -1.874      4.320
  -1   -2      8.334      5.479      9.212
  -1   -2     10.812     -1.874      4.320
  -1   -2      8.334      5.479      9.212
  -1   -2     10.812     -1.874      4.320
  -1   -2      8.334      5.479      9.212
  -1   -2     10.812     -1.874      4.320
  -1   -2      8.334      5.479      9.212
  -1   -2     10.812     -1.874      4.320
  -1   -2      8.334      5.479      9.212
  -1   -2     10.812     -1.874      4.320
  -1   -2      8.334      5.479      9.212
  -1   -2     10.812     -1.874      4.320
  -1   -2      8.334      5.479      9.212
  -1   -2     10.812     -1.874      4.320
  -1   -2      8.334      5.479      9.212
  -1   -2     10.812     -1.874      4.320
  -1   -2      8.334      5.479      9.212
  -1   -2     10.812     -1.874      4.320
  -1   -2      8.334      5.479      9.212
  -1   -2     10.812     -1.874      4.320
  -1   -2      8.334      5.479      9.212
  -1   -2     10.812     -1.874      4.320
  -1   -2      8.334      5.479      9.212
  -1   -2     10.812     -1.874      4.320
  -1   -2      8.334      5.479      9.212
  -1   -2     10.812     -1.874      4.320
  -1   -2      8.334      5.479      9.212
  -1   -2     10.812     -1.874      4.320
  -1   -2      8.334      5.479      9.212
  -1   -2     10.812     -1.874      4.320
  -1   -2      8.334      5.479      9.212
  -1   -2     10.812     -1.874      4.320
  -1   -2      8.334      5.479      9.212
  -1   -2     10.812     -1.874      4.320
  -1   -2      8.334      5.479      9.212
  -1   -2     10.812     -1.874      4.320
  -1   -2     10.812     -1.874      4.320
 354   94     10.812     -1.874      4.320
