349
  34   14     -2.765    -10.284     -5.547
   9   -2      8.183     -8.316     -0.654
   1    1     14.022     -2.033     -4.657
  -1   28     14.008     -9.322      0.810
  21    3     12.283     -7.818      8.398
   3   -2      5.644     -4.395     -6.190
 240  246      9.203     -6.827     -7.184
   6   -2     13.342     -8.706      7.948
  80   -2     -7.676     -6.229     -7.666
  11    7      3.836     -8.007      8.237
  -1   -2     11.181     -5.323      2.828
  -1   25     -3.640    -10.090     -7.940
  -1   -2     10.634     -1.863      4.770
  -1   -2     11.075     -5.290      0.068
  -1   -2     -3.275    -10.982     -3.506
  14   18     17.531     -8.022      1.337
  18   15      5.446     -8.537     -2.883
  26    4     -5.850    -10.915     -0.214
  28   -2     11.136     -9.014     -3.335
 110   -2     -3.589     -6.378     -4.045
  -1   21     19.725     -9.368     -8.890
  -1   -2     12.280     -5.430      1.632
  38   -2     -1.613    -10.122     -6.024
  22   23     10.850     -6.252     -7.079
  17   -2     -3.784     -8.574     -3.138
  24   24     15.961     -3.758     -8.498
  59   -2     16.292     -8.455      2.248
  23   26     11.603     -6.632     -5.130
  25   29      6.632     -7.348     -3.042
  -1   35      1.280    -10.848      4.332
  -1   20     13.173     -9.096     -1.832
   2   -2     11.250     -8.485     -3.722
  31   88      9.448     -3.280      7.697
  86   27     17.088     -8.330     -3.594
  32   -2      9.130    -10.267     -5.699
  55   30      7.973     -6.842     -6.730
  -1   19     -5.322     -4.854     -9.863
  -1   -2     -0.775     -7.760     -6.634
  -1   -2      8.344     -6.608      0.245
  -1   -2      0.006     -2.670     -4.316
  -1   -2    -13.065     -7.294      5.813
  -1   10     12.198     -8.911      8.630
  40   -2     16.752     -7.245      3.195
  44   44    -12.586     -9.471     -4.249
  -1   -2      1.414     -7.698     -8.748
  -1   -2      7.002     -2.086     -3.825
  47   32      8.569      1.021     10.053
  -1   -2      8.333      5.479      9.213
  -1  132     16.061     -4.918      3.201
  39   93     -9.139     -6.923      2.337
  49   -2    -12.223     -5.749     -2.482
  -1   37      5.850     -6.498    -10.317
  30   86     17.900     -7.885     -6.984
  -1   33     -0.270     -9.390     10.237
  -1   74     15.810     -6.672      1.750
  56   53     -6.445     -5.419     10.211
  -1   75    -11.052    -10.513      0.866
  53   92     -8.357     -5.172     -7.042
  52   54     17.521      3.818    -12.197
  -1   58     20.060      3.948     -5.035
 111  121     -6.719     -7.481      8.783
 112   11     -6.325     -4.143     -7.143
  -1   -2     -1.856    -10.443      1.650
  65   64    -11.222     -3.949     -1.978
  -1   -2     17.438     -5.453     -2.866
  63   -2     17.877      0.005     -2.871
  -1  292      9.240     -1.747     -2.381
  78   -2      1.958     -3.567      3.880
  46    8     10.660     -0.356      4.840
  -1   -2     12.782     -6.127    -10.434
  -1   59     -4.478      1.067      4.084
  -1   -2     -4.240     -1.755     -9.536
  62   48     -8.129     -8.587      4.648
  -1   22     -9.405    -10.990     -9.849
  67   62      8.419     -9.506     -6.726
  69   17      3.274     -4.435      6.625
 102  126      0.157     -5.007     -6.224
  -1   -2      3.723     -7.624      3.767
  -1   79      6.700     -6.853     10.124
  79   78     12.143      2.362      9.739
  83   83      7.623     -6.009    -10.278
  88   84     15.315     -0.930     -4.846
  20   67      4.848     -2.624      4.682
  84   89     16.917     -3.730      3.902
  -1   82      0.599    -10.135    -11.835
  87   87     19.432      4.794     -5.998
  -1   12     10.512     -4.099      6.945
  92   94     10.565     -2.488    -10.518
  93   -2     18.577     -4.777     -6.456
  -1   77      5.123    -10.888      3.474
  -1   -2      9.250     -6.821     -7.190
  -1  111     -2.362    -10.342     -7.330
  -1   -2     10.783     -1.876      4.396
  -1   -2     -0.775     -7.760     -6.634
 192  198      0.006     -2.670     -4.316
  -1   -2    -13.065     -7.294      5.813
  -1   -2      1.414     -7.698     -8.748
  -1    0      8.344     -6.608      0.245
  -1   70      8.333      5.479      9.213
  -1   -2      7.002     -2.086     -3.825
  -1   -2     15.810     -6.672      1.750
  -1   -2     16.061     -4.918      3.201
  51   -2    -11.052    -10.513      0.866
  -1   -2     -6.719     -7.481      8.783
  -1   -2     17.438     -5.453     -2.866
  -1   81     -4.240     -1.755     -9.536
  -1   -2      9.250     -6.821     -7.190
  -1   -2     10.783     -1.876      4.396
  -1   -2      0.006     -2.670     -4.316
  58   -2     -0.775     -7.760     -6.634
  -1   -2    -13.065     -7.294      5.813
  -1   -2      8.344     -6.608      0.245
  -1   -2      7.002     -2.086     -3.825
  -1   -2      1.414     -7.698     -8.748
  -1   -2      8.333      5.479      9.213
  54   -2     16.061     -4.918      3.201
  48   95     17.438     -5.453     -2.866
 125  122     -4.240     -1.755     -9.536
  -1   -2      9.250     -6.821     -7.190
  -1   -2     10.783     -1.876      4.396
  -1   -2      7.002     -2.086     -3.825
  -1   -2      0.006     -2.670     -4.316
  -1   -2    -13.065     -7.294      5.813
  -1   -2      8.344     -6.608      0.245
  -1   -2      8.333      5.479      9.213
  -1   -2     -2.362    -10.342     -7.330
  98   -2     -2.362    -10.342     -7.330
  -1   -2      9.250     -6.821     -7.190
  -1   -2     10.783     -1.876      4.396
  -1   -2      7.002     -2.086     -3.825
  -1   -2      0.006     -2.670     -4.316
  -1   -2      8.344     -6.608      0.245
  -1   -2    -13.065     -7.294      5.813
  -1   -2      8.333      5.479      9.213
  -1   -2      9.250     -6.821     -7.190
  -1   -2     10.783     -1.876      4.396
  -1   -2      0.006     -2.670     -4.316
  -1   -2    -13.065     -7.294      5.813
  -1   -2      7.002     -2.086     -3.825
  -1   -2      8.344     -6.608      0.245
  -1   -2      8.333      5.479      9.213
  -1   -2      9.250     -6.821     -7.190
  -1   -2     10.783     -1.876      4.396
  -1   -2      7.002     -2.086     -3.825
  -1   -2      0.006     -2.670     -4.316
  -1   -2    -13.065     -7.294      5.813
  -1   -2      8.333      5.479      9.213
  -1   -2      9.250     -6.821     -7.190
  -1   -2     10.783     -1.876      4.396
  -1   -2      7.002     -2.086     -3.825
  -1   -2      0.006     -2.670     -4.316
  -1   -2    -13.065     -7.294      5.813
  -1   -2      8.333      5.479      9.213
  -1   -2      9.250     -6.821     -7.190
  -1   -2     10.783     -1.876      4.396
  -1   -2      0.006     -2.670     -4.316
  -1   -2    -13.065     -7.294      5.813
  -1   -2      8.333      5.479      9.213
  -1   -2      7.002     -2.086     -3.825
  -1   -2      9.250     -6.821     -7.190
  -1   -2     10.783     -1.876      4.396
  -1   -2      7.002     -2.086     -3.825
  -1   -2      0.006     -2.670     -4.316
  -1   -2    -13.065     -7.294      5.813
  -1   -2      8.333      5.479      9.213
  -1   -2      9.250     -6.821     -7.190
  -1   -2     10.783     -1.876      4.396
  -1   -2      7.002     -2.086     -3.825
  -1   -2      0.006     -2.670     -4.316
  -1   -2    -13.065     -7.294      5.813
  -1   -2      8.333      5.479      9.213
  -1   -2      9.250     -6.821     -7.190
  -1   -2     10.783     -1.876      4.396
  -1   -2      0.006     -2.670     -4.316
  -1   -2    -13.065     -7.294      5.813
  -1   -2      8.333      5.479      9.213
  -1   -2      7.002     -2.086     -3.825
  -1   -2      9.250     -6.821     -7.190
  -1   -2     10.783     -1.876      4.396
  -1   -2      7.002     -2.086     -3.825
  -1   -2      0.006     -2.670     -4.316
  -1   -2    -13.065     -7.294      5.813
  -1   -2      8.333      5.479      9.213
  -1   -2      9.250     -6.821     -7.190
  -1   -2     10.783     -1.876      4.396
  73    6      0.006     -2.670     -4.316
  -1   -2    -13.065     -7.294      5.813
  -1   -2      7.002     -2.086     -3.825
  -1   -2      8.333      5.479      9.213
  -1   -2      9.250     -6.821     -7.190
  -1   -2     10.783     -1.876      4.396
  -1   -2      7.002     -2.086     -3.825
  -1   -2    -13.065     -7.294      5.813
  -1   -2      8.333      5.479      9.213
  -1   -2      9.250     -6.821     -7.190
  -1   -2     10.783     -1.876      4.396
  -1   -2      7.002     -2.086     -3.825
  -1   -2    -13.065     -7.294      5.813
  -1   -2      8.333      5.479      9.213
  -1   -2      9.250     -6.821     -7.190
  -1   -2     10.783     -1.876      4.396
  -1   -2      7.002     -2.086     -3.825
  -1   -2    -13.065     -7.294      5.813
  -1   -2      8.333      5.479      9.213
  -1   -2      9.250     -6.821     -7.190
  -1   -2     10.783     -1.876      4.396
  -1   -2    -13.065     -7.294      5.813
  -1   -2      8.333      5.479      9.213
  -1   -2      7.002     -2.086     -3.825
  -1   -2      9.250     -6.821     -7.190
  -1   -2     10.783     -1.876      4.396
 104  219    -13.065     -7.294      5.813
  -1   -2      8.333      5.479      9.213
  -1   -2      7.002     -2.086     -3.825
  -1   -2      9.250     -6.821     -7.190
  -1   -2     10.783     -1.876      4.396
  -1   -2      8.333      5.479      9.213
  -1   -2      7.002     -2.086     -3.825
  -1   -2      9.250     -6.821     -7.190
  -1   -2     10.783     -1.876      4.396
  -1   -2      7.002     -2.086     -3.825
  -1   -2      8.333      5.479      9.213
  -1   -2      9.250     -6.821     -7.190
  -1   -2     10.783     -1.876      4.396
  -1   -2      7.002     -2.086     -3.825
  -1   -2      8.333      5.479      9.213
  -1   -2      9.250     -6.821     -7.190
  -1   -2     10.783     -1.876      4.396
  -1   -2      7.002     -2.086     -3.825
  -1   -2      8.333      5.479      9.213
   4   -2      9.250     -6.821     -7.190
  -1   -2     10.783     -1.876      4.396
  -1   -2      7.002     -2.086     -3.825
  -1   -2      8.333      5.479      9.213
  -1   -2     10.783     -1.876      4.396
  -1   -2      7.002     -2.086     -3.825
  -1   -2      8.333      5.479      9.213
  -1   -2     10.783     -1.876      4.396
  -1   -2      7.002     -2.086     -3.825
  -1   -2      8.333      5.479      9.213
  -1   -2     10.783     -1.876      4.396
  -1   -2      7.002     -2.086     -3.825
  -1   -2      8.333      5.479      9.213
  -1   -2     10.783     -1.876      4.396
  -1   -2      7.002     -2.086     -3.825
  -1   -2      8.333      5.479      9.213
  -1   -2     10.783     -1.876      4.396
  -1   -2      7.002     -2.086     -3.825
  -1   -2      8.333      5.479      9.213
  -1   -2     10.783     -1.876      4.396
  -1   -2      7.002     -2.086     -3.825
  -1   -2      8.333      5.479      9.213
  -1   -2     10.783     -1.876      4.396
  -1   -2      8.333      5.479      9.213
  -1   -2      7.002     -2.086     -3.825
  -1   -2     10.783     -1.876      4.396
  -1   -2      8.333      5.479      9.213
  -1   -2      7.002     -2.086     -3.825
  -1   -2     10.783     -1.876      4.396
  -1   -2      8.333      5.479      9.213
  -1   -2      7.002     -2.086     -3.825
  -1   -2     10.783     -1.876      4.396
  -1   -2      7.002     -2.086     -3.825
  -1   -2      8.333      5.479      9.213
  -1   -2     10.783     -1.876      4.396
  -1   -2      7.002     -2.086     -3.825
  -1   -2      8.333      5.479      9.213
  -1   -2     10.783     -1.876      4.396
  -1   -2      7.002     -2.086     -3.825
  -1   -2      8.333      5.479      9.213
  -1   -2     10.783     -1.876      4.396
  -1   -2      7.002     -2.086     -3.825
  -1   -2      8.333      5.479      9.213
  -1   -2     10.783     -1.876      4.396
  -1   -2      7.002     -2.086     -3.825
  -1   -2      8.333      5.479      9.213
  -1   -2     10.783     -1.876      4.396
  -1   -2      7.002     -2.086     -3.825
  -1   -2      8.333      5.479      9.213
  -1   -2     10.783     -1.876      4.396
  -1   -2      7.002     -2.086     -3.825
  -1   -2      8.333      5.479      9.213
  -1   -2     10.783     -1.876      4.396
  -1   -2      7.002     -2.086     -3.825
  -1   -2      8.333      5.479      9.213
  -1   -2     10.783     -1.876      4.396
  -1   -2      7.002     -2.086     -3.825
  -1   -2      8.333      5.479      9.213
  -1   -2     10.783     -1.876      4.396
  -1   -2      8.333      5.479      9.213
  -1   -2      7.002     -2.086     -3.825
  -1   -2     10.783     -1.876      4.396
  -1   -2      7.002     -2.086     -3.825
  -1   -2      8.333      5.479      9.213
  -1   -2     10.783     -1.876      4.396
  -1   -2      8.333      5.479      9.213
  -1   -2      7.002     -2.086     -3.825
  -1   -2     10.783     -1.876      4.396
 286   68      7.002     -2.086     -3.825
  -1   -2      8.333      5.479      9.213
  -1   -2     10.783     -1.876      4.396
  -1   -2      8.333      5.479      9.213
  -1   -2     10.783     -1.876      4.396
  -1   -2      8.333      5.479      9.213
  -1   -2     10.783     -1.876      4.396
  -1   -2      8.333      5.479      9.213
  -1   -2     10.783     -1.876      4.396
  -1   -2      8.333      5.479      9.213
  -1   -2     10.783     -1.876      4.396
  -1   -2      8.333      5.479      9.213
  -1   -2     10.783     -1.876      4.396
  -1   -2      8.333      5.479      9.213
  -1   -2     10.783     -1.876      4.396
  -1   -2      8.333      5.479      9.213
  -1   -2     10.783     -1.876      4.396
  -1   -2      8.333      5.479      9.213
  -1   -2     10.783     -1.876      4.396
  -1   -2      8.333      5.479      9.213
  -1   -2     10.783     -1.876      4.396
  -1   -2      8.333      5.479      9.213
  -1   -2     10.783     -1.876      4.396
  -1   -2      8.333      5.479      9.213
  -1   -2     10.783     -1.876      4.396
  -1   -2      8.333      5.479      9.213
  -1   -2     10.783     -1.876      4.396
  -1   -2      8.333      5.479      9.213
  -1   -2     10.783     -1.876      4.396
  -1   -2      8.333      5.479      9.213
  -1   -2     10.783     -1.876      4.396
  -1   -2      8.333      5.479      9.213
  -1   -2     10.783     -1.876      4.396
  -1   -2      8.333      5.479      9.213
  -1   -2     10.783     -1.876      4.396
  -1   -2      8.333      5.479      9.213
  -1   -2     10.783     -1.876      4.396
  -1   -2      8.333      5.479      9.213
  -1   -2     10.783     -1.876      4.396
  -1   -2      8.333      5.479      9.213
  -1   -2     10.783     -1.876      4.396
  -1   -2      8.333      5.479      9.213
  -1   -2     10.783     -1.876      4.396
  -1   -2      8.333      5.479      9.213
  -1   -2     10.783     -1.876      4.396
  -1   -2      8.333      5.479      9.213
  -1   -2     10.783     -1.876      4.396
  -1   -2      8.333      5.479      9.213
  -1   -2     10.783     -1.876      4.396
  -1   -2     10.783     -1.876      4.396
  12  354     10.783     -1.876      4.396
