163
  16    0      8.180     -8.318     -0.667
  92    1     14.019     -2.034     -4.650
  51    4     15.418     -5.654      1.585
  -1   43      9.204     -6.828     -7.185
  -1   -2      5.643     -4.397     -6.196
  67   -2     11.556     -5.225      1.666
  -1   -2      2.378     -7.005      2.410
   9    9     11.119     -9.688     -2.840
  10   -2     -7.674     -6.229     -7.661
  12   -2     11.182     -5.325      2.826
  35   -2     17.839     -8.466     -0.977
  99   25      6.767     -8.595      0.287
   4   57     12.516     -8.782      5.220
  -1   -2     10.634     -1.864      4.771
  21   -2     -3.098     -8.520     -8.075
  55   31      7.867     -6.884     -6.950
  23   -2     16.691     -3.118    -10.420
  -1   19      8.345    -10.334     -4.820
  -1   22     -3.588     -6.380     -4.040
  22   21     17.531     -8.024      1.332
 110    8     10.385     -0.421      5.499
  26    5     15.966     -3.758     -8.506
  34   23     12.844     -9.030     -1.002
  24   24     -4.925    -10.522     -0.791
 111   10     -5.841     -5.562     -3.947
 115   -2     11.603     -6.637     -5.130
  30   28     11.386     -9.007     -3.973
  29   26      6.003     -6.550      5.100
  20   -2      6.637     -7.347     -3.030
 100   54     13.313     -5.560      7.371
  37   12     -4.415     -8.408     -6.132
  85   33      9.456     -3.277      7.679
  27   -2     11.250     -8.484     -3.722
  19   77      3.342     -9.646      7.056
  -1   76      8.321      0.926     10.718
  11   -2     11.716     -7.876      9.415
  89   -2     -9.540     -5.747      0.342
  -1   61     -4.215     -8.699      5.045
  -1   -2    -11.936     -9.657     -6.691
  56   99     -9.376     -3.433      3.300
  -1   -2      0.005     -2.670     -4.314
  15   45     16.754     -7.248      3.190
  -1   -2    -13.060     -7.295      5.808
 124    6      7.001     -2.086     -3.851
  -1   30      8.346     -6.605      0.246
  -1   -2      8.323    -10.036     -6.424
  -1   -2      8.334      5.480      9.210
  -1   35     -9.143     -6.924      2.347
  -1   -2     -8.205    -10.817      7.644
  -1   -2     15.810     -6.674      1.750
  -1   20     11.050    -11.048     -5.967
  -1   -2      6.324     -8.954     11.069
  -1   53      5.857     -6.496    -10.296
  38   34     -1.491     -8.038      3.486
  -1   88     20.060      3.948     -5.040
  70   -2     11.745    -10.118     -6.531
  61   58    -11.333     -5.749     10.969
  59   59     -7.946    -10.129      6.919
  -1   71    -11.223     -3.948     -1.975
  -1   91     -2.274     -4.273      1.329
  65   63     12.193     -9.725      8.901
  -1   90     17.881      0.004     -2.879
  48   87      9.239     -1.747     -2.372
  66   74      1.960     -3.568      3.869
  71   70     -4.478      1.067      4.087
  68   68     12.798     -6.128    -10.476
  -1   -2     14.428    -10.177     -9.094
  83   -2    -11.714     -5.910     -1.261
  -1   -2      7.236    -10.895     -2.173
  86   72     -1.809     -3.130     -9.033
  73   75     -4.241     -1.753     -9.527
  42   -2     -6.095     -8.005     -3.745
  -1   -2     -1.903     -9.702     -3.161
  76   -2     15.001    -10.285      5.230
 112   67     -8.753     -1.347     -3.759
  -1  152    -16.615     -7.758     10.107
  -1   -2      6.702     -6.855     10.126
  78   84     -8.941    -10.691     -8.621
   0   -2      3.715     -7.626      3.758
  79   83     12.146      2.365      9.742
  -1   -2     14.663    -11.009      2.003
  93  110     20.686     -8.756     -4.390
  -1   16     12.632     -5.038      9.378
  33   -2      9.760     -3.616      6.946
  -1   11      7.621     -6.006    -10.273
  75   -2     -0.991     -5.247     -9.469
  54  121     -6.612     -4.116     -7.879
  88   85      0.606    -10.139    -11.868
  69   -2     15.317     -0.927     -4.864
  -1   -2     -4.613    -10.932    -10.643
  -1   27     17.684     -9.312     -3.124
  -1   40     19.432      4.796     -5.997
  -1   -2     16.939     -6.415     -9.433
  25   -2     10.572     -2.484    -10.524
  -1   94     18.574     -4.777     -6.454
 126   36     -4.596     -7.223      2.439
  -1   -2      9.147     -6.830     -7.037
  -1   -2     10.788     -1.876      4.386
   7   14      2.278     -6.971      2.115
  58  114    -11.936     -9.657     -6.691
  -1   -2      0.005     -2.670     -4.314
  -1   -2      8.346     -6.605      0.246
  -1   -2      7.001     -2.086     -3.851
  -1   -2    -13.060     -7.295      5.808
  -1   -2      8.323    -10.036     -6.424
  -1   65      8.334      5.480      9.210
  57   55     20.060      3.948     -5.040
  -1   -2     -2.274     -4.273      1.329
  -1   -2      9.147     -6.830     -7.037
  -1   -2     10.788     -1.876      4.386
  -1   -2      0.005     -2.670     -4.314
  -1   -2    -13.060     -7.295      5.808
  -1   -2      7.001     -2.086     -3.851
  -1   -2      8.346     -6.605      0.246
  -1   -2      8.323    -10.036     -6.424
  -1   -2      8.334      5.480      9.210
  -1   -2     -2.274     -4.273      1.329
  -1   -2      9.147     -6.830     -7.037
  -1   -2     10.788     -1.876      4.386
  87   62      7.001     -2.086     -3.851
  -1   -2      0.005     -2.670     -4.314
  -1   -2    -13.060     -7.295      5.808
 119  127      8.323    -10.036     -6.424
  -1   -2      8.346     -6.605      0.246
  -1   -2      8.334      5.480      9.210
  -1   -2      9.147     -6.830     -7.037
  -1   -2     10.788     -1.876      4.386
 116  124      0.005     -2.670     -4.314
  -1   -2    -13.060     -7.295      5.808
  -1   -2      8.346     -6.605      0.246
  -1   -2      8.334      5.480      9.210
  -1   -2      9.147     -6.830     -7.037
  -1   -2     10.788     -1.876      4.386
  -1   -2      8.346     -6.605      0.246
  -1   -2    -13.060     -7.295      5.808
  -1   -2      8.334      5.480      9.210
  -1   -2      9.147     -6.830     -7.037
  -1   -2     10.788     -1.876      4.386
  -1   -2    -13.060     -7.295      5.808
  -1   -2      8.334      5.480      9.210
  -1   -2      9.147     -6.830     -7.037
  -1   -2     10.788     -1.876      4.386
  -1   -2    -13.060     -7.295      5.808
  -1   -2      8.334      5.480      9.210
  -1   -2      9.147     -6.830     -7.037
  -1   -2     10.788     -1.876      4.386
  -1   -2    -13.060     -7.295      5.808
  -1   -2      8.334      5.480      9.210
  -1   -2      9.147     -6.830     -7.037
  -1   -2     10.788     -1.876      4.386
  -1   -2    -13.060     -7.295      5.808
  -1   -2      8.334      5.480      9.210
  -1   -2      9.147     -6.830     -7.037
  -1   -2     10.788     -1.876      4.386
  -1   -2    -13.060     -7.295      5.808
 152  159      8.334      5.480      9.210
 153  160      9.147     -6.830     -7.037
  -1   -2     10.788     -1.876      4.386
  81   41    -13.060     -7.295      5.808
  -1   -2     10.788     -1.876      4.386
  -1   -2     10.788     -1.876      4.386
  -1   -2     10.788     -1.876      4.386
  14  165     10.788     -1.876      4.386
