310
   1  249      9.619     -5.364     -9.610
   3    3      3.969     -7.093     -3.316
  -1   -2     -3.952     -2.297      8.691
   2    1      5.865     -4.444     10.144
  -1   -2      3.382     -1.274     -7.717
  -1   -2      5.557     -7.653      3.004
 194  112     15.144     -6.013      9.577
  10    7     15.396     -3.042      5.082
  89  102      9.610    -10.752     -8.720
 307    8      8.159     -4.878     -2.213
  -1   -2     -8.202     -1.467      5.115
  -1   15     -9.361      2.396     -3.911
  18   13      8.719     -5.450     -9.139
   0   -2      9.333     -8.525      3.897
  16   19     -0.011     -0.815      1.576
 332  291     -3.277     -6.153     -4.893
  -1   14     -2.441     -5.881      1.342
  -1    9      1.961     -5.027      6.295
  -1   18     15.479      0.779      1.028
  -1  108     -7.198     -6.860      7.866
  -1   -2      9.075      3.945      9.603
  -1   89      8.804     -6.869     -5.849
 176  182     -1.677     -7.922     -3.710
  80   95      4.739     -8.053      5.154
  -1   -2      8.316     -8.004     -8.484
 220   -2      7.948     -7.740      4.646
  -1   34    -10.744     -7.518     -8.054
 112   -2     13.301     -7.531      5.218
 137   32      9.092      5.476      7.352
  88   -2      3.468     -4.890      6.420
  -1   -2     -7.392     -2.702      4.213
  -1   38      3.057     -7.415      4.568
  29   28      3.757     -7.155      3.427
 222   24      5.460     -3.977      3.782
 193   -2      7.929     -9.454     -9.476
  70   -2     -6.874     -7.207     -4.158
 216   -2     11.519     -5.330      3.266
 325   35     -7.793     -4.311      0.722
 161   91      9.990     -6.408     -2.747
  42   42      9.933     -6.947      4.294
 228   -2      8.968     -8.321      1.720
  -1  113     -5.933     -8.019     -0.836
  57   43     20.151      0.017     -2.603
 147   70     -7.386     -5.735     -6.293
  37   48     -1.757     -5.086     10.195
 251   -2     10.639      0.194      0.286
  52  128     13.071     -8.963     -1.678
  -1   -2     16.031     -5.424     -0.267
  90   82      3.983     -6.041     10.239
 108  194     14.021     -2.031     -4.660
  51   41     -5.961     -5.028      3.172
 235  231     15.994     -7.326      7.203
 273   -2    -13.692     -8.530     -4.859
 282  104     -7.032     -6.492     -5.519
  -1   46      2.026     -5.173      5.200
  59   17      9.279     -9.329     -9.313
  64   -2     -0.817     -6.860      9.448
  69   62      7.246      0.952      7.975
 102   -2     12.475     -6.123      9.117
  72   54      5.286      0.027      8.339
  58   -2      5.924     -5.589     -3.900
  76   45      8.580     -1.992      9.000
 223   -2      7.235     -3.215     -0.907
 170   11     10.646     -8.488      6.376
  -1   -2      9.960     -3.396      6.466
 157   37     18.817     -8.944     -3.659
 167  118     12.531     -5.002      9.424
  -1  196      9.162     -4.492      8.091
  79   69      5.957     -2.918      6.194
  25  153     -5.588     -7.063      1.463
  -1   64      5.284      0.036      7.760
  45   -2     -7.568     -8.534      5.731
 195   97      8.786     -3.098     -1.873
  -1   -2     -5.058     -7.687     -1.348
 145   44     12.297     -9.058     -0.129
 139   36     -1.625     -8.453     -2.441
  93   26      2.722     -9.809     -9.633
 278  212     -0.833    -10.242     -9.965
 101  115     -0.091     -7.115     -6.756
  -1   72      1.424     -9.946    -10.074
  -1   -2      8.977     -4.564    -11.022
  19  168     -1.940     -9.740     -8.405
 218   84      5.755     -7.045     -5.592
 100  242      3.161    -10.528     -9.247
  50   76     11.575     -5.215      1.727
 118  162     -0.179     -9.057     -2.953
  -1  100     10.137    -10.236     -3.392
  -1  195     19.569     -6.178     -0.828
  -1   -2      2.992     -6.203      9.364
 111   -2      2.255     -6.926      3.240
  94  106     12.854     -3.675      1.327
  -1   -2     -9.520     -8.092      8.211
  -1  122     -7.913    -10.089      0.327
  -1   83      1.205     -8.649      3.123
 128  101    -11.156     -7.829     -0.128
 121  117     10.796     -8.330     -4.838
  -1   92     13.443     -8.030     -6.880
   5   -2     -2.995     -6.861     -6.141
  -1  206     -6.196     -8.662      2.763
  -1   25     12.631      1.030      3.600
 131  105    -12.787     -9.647     -4.911
  -1   -2     -1.614     -1.929      1.264
  -1   -2     -3.185     -2.717      2.149
  44   40     15.266     -5.987     -5.110
 117   94     12.984     -8.864     -8.499
  39   -2     10.856     -9.385     -0.958
 240   -2      5.759     -9.521     -5.492
  67  246     -5.198     -5.603     -4.776
  -1   12     11.698     -7.537      8.377
  78  197      9.217     -7.718     -1.330
 180  167     10.139     -8.981     -6.695
  -1  126     12.790     -7.193      7.419
  -1   -2     11.980     -6.548     -6.316
  -1   -2    -11.464    -10.674     -9.855
 159  176      2.879     -4.154     -5.133
 197  174      8.771     -6.471      1.471
 134   53     17.117     -6.093     -7.251
  -1   -2    -12.325    -10.695     -8.942
 146   -2     15.539     -7.064      0.550
   7   -2      5.627     -3.988     -1.853
 246   -2     -7.733     -6.354      6.009
  41  172      3.749     -5.760     -0.872
  83   98      0.363     -3.797     -2.362
  23    6     19.856     -8.552     -2.806
  35  225    -10.550     -8.839      0.268
  -1   -2      6.082     -5.078     -9.472
 166   -2     15.286     -8.734      3.088
  -1  127     16.228    -10.361     -1.915
  -1  130    -10.831     -5.012      4.210
  -1   -2      9.738    -10.000     -2.463
  -1   -2      2.981     -3.381     -5.913
 142  111     -2.256     -4.890     -2.718
  -1  151     15.363    -10.506     -0.497
  13  119      8.858    -10.904     -8.916
 181   -2     -0.580     -8.835     -8.473
  -1  185     18.109     -9.011     -8.811
  -1   -2     19.282     -3.820     -1.140
  40  215     10.726     -3.286    -10.074
  99  189     -2.153     -4.505     -4.766
 115  138      6.013     -8.887      2.087
  66   -2     -2.953     -7.010     -3.584
 124   30     -3.773     -8.970     -3.171
  -1   -2     16.107     -8.507      9.563
 129   -2      6.364     -2.439      0.591
  -1   -2     -1.474     -7.663      1.274
 263   -2    -12.808     -6.363     -6.601
  -1  181      6.022     -5.960      4.485
  -1   31    -11.048      0.192     -3.283
  55  150      8.461     -7.372      5.880
  -1   -2     18.231     -7.757     -2.328
  26   56      6.507     -8.412     -0.317
 132   -2      4.170     -9.314     -0.970
 138   -2      6.050     -9.698    -10.413
 164  145     14.681     -7.158      6.090
  71  148      9.228     -3.418      5.490
  38   57     16.957     -7.987      2.655
  11   68      9.108     -7.442     -6.982
  -1   -2      7.296     -6.059     -9.218
 203  137      9.300     -9.270      6.033
 274   -2    -11.699     -8.811     -4.449
  49   66     -2.923     -8.191     -4.122
 187   -2     14.345     -1.095      5.970
 152  170      9.578     -1.519      7.905
 217   -2     15.820     -9.823     -4.817
 226  187      3.905     -9.431      2.364
  -1  164     10.829     -7.496      2.470
  56  190    -11.409     -6.260     -9.740
 156  125     -3.975    -10.314    -10.183
 269   -2     17.876      2.686      2.319
  -1  158     -1.038     -6.494      8.350
  -1  202     16.439     -9.003      5.187
 219   -2    -12.431     -9.764     -2.817
 182  133     18.648     -6.552     -0.622
 188   -2     -8.915     -2.357      3.848
 212   -2     15.144      0.614     -6.340
 198   -2     -5.089     -7.238     -8.170
 236   -2      7.412     -5.001      7.518
 174   -2     14.507     -8.440      2.792
 191   22      2.004     -2.516      2.040
 233   58     17.333     -5.471     -2.526
  -1   59     19.456     -3.620     -9.477
 148   -2     -4.049     -5.398     -0.985
 232   -2      5.255     -7.077      2.439
  -1  157      4.854     -6.671      8.828
 185  227     -0.029     -0.592     -9.335
 183  207      9.352     -8.431     -5.260
  -1   -2      3.552     -8.945    -10.048
 141  218     -7.375      0.172     -7.991
 266  180    -13.354     -5.824     -5.299
 234   21     13.174     -5.707      6.407
 276   86     13.574      1.444     -2.401
 229   -2     14.436     -0.355     -4.603
 113   -2     -4.314     -6.558      6.448
 207   -2     16.963     -6.507    -10.289
  -1  160    -14.113    -10.615     -3.542
 221  186      4.010      2.563      6.342
  -1   -2     14.658     -8.616      8.004
 160  209      0.220     -7.526     10.382
  -1   -2     12.901     -5.222     -4.536
  65   49     11.084     -8.077      7.498
  -1   -2     20.146     -6.050     -4.947
  -1   65      0.914     -7.940      9.646
  -1  177     15.063     -5.787     -7.938
  -1  116      9.569     -6.556      8.157
 202  237    -11.720     -6.372     -0.865
  87   -2     -1.391     -5.753      1.972
  -1  254     -2.715     -4.653      2.579
  54   -2      4.632     -4.781      9.848
  -1   -2     -0.972     -0.681     -8.213
  75   -2    -10.199     -8.435     -6.134
 259  171      0.049     -8.345      4.256
 206  121     -7.013     -6.058      7.558
  -1   -2      7.176     -2.322     10.047
  -1  146      2.785     -2.631      7.412
  -1   -2      3.868     -7.446    -12.103
  -1   -2     23.231     -9.400      8.665
  91   93     -2.802     -9.455     -9.872
  -1   -2     18.014      0.984     -5.535
 186  223     -9.189     -9.219     -5.961
  -1   -2     17.041     -3.668      7.919
 241  159     19.886     -2.670      3.377
  -1   -2      8.858      3.395      6.737
  -1   67      9.250      1.485      4.020
  -1  135     -9.361    -10.419     -3.577
  -1  173      8.909      6.445      8.832
  -1   -2     21.654      1.569     -8.531
 243  213     16.110     -0.001     -6.019
  -1   -2      7.961      6.641      7.239
  -1   61     -3.761    -10.713      1.256
 178  217    -11.614      3.694     -9.213
  -1  210     16.758      5.607    -10.346
  30   -2    -11.255     -9.322     -2.672
  -1   -2     17.024     -2.346     -0.039
  -1  142     -6.014      2.081     -9.540
  -1   -2     21.866     -7.996    -11.663
 120  208     -4.905      3.454      1.652
  -1   23     10.252      2.830     -4.232
 244  221     17.604      1.587      5.130
  -1  134      7.404     -5.843     -2.006
  -1  152      3.568      5.278     -5.965
 213  184      1.135     -2.214     -3.813
 267   -2      1.974      2.663     -3.597
 261  143      8.219     -0.832      5.026
  -1   90     -1.282     -9.108     -9.048
  -1  205     11.662     -1.865     11.467
  -1  149     -1.239     -0.265    -11.717
  -1   77     -9.251     -3.372     -9.346
  -1   78    -11.898     -6.740      5.897
 256   -2      7.488      4.089     -1.441
  -1   55      8.118     -1.544      1.691
  -1   -2     12.008      6.601      6.679
  -1  232     -6.846      0.608     -3.085
  -1   -2      8.943      1.278    -10.304
  -1   -2    -11.264      4.845     -9.743
 249  229     20.071      4.750     -3.370
 271  228     -5.137      3.196      7.262
 162  140     17.579     -9.522     -0.115
  -1   -2     -3.887     -2.305      8.753
   4  250     -3.904     -2.293      8.714
  -1   -2      5.625     -7.609      2.735
   8   -2      8.130     -4.876     -2.132
  -1    4      3.382     -1.274     -7.717
  -1   -2     -9.346      2.402     -4.009
  -1   -2     12.505      1.025      3.905
  -1   -2     15.486      0.789      0.924
  22   -2     -2.396     -5.876      1.234
 299   -2     -7.913    -10.089      0.327
 110  258     -1.614     -1.929      1.264
  -1  298     -9.367      2.389     -4.055
  -1   -2      3.411     -1.268     -7.754
  -1   -2     -3.264     -6.169     -5.034
 310  277      9.094      3.969      9.442
  -1   -2     12.505      1.025      3.905
 294  282    -10.671     -7.510     -7.997
  24   -2     15.530      0.780      1.079
  48  268    -11.114      0.189     -3.354
  -1   -2      9.126      5.487      7.274
  -1  271      8.790     -8.494      5.347
  -1   -2      8.790     -8.494      5.347
 306  273     -8.111     -1.454      5.156
  -1   -2     -9.367      2.389     -4.055
  -1   -2     17.041     -3.668      7.919
   9  252      3.411     -1.268     -7.754
  -1   -2     -3.264     -6.169     -5.034
  -1   -2     16.111     -5.414     -0.363
 324   -2      2.704     -7.205      3.100
 317  259      9.126      5.487      7.274
  -1   -2      8.790     -8.494      5.347
  -1   -2     -9.367      2.389     -4.055
 313   -2     -3.264     -6.169     -5.034
 331  290     17.041     -3.668      7.919
  -1   -2     12.505      1.025      3.905
 298  288     16.111     -5.414     -0.363
  -1   -2      8.790     -8.494      5.347
 341  262     -9.367      2.389     -4.055
  -1   -2     -7.293     -2.670      4.074
  -1   -2     12.505      1.025      3.905
 336  295     12.505      1.025      3.905
  -1   -2      8.790     -8.494      5.347
 302   -2      8.790     -8.494      5.347
 351    5      5.675     -7.640      2.815
  -1   -2    -10.650     -4.965      3.765
  -1   -2     -7.293     -2.670      4.074
  -1   -2    -10.650     -4.965      3.765
  -1   -2     -7.293     -2.670      4.074
  -1   -2    -10.650     -4.965      3.765
  -1   -2    -10.650     -4.965      3.765
 339  302     -7.293     -2.670      4.074
 354   -2    -10.650     -4.965      3.765
 300   -2      3.894     -7.142      3.293
