366
  20    9      8.185     -8.318     -0.657
  68   -2     14.019     -2.034     -4.653
   8   31     12.278     -7.817      8.415
  -1  257      9.205     -6.826     -7.194
   2    4      5.646     -4.394     -6.183
   4   -2     11.567     -5.222      1.693
   1   12     13.038     -8.698      6.916
   7   28     -7.677     -6.229     -7.663
   0   -2      6.764     -8.594      0.298
  93   -2     11.182     -5.324      2.829
  -1   -2     -1.474     -9.375     -6.603
  -1   -2     -0.850     -9.806     -0.260
  -1   22     13.808     -9.245      1.014
  -1   15     -3.319     -9.956     -7.221
  -1   -2     10.637     -1.863      4.759
 100   -2     16.334     -8.460      2.348
  17   17     17.530     -8.022      1.338
  10   18     -3.577     -6.380     -4.020
  31   21     11.387     -9.028     -3.981
  25   -2      3.208     -9.759      6.264
  40   -2     -1.408     -8.731     -6.760
  19   -2     -5.153     -9.962      9.084
  30   11      4.033    -11.058      2.899
 244   23     10.850     -6.252     -7.084
  26   27     15.972     -3.757     -8.524
  36    2     14.147     -9.608      6.282
  27   -2     11.602     -6.631     -5.127
  50   -2      1.365     -7.788      9.614
  47   -2     -0.539     -8.358     -5.445
  22  171      3.756     -8.320      4.514
  12   36     -4.655     -7.764     -5.425
  29   -2     13.164     -9.100     -1.807
  -1   14     14.980     -9.065      8.344
  90   33      9.450     -3.279      7.690
  55   -2     17.086     -8.327     -3.599
  32   -2      1.229     -9.858      8.913
  13   -2     -2.385     -9.793     -2.405
  -1   98     10.783     -7.889      9.958
  38   90     14.070      3.072     -3.637
  -1   91     -9.368     -3.435      3.271
  -1   -2      7.978     -6.843     -6.706
  -1  212      0.005     -2.670     -4.319
  -1   -2    -13.065     -7.294      5.809
  -1   -2      8.347     -6.604      0.236
  -1   -2     16.752     -7.247      3.191
  -1   -2      1.416     -7.696     -8.752
  45   46    -12.585     -9.467     -4.248
  -1   -2      6.998     -2.083     -3.837
  -1   71      8.335      5.479      9.210
  71   66     -9.132     -6.922      2.316
 102  111     15.809     -6.672      1.754
  -1   26      5.754    -10.415      9.071
  63   -2    -12.222     -5.753     -2.479
  -1   -2     -8.205    -10.816      7.633
  87   51     16.056     -4.921      3.209
  52   38      5.856     -6.497    -10.301
  42   34     -0.268     -9.389     10.243
  56    8     -8.360     -5.172     -7.045
  -1   88     20.060      3.947     -5.040
  -1   -2      5.065    -10.541    -12.129
  -1   61     -6.444     -5.419     10.216
  59   67    -11.319     -5.747     10.917
  53   53     -6.722     -7.480      8.779
  -1   76    -11.222     -3.951     -1.973
 103    7     10.659     -0.356      4.840
  62   69      1.959     -3.566      3.878
  -1    1     17.878      0.006     -2.874
  14  328      9.241     -1.746     -2.380
  65   72     12.790     -6.126    -10.450
  64   -2     -5.309      1.389      6.772
  -1   54     17.183    -10.595      1.077
  91   63     -8.126     -8.585      4.654
  67   32     17.438     -5.448     -2.872
  -1   -2     -1.743     -8.573      9.191
  35   16     19.852    -10.299     -2.081
  74  112    -12.889    -10.593      7.450
  66   74     -4.240     -1.751     -9.538
  57   -2      2.295    -11.054      1.152
  73   52      8.405      0.934      9.557
  79   79      3.277     -4.437      6.614
  21   81     -9.404    -10.989     -9.843
  -1   92     10.613     -6.508      9.445
  76   -2      3.721     -7.626      3.769
  78   84     12.143      2.369      9.728
  -1    6     11.659     -9.225      6.908
  97   43      0.156     -5.011     -6.228
  75   80      6.699     -6.849     10.131
  83  107      0.595    -10.136    -11.828
  82   -2     -8.540     -4.477      6.912
  84   -2      7.621     -6.005    -10.274
  -1   -2     16.919     -3.731      3.895
  -1   -2    -10.762    -10.093      7.163
  88   -2     15.309     -0.928     -4.857
  85   -2     19.431      4.796     -5.995
  48   -2     -6.673    -10.562     -1.226
  -1   -2      9.370     -7.198      9.469
  -1   95     10.511     -4.101      6.942
  -1   -2      2.519     -5.073      9.895
  89   97     10.571     -2.480    -10.512
  -1   -2     18.576     -4.779     -6.455
  -1   -2     20.292     -9.757     -5.337
  -1   -2      9.250     -6.820     -7.197
  -1   -2     10.794     -1.876      4.366
  37   -2     -9.368     -3.435      3.271
  -1   -2      0.005     -2.670     -4.319
 154    0      8.347     -6.604      0.236
  -1   -2    -13.065     -7.294      5.809
  -1  118     16.752     -7.247      3.191
  -1   -2      6.998     -2.083     -3.837
  -1   -2      8.335      5.479      9.210
  94   -2     17.438     -5.448     -2.872
  -1   -2      9.250     -6.820     -7.197
  -1   -2     10.794     -1.876      4.366
  -1   -2      0.005     -2.670     -4.319
  -1   -2      6.998     -2.083     -3.837
  -1   -2    -13.065     -7.294      5.809
  -1   -2      8.347     -6.604      0.236
  -1   -2      8.335      5.479      9.210
  -1   -2      9.250     -6.820     -7.197
  -1   -2     10.794     -1.876      4.366
  -1   -2      0.005     -2.670     -4.319
  -1   -2    -13.065     -7.294      5.809
  -1   -2      8.347     -6.604      0.236
  -1   -2      8.335      5.479      9.210
  -1   -2      6.998     -2.083     -3.837
  -1   -2      9.250     -6.820     -7.197
  -1   -2     10.794     -1.876      4.366
  -1   -2      0.005     -2.670     -4.319
  -1   -2      8.347     -6.604      0.236
  -1   -2    -13.065     -7.294      5.809
  -1   -2      6.998     -2.083     -3.837
  -1   -2      8.335      5.479      9.210
  -1   -2      9.250     -6.820     -7.197
  -1   -2     10.794     -1.876      4.366
  -1   -2      6.998     -2.083     -3.837
  -1   -2      0.005     -2.670     -4.319
  -1   -2    -13.065     -7.294      5.809
  -1   -2      8.347     -6.604      0.236
  -1   -2      8.335      5.479      9.210
  -1   -2      9.250     -6.820     -7.197
  -1   -2     10.794     -1.876      4.366
  -1   -2      6.998     -2.083     -3.837
  -1   -2      0.005     -2.670     -4.319
  -1   -2    -13.065     -7.294      5.809
  -1   -2      8.347     -6.604      0.236
  -1   -2      8.335      5.479      9.210
  -1   -2      9.250     -6.820     -7.197
  -1   -2     10.794     -1.876      4.366
  -1   -2      6.998     -2.083     -3.837
  -1   -2      0.005     -2.670     -4.319
  -1   -2    -13.065     -7.294      5.809
  -1   -2      8.347     -6.604      0.236
  -1   -2      8.335      5.479      9.210
  -1   -2      9.250     -6.820     -7.197
  -1   -2     10.794     -1.876      4.366
  -1   -2      0.005     -2.670     -4.319
  -1   -2      6.998     -2.083     -3.837
   9   -2      8.347     -6.604      0.236
  -1   -2    -13.065     -7.294      5.809
  -1   -2      8.335      5.479      9.210
  -1   -2      9.250     -6.820     -7.197
  -1   -2     10.794     -1.876      4.366
  -1   -2      6.998     -2.083     -3.837
  -1   -2      0.005     -2.670     -4.319
  -1   -2    -13.065     -7.294      5.809
  -1   -2      8.335      5.479      9.210
  -1   -2      9.250     -6.820     -7.197
  -1   -2     10.794     -1.876      4.366
  -1   -2      0.005     -2.670     -4.319
  -1   -2    -13.065     -7.294      5.809
  -1   -2      8.335      5.479      9.210
  -1   -2      6.998     -2.083     -3.837
  -1   -2      9.250     -6.820     -7.197
  -1   -2     10.794     -1.876      4.366
  -1   -2      0.005     -2.670     -4.319
  -1   -2    -13.065     -7.294      5.809
  -1   -2      8.335      5.479      9.210
  -1   -2      6.998     -2.083     -3.837
  -1   -2      9.250     -6.820     -7.197
  -1   -2     10.794     -1.876      4.366
  -1   -2      0.005     -2.670     -4.319
  -1   -2      6.998     -2.083     -3.837
  -1   -2    -13.065     -7.294      5.809
  -1   -2      8.335      5.479      9.210
  -1   -2      9.250     -6.820     -7.197
  -1   -2     10.794     -1.876      4.366
  -1   -2      6.998     -2.083     -3.837
  -1   -2      0.005     -2.670     -4.319
  -1   -2    -13.065     -7.294      5.809
  -1   -2      8.335      5.479      9.210
  -1   -2      9.250     -6.820     -7.197
  -1   -2     10.794     -1.876      4.366
  -1   -2      0.005     -2.670     -4.319
  -1   -2    -13.065     -7.294      5.809
  -1   -2      8.335      5.479      9.210
  -1   -2      6.998     -2.083     -3.837
  -1   -2      9.250     -6.820     -7.197
  -1   -2     10.794     -1.876      4.366
  -1   -2      0.005     -2.670     -4.319
  -1   -2    -13.065     -7.294      5.809
  -1   -2      8.335      5.479      9.210
  -1   -2      6.998     -2.083     -3.837
  -1   -2      9.250     -6.820     -7.197
  -1   -2     10.794     -1.876      4.366
  -1   -2      0.005     -2.670     -4.319
  -1   -2    -13.065     -7.294      5.809
  -1   -2      6.998     -2.083     -3.837
  -1   -2      8.335      5.479      9.210
  -1   -2      9.250     -6.820     -7.197
  -1   -2     10.794     -1.876      4.366
  -1   -2      0.005     -2.670     -4.319
  -1   -2    -13.065     -7.294      5.809
  -1   -2      6.998     -2.083     -3.837
  -1   -2      8.335      5.479      9.210
  -1   -2      9.250     -6.820     -7.197
  -1   -2     10.794     -1.876      4.366
  -1   -2    -13.065     -7.294      5.809
  -1   -2      6.998     -2.083     -3.837
  -1   -2      8.335      5.479      9.210
  -1   -2      9.250     -6.820     -7.197
  -1   -2     10.794     -1.876      4.366
  -1   -2    -13.065     -7.294      5.809
  -1   -2      6.998     -2.083     -3.837
  -1   -2      8.335      5.479      9.210
  -1   -2      9.250     -6.820     -7.197
  -1   -2     10.794     -1.876      4.366
  -1   -2      6.998     -2.083     -3.837
  -1   -2    -13.065     -7.294      5.809
  -1   -2      8.335      5.479      9.210
  -1   -2      9.250     -6.820     -7.197
  -1   -2     10.794     -1.876      4.366
  43  242    -13.065     -7.294      5.809
  -1   -2      8.335      5.479      9.210
  -1   -2      6.998     -2.083     -3.837
  -1   -2      9.250     -6.820     -7.197
  -1   -2     10.794     -1.876      4.366
  -1   -2      6.998     -2.083     -3.837
  -1   -2      8.335      5.479      9.210
  -1   -2      9.250     -6.820     -7.197
  -1   -2     10.794     -1.876      4.366
  -1   -2      6.998     -2.083     -3.837
  -1   -2      8.335      5.479      9.210
  -1   -2      9.250     -6.820     -7.197
  -1   -2     10.794     -1.876      4.366
  -1   -2      6.998     -2.083     -3.837
  -1   -2      8.335      5.479      9.210
  -1   -2      9.250     -6.820     -7.197
  -1   -2     10.794     -1.876      4.366
  -1   -2      6.998     -2.083     -3.837
  -1   -2      8.335      5.479      9.210
  -1   -2      9.250     -6.820     -7.197
  -1   -2     10.794     -1.876      4.366
  -1   -2      6.998     -2.083     -3.837
  -1   -2      8.335      5.479      9.210
  -1   -2      9.250     -6.820     -7.197
  -1   -2     10.794     -1.876      4.366
  -1   -2      6.998     -2.083     -3.837
  -1   -2      8.335      5.479      9.210
   3  100      9.250     -6.820     -7.197
  -1   -2     10.794     -1.876      4.366
  -1   -2      8.335      5.479      9.210
  -1   -2      6.998     -2.083     -3.837
  -1   -2     10.794     -1.876      4.366
  -1   -2      6.998     -2.083     -3.837
  -1   -2      8.335      5.479      9.210
  -1   -2     10.794     -1.876      4.366
  -1   -2      8.335      5.479      9.210
  -1   -2      6.998     -2.083     -3.837
  -1   -2     10.794     -1.876      4.366
  -1   -2      6.998     -2.083     -3.837
  -1   -2      8.335      5.479      9.210
  -1   -2     10.794     -1.876      4.366
  -1   -2      6.998     -2.083     -3.837
  -1   -2      8.335      5.479      9.210
  -1   -2     10.794     -1.876      4.366
  -1   -2      8.335      5.479      9.210
  -1   -2     10.794     -1.876      4.366
  -1   -2      8.335      5.479      9.210
  -1   -2      6.998     -2.083     -3.837
  -1   -2     10.794     -1.876      4.366
  -1   -2      8.335      5.479      9.210
  -1   -2      6.998     -2.083     -3.837
  -1   -2     10.794     -1.876      4.366
  -1   -2      6.998     -2.083     -3.837
  -1   -2      8.335      5.479      9.210
  -1   -2     10.794     -1.876      4.366
  -1   -2      6.998     -2.083     -3.837
  -1   -2      8.335      5.479      9.210
  -1   -2     10.794     -1.876      4.366
  -1   -2      6.998     -2.083     -3.837
  -1   -2      8.335      5.479      9.210
  -1   -2     10.794     -1.876      4.366
  -1   -2      6.998     -2.083     -3.837
  -1   -2      8.335      5.479      9.210
  -1   -2     10.794     -1.876      4.366
  -1   -2      6.998     -2.083     -3.837
  -1   -2      8.335      5.479      9.210
  -1   -2     10.794     -1.876      4.366
  -1   -2      8.335      5.479      9.210
  -1   -2      6.998     -2.083     -3.837
  -1   -2     10.794     -1.876      4.366
  -1   -2      8.335      5.479      9.210
 312   -2      6.998     -2.083     -3.837
  -1   -2     10.794     -1.876      4.366
  -1   -2      8.335      5.479      9.210
  -1   -2     10.794     -1.876      4.366
  -1   -2      8.335      5.479      9.210
  -1   -2     10.794     -1.876      4.366
  -1   -2      8.335      5.479      9.210
  -1   -2     10.794     -1.876      4.366
  -1   -2      8.335      5.479      9.210
  -1   -2     10.794     -1.876      4.366
  -1   -2      8.335      5.479      9.210
  -1   -2     10.794     -1.876      4.366
  -1   -2      8.335      5.479      9.210
  -1   -2     10.794     -1.876      4.366
  -1   -2      8.335      5.479      9.210
  -1   -2     10.794     -1.876      4.366
  -1   -2      8.335      5.479      9.210
  -1   -2     10.794     -1.876      4.366
  -1   -2      8.335      5.479      9.210
  -1   -2     10.794     -1.876      4.366
  -1   -2      8.335      5.479      9.210
  -1   -2     10.794     -1.876      4.366
  -1   -2      8.335      5.479      9.210
  -1   -2     10.794     -1.876      4.366
  -1   -2      8.335      5.479      9.210
  -1   -2     10.794     -1.876      4.366
  -1   -2      8.335      5.479      9.210
  -1   -2     10.794     -1.876      4.366
  -1   -2      8.335      5.479      9.210
  -1   -2     10.794     -1.876      4.366
  -1   -2      8.335      5.479      9.210
  -1   -2     10.794     -1.876      4.366
  -1   -2      8.335      5.479      9.210
  -1   -2     10.794     -1.876      4.366
  -1   -2      8.335      5.479      9.210
  -1   -2     10.794     -1.876      4.366
  -1   -2      8.335      5.479      9.210
  -1   -2     10.794     -1.876      4.366
  -1   -2      8.335      5.479      9.210
  -1   -2     10.794     -1.876      4.366
  -1   -2      8.335      5.479      9.210
  -1   -2     10.794     -1.876      4.366
  -1   -2      8.335      5.479      9.210
  -1   -2     10.794     -1.876      4.366
  -1   -2      8.335      5.479      9.210
  -1   -2     10.794     -1.876      4.366
  -1   -2      8.335      5.479      9.210
  -1   -2     10.794     -1.876      4.366
  -1   -2      8.335      5.479      9.210
  -1   -2     10.794     -1.876      4.366
  -1   -2      8.335      5.479      9.210
  -1   -2     10.794     -1.876      4.366
  -1   -2      8.335      5.479      9.210
  -1   -2     10.794     -1.876      4.366
  -1   -2      8.335      5.479      9.210
  -1   -2     10.794     -1.876      4.366
  -1   -2      8.335      5.479      9.210
  -1   -2     10.794     -1.876      4.366
  -1   -2      8.335      5.479      9.210
  -1   -2     10.794     -1.876      4.366
  -1   -2     10.794     -1.876      4.366
  -1   -2     10.794     -1.876      4.366
  -1   -2     10.794     -1.876      4.366
  96  378     10.794     -1.876      4.366
