392
  -1   -2      4.668     -9.248     -8.951
   0    0      4.931     -8.086     -9.812
 128    1      4.891     -9.920     -8.664
  -1   -2      8.553     -7.261      8.258
  -1  361     -5.256     -0.581      8.051
 353    6      4.641     -4.011     -3.863
  -1    7      1.390     -1.909      8.496
 350  287      2.324     -0.165     10.215
   7    5      4.707     -5.506    -10.123
  13  322      5.819     -4.777      9.935
   8    4      8.532     -6.353     -9.716
  25   -2     -4.114     -5.935      7.549
  -1   -2      5.768     -4.407      1.077
  11   18      8.842     -6.878     -8.698
 287   -2      0.219     -8.226      0.003
  -1   -2      1.449      0.640     -0.190
  69   35      0.308     -7.522     -8.884
  14   17     -0.333     -3.523      8.320
  -1   -2      0.947     -6.241     -5.681
  59   77     12.719     -8.093      0.526
 280  216     -2.924     -7.001     -0.350
 309   22     -4.108     -1.030      9.972
 258   47     12.071     -9.235     -1.939
  -1   -2     14.322     -8.675      6.165
  -1   -2      1.500     -6.371      4.435
  22  172    -10.136     -6.404      1.390
  -1   25      7.528     -4.595      2.991
  21   38      4.152     -4.077      1.413
  31   -2     -5.591      3.033     -4.593
  17   39     -1.317     -7.709      8.972
  -1   30      8.266      4.477      6.333
 157   11      0.036     -7.333    -10.083
  48  331      0.085     -5.270     -6.417
  32   27     15.324     -2.908     -1.453
  36   28     16.402     -3.370      0.930
  30   34      5.716     -2.002    -10.059
  -1   -2     -7.765     -2.035      3.627
  82   24     15.113     -9.823     -6.868
 199   -2      5.682     -6.580      4.544
  46   45      8.301     -2.849      8.808
 162   -2      1.717     -5.163      9.347
 140   -2     -2.590     -8.658     -0.621
 233   -2    -10.794     -7.979     -7.302
  -1   -2      2.617     -6.985      9.897
 194   -2     -0.828     -6.385     -4.194
  -1   40     10.484      1.080      7.814
 345   -2     19.147     -7.929     -1.842
  -1  161     -7.400     -6.205      9.076
 293  106     12.590     -5.214     -0.460
 173   26      9.654     -3.313      6.636
 401  366     -5.130     -2.414     -0.733
 215  337      6.606     -4.728      4.732
 104   32      8.978     -4.661      8.333
  -1   -2     -4.765     -0.319      5.611
  51   -2      0.347     -7.507     -3.164
  37   65      1.064     -3.538      8.466
 136   -2     -4.038     -8.483      3.120
 149   -2      3.880     -6.237      5.011
  23   -2      5.509     -4.401      8.638
  97   -2      7.737     -6.159      6.760
  43  211     -2.223     -5.013      6.902
  63  333     13.531     -8.421     -3.144
  -1   -2     19.558     -4.654     -4.885
  73   94      8.385     -7.001     -8.248
  58  136     16.739     -3.273     -9.539
 223   81     13.202     -6.933     -4.813
 268   -2    -10.270    -10.092     -5.128
 342   -2     -2.970     -3.872     -0.436
  56   63     -5.170     -6.589     -8.823
 193  235     18.163     -7.400     -1.562
  -1   -2      0.746     -7.660      7.243
 206   -2      7.913     -8.316      2.773
 101   82     18.826      0.752     -2.216
  84  150     11.104     -2.908      2.554
 177   93     13.557     -8.238      6.923
  81  182     -5.086     -6.944     -0.462
  -1   84     -7.582     -7.735      0.854
 211   14     19.608     -8.278     -4.684
  -1  128      1.242     -8.893      3.473
 186   -2     10.987     -9.263     -9.138
 291   76     12.070     -6.404      1.609
  92   90     14.520     -0.049     -3.376
  39   36     -4.427     -6.443      8.136
 116   55      6.117     -8.484     -0.762
 254  222      4.907     -8.645     -5.034
  64  278      5.273     -9.216      3.696
 212   73     -2.819     -6.007      6.571
 167   51     18.343     -8.790     -1.689
  -1  130     -4.739     -8.538     -7.319
  83   -2     -7.290    -10.476     -4.239
 169  143     -3.004     -8.411     -1.652
 202  220     -6.659     -4.249     -9.662
 261   23      9.724     -9.348     -6.808
  -1   91     -7.750     -3.730     -6.644
  -1  107      0.230     -6.831     -3.198
  74   -2      6.909     -5.259      1.111
 255  280      0.403     -6.296     -1.948
  50   50      7.243     -6.970      2.038
 330   -2    -11.332     -6.413     -0.645
 102  102     -6.064     -1.389     -5.018
  -1  112      4.026     -9.388      9.303
  35  162     -4.486     -4.405     -0.318
  -1   -2      1.782     -6.148      8.146
 110  230     10.106     -2.515     -4.528
  -1  127      0.102     -8.394      8.827
  93   -2      0.761     -2.555      4.205
 348   -2     15.119     -1.499      4.820
 224  282      3.974    -10.078     -5.074
 242   -2     13.029     -3.251     -1.915
 166   -2      4.816     -1.971     -9.604
  60   -2      6.361     -6.795      8.915
 163   -2      9.754     -5.842     -3.325
  -1   -2      3.660     -0.310      8.866
 217   53     -2.134     -7.910      2.841
  -1  113      5.556     -4.648     -9.038
  47   98     17.088     -9.303     -1.604
 184  258      3.186     -5.831      8.807
  -1   -2      3.833     -2.641      7.899
  -1   -2     14.633     -9.392     -8.325
 288   -2     10.456     -1.969      5.113
 208   -2      0.352     -6.361     -9.572
  -1   -2     11.851     -5.275      2.649
 278   -2     14.293     -6.236     -6.350
 131   -2      1.416     -8.225     -8.522
  -1   -2     -1.913     -6.904      6.985
  -1   66     11.583     -4.503      9.888
 302   -2     14.951     -7.925     -0.038
  85   -2     10.124     -6.968     -9.678
  -1  163      1.112     -6.604      6.328
  70  144     14.804     -7.070      5.510
 113   -2     17.489     -5.501     -3.307
 219   97      5.064     -9.159      5.154
  19   -2     10.353     -7.357      3.965
  -1   -2      8.847     -4.618      6.662
 168  197      4.920    -10.433     -8.430
 328  134     -9.851     -7.357      5.130
  -1   -2      7.184     -9.948     -8.871
 284   -2     -6.822    -10.784     -0.663
  -1  132     -6.653    -10.709      1.683
 132  335     -6.534     -9.358      5.325
  -1   -2     -7.509     -7.997      6.472
  -1  117     -8.274     -6.331      2.222
  -1   -2      8.752    -10.819     -6.620
 371  351     -5.390     -8.062     -3.328
  -1   -2     12.407     -7.786    -10.495
 264  141     -0.729     -2.426     -5.079
 146  336     20.064     -4.206     -1.376
 145  125      0.758     -8.039     -2.061
 156   -2     15.702    -10.257     -5.425
  -1   -2     11.218     -5.266      2.958
 135  225     -5.253    -10.884     -0.509
  -1  129     14.875     -6.292      4.320
  10   -2     -0.553     -9.276     -5.010
  -1  101      8.878     -5.970     -1.569
 189   -2     14.864    -11.087     -9.985
 289  247      7.340     -7.633      1.355
 165   -2     -5.924     -9.676      3.296
 134  116      2.990     -8.694     -5.970
  -1  138    -11.708     -5.365     -9.223
  -1  229     -5.274    -10.757     -1.525
 239  218     16.968     -9.586     -7.843
  -1   68     -3.288     -6.610      0.792
 387   88      2.627     -4.702     -7.390
  -1   43     -7.692     -6.302     -6.951
 182   -2     -0.613     -3.303     -5.854
 160  121     -9.204     -8.904     -8.793
 174  217     -4.651     -4.991      3.489
  65  188     -1.704     -4.526      3.529
  -1  191     -2.847     -4.759     -1.290
 161   -2     -3.585     -8.015      4.340
 210   -2     11.397     -9.194     -2.892
 205  122     -5.745     -9.199     -3.431
 122  223    -10.346     -7.032     -4.761
 250  283     13.031     -2.157     -0.955
 290   -2     14.139     -7.894     -8.815
  -1  185      1.347     -2.626     -3.642
 273  205     -4.517    -10.048      8.489
 185   -2      3.228     -5.438     -0.935
  -1   -2      1.338    -10.461     -3.351
  41   16      7.529     -8.671     -1.744
 358  180     10.357     -4.194      4.852
 120   -2     -0.854     -5.366      7.058
  -1  232      9.274     -3.607      5.051
  68   -2     -6.307     -5.271     -0.484
  -1   13     13.717    -10.136     -5.127
  -1  275     12.300     -3.381     -8.915
 266  186     -4.968    -10.971      2.657
 209   86     12.720     -5.570      3.212
 137  120     18.899     -7.985      0.296
 315   -2      7.638      2.892      5.184
  -1   61     19.889     -4.451     -9.618
 319   48     -0.783     -9.789     -1.991
  -1  126     -7.598     -8.569      4.048
 252   -2     -4.107     -4.912     10.076
 130  202      7.422    -10.614     -6.223
  -1   -2     13.191     -3.957     -1.476
  -1  206     15.477     -5.274      2.989
 277  238      9.718     -0.503      7.156
 107   99      3.300     -8.336      4.528
  -1   52      9.021     -5.617      5.644
 271   69      3.145     -8.046     -0.190
  -1   -2      1.777     -2.183     -7.778
 305  248    -10.148     -7.624      3.452
  53   -2      3.275     -5.036      7.791
  -1   -2     16.053     -6.854     -0.944
  -1  119     13.461     -7.557      4.909
  -1   -2     -9.976     -8.785     -6.934
  -1  289     19.494     -9.638     -2.146
 133   -2     -1.075     -6.898     -9.451
  61  100     10.519     -8.880     -1.731
 109  204     -0.331     -2.294     10.125
 316  219    -12.525     -2.339     -3.067
  -1  196     -2.497     -6.490      4.506
 227  146     16.095     -0.907      8.160
  -1   -2     -3.689     -8.684     -8.328
  -1   -2      7.374     -4.379      7.233
  -1   -2     14.637     -9.192      0.293
  -1   -2    -10.487    -10.654     -3.916
  -1  153     -5.028     -4.541      9.430
 231  237      4.831      1.785      5.245
  -1   37     11.685     -8.760     -6.727
 253   -2     -3.082     -8.511      1.094
 197   78      8.070     -8.395      9.099
  -1   -2     -9.041     -6.747      7.845
  -1   -2      4.657     -2.805     -0.183
  90  214     14.194      2.937      8.996
  -1  227     20.313     -7.591      0.087
 152  159     10.410     -4.350    -10.126
 234  244     16.233     -4.957      3.639
 230   -2     -2.236      0.471    -10.510
 126   -2     10.145     -3.130      7.872
  44   -2     -7.025     -7.593      8.311
  75   72     -1.866     -8.114      6.281
  -1   20     13.110     -8.783      2.736
  -1  151     11.773     -8.151    -10.688
  -1  135      0.408    -10.413     -9.554
 195  240      1.376     -2.663     -4.688
  -1   85     19.839     -9.956     -1.479
  -1   42      6.844     -5.768      7.428
 237  174      7.702      0.279      6.462
  72   -2     -4.714     -5.119      9.763
  -1  313      8.273     -7.491      1.309
  -1   -2     -7.221     -9.684     -3.340
  88   -2      8.063     -6.222      3.822
  -1  245    -11.280     -6.243     -9.858
 238  234     -2.341     -3.345     -4.713
 191   95     11.136      0.959      3.648
 180   -2     -8.434     -3.827      1.477
  -1   67     -5.924     -8.688     -7.042
  -1   -2     -7.682    -10.561      2.008
  -1   -2      3.903     -8.906      5.009
  -1  284      2.412     -4.730     -2.463
  -1  108     -4.109    -10.224     -8.889
 175   -2     -6.203     -7.284     -8.385
  -1  254      8.019     -4.538     -1.855
 147   -2     -4.117     -9.623      1.211
  40  308     14.901    -10.628    -10.824
 336   -2      8.250     -5.386     -3.715
 339   -2     16.034     -0.382     -7.948
 366   57      1.289     -4.368      9.084
 340   -2    -11.388     -1.813     -1.421
 179   -2     18.581     -6.520      0.182
  -1   -2      4.052     -6.862     -9.444
 203   -2     18.714     -5.665      1.259
  78   -2     11.470     -6.126      0.044
 222   -2     15.034     -2.209      5.922
  -1   -2     10.464     -6.988      6.865
  -1   -2     -8.565     -5.346      1.470
  -1   -2     10.487     -8.386      3.275
  -1   75     13.503     -9.253      1.100
 143   -2     -7.283     -8.528      6.684
  -1  256      5.986     -7.133      9.408
  -1  171    -12.478     -4.491     -6.928
 263   -2     -2.542     -0.751      6.470
 220   15     -3.868     -9.030     -6.864
 300  199     -2.186     -6.280      3.031
 267  198      4.491     -2.273     -1.644
  15   -2      0.172     -7.529     -6.425
 317  212     15.998     -4.183     -0.594
  -1  154      7.425    -10.635     -7.828
  20  221      2.104     -9.437      9.569
 159   -2     -8.023     -8.023      4.275
  -1   21      1.372     -7.847      8.504
  -1   -2     14.363    -10.282     -9.183
  -1   -2     -7.272     -9.965     -1.942
 246  207     10.004     -4.112      8.742
 115   -2      5.346     -1.070      7.153
  -1  110    -13.368    -10.513     -2.261
  -1   74      0.372      0.734     -8.372
 275   59     -4.256     -8.654      3.857
 304   -2     -3.212     -5.014    -10.676
 294  114      6.555     -7.317     -7.018
 240   -2     13.033     -0.850      8.973
  -1  316     14.721      2.589      4.734
 124   -2     12.747     -8.603      6.529
 187   92     -3.397     -5.463     -4.377
  -1  152     -5.925    -10.657      0.666
  -1   -2      0.086     -6.741     -3.152
  -1   -2      0.697    -10.094     -5.166
 226  274      9.143    -11.063     -3.011
  -1  139    -11.296    -10.682      2.286
  -1   -2     23.945     -0.836     10.873
  -1   -2      2.773      0.654    -12.267
  -1   -2     21.189     -0.592      4.201
  -1   -2      8.315      5.680      4.851
 310   -2     10.029      3.478      6.492
 314   -2    -13.279     -1.497     10.521
  -1   -2     18.641      6.160     -9.156
  -1   -2     20.701     -2.338     -4.316
  -1   -2      0.682     -5.734     -2.990
 244   -2     12.672      0.979      4.434
  -1  246     18.921      3.811     -7.219
  -1  149      2.148     -9.839     11.564
  -1  295     -8.112      2.590     -5.942
  -1  272      9.884     -3.520      1.972
  -1  267    -11.967     -1.623     -8.784
  -1  318     -4.480      1.421     -0.383
 221   -2    -11.782    -10.258     -1.311
  -1  276     19.309     -0.830     -7.595
 338   -2     -6.043      2.194      0.624
  -1   -2    -14.005      2.847      7.595
  -1  291     19.480      1.319      0.870
  -1   -2    -11.253    -11.968     -6.302
 346  315     18.925      3.155     -5.205
 333  169     -3.378     -0.073      0.797
 301  262      9.668     -7.747      9.533
  -1  241     15.989      0.321     -0.958
 343   -2     19.443      2.528      0.030
  -1  239     15.905     -0.615      6.272
  -1   -2     10.928      4.457      0.616
  -1   -2     13.028      2.327      7.612
  -1   71     13.409     -0.564     10.887
  -1  281     19.908     -4.884     -1.392
  -1   -2     10.767    -10.450     -9.299
 341   -2     -1.881     -0.500     -5.057
  -1  252      4.878     -8.108     -9.533
  -1   -2     -5.220     -0.574      8.055
  -1   -2      1.219     -1.917      8.947
  -1   -2      8.549     -7.252      8.267
  -1   -2      1.443      0.642     -0.151
  -1   -2    -10.054     -6.399      1.457
  24   83      1.572     -6.353      4.482
  -1   -2     -7.635     -7.777      1.135
  -1   -2     -5.129     -2.422     -0.830
  26   -2      7.572     -4.591      2.884
  28   -2      8.224      4.472      6.304
 367  350     -5.643      3.031     -4.661
  -1   -2     -4.703     -0.313      5.607
 365  348      2.616     -6.986      9.871
  -1  328     15.289     -2.918     -1.447
  49  332     10.525      1.085      7.721
  -1  334     -7.722     -3.732     -6.706
  86   -2     -7.695     -3.721     -6.589
  -1  264     14.463     -0.071     -3.287
 373  352     18.781      0.767     -1.934
 108   -2      4.501     -2.793     -0.643
 213   -2     19.555     -4.656     -4.931
 313   -2      4.677      1.791      4.804
  -1   -2      0.420      0.636     -8.201
  -1   -2      1.219     -1.917      8.947
 354  340      8.561     -7.259      8.239
 418  377      5.807     -4.391      0.938
  -1   -2     -7.694     -2.016      3.570
  -1   -2      1.443      0.642     -0.151
  -1   -2     -4.703     -0.306      5.610
  -1   -2     -5.129     -2.422     -0.830
  -1   -2      0.420      0.636     -8.201
  -1   -2      1.219     -1.917      8.947
  -1   -2     -7.694     -2.016      3.570
  -1   -2     -4.703     -0.306      5.610
  -1   -2      1.443      0.642     -0.151
  34  367     -5.101     -2.415     -0.762
  -1   -2      0.420      0.636     -8.201
  -1   -2      1.219     -1.917      8.947
 391   -2     -5.231     -0.575      8.027
  -1   -2     -7.694     -2.016      3.570
  -1   -2      1.443      0.642     -0.151
 402  368     -7.635     -7.777      1.135
 404   -2      0.420      0.636     -8.201
 403  369     14.921     -1.437      4.845
  -1   -2      1.219     -1.917      8.947
   5   -2      1.424     -1.893      8.403
  -1   -2     -7.284     -6.190      9.013
 420  379     -7.284     -6.190      9.013
  -1   -2     -7.694     -2.016      3.570
 414  374     -4.703     -0.306      5.610
  -1   -2      1.449      0.640     -0.190
 416  376      1.449      0.640     -0.190
 425  384     -7.694     -2.016      3.570
  -1   -2      3.940     -4.073      1.991
 426  385      4.192     -4.061      1.288
 356  383      0.965     -6.257     -5.810
