446
   0   -2     -4.649     -5.515      1.529
  -1   -2      2.819     -1.730      4.797
 385  404      5.295     -3.146     -4.386
  11    1     -1.783     -0.856      4.117
  -1   -2      6.084     -3.331     -0.764
   3    6     -6.089     -6.985     -1.275
  97   -2      5.959     -9.180     -8.620
   6    4      3.385     -0.510      5.917
  -1   -2     -2.629     -7.970     -2.187
  -1   -2     -2.864     -5.624      8.007
  -1   -2      2.741     -4.781     -5.643
 163   -2      1.252     -8.016      2.136
   9   17      0.702     -6.152      9.483
  -1   78     -1.462     -4.640      4.382
  -1   -2      4.718     -3.119     -0.478
  -1   -2     -7.374     -3.333      1.785
  15   -2      9.833     -8.826      9.939
  -1   -2     -3.921     -4.955      5.593
 151   -2     -7.841     -9.009      3.481
  -1   -2      1.927     -2.700      5.462
  17   -2      0.937     -6.627      9.562
  -1   -2     -4.807     -1.134      3.271
  -1   -2      6.172     -8.646      5.722
  28   -2      2.793     -6.661      7.761
 150  144     -8.234     -7.015      4.154
 293  116      5.604     -7.348     10.003
  -1   36      8.705     -7.091      5.586
  -1   -2     10.170    -10.056     -1.476
  -1   -2      1.694     -7.072     -2.729
 413   21      6.073     -7.729      5.481
 124   -2     -6.700     -6.673     -5.619
 294   -2     -3.360     -6.636     -3.458
  25  282     12.896     -7.465      5.141
  -1   -2     -8.183     -3.872      5.967
  32   42      8.276     -4.710      4.303
 245   41     -3.193     -6.090      9.081
 247   -2     10.127     -9.412     -0.740
  -1   23      2.372     -6.553     -3.694
 153   63      7.504     -9.794     -8.708
  -1   -2      7.992     -2.810      9.611
  -1    5      5.252     -6.408     -9.583
  -1   -2     -0.143     -3.683      9.435
  -1   -2     -2.079      0.037      6.922
 219   -2     12.132     -8.629     -4.527
  80   16     -1.653    -10.740     -8.325
  -1  283      5.087     -6.350      9.674
  46   38      2.949      0.076     -1.874
  67   -2     -2.293    -10.071     -5.797
  90  115      7.119     -6.451      8.409
  -1  364     10.679     -0.401      9.911
  55   -2      6.536     -7.882      7.761
 319   -2     -8.784     -7.786     -5.351
 305   87     -0.656     -5.330      3.361
  -1   -2      1.082     -8.280     -4.626
 141   -2      9.273     -6.242     -2.362
 103   -2     10.890     -8.540      8.130
  65   49      7.609      2.971      3.180
  -1   -2     14.868     -1.892      6.388
 300  165      9.767     -8.379      7.449
  49   68      3.858     -4.538      0.957
 343   -2     -3.395     -6.204     -3.138
 159  309      8.557     -8.994      1.914
  -1   66     -2.226     -2.368     -2.245
  -1   -2      6.942     -2.708     10.128
 134   -2      5.785     -5.568      4.671
 121   14      0.174     -7.432     -1.468
 191  110      3.332     -6.317     -7.375
  -1  230      1.967     -5.886     -5.863
  42   -2      4.682     -9.979      9.289
  81   58      4.796     -4.951     -2.671
 128   31     -0.450     -7.421     -7.116
  78  111      0.646     -5.807      6.913
  68   77     12.192     -6.339      4.333
 129  199     -8.407    -10.599     -6.671
 417  263     10.411     -7.454      1.031
  56   -2     -4.532    -10.098     -2.377
  79  106     10.383     -7.939      3.470
  60   -2     -1.101     -6.339      6.838
  62   60     -1.991      1.737     -5.267
 148   -2     -3.973     -8.232      0.321
 224  179      4.765     -9.333      7.286
  84   79     -6.605     -8.175      5.681
  -1   69      7.096     -8.825     -9.158
  57  332      4.540     -6.541      0.906
  75  345      2.253     -2.997      4.089
  -1  132     -7.568     -7.445      5.488
  -1  306     12.200     -6.545     -6.675
 238  227     11.223     -4.944     -1.860
 102  130     15.325     -4.846     -7.832
  -1  243      0.965     -7.936     -1.376
  -1   -2     -0.316     -7.889     -2.158
  -1  105     10.395     -8.511      5.205
 229   -2     -2.494     -5.653     -8.258
  29   -2     -0.523    -10.406     -7.419
 136   -2     -3.207     -7.119     -2.486
 143   -2     14.287     -7.592      2.592
 122  191     15.943     -5.100     -6.103
  74   88      7.008     -2.774      8.338
 324  274      5.809     -3.895     -1.883
  -1   75     -1.114     -5.565      8.496
 281  231     -2.920     -9.471     -2.563
 116   92      4.165     -7.053      8.121
 173   -2     -5.534     -9.159      5.683
  94   -2     -6.019     -7.823      4.314
 193   -2     -8.131    -10.842     -2.729
  89  217     17.964     -7.420     -0.689
  23   -2      4.674     -6.023      2.744
 127   -2     10.603     -9.137      4.898
  -1  145     12.705     -1.941      8.203
 235  219      3.868     -5.553      7.439
 215   74     -0.843     -9.746     -7.287
 135   -2     -0.514     -4.948     -1.666
 118  396      4.543     -2.813      5.674
 111   95      7.645      3.876      2.102
  91  107      8.273     -6.669      4.698
 323   89      8.019     -9.229      3.362
 112  119     14.682     -4.918      7.947
  -1   -2      8.225     -8.539      6.028
 344  254      5.976     -5.608      8.947
  -1  121      7.062     -8.690      8.469
  93   -2      8.665     -8.054      6.375
 167   71      2.592     -7.345     -9.932
 303   -2      3.610     -1.832      4.314
 295  120     16.566     -3.621      4.161
 130   13     10.864     -7.878      7.156
 296  294      5.233     -6.448     -4.261
 145   -2     -3.913     -5.927     -0.637
 180  398      4.831     -7.843      7.463
 297   -2      4.695     -4.876      2.530
  87  189     -7.625     -6.668     -8.868
  -1  123     13.646     -2.934     -7.712
 117  214      8.529     -6.850     -5.218
  99   -2     -8.228     -8.088      2.340
 338   37      7.462     -6.070      5.836
 285  135      5.611     -6.873      5.836
 325  339     15.859     -4.128      4.088
 278  136      1.431     -7.010      7.100
 105   -2      9.096     -7.270      8.699
  22   45      9.916     -8.834      0.927
  -1  261     -3.082     -2.763     -3.384
 179   -2     -5.457     -5.921     -4.799
  73  236      7.422     -9.939      4.838
 284  373     -6.845     -1.739     -1.909
  -1  271      9.015     -7.729      5.671
  69   15      1.442     -5.827      5.616
 407   -2      7.005     -2.975      9.474
 149  206     -2.813     -9.660      8.968
 152  397     -2.970     -7.002      8.364
  -1  150      1.935    -10.764      6.561
 216  286     12.505     -8.909      1.221
  -1   -2      1.369    -10.335      9.751
 221  232     -4.891    -10.542     -8.956
  -1   -2     -3.851     -8.791     -6.323
  -1   -2     12.606    -10.005     -2.535
 156  157     -1.854    -10.249      0.683
  -1   -2     -2.610    -10.359     -0.370
  -1  245      6.449    -10.219     -1.167
 165  159     16.511      1.025      4.158
  -1   -2     -4.021    -10.935     -2.512
 189  320      9.954     -2.672      6.479
 140   -2      7.755    -10.359     -5.179
  -1   -2      0.114     -9.506      2.603
  -1  160     -4.096    -10.048     -8.324
 195   -2     -6.112     -6.553     -2.814
 178  147     11.235     -5.268      3.019
  14  151      6.412     -8.833     -8.073
  38  168     -0.731     -9.866      2.564
 123  315     -5.393     -8.370      7.223
  -1   -2      5.146     -9.517      2.457
  -1   -2      1.350     -9.437     10.268
  -1  279      6.758    -10.803      0.919
 275   76      2.073     -9.743     10.024
 309  280      4.858     -9.977      0.213
 201  212     -4.305    -10.568     -0.827
 320   -2     -5.642     -4.525    -10.923
  -1  138     -3.675     -6.247     -0.508
  -1  335     18.366     -7.821     -9.494
 328   93      5.565     -7.591      7.664
  -1   86     17.978     -9.368     -3.660
  -1  235     -0.102     -9.378      9.873
  -1  164      4.468     -8.317      1.827
 226  215     -9.061     -1.885     -4.736
 326   46      1.213     -1.770      0.791
  -1  171     -8.468     -9.753     -4.387
 424  102      7.163     -8.732      2.213
  -1  122      4.071    -10.151      6.425
  -1   -2      2.198     -6.850     -3.023
 131   -2    -12.514     -9.373     -3.704
  -1  223      5.004     -3.744      9.868
  66   -2      4.827     -5.022      5.028
  -1   55      3.672     -6.221     -2.069
 188  273      9.598    -10.184     -4.539
 171  211      3.953    -10.351      3.112
 213  143     -1.119     -4.128     -8.325
  -1   -2    -11.647     -7.154     -0.029
  -1  133     15.598     -4.118      8.775
 192  162      1.659     -2.801    -10.435
  -1   53     10.853     -9.576      3.877
  -1   61      4.543     -6.829     -9.487
  -1   -2     -0.935     -7.117     -2.298
  -1  152      0.416    -10.802      6.689
 307   -2     -4.762    -10.577     -3.472
 364   -2    -11.297     -1.986     -1.268
 239   -2      4.951     -9.158      1.462
 274  257     16.282     -8.529      1.569
 231  248     -3.585      2.663      5.053
 351  258     19.083     -9.636     -0.905
  -1   -2     18.320     -9.127      1.665
 186   -2      3.164    -10.861      3.247
  63  233      1.526     -7.723      6.809
 227  197      8.344      2.748      2.118
 100   11     -1.054     -4.867      7.218
  -1  253    -12.442    -10.747     -6.792
  50  112      9.465     -8.597      8.270
  -1  178      0.403     -5.968     -1.573
  -1  180     -3.563     -8.389     -4.248
  43   70     -1.471     -5.099      5.886
  72   72     14.852     -0.050      4.987
  92   -2      8.362     -7.860      5.400
  -1  259      0.725     -4.053      0.008
 446   -2     -8.310     -1.178      6.540
 110  117      5.607     -7.901      2.814
 371  124     19.423     -3.262     -3.765
 162  270      8.499     -7.071     -2.244
  -1   26     -0.150     -7.792     -5.455
 183  246     -1.870    -10.477      5.388
  -1  187     18.282    -10.794     -2.802
  -1  241      4.635    -10.154      2.702
  -1   -2     16.770      0.879    -10.405
  -1   -2     -0.632     -2.308     -1.057
 175  329      6.286    -10.673      3.300
  83  103      3.416     -4.116      5.809
  -1   -2      1.207     -2.495     -9.558
  51   -2      4.255     -9.115     10.062
 177   56     -3.665     -8.610     -0.260
 254  401     15.669     -1.318      7.333
 327   -2     -6.866     -9.259     -2.553
  -1   83      6.701     -9.084      9.193
  -1  375    -11.740     -7.950     -9.816
 144   22     -5.362     -5.792      7.476
 260  239     13.375      2.783      4.981
 158   82      0.704     -9.477     10.346
 264   -2     -2.565     -0.197     -3.351
 348   -2     -0.474     -3.758      1.821
 214  317    -10.181    -10.227     -5.422
  -1   54     11.653     -3.552      2.220
 280  104      9.692     -5.657      8.281
 234   -2     15.020     -5.191      3.247
 250  302     -3.232     -3.493     -3.540
 279  183     12.605     -6.548     -3.096
 174  149      1.698     -8.450      1.824
 160  198     -3.059    -10.432      5.078
 243   -2     12.751      0.068      7.807
  -1  192      7.824     -4.358      9.823
 261  141     16.970      0.463     -3.989
  -1   -2     -4.598     -8.662      0.089
  -1  101      5.672     -8.670     10.097
  -1   -2      8.994     -6.711      4.272
 349   52     -7.974     -7.627     -8.804
 205  154     15.344     -9.031      0.719
  -1   -2     12.642    -10.176     -3.616
 273   -2     -2.003     -4.709     -9.445
  -1  252      1.215     -8.545     10.105
  -1   -2      2.388     -7.463      0.135
  -1  291     -0.007     -9.493     -0.996
 108  229     10.178     -1.860      5.895
 251  313     -7.223     -5.960     -1.787
 313  156     18.559     -5.059      1.253
  -1   -2     14.706     -8.184     -3.086
  -1   -2      2.458     -3.783     -0.041
 268   84     18.258     -8.158     -0.336
  -1   -2      3.135     -8.917      8.484
  -1  238      5.954    -10.426     -5.054
 147   -2      6.702     -9.179     -3.318
  10  221     -1.792     -5.096      0.875
 460   -2     -0.251     -3.221     -1.998
  -1  188     -4.422    -10.696      2.816
 253  265     -5.334    -10.832     -3.002
  -1   50      4.081     -9.555      3.201
  -1  331      1.430    -10.986      1.720
  -1  322     17.956     -8.846     -3.536
  -1  399      2.404    -11.087     -0.265
 257  262      1.709    -10.340      7.403
  -1  118      4.611     -6.211      5.555
 375   59     20.073     -1.423     -5.996
  40  148     -4.268     -7.217     -4.800
 340   -2     16.956     -6.420     -9.466
 133   67     -1.532     -6.464      8.364
  -1   -2     12.424     -8.499      8.239
 302   -2      9.070     -7.624      3.155
  -1   -2     14.013     -4.750     -5.640
 236   -2      0.127     -6.340      1.440
 341  240     16.106     -5.080     -2.575
 202  247     12.039      0.918      1.423
 347  129     14.988     -7.714     -5.500
 306   -2     -6.291     -9.059     -2.620
  -1  342      0.915     -1.287     -0.058
  -1   -2      3.768     -2.554      4.831
 346   -2     15.225     -2.980      4.016
  -1  308     19.098     -3.714     -8.634
  -1   -2     -4.183     -4.640      8.123
 311   -2     15.555     -4.698      2.548
  -1  126      6.649     -5.168      0.706
 187   -2      1.687    -10.058      8.207
 322   -2      3.249     -4.418      2.773
  31   39      5.983     -8.311      8.285
  95   -2      2.510     -6.823     -4.168
  -1  343      1.411     -5.414      4.147
 240   -2      2.081     -4.497      0.361
  -1   -2     -0.220    -10.523      6.780
 421  352    -10.426     -5.090      1.397
 318  194     12.286     -1.128      5.557
  59  304     -2.164     -3.220     -2.582
 321   -2    -11.695    -10.689     -0.990
  -1  269     19.260     -5.177     -8.364
 182  321      1.216     -9.260     -3.209
  -1   -2     -0.715     -3.824      2.496
 291   -2     13.559     -6.396      0.744
  -1  307      6.167     -1.061     -0.602
 271   96      2.039     -5.184      9.617
  -1   -2     13.473     -4.242     -9.876
 336  176     16.072     -3.849      6.167
 368  328     19.202     -9.349     -3.775
 265   -2     15.121     -2.574     -6.140
  -1   -2      3.809     -3.891      8.891
  -1   28      5.254     -7.183      9.675
  21   -2      9.796     -7.620     -5.530
  -1  173     11.661     -3.832      5.179
  -1   -2     18.248     -9.486     -6.449
 262   -2    -10.852     -5.435    -10.167
 373  195    -10.223     -2.963     -5.536
  77   -2      4.458     -8.144      2.716
  -1  292     -1.952     -4.232     -7.412
 200   -2      0.808     -9.680     -2.616
  -1   -2     11.023     -6.517     -3.596
  -1   -2      8.035     -4.079      1.003
 113  334      6.864     -4.003      7.703
  -1   -2     -9.429     -8.524     -3.121
  -1   -2      5.114     -0.416      8.801
  -1  296     -6.919    -10.534      1.541
  -1   -2      4.958     -2.201      7.669
  -1  260     19.961    -11.195     -5.366
 363   -2    -17.372     -4.110     11.030
 138  338     20.686     -6.084     -3.342
  -1  303      9.062     -1.094     11.037
  -1  371    -12.140      1.802     -9.865
  -1  222     -8.233     -0.701     -6.001
 358  355     10.794      4.583      9.473
  -1   -2     -9.159    -12.759    -10.394
 360   -2     23.147      2.358      9.774
  -1  360      6.617      5.318      6.916
 425  354     23.914      3.037     10.368
  -1  209     -3.218    -10.456      3.672
  -1  226    -11.765    -12.001     -6.514
  -1   -2     -8.967     -0.301      7.679
  -1  234     -6.932     -2.496    -10.557
  -1   -2     14.682     -6.301      9.129
  -1  224     12.236      1.010     -5.636
 252   -2     17.920     -4.166     -6.266
  -1   -2    -13.202     -6.697     -5.900
 383   -2    -11.479      1.756     -1.346
  -1   -2      7.549     -0.862      9.715
 246  400      1.975     -0.003     -8.085
  -1   -2    -12.271     -2.764    -10.345
 350  380    -15.770     -3.929      6.644
 276  347     15.932     -0.324     -8.373
 359   -2    -10.124      1.044     -7.882
  -1  137     17.147     -1.469     -0.963
  -1  370     -6.318     -3.602     -9.715
  -1  100    -11.437     -7.429     -2.769
  -1   -2    -14.780      3.111      5.024
 331   -2     -7.341     -4.287     -8.370
  -1   -2     16.540      2.928     -9.857
 352   -2     -9.277     -9.378      1.245
 269  318      1.668     -9.895      4.681
  -1  377    -11.328      5.206     -7.540
  -1  365    -10.097     -3.624     -2.992
  -1   -2     -9.548     -2.452     -6.582
  -1   -2      7.218      1.897      9.999
  -1   -2      9.696      2.344      2.573
  -1   -2      5.238      1.596      6.629
  -1   -2     22.504      3.785     -8.426
  -1   -2     14.435      2.110     -4.469
 386  405      2.819     -1.730      4.797
  -1   -2     -2.864     -5.624      8.007
  -1   -2     -2.813     -5.623      8.037
  -1   -2      6.084     -3.331     -0.764
  -1   -2      5.388     -3.134     -4.592
 389  407      3.546     -0.503      5.488
  -1   -2      0.742     -6.137      9.477
  -1   -2      2.741     -4.781     -5.643
  -1   -2     -3.874     -4.952      5.611
 437  429     -7.339     -3.333      1.836
  -1   -2     -7.314     -3.331      1.898
 439  432      4.718     -3.119     -0.478
 404   98     -1.208     -5.570      8.481
  -1   57      1.927     -2.700      5.462
  -1   -2     -4.773     -1.136      3.349
  -1   -2      7.999     -2.785      9.456
  -1   -2      1.735     -7.074     -2.783
  -1   -2     -0.092     -3.670      9.402
  -1  418     -2.064      0.031      7.017
 409   -2     -2.056      0.025      7.079
  -1   -2     10.667     -0.393      9.814
  -1   -2      6.945     -2.681      9.946
 414  420      3.175      0.096     -2.477
  -1   -2     14.855     -1.886      6.278
 412  419      3.535     -4.146      5.628
 455  287      4.356     -6.530      1.403
  76   -2     -2.275     -2.361     -2.234
  71   80     -7.470     -7.424      5.447
 422  175      2.240     -3.003      3.195
  -1   -2     -2.481     -9.692      9.846
 365   -2      6.469     -3.856     -4.019
 208  196     -1.081     -6.373      6.775
 384  402     -2.823     -5.618      8.014
 440  310      5.388     -3.134     -4.592
 388  406      6.101     -3.328     -0.789
  -1   -2      2.750     -4.784     -5.596
  -1   -2      8.020     -2.793      9.481
  -1   -2     -7.339     -3.333      1.836
  -1   -2     -7.339     -3.333      1.836
  16   18     -7.411     -3.337      1.659
  -1   -2     -8.093     -3.858      6.017
 393  410     -3.874     -4.948      5.612
  -1   -2     -4.773     -1.136      3.349
  -1   -2     -4.773     -1.136      3.349
  -1   -2      6.945     -2.681      9.946
  -1   -2      1.927     -2.700      5.462
 411   -2     10.667     -0.393      9.814
  -1   -2     14.733     -4.911      7.877
 449  434     14.855     -1.886      6.278
   7  424     -2.556     -7.957     -2.197
  -1   -2      2.750     -4.784     -5.596
 451  436      2.750     -4.784     -5.596
 458   30      8.020     -2.793      9.481
  20  393      1.694     -7.072     -2.729
 453  344     -8.093     -3.858      6.017
 438  430     -4.773     -1.136      3.349
 459   44     -0.283     -7.831     -1.777
  -1   -2      4.735     -3.112     -0.494
 445   -2      1.917     -2.699      5.487
 447  433     14.733     -4.911      7.877
 456   -2      4.347     -8.302      1.478
 461   43     -0.092     -3.670      9.402
  -1   -2      6.969     -2.689      9.976
