354
  62   -2      1.006     -7.758      0.340
   1   -2     -1.244     -8.844     -0.042
  -1   -2      0.052     -9.198     -0.508
 126    3     -1.964     -8.482      0.442
  30    5      8.183     -8.318     -0.658
  18   -2      8.249     -8.908      4.742
  92    7     14.023     -2.033     -4.666
   6    6     17.693     -5.617      0.234
  25    8     12.279     -7.817      8.396
  36   -2      0.901     -9.976     -4.765
  52    9      5.647     -4.394     -6.184
  -1   -2      9.206     -6.827     -7.193
  69   -2     11.560     -5.221      1.677
  85   23     -7.678     -6.227     -7.654
   7   12     12.527     -8.783      5.231
  15   16     12.659     -5.581      8.391
  40   -2      3.873     -8.874      8.302
  -1   22      4.131     -7.925      7.236
  -1   -2     10.641     -1.862      4.748
  10   90      6.893     -8.134      9.477
  -1   -2     -3.110     -8.514     -8.109
  20   -2     16.339     -8.461      2.334
  19   -2     -1.982     -6.895      6.966
  -1   27      5.178     -9.843     -1.906
  21   25     17.535     -8.022      1.324
  -1   -2     -3.579     -6.379     -4.023
  42   -2     -3.454     -8.895      0.869
  16   -2      7.618     -6.082      9.967
  50   11     10.395     -0.416      5.476
  11   -2     12.838     -9.084     -1.008
  97   30     10.859     -6.263     -7.109
  34   15     12.233     -7.194      7.771
   4    4      8.937     -8.552      2.278
  28    0      3.627     -7.617      3.501
  37   34     -6.063     -9.748     -8.593
  26   -2     15.959     -3.754     -8.495
  31   -2     11.600     -6.631     -5.122
  29   37     16.867    -10.581      0.912
  -1   24     14.983     -9.064      8.336
  63  124      9.462     -3.276      7.658
  43   -2     12.407     -5.097     10.194
  94   -2     16.580     -9.916      3.248
  -1   -2     15.506    -10.285     -7.538
  71   13     -5.471     -3.289     -2.025
  56   91     -9.024     -9.120     -3.660
  -1   -2     12.864     -2.810      9.438
  68   -2     14.082      3.071     -3.664
  -1   -2     -0.781     -7.758     -6.652
  -1   -2     -9.377     -3.433      3.303
  -1   68      9.486    -11.083     10.388
  -1   -2      0.006     -2.669     -4.313
  -1   -2     18.580    -11.275    -10.057
  -1   -2    -13.062     -7.294      5.811
  -1   -2      7.001     -2.079     -3.848
  -1   52     16.754     -7.246      3.190
  49   35      7.340     -7.313     -0.849
  -1   36      8.343     -6.605      0.242
  -1   26      8.336      5.481      9.203
  -1   19     -8.206    -10.817      7.651
  -1   -2     -9.133     -6.922      2.309
  55   18     11.111    -11.048     -6.114
  78   58    -11.939     -9.675     -6.697
  58   -2      5.848     -6.501    -10.333
  -1   -2     16.822     -6.380      5.403
  60   61     -6.446     -5.419     10.214
  61   -2     11.746    -10.122     -6.521
  88   -2     -7.832    -10.362     -5.822
  64   67    -11.324     -5.747     10.939
  89   73     19.182      3.904     -2.995
  -1   76    -11.223     -3.948     -1.976
  66   -2     12.171     -9.718      8.958
  -1   -2     17.880      0.004     -2.879
  -1   45     -4.478      1.068      4.084
  80   71     -4.244     -1.756     -9.529
  47   -2      1.959     -3.567      3.878
  72   -2     12.782     -6.127    -10.434
  -1   -2      2.284     -8.806     10.035
  70   -2    -11.712     -5.911     -1.254
  76   78      9.295     -9.460     -9.232
  -1   63     17.875      4.503     -2.629
 125   80     -6.993     -0.895     -9.652
  -1   -2     17.436     -5.448     -2.869
  -1   55      8.408      0.934      9.551
  -1   -2     -4.288    -10.345     -9.704
  -1   14      3.278     -4.438      6.611
  81  103      0.160     -5.008     -6.227
  -1   81      6.702     -6.852     10.123
  -1   -2     21.682    -10.326    -12.509
  -1   59     13.500     -5.819      5.600
  -1   -2     11.904     -8.691      9.097
  -1   43     16.688     -9.770    -10.064
  84   84     12.149      2.369      9.747
  87   98     16.920     -3.728      3.896
  -1   42     16.943     -6.417     -9.435
  -1   89     15.313     -0.927     -4.875
  51   -2     -4.594     -7.225      2.416
  54   -2     -6.831     -7.807     -0.451
  12   -2     -6.801     -4.331     -7.404
  -1   31     -5.031    -10.871     -2.142
  -1   32     10.564     -2.484    -10.526
  -1   85     10.511     -4.097      6.931
  -1   -2     18.577     -4.777     -6.452
  99   97     -1.196     -8.836     -0.015
  73   -2     17.628     -5.590      0.259
  -1   -2      9.251     -6.821     -7.200
  -1   -2     10.807     -1.875      4.334
  -1   39     12.864     -2.810      9.438
  -1   70     -9.377     -3.433      3.303
  -1   -2      7.001     -2.079     -3.848
  -1   87      0.006     -2.669     -4.313
  48  105    -13.062     -7.294      5.811
  59   -2     16.754     -7.246      3.190
  74   93     -9.133     -6.922      2.309
  -1   -2      8.336      5.481      9.203
  -1   -2     17.436     -5.448     -2.869
 100    2      0.041     -9.192     -0.489
  -1   -2      9.251     -6.821     -7.200
  -1   -2     10.807     -1.875      4.334
  -1   -2      0.006     -2.669     -4.313
  -1   -2      7.001     -2.079     -3.848
  -1   -2      8.336      5.481      9.203
  -1   -2     12.864     -2.810      9.438
  -1   -2     17.436     -5.448     -2.869
  -1   -2      9.251     -6.821     -7.200
  -1   -2     10.807     -1.875      4.334
  -1   -2      0.006     -2.669     -4.313
  -1   -2      7.001     -2.079     -3.848
  -1   -2      8.336      5.481      9.203
  -1   -2     17.436     -5.448     -2.869
  -1   -2      9.251     -6.821     -7.200
  -1   -2     10.807     -1.875      4.334
  -1   -2      0.006     -2.669     -4.313
  -1   -2      7.001     -2.079     -3.848
  -1   -2      8.336      5.481      9.203
  -1   -2     17.436     -5.448     -2.869
  -1   -2      9.251     -6.821     -7.200
  -1   -2     10.807     -1.875      4.334
  -1   -2      0.006     -2.669     -4.313
  -1   -2      7.001     -2.079     -3.848
  -1   -2      8.336      5.481      9.203
  -1   -2     17.436     -5.448     -2.869
  -1   -2      9.251     -6.821     -7.200
  -1   -2     10.807     -1.875      4.334
  -1   -2      0.006     -2.669     -4.313
  -1   -2      8.336      5.481      9.203
  -1   -2      7.001     -2.079     -3.848
  -1   -2     17.436     -5.448     -2.869
  -1   -2     10.807     -1.875      4.334
  -1   -2      0.006     -2.669     -4.313
  -1   -2      7.001     -2.079     -3.848
  -1   -2      8.336      5.481      9.203
  -1   -2     17.436     -5.448     -2.869
  -1   -2      9.251     -6.821     -7.200
  -1   -2     10.807     -1.875      4.334
  -1   -2      0.006     -2.669     -4.313
 142  144      7.001     -2.079     -3.848
  -1   -2      8.336      5.481      9.203
  -1   -2     17.436     -5.448     -2.869
  -1   -2      9.251     -6.821     -7.200
  -1   -2     10.807     -1.875      4.334
  -1   -2      0.006     -2.669     -4.313
  -1   -2      8.336      5.481      9.203
  98   -2     17.436     -5.448     -2.869
  -1   -2      9.251     -6.821     -7.200
  -1   -2     10.807     -1.875      4.334
  -1   -2      0.006     -2.669     -4.313
  -1   -2      8.336      5.481      9.203
  -1   -2      9.251     -6.821     -7.200
  -1   -2     10.807     -1.875      4.334
  -1   -2      0.006     -2.669     -4.313
  -1   -2      8.336      5.481      9.203
  -1   -2      9.251     -6.821     -7.200
  -1   -2     10.807     -1.875      4.334
  -1   -2      0.006     -2.669     -4.313
  -1   -2      8.336      5.481      9.203
  -1   -2      9.251     -6.821     -7.200
  -1   -2     10.807     -1.875      4.334
  -1   -2      0.006     -2.669     -4.313
  -1   -2      8.336      5.481      9.203
  -1   -2      9.251     -6.821     -7.200
  -1   -2     10.807     -1.875      4.334
  -1   -2      0.006     -2.669     -4.313
  -1   -2      8.336      5.481      9.203
  -1   -2      9.251     -6.821     -7.200
  -1   -2     10.807     -1.875      4.334
  -1   -2      0.006     -2.669     -4.313
  -1   -2      8.336      5.481      9.203
  -1   -2      9.251     -6.821     -7.200
  -1   -2     10.807     -1.875      4.334
  -1   -2      0.006     -2.669     -4.313
  -1   -2      8.336      5.481      9.203
  -1   -2      9.251     -6.821     -7.200
  -1   -2     10.807     -1.875      4.334
  -1   -2      0.006     -2.669     -4.313
  -1   -2      8.336      5.481      9.203
  -1   -2      9.251     -6.821     -7.200
  -1   -2     10.807     -1.875      4.334
  -1   -2      0.006     -2.669     -4.313
  -1   -2      8.336      5.481      9.203
  -1   -2      9.251     -6.821     -7.200
  -1   -2     10.807     -1.875      4.334
  -1   -2      0.006     -2.669     -4.313
  -1   -2      8.336      5.481      9.203
  -1   -2      9.251     -6.821     -7.200
  -1   -2     10.807     -1.875      4.334
  -1   -2      0.006     -2.669     -4.313
  -1   -2      8.336      5.481      9.203
  -1   -2      9.251     -6.821     -7.200
  -1   -2     10.807     -1.875      4.334
  -1   -2      0.006     -2.669     -4.313
  -1   -2      8.336      5.481      9.203
  -1   -2      9.251     -6.821     -7.200
  -1   -2     10.807     -1.875      4.334
  -1   -2      0.006     -2.669     -4.313
  -1   -2      8.336      5.481      9.203
  -1   -2      9.251     -6.821     -7.200
  -1   -2     10.807     -1.875      4.334
  -1   -2      0.006     -2.669     -4.313
  -1   -2      8.336      5.481      9.203
  -1   -2      9.251     -6.821     -7.200
  -1   -2     10.807     -1.875      4.334
  -1   -2      0.006     -2.669     -4.313
  -1   -2      8.336      5.481      9.203
  -1   -2      9.251     -6.821     -7.200
  -1   -2     10.807     -1.875      4.334
  -1   -2      0.006     -2.669     -4.313
  -1   -2      8.336      5.481      9.203
  -1   -2      9.251     -6.821     -7.200
  -1   -2     10.807     -1.875      4.334
 227   -2      0.006     -2.669     -4.313
  -1   -2      8.336      5.481      9.203
  -1   -2      9.251     -6.821     -7.200
  -1   -2     10.807     -1.875      4.334
  -1   -2      8.336      5.481      9.203
  -1   -2      9.251     -6.821     -7.200
  -1   -2     10.807     -1.875      4.334
  -1   -2      8.336      5.481      9.203
  -1   -2      9.251     -6.821     -7.200
  -1   -2     10.807     -1.875      4.334
  -1   -2      8.336      5.481      9.203
  -1   -2      9.251     -6.821     -7.200
  -1   -2     10.807     -1.875      4.334
  -1   -2      8.336      5.481      9.203
  -1   -2      9.251     -6.821     -7.200
  -1   -2     10.807     -1.875      4.334
  -1   -2      8.336      5.481      9.203
  -1   -2      9.251     -6.821     -7.200
  -1   -2     10.807     -1.875      4.334
  -1   -2      8.336      5.481      9.203
  -1   -2      9.251     -6.821     -7.200
  -1   -2     10.807     -1.875      4.334
  -1   -2      8.336      5.481      9.203
   9  260      9.251     -6.821     -7.200
  -1   -2     10.807     -1.875      4.334
  -1   -2      8.336      5.481      9.203
  -1   -2     10.807     -1.875      4.334
  -1   -2      8.336      5.481      9.203
  -1   -2     10.807     -1.875      4.334
  -1   -2      8.336      5.481      9.203
  -1   -2     10.807     -1.875      4.334
  -1   -2      8.336      5.481      9.203
  -1   -2     10.807     -1.875      4.334
  -1   -2      8.336      5.481      9.203
  -1   -2     10.807     -1.875      4.334
  -1   -2      8.336      5.481      9.203
  -1   -2     10.807     -1.875      4.334
  -1   -2      8.336      5.481      9.203
  -1   -2     10.807     -1.875      4.334
  -1   -2      8.336      5.481      9.203
  -1   -2     10.807     -1.875      4.334
  -1   -2      8.336      5.481      9.203
  -1   -2     10.807     -1.875      4.334
  -1   -2      8.336      5.481      9.203
  -1   -2     10.807     -1.875      4.334
  -1   -2      8.336      5.481      9.203
  -1   -2     10.807     -1.875      4.334
  -1   -2      8.336      5.481      9.203
  -1   -2     10.807     -1.875      4.334
  -1   -2      8.336      5.481      9.203
  -1   -2     10.807     -1.875      4.334
  -1   -2      8.336      5.481      9.203
  -1   -2     10.807     -1.875      4.334
  -1   -2      8.336      5.481      9.203
  -1   -2     10.807     -1.875      4.334
  -1   -2      8.336      5.481      9.203
  -1   -2     10.807     -1.875      4.334
  -1   -2      8.336      5.481      9.203
  -1   -2     10.807     -1.875      4.334
  -1   -2      8.336      5.481      9.203
  -1   -2     10.807     -1.875      4.334
  -1   -2      8.336      5.481      9.203
  -1   -2     10.807     -1.875      4.334
  -1   -2      8.336      5.481      9.203
  -1   -2     10.807     -1.875      4.334
  -1   -2      8.336      5.481      9.203
  -1   -2     10.807     -1.875      4.334
  -1   -2      8.336      5.481      9.203
  -1   -2     10.807     -1.875      4.334
  -1   -2      8.336      5.481      9.203
  -1   -2     10.807     -1.875      4.334
  -1   -2      8.336      5.481      9.203
  -1   -2     10.807     -1.875      4.334
  -1   -2      8.336      5.481      9.203
  -1   -2     10.807     -1.875      4.334
  -1   -2      8.336      5.481      9.203
  -1   -2     10.807     -1.875      4.334
  -1   -2      8.336      5.481      9.203
  -1   -2     10.807     -1.875      4.334
  -1   -2      8.336      5.481      9.203
  -1   -2     10.807     -1.875      4.334
  -1   -2      8.336      5.481      9.203
  -1   -2     10.807     -1.875      4.334
  -1   -2      8.336      5.481      9.203
  -1   -2     10.807     -1.875      4.334
  -1   -2      8.336      5.481      9.203
  -1   -2     10.807     -1.875      4.334
  -1   -2      8.336      5.481      9.203
  -1   -2     10.807     -1.875      4.334
  -1   -2      8.336      5.481      9.203
  -1   -2     10.807     -1.875      4.334
  -1   -2      8.336      5.481      9.203
  -1   -2     10.807     -1.875      4.334
  -1   -2      8.336      5.481      9.203
  -1   -2     10.807     -1.875      4.334
  -1   -2      8.336      5.481      9.203
  -1   -2     10.807     -1.875      4.334
  -1   -2      8.336      5.481      9.203
  -1   -2     10.807     -1.875      4.334
  -1   -2      8.336      5.481      9.203
  -1   -2     10.807     -1.875      4.334
  -1   -2      8.336      5.481      9.203
  -1   -2     10.807     -1.875      4.334
  -1   -2      8.336      5.481      9.203
  -1   -2     10.807     -1.875      4.334
  -1   -2      8.336      5.481      9.203
  -1   -2     10.807     -1.875      4.334
  -1   -2      8.336      5.481      9.203
  -1   -2     10.807     -1.875      4.334
  -1   -2      8.336      5.481      9.203
  -1   -2     10.807     -1.875      4.334
  -1   -2      8.336      5.481      9.203
  -1   -2     10.807     -1.875      4.334
  -1   -2      8.336      5.481      9.203
  -1   -2     10.807     -1.875      4.334
  -1   -2      8.336      5.481      9.203
  -1   -2     10.807     -1.875      4.334
  -1   -2      8.336      5.481      9.203
  -1   -2     10.807     -1.875      4.334
  -1   -2      8.336      5.481      9.203
  -1   -2     10.807     -1.875      4.334
 347  348      8.336      5.481      9.203
  -1   -2     10.807     -1.875      4.334
  -1   -2     10.807     -1.875      4.334
 102  353     10.807     -1.875      4.334
