134
  -1   -2     -5.128     -7.939     -0.167
  19    1      7.385     -8.228      0.835
  51   81     14.024     -2.032     -4.672
   8    3     -6.791     -1.216      3.993
  17   26      8.866    -10.446     -6.542
   9   -2     12.281     -7.821      8.399
  12    7     11.201     -9.648     -2.590
  88    9      5.646     -4.395     -6.185
  42   -2      9.206     -6.827     -7.190
 117   13     11.566     -5.220      1.692
  15   32     10.421    -10.934     -4.326
  18   22     -7.676     -6.227     -7.654
   1   -2     13.366     -8.690      8.014
  16   11     11.183     -5.322      2.827
  24   14      6.770     -8.595      0.278
  33   49     19.676     -8.960     -4.389
   7   16     12.942     -8.154      5.418
  -1   -2     10.636     -1.864      4.767
   5   -2      8.810     -8.319      0.544
  76   -2      3.546     -7.398     -0.823
  31   23      4.504     -9.499      0.725
  36   -2     -4.848     -4.955      2.895
  84   -2     -1.430    -10.928     -7.995
  80   -2     -3.118     -8.514     -8.111
  65   -2     -1.498     -4.918     -1.787
  35  110     14.336     -7.357      8.753
  27   21      4.472      0.659      9.905
  10   17     -3.587     -6.378     -4.027
  26   47      7.364     -4.938      6.244
  52   19     13.935     -9.173      1.392
  25   36     -3.766     -6.025     -0.263
  34   18     10.389     -0.420      5.493
  -1   -2      8.271    -10.290      2.853
  -1   -2     16.873     -2.867    -10.165
  -1   53      8.865     -8.882      8.962
  62   -2     -8.879    -10.251     -1.753
  91   37     10.861     -6.265     -7.117
  54   -2     -4.541     -8.207      3.917
   2   -2     11.607     -6.634     -5.145
  -1   31     11.389     -8.998     -3.977
  32   -2     -3.274     -5.428     -3.079
 115   70      8.997      1.924      9.011
 112   -2     15.598     -8.854      1.893
  -1  125      6.638     -7.347     -3.033
  47   -2     16.406     -6.580      1.803
  50  108     -2.805     -8.567      1.485
  56   25     -5.041     -5.648     -4.254
  40   30     -0.226     -8.402      3.288
  37   -2     11.253     -8.485     -3.717
 118   64    -10.798     -9.743      1.389
  39   -2      5.361     -8.437      6.713
  -1   45      9.439     -3.278      7.719
  89  101     -8.896     -8.945      1.917
  58   -2     -7.025     -7.281     -5.391
 107   -2      8.315      0.919     10.731
 109   44     16.934     -6.369     -9.436
 105  104    -10.716     -5.299      0.939
  -1   80     -0.224      0.573     -1.897
  21   55     -6.247     -7.898     -2.388
  -1   -2      5.803     -4.648      0.732
  93   -2      8.342     -6.610      0.249
  -1   -2      1.417     -7.681     -8.737
  92   58     -0.769     -7.759     -6.622
  94   90     -7.147      0.167     -9.668
  -1   -2      0.005     -2.668     -4.310
  -1   -2    -13.065     -7.294      5.827
  -1   83    -12.588    -10.646     -8.818
  -1  124      8.475     -9.987     -5.937
 106   -2    -11.573     -0.799      8.104
  97   79     16.064     -4.921      3.197
  -1   -2     -8.204     -1.284     -5.366
  -1   -2     16.795    -10.431     -0.362
  -1   57      5.855     -6.497    -10.299
  -1   15     -6.445     -5.419     10.220
  78   71    -14.875     -7.848      1.743
  -1   -2     -9.105     -2.181     -2.781
  -1   -2      8.330      5.470      9.222
  83   73    -11.331     -5.750     10.960
  -1   -2     20.759     -3.352     -3.397
  73   51     -6.721     -7.482      8.790
  -1   85     -2.279    -10.793      9.679
  -1   -2     -3.253    -10.601     -8.753
  60  113      7.457     -2.160     -2.397
 110   -2     14.304      1.495     -4.146
  98   -2    -11.220     -3.947     -1.970
  44   -2     -2.826     -0.916     -1.657
  43   82     12.787     -6.128    -10.445
 111   -2      1.960     -3.569      3.868
  -1   38     20.245     -9.168     -0.395
  -1   -2     -4.477      1.069      4.084
  64   77     -2.668     -0.591      3.015
  96   54     19.212     -2.709     -8.523
  -1   42     18.648     -5.134      1.764
  -1   75    -11.712     -5.909     -1.249
  -1   40      0.701     -5.653      6.245
  -1   20     18.838      0.127     -5.091
  -1   -2      9.290     -9.459     -9.221
   4   41     -8.668     -9.216      3.892
  95   -2     -6.688     -4.224     -7.732
  -1   76      0.162     -5.007     -6.230
  -1    6      6.699     -6.852     10.130
  -1    5     11.425     -6.994      9.719
 102  122      3.278     -4.437      6.612
  -1   -2     -8.470     -4.313      7.084
  67   -2    -10.618     -2.135      0.327
  -1   84      7.570      0.132      7.823
  -1    2     15.315     -0.930     -4.841
  -1  105     12.150      2.358      9.749
  -1   -2     21.324     -5.026    -12.312
  71   10      7.622     -6.008    -10.272
 108  100      0.606    -10.138    -11.874
  -1   -2     16.056     -1.379      0.610
  -1   -2     -9.401     -3.169      4.729
  -1   86     19.431      4.795     -5.999
  86   -2     18.600     -1.263      1.813
  -1   -2     -9.662     -8.532      1.227
  -1   52     10.569     -2.482    -10.526
  -1   -2     -8.390     -6.227     -4.573
  -1  114    -11.568     -9.504      1.376
 120  118     -5.211     -7.925      0.088
  -1   -2     -5.154     -7.934     -0.100
  -1  107     10.793     -1.877      4.373
  -1   96      0.005     -2.668     -4.310
  66  120    -13.065     -7.294      5.827
 124   59      7.335     -7.313     -0.867
 123   -2      8.475     -9.987     -5.937
  -1   -2      8.330      5.470      9.222
  -1   -2     -5.211     -7.925      0.088
  -1   -2     -5.128     -7.939     -0.167
  -1   -2     -5.211     -7.925      0.088
   0    0     -5.128     -7.939     -0.167
  20  123     10.793     -1.877      4.373
  -1   -2      8.330      5.470      9.222
  -1   -2      8.330      5.470      9.222
