257
  15   18     -4.756    -10.456     -0.497
   8    1      8.182     -8.315     -0.659
  61   -2     14.024     -2.032     -4.666
  -1   -2      9.206     -6.829     -7.194
  46   -2      5.642     -4.398     -6.199
  86   20     11.560     -5.229      1.680
   5    7     -7.676     -6.228     -7.655
   6    8     11.183     -5.324      2.826
  -1   -2      6.768     -8.595      0.285
   7    9     11.045     -9.730     -3.119
   9   11     12.516     -8.785      5.198
  -1  274     10.642     -1.863      4.750
  13   13      7.868     -6.882     -6.951
  14   -2      8.340    -10.332     -4.813
  -1   -2      9.369    -10.938      6.027
 133  140     15.562    -10.602     -0.306
  76   34     -3.581     -6.381     -4.026
  59   -2      1.312     -7.988     -0.508
  92   -2     10.372     -0.425      5.533
  98   -2     17.530     -8.024      1.329
  -1   77     12.837     -9.053     -0.998
 101   91     10.428     -6.195     -5.955
  10   22     -0.797     -8.236      9.331
   1    4      6.641     -7.346     -3.026
  21   21     15.975     -3.759     -8.533
  24   -2     11.603     -6.637     -5.137
  -1   28      8.934     -8.550      2.299
  29   30      9.460     -3.277      7.667
  30   31      1.208     -9.871      8.856
  -1   25     17.093     -8.331     -3.614
  75   33      8.451     -9.340     -6.942
  -1   -2      6.998     -2.081     -3.846
  -1   -2     14.081      3.071     -3.662
  -1   -2     -9.375     -3.433      3.303
  -1   23      8.347     -6.608      0.242
  -1   -2     16.755     -7.247      3.187
  -1  249      0.006     -2.672     -4.314
  -1   -2    -13.060     -7.294      5.806
  -1   -2    -12.590     -9.469     -4.251
  40   51      1.416     -7.698     -8.753
  -1   -2      8.335      5.479      9.209
  -1   17      8.118    -10.105     -7.095
  39   46     -9.132     -6.923      2.318
  -1   26     -8.203    -10.816      7.646
  49   -2     10.205    -12.143    -10.033
  -1   -2     15.810     -6.674      1.749
  52   50     11.057    -11.051     -5.990
  80   19     16.055     -4.925      3.215
  51   -2      5.852     -6.496    -10.318
 107   40     -8.356     -5.171     -7.037
  -1   52     -8.247    -12.232     -9.664
  -1   -2     16.492     -8.797      6.366
  55   58    -11.326     -5.750     10.940
  -1   -2     18.864     -8.896     -0.216
  -1   -2     11.745    -10.121     -6.546
  -1  118     -2.273     -4.273      1.331
  -1   53     19.181      3.903     -2.993
  58   71    -11.224     -3.950     -1.975
  -1   79     -2.507     -9.862     -4.763
  53   -2     17.879      0.004     -2.874
  -1   -2     -0.207    -10.715      3.559
  65   63     -4.477      1.066      4.083
  41   15      1.960     -3.570      3.871
  -1   62     12.206     -9.728      8.867
  23   65     12.785     -6.130    -10.444
  -1   -2     15.510    -10.302     -7.543
  -1   68     17.870      4.501     -2.613
  67   72     14.665    -11.010      1.991
  -1   84     -4.242     -1.751     -9.528
  78   75    -11.577    -10.150     10.428
 104   89     17.442     -5.454     -2.875
  73   32      8.407      0.935      9.552
  69   -2     10.603     -8.957     -1.168
  72   76     -9.406    -10.993     -9.849
  26   -2     -8.566     -8.955      1.324
  -1   10      3.728     -7.625      3.793
  -1   -2      3.329      5.959      2.024
  -1   61      4.856     -2.623      4.667
  -1   83      7.621     -6.007    -10.285
  -1   45     16.921     -3.732      3.905
  -1   -2      0.591    -10.137    -11.823
  34   78      9.372     -7.202      9.468
  85   90     10.513     -4.100      6.933
  81   86     15.310     -0.930     -4.855
  -1    2     10.569     -2.486    -10.519
  33   -2     18.574     -4.777     -6.451
 105   -2     -4.598     -7.224      2.437
  -1   60     10.810     -1.874      4.330
  -1   -2      9.844    -10.305     -1.565
  43  112     16.755     -7.247      3.187
  -1   59     -9.375     -3.433      3.303
  -1   -2      0.006     -2.672     -4.314
  -1   -2    -13.060     -7.294      5.806
   2   64      6.998     -2.081     -3.846
  -1   -2      8.347     -6.608      0.242
 103  116      9.297    -10.932      5.904
  -1   -2      8.335      5.479      9.209
  64   -2     15.810     -6.674      1.749
 172  173     16.492     -8.797      6.366
  63   16     -2.273     -4.273      1.331
  -1   -2     -4.242     -1.751     -9.528
  -1   -2      9.251     -6.823     -7.199
  -1   -2     10.810     -1.874      4.330
  -1   -2      9.844    -10.305     -1.565
  -1   -2      6.998     -2.081     -3.846
  -1   -2     -9.375     -3.433      3.303
  -1   -2      8.347     -6.608      0.242
  -1   -2      0.006     -2.672     -4.314
  -1   -2    -13.060     -7.294      5.806
  -1   -2      8.335      5.479      9.209
  -1   -2     16.492     -8.797      6.366
   3  121      9.251     -6.823     -7.199
  -1   -2     10.810     -1.874      4.330
  -1   -2      9.844    -10.305     -1.565
  -1   -2      6.998     -2.081     -3.846
  -1   -2     -9.375     -3.433      3.303
  -1   -2      0.006     -2.672     -4.314
  -1   -2    -13.060     -7.294      5.806
  -1   -2      8.335      5.479      9.209
  -1   -2      8.347     -6.608      0.242
  -1   -2     16.492     -8.797      6.366
  -1   -2     10.810     -1.874      4.330
  93  151      9.844    -10.305     -1.565
  -1   -2     -9.375     -3.433      3.303
  -1   -2      0.006     -2.672     -4.314
  -1   -2    -13.060     -7.294      5.806
  -1   -2      6.998     -2.081     -3.846
  -1   -2      8.347     -6.608      0.242
  -1   -2      8.335      5.479      9.209
  -1   -2     16.492     -8.797      6.366
  -1   -2     10.810     -1.874      4.330
  -1   -2     -9.375     -3.433      3.303
  -1   -2      8.347     -6.608      0.242
  -1   -2      0.006     -2.672     -4.314
  -1   -2    -13.060     -7.294      5.806
  -1   -2      8.335      5.479      9.209
  -1   -2      6.998     -2.081     -3.846
  -1   -2     16.492     -8.797      6.366
  -1   -2     10.810     -1.874      4.330
  -1   -2      0.006     -2.672     -4.314
  -1   -2     -9.375     -3.433      3.303
  -1   -2    -13.060     -7.294      5.806
  -1   -2      8.347     -6.608      0.242
  -1   -2      8.335      5.479      9.209
  -1   -2      6.998     -2.081     -3.846
  -1   -2     16.492     -8.797      6.366
  -1   -2     10.810     -1.874      4.330
  -1   -2      8.347     -6.608      0.242
  -1   -2      6.998     -2.081     -3.846
 167  168     -9.375     -3.433      3.303
  -1   -2      0.006     -2.672     -4.314
  -1   -2    -13.060     -7.294      5.806
  -1   -2      8.335      5.479      9.209
  -1   -2     16.492     -8.797      6.366
  -1   -2     10.810     -1.874      4.330
  -1   -2      8.347     -6.608      0.242
  -1   -2      0.006     -2.672     -4.314
  -1   -2    -13.060     -7.294      5.806
  -1   -2      8.335      5.479      9.209
  -1   -2      6.998     -2.081     -3.846
  -1   -2     16.492     -8.797      6.366
  -1   -2     10.810     -1.874      4.330
  -1   -2      8.347     -6.608      0.242
  -1   -2      0.006     -2.672     -4.314
 162  164    -13.060     -7.294      5.806
  -1   -2      8.335      5.479      9.209
  -1   -2      6.998     -2.081     -3.846
  54   14     16.492     -8.797      6.366
  -1   -2     10.810     -1.874      4.330
  -1   -2      8.347     -6.608      0.242
  -1   -2      0.006     -2.672     -4.314
  -1   -2      6.998     -2.081     -3.846
  -1   -2      8.335      5.479      9.209
  -1   -2     10.810     -1.874      4.330
  -1   -2      0.006     -2.672     -4.314
  -1   -2      8.347     -6.608      0.242
  -1   -2      6.998     -2.081     -3.846
  -1   -2      8.335      5.479      9.209
  -1   -2     10.810     -1.874      4.330
  -1   -2      6.998     -2.081     -3.846
  -1   -2      8.347     -6.608      0.242
  -1   -2      0.006     -2.672     -4.314
  -1   -2      8.335      5.479      9.209
  -1   -2     10.810     -1.874      4.330
  -1   -2      6.998     -2.081     -3.846
  -1   -2      0.006     -2.672     -4.314
  -1   -2      8.347     -6.608      0.242
  -1   -2      8.335      5.479      9.209
  -1   -2     10.810     -1.874      4.330
  -1   -2      0.006     -2.672     -4.314
  -1   -2      6.998     -2.081     -3.846
  -1   -2      8.335      5.479      9.209
  -1   -2      8.347     -6.608      0.242
  -1   -2     10.810     -1.874      4.330
  -1   -2      0.006     -2.672     -4.314
  -1   -2      8.347     -6.608      0.242
  -1   -2      6.998     -2.081     -3.846
  -1   -2      8.335      5.479      9.209
  -1   -2     10.810     -1.874      4.330
  -1   -2      6.998     -2.081     -3.846
  -1   -2      0.006     -2.672     -4.314
  -1   -2      8.347     -6.608      0.242
  -1   -2      8.335      5.479      9.209
  -1   -2     10.810     -1.874      4.330
 230  228      6.998     -2.081     -3.846
  -1   -2      0.006     -2.672     -4.314
  -1   98      8.347     -6.608      0.242
  -1   -2      8.335      5.479      9.209
  -1   -2     10.810     -1.874      4.330
  -1   -2      0.006     -2.672     -4.314
  -1   -2      8.335      5.479      9.209
  -1   -2     10.810     -1.874      4.330
  -1   -2      0.006     -2.672     -4.314
  -1   -2      8.335      5.479      9.209
  -1   -2     10.810     -1.874      4.330
  -1   -2      0.006     -2.672     -4.314
  -1   -2      8.335      5.479      9.209
  -1   -2     10.810     -1.874      4.330
  -1   -2      0.006     -2.672     -4.314
  -1   -2      8.335      5.479      9.209
  -1   -2     10.810     -1.874      4.330
  -1   -2      0.006     -2.672     -4.314
  -1   -2      8.335      5.479      9.209
  -1   -2     10.810     -1.874      4.330
  -1   -2      0.006     -2.672     -4.314
  -1   -2      8.335      5.479      9.209
  -1   -2     10.810     -1.874      4.330
  -1   -2      0.006     -2.672     -4.314
  -1   -2      8.335      5.479      9.209
  -1   -2     10.810     -1.874      4.330
 250   38      0.006     -2.672     -4.314
  -1   -2      8.335      5.479      9.209
  -1   -2     10.810     -1.874      4.330
  -1   -2      8.335      5.479      9.209
  -1   -2     10.810     -1.874      4.330
  -1   -2      8.335      5.479      9.209
  -1   -2     10.810     -1.874      4.330
  -1   -2      8.335      5.479      9.209
  -1   -2     10.810     -1.874      4.330
  -1   -2      8.335      5.479      9.209
  -1   -2     10.810     -1.874      4.330
  -1   -2      8.335      5.479      9.209
  -1   -2     10.810     -1.874      4.330
  -1   -2      8.335      5.479      9.209
  -1   -2     10.810     -1.874      4.330
  -1   -2      8.335      5.479      9.209
  -1   -2     10.810     -1.874      4.330
  -1   -2      8.335      5.479      9.209
  -1   -2     10.810     -1.874      4.330
  -1   -2      8.335      5.479      9.209
  -1   -2     10.810     -1.874      4.330
  48  270      8.335      5.479      9.209
  -1   -2     10.810     -1.874      4.330
  -1   -2     10.810     -1.874      4.330
  -1   -2     10.810     -1.874      4.330
  -1   -2     10.810     -1.874      4.330
 275   -2     10.810     -1.874      4.330
