242
   0    0     17.282     -9.791      0.162
   1    1      8.185     -8.319     -0.673
  -1   -2     -1.974     -5.169      7.332
   4    3      5.642     -4.397     -6.200
  84   87      9.205     -6.827     -7.193
  53   -2     11.553     -5.223      1.652
   6    6     -7.673     -6.229     -7.668
   5    8     11.182     -5.322      2.824
   7   -2     11.056     -9.724     -3.083
  71   -2      6.766     -8.595      0.287
  10   -2     12.515     -8.784      5.200
  -1  238     10.642     -1.862      4.746
  13   -2     -3.488     -8.532     -9.136
  -1    9     -3.530    -10.578     -7.231
  11    2     13.970     -2.204     -3.279
  12   14      7.872     -6.882     -6.941
  57   -2     -3.596     -6.376     -4.049
  15   10      8.344    -10.333     -4.811
  33   17     17.532     -8.023      1.327
  37   -2     -4.922    -10.523     -0.800
  50   -2     12.843     -9.047     -1.017
  20   21     15.950     -3.753     -8.468
  98   -2     -3.618     -5.057     -8.577
   9   20      6.002     -6.549      5.097
  21   -2     11.604     -6.634     -5.127
  44   22     11.386     -9.016     -3.976
  24   24      6.636     -7.348     -3.033
  -1   11     13.177     -7.250      5.506
  28   27      1.214     -9.869      8.865
  27   26      9.448     -3.281      7.695
  35   -2     -6.246     -7.899     -2.393
 104    7      9.844    -10.297     -1.565
  -1   -2     -8.458     -7.152      0.039
  -1   -2     -9.366     -3.434      3.270
  -1   -2     14.078      3.072     -3.655
 134   93     16.756     -7.248      3.185
  -1   -2     -0.766     -7.759     -6.615
 202  212      0.006     -2.672     -4.316
  -1   -2    -13.064     -7.293      5.816
  -1  192      6.995     -2.078     -3.856
  38   16    -12.586     -9.469     -4.239
  -1   -2      8.342     -6.605      0.249
  -1   -2      8.335      5.480      9.208
  -1   -2    -15.937    -10.566      4.012
  -1   25     11.054    -11.051     -5.989
  -1   13     -8.358     -5.170     -7.039
  49   86     16.789    -10.455     -0.337
  45   -2      5.858     -6.499    -10.302
  -1   -2     20.061      3.949     -5.042
  -1   82     -1.500     -8.038      3.461
  -1   -2     16.495     -8.800      6.359
  18   -2     -2.275     -4.272      1.323
  51   50    -11.325     -5.748     10.949
  -1   78     -2.507     -9.861     -4.770
  40    5     10.660     -0.355      4.839
  52   -2    -11.223     -3.949     -1.976
  -1   -2     14.195     -5.146      7.527
  -1   -2     12.195     -9.724      8.893
 182   -2      9.239     -1.747     -2.379
  54   -2     -7.206     -9.473     -3.430
  56   55      1.957     -3.571      3.875
  55   60     -4.477      1.066      4.084
  46   75     17.878      0.005     -2.876
  60   58     12.796     -6.128    -10.476
  -1  116      9.296    -10.886      5.931
  59   -2     15.848     -1.350      1.879
  -1   15      9.292     -9.459     -9.226
  -1   19     14.664    -11.009      1.991
  -1   52    -11.713     -5.910     -1.260
  -1   -2     17.444     -5.450     -2.878
  -1   62     -4.245     -1.751     -9.526
  64   -2     15.003    -10.281      5.230
  66   66     -9.407    -10.989     -9.846
  42   -2      8.408      0.935      9.553
  78   -2     13.502     -5.816      5.609
  -1  101      3.273     -4.435      6.625
  67   69      6.699     -6.854     10.133
  32   81      3.721     -7.625      3.765
  72   71      4.854     -2.618      4.660
  -1   -2      0.601    -10.137    -11.865
  69   -2      4.446     -4.153      5.839
  -1   57     16.923     -3.734      3.900
  -1   -2      7.620     -6.007    -10.258
  74   72     12.149      2.360      9.756
  -1   -2    -11.813    -10.160     11.425
  -1   29     16.907     -6.414     -9.356
  77   79     19.439      4.798     -6.014
  73   -2     15.312     -0.933     -4.884
  82   83     10.505     -4.101      6.932
  83  153     18.576     -4.778     -6.449
  -1   -2     -4.602     -7.224      2.458
  -1   -2     10.810     -1.873      4.326
  -1   -2      9.844    -10.297     -1.565
  -1   61     -8.458     -7.152      0.039
  -1   -2     -9.366     -3.434      3.270
  -1  147     -0.766     -7.759     -6.615
  -1   -2     16.756     -7.248      3.185
  -1   -2      6.995     -2.078     -3.856
  -1   -2      0.006     -2.672     -4.316
  -1   -2    -13.064     -7.293      5.816
  -1   -2      8.342     -6.605      0.249
  -1   18      8.335      5.480      9.208
  -1  144     16.495     -8.800      6.359
  -1   -2     20.061      3.949     -5.042
  -1   -2     17.444     -5.450     -2.878
  58   -2      9.296    -10.886      5.931
  -1   -2     10.810     -1.873      4.326
  -1   51     -1.913     -5.165      7.275
  -1   -2      6.995     -2.078     -3.856
  -1   -2     -8.458     -7.152      0.039
  -1   -2     -9.366     -3.434      3.270
  -1   -2     -0.766     -7.759     -6.615
  -1   -2      0.006     -2.672     -4.316
  -1   -2      8.342     -6.605      0.249
  -1   -2    -13.064     -7.293      5.816
  -1   -2      8.335      5.480      9.208
  -1   -2     16.495     -8.800      6.359
  -1   -2     17.444     -5.450     -2.878
 101   -2     -1.920     -5.185      7.264
  -1   -2     10.810     -1.873      4.326
  65   -2     -8.458     -7.152      0.039
  -1   -2     -0.766     -7.759     -6.615
  91  118     -9.366     -3.434      3.270
  -1   -2      0.006     -2.672     -4.316
  -1   -2      6.995     -2.078     -3.856
  36  150    -13.064     -7.293      5.816
  -1   -2      8.342     -6.605      0.249
  -1   -2      8.335      5.480      9.208
  -1   -2     16.495     -8.800      6.359
  -1   -2     17.444     -5.450     -2.878
  -1   -2     10.810     -1.873      4.326
  -1   -2     -0.766     -7.759     -6.615
  -1   -2      0.006     -2.672     -4.316
  -1   -2      6.995     -2.078     -3.856
  -1   -2      8.342     -6.605      0.249
  -1   -2      8.335      5.480      9.208
  87   -2     16.495     -8.800      6.359
  -1   -2     17.444     -5.450     -2.878
  -1   -2     10.810     -1.873      4.326
  70   53     -0.766     -7.759     -6.615
  -1   -2      0.006     -2.672     -4.316
  -1   -2      8.342     -6.605      0.249
  -1   -2      8.335      5.480      9.208
  -1   -2      6.995     -2.078     -3.856
  -1   -2     17.444     -5.450     -2.878
  -1   -2     10.810     -1.873      4.326
  -1   -2      0.006     -2.672     -4.316
  -1   -2      8.342     -6.605      0.249
  -1   -2      6.995     -2.078     -3.856
  -1   -2      8.335      5.480      9.208
  -1   -2     17.444     -5.450     -2.878
  -1   -2     10.810     -1.873      4.326
  -1   -2      0.006     -2.672     -4.316
  -1   -2      8.342     -6.605      0.249
  -1   -2      8.335      5.480      9.208
  -1   -2      6.995     -2.078     -3.856
  61   -2     17.444     -5.450     -2.878
  -1   -2     10.810     -1.873      4.326
  -1   -2      6.995     -2.078     -3.856
  -1   -2      0.006     -2.672     -4.316
  -1   -2      8.342     -6.605      0.249
  -1   -2      8.335      5.480      9.208
  -1   -2     10.810     -1.873      4.326
  -1   -2      6.995     -2.078     -3.856
  -1   -2      0.006     -2.672     -4.316
  -1   -2      8.342     -6.605      0.249
  -1   -2      8.335      5.480      9.208
  -1   -2     10.810     -1.873      4.326
  -1   -2      0.006     -2.672     -4.316
  -1   -2      6.995     -2.078     -3.856
  -1   -2      8.342     -6.605      0.249
  -1   -2      8.335      5.480      9.208
  -1   -2     10.810     -1.873      4.326
  -1   -2      0.006     -2.672     -4.316
  -1   -2      8.342     -6.605      0.249
  -1   -2      6.995     -2.078     -3.856
  -1   -2      8.335      5.480      9.208
  -1   -2     10.810     -1.873      4.326
  -1   -2      0.006     -2.672     -4.316
  -1   -2      8.342     -6.605      0.249
  -1   -2      6.995     -2.078     -3.856
  -1   -2      8.335      5.480      9.208
  -1   -2     10.810     -1.873      4.326
  -1   -2      0.006     -2.672     -4.316
  -1   -2      8.342     -6.605      0.249
  -1   -2      6.995     -2.078     -3.856
  -1   -2      8.335      5.480      9.208
  -1   -2     10.810     -1.873      4.326
  -1   -2      0.006     -2.672     -4.316
  -1   -2      8.342     -6.605      0.249
  -1   -2      8.335      5.480      9.208
  -1   -2      6.995     -2.078     -3.856
  -1   -2     10.810     -1.873      4.326
  -1   -2      6.995     -2.078     -3.856
  -1   -2      0.006     -2.672     -4.316
  -1   -2      8.342     -6.605      0.249
  -1   -2      8.335      5.480      9.208
  -1   -2     10.810     -1.873      4.326
  -1   -2      6.995     -2.078     -3.856
  -1   -2      0.006     -2.672     -4.316
  -1   -2      8.335      5.480      9.208
  -1   -2     10.810     -1.873      4.326
  -1   -2      0.006     -2.672     -4.316
  -1   -2      6.995     -2.078     -3.856
  -1   -2      8.335      5.480      9.208
  -1   -2     10.810     -1.873      4.326
  -1   -2      0.006     -2.672     -4.316
  -1   -2      6.995     -2.078     -3.856
  -1   -2      8.335      5.480      9.208
  -1   -2     10.810     -1.873      4.326
  -1   -2      0.006     -2.672     -4.316
  -1   -2      8.335      5.480      9.208
  -1   -2     10.810     -1.873      4.326
  -1   -2      0.006     -2.672     -4.316
  -1   -2      8.335      5.480      9.208
  -1   -2     10.810     -1.873      4.326
  34   -2      0.006     -2.672     -4.316
  -1   -2      8.335      5.480      9.208
  -1   -2     10.810     -1.873      4.326
  -1   -2      8.335      5.480      9.208
  -1   -2     10.810     -1.873      4.326
  -1   -2      8.335      5.480      9.208
  -1   -2     10.810     -1.873      4.326
  -1   -2      8.335      5.480      9.208
  -1   -2     10.810     -1.873      4.326
  -1   -2      8.335      5.480      9.208
  -1   -2     10.810     -1.873      4.326
  -1   -2      8.335      5.480      9.208
  -1   -2     10.810     -1.873      4.326
  -1   -2      8.335      5.480      9.208
  -1   -2     10.810     -1.873      4.326
  -1   -2      8.335      5.480      9.208
  -1   -2     10.810     -1.873      4.326
  -1   -2      8.335      5.480      9.208
  -1   -2     10.810     -1.873      4.326
  -1   -2      8.335      5.480      9.208
  -1   -2     10.810     -1.873      4.326
 223  233      8.335      5.480      9.208
  -1   -2     10.810     -1.873      4.326
  -1   -2     10.810     -1.873      4.326
  -1   -2     10.810     -1.873      4.326
 228   -2     10.810     -1.873      4.326
