427
   1    1      5.017     -8.279     -9.373
  -1   -2     -4.765     -0.516      7.486
  -1   -2      4.739     -3.787     -3.970
  -1   -2      8.493     -7.267      8.710
   2   -2     -9.074     -6.988      4.572
 393  381      1.587     -1.781      8.002
  -1   -2      2.463     -0.104      9.616
   9    8      4.879     -5.935     -9.939
   8   10      8.445     -6.728     -9.494
  -1   -2      5.809     -4.149      0.821
 132  152      0.516     -8.235      0.501
  15   13      8.739     -7.228     -8.586
  -1   -2      1.197     -5.933     -5.697
  -1    9      5.840     -5.002      9.876
 146   17      0.120     -3.846      8.270
  -1  277      0.266     -7.977     -8.321
  -1   -2      1.649      0.668     -0.423
  21   29     -1.047     -7.387      8.906
  -1   -2     -0.274     -7.066     -7.686
 322  132     12.341     -8.020      1.409
 218  280      4.316     -9.582      7.497
  20   27      4.217     -3.844      1.148
  19   25     -9.211     -6.327      0.695
 104   58      5.533     -4.533      8.244
  22  341      1.812     -6.172      5.248
  24   11     -3.835     -5.664      7.156
  32  344      7.466     -4.729      3.707
  -1   -2     -7.360     -1.807      3.583
  34  345      8.167      4.380      5.900
  83   -2     16.581     -9.129      1.216
  -1   35      6.023     -2.256    -10.350
  44   28     -5.093      2.958     -4.690
  54   33     15.324     -3.062     -2.333
  35   -2     11.189     -5.310      3.483
 382  371     -4.750     -2.310     -0.937
  -1  101     -4.729     -4.777      5.664
  49   34     16.332     -3.496     -0.017
  42   55      1.175     -3.334      8.088
 300   -2     -0.632     -8.437     -5.213
  -1   82     -4.338     -6.485      8.027
 353  256     14.700    -10.292    -10.111
  -1  179      5.852     -8.362      3.904
  -1   -2      4.333     -6.720      9.878
  47   60     -1.737     -4.908      7.592
  28  231     -6.897     -5.930      8.645
  -1   -2     -4.403     -0.167      5.797
 144   39      9.199     -2.853      8.269
  27  115     15.306     -9.048      0.123
  75   32      0.533     -5.305     -6.633
  58  350     10.213      0.907      8.403
  71   97      5.925     -6.532      4.899
  39   54     -1.438     -6.999      3.109
  -1   -2      2.891     -7.071      9.894
 312  203      4.089     -6.291      5.285
 148   -2     12.209     -9.205     -2.572
  -1   -2     -7.034     -7.593      2.547
  68   68     -4.387     -6.636     -8.756
 208   -2     -4.609     -8.497     -2.077
 139   64     17.218     -3.293     -8.932
  95   19     13.506     -7.446      3.344
 209  110      7.194     -6.410      7.385
 284  209      9.423     -8.358     -1.033
 232   -2     15.595     -7.205      4.840
  89   61     13.148     -8.311     -2.016
 296   85      5.664     -8.672      2.430
 256  167     -1.660     -3.745      1.192
 198   -2     -6.361     -4.390     -9.281
 303   -2      4.476     -7.953      5.711
  56  183     -6.768     -7.829     -0.309
 193   16      1.168     -7.624     -5.630
 199  129     16.878     -6.682      2.757
  -1   -2      2.764     -4.552     -6.763
 163  240     -4.432     -4.453      9.118
  82   63      8.350     -7.338     -8.436
 259   95      8.145     -5.942      2.117
  84  232     -0.018     -8.322      8.276
  76   -2      4.763     -8.694     -3.912
 178   -2    -10.751     -8.435     -1.291
 211  264      9.649     -5.966     -3.492
 175   -2     -8.712    -10.593     -8.505
 268   -2     -2.171     -8.411      0.172
 159   75     -4.151     -6.846      1.216
  -1   37     14.784     -9.224     -9.741
 291   89     -7.118     -9.897     -1.761
 293   73     11.794     -2.971      2.276
  40  127     10.760     -6.424     -9.253
  78  352     -7.271     -3.545     -6.647
 212   -2     -1.491     -5.922      0.991
  61  243      8.154     -6.267      2.945
  92   -2      3.175     -7.717     -0.316
 238  225     14.132      3.039      8.418
 150   -2     -3.265     -6.589     -5.695
 105   81     14.396     -0.328     -3.958
 106  105      1.139     -2.827      4.611
 123   -2     11.101     -2.465     -4.436
  -1   -2     19.275     -9.669     -0.988
 111   -2      5.751     -9.892      1.358
  16   59      6.892     -5.875      8.464
  64   -2     -3.335     -6.042      9.923
 127   -2     -0.353     -5.315      7.704
  -1   -2     11.407     -7.064     -0.139
  -1   72     18.608      0.814     -2.612
  70   99     -5.368     -1.768     -5.252
 116   -2      3.358     -5.424      8.290
  29   52      8.601     -4.377      6.547
 283   -2     -8.804     -6.026      4.744
 222   -2      7.847     -4.421      4.840
 342  198      1.792     -8.939      5.082
 246  355      4.420     -2.670     -0.018
  -1  210     -0.062     -3.026     10.549
  -1  103      9.260     -1.556     -1.519
  -1   -2      1.683     -6.502     -6.090
  -1   -2     -0.873     -3.810      2.416
 278  130     17.462     -5.413     -2.661
  48   -2      9.957     -4.092      5.697
 308  286      4.539     -2.485      9.677
 254   83      5.085     -7.898     -3.911
  -1   -2      5.023     -8.447      8.282
  -1   -2      6.546     -8.768     -1.653
  -1   -2     -3.749     -6.945      8.429
 294  181     -1.582     -6.153      5.063
 179   -2     -8.683     -2.360      4.926
 279  172     -7.137     -6.620     -7.035
 166   -2     -4.509     -8.257     -7.601
 120  294     11.668     -7.899      9.469
 191   -2     10.274     -3.320      6.487
 320  230     12.654     -0.617      9.254
 216   -2     -5.562     -5.412     -7.815
 135    2      5.030    -10.454     -7.906
  -1   -2     10.978     -3.176      7.527
 263  194      7.224    -10.032     -8.656
   0  123      2.687     -8.639     -7.028
 141  139     -5.619     -9.696      5.554
  -1  208     -2.068     -7.601     -8.883
  -1  157      5.608     -9.395     -6.145
  -1  150     -3.084    -10.692      3.843
 101   56     -3.793     -8.507      2.892
  -1  188     20.172     -7.750     -1.744
 336   -2     -7.581     -6.191      3.171
 333   -2    -11.066     -8.802      0.657
  -1   41     -2.099     -9.107      0.038
 155   -2     -4.822    -10.718      0.551
  -1   -2      4.938    -10.375     -2.617
  -1  270     -6.196     -8.546      8.735
  -1   -2     12.054     -6.432     -5.030
  67  147      1.647     -8.690      1.732
  -1  146     20.620     -4.204     -1.482
 240  255     -3.550    -10.305      1.911
  -1   -2      9.494     -4.837      8.167
  -1   57      3.001     -6.837      3.865
  43   -2    -10.669     -9.212     -9.705
 133   -2      6.814     -7.890      8.985
  -1  227     10.630     -4.285    -10.365
 180   -2    -10.554     -7.731      0.873
  14   -2     -5.419     -8.810     -1.985
 314   -2    -11.260     -6.336      1.983
 225  148     15.772    -10.241     -5.666
  45   31      0.370     -7.831    -10.542
 185   -2     13.423     -9.966     -4.303
  80  281     -7.994     -7.896      3.377
  -1  165     -8.150     -8.959    -10.477
 374  169     -7.792     -4.741      5.013
 261   40      1.470     -5.285      7.942
  -1  111     11.529     -5.265      1.591
 202   -2     17.871     -8.206      0.139
 281  156     -7.024    -10.264      0.981
 158  109      5.144     -2.285     -7.541
  -1   87     18.073     -9.198     -1.070
 213  134      2.423    -10.643     -5.486
  -1   90     -3.551     -8.646     -4.154
 241   -2     15.654     -6.215      4.105
  -1   -2     -1.274     -9.246     -7.438
  -1   -2      9.496     -2.016      8.072
  -1   49      9.541     -3.863      6.399
  -1  166     -2.928     -4.639     -2.594
 183  253     -7.282     -7.067     -5.945
 274   -2      6.879     -4.246      5.467
  -1   74     12.422     -7.912     10.012
  -1   -2      6.391    -10.338     -2.665
 272  261     18.786     -7.377     -1.445
  -1  247    -10.229     -4.538      4.396
  -1   -2     11.307     -7.423     -7.764
  -1  164     -0.932     -2.293     -6.696
  -1   -2     -0.289     -3.491      9.041
  36  116      2.790     -6.245      9.890
  -1  177      3.076     -5.471     -0.254
 149   79     11.073     -7.912     -6.879
 280  295     -4.318     -5.331     -2.374
 167   -2      0.735     -9.531      9.127
 151  154     10.920    -10.425     -9.755
  -1   -2      0.469     -5.335      0.290
 325  246     13.736      3.035     -2.814
  -1   -2      1.981    -10.014      2.952
  69   69     17.110     -8.387     -4.096
 235   44     -0.753     -6.339     -4.758
 276  236      0.070     -2.759     -6.061
  -1   -2     15.395     -7.080     -0.237
  -1  222      9.077     -9.150      8.247
 233   -2      8.669    -10.488     -3.034
  -1   38      3.829     -6.314     10.619
  -1   -2     13.623     -8.536     -3.706
 226   -2     -2.067     -3.057     -8.383
  -1   91     -8.238     -3.099     -8.680
 182  263     19.302     -6.289      0.222
  -1   -2     -8.292     -5.261    -10.451
  -1  171     -5.150     -8.771     -2.365
  -1   71      8.175     -7.732      4.383
  74   -2      9.194     -8.126      8.180
 307  120     -0.107     -5.991     -6.935
  -1  187     14.899     -5.642      7.887
  30  170     10.560     -8.862     -1.840
  -1   77     20.306     -8.201     -6.704
  96   86     -1.642     -6.087      3.589
 249  356     20.159     -4.638     -4.872
  -1   -2      7.314     -8.687      9.112
  -1   51      6.712     -4.753      4.763
  -1   -2     15.242     -1.343      5.955
 277  113     -0.487     -7.541      4.097
  -1   -2     17.323     -8.693     -9.901
 131  131      5.272     -8.985      5.812
  -1  274     -4.450    -10.110     -5.780
  -1  317    -11.320    -10.830      0.810
  -1  265     15.794     -2.814      9.937
 282   65     14.242     -6.652     -7.761
 171  107      3.755    -10.037     -7.085
 160   -2     -3.171    -11.166      2.558
  -1  299      9.650    -10.912     -4.045
  -1  213     16.112     -0.698      8.404
  -1   -2    -10.748     -1.573     -0.698
 217   -2     -3.461     -9.281      0.899
 352  229     -7.917      2.629     -5.610
 292  219      4.755      1.846      4.879
 243   -2      9.941     -5.873     -0.900
 349   42    -12.371     -9.601     -5.528
 252  228     16.523     -4.141      1.551
  -1   -2     18.820     -9.262     -8.916
  -1   -2     11.452     -4.414     -9.775
 258  239      7.604      0.411      6.084
 306  245     -4.081     -2.283     -8.887
  -1  160     18.708    -10.632    -10.816
 231  292     15.124     -4.570      5.427
 119   -2      6.726     -6.111     -8.578
 125  108     12.559     -6.144     -1.036
  -1   -2      4.021     -7.665      4.691
 302  310     11.493      0.928      2.776
 124   -2     18.355    -10.236     -3.164
  -1  285      9.893     -4.411     10.577
  85   -2      4.918     -4.881      1.825
 173   -2     -3.808    -10.513      7.289
  -1   -2      7.853     -5.631     -1.264
 332  173     13.835     -2.184     -2.690
 270   -2     -4.475     -1.812    -10.687
  99  193     -1.975     -5.499      9.777
  91  221     -3.422     -8.630     -0.952
 118   84      6.122     -7.307     -3.606
  -1   96      1.335     -5.810     -0.986
 140   -2      8.623    -10.376     -5.729
  -1   -2     -1.883     -6.244      3.318
  -1   22     11.016     -9.548     -2.690
 262   -2     -4.554    -10.885      4.280
  -1   -2      8.112     -0.550     -0.688
  -1   92     10.408     -9.269     -5.656
  -1   -2      5.956    -10.453     -2.166
  -1  273     -1.212     -1.250      1.814
 192  145      0.212     -3.119     -3.394
 228   -2     -0.832     -5.008      8.897
  -1  186     -4.434    -11.147      0.971
  -1  276      6.142     -2.271      1.287
  -1   66    -10.815    -10.539      0.164
  -1   -2      7.135     -7.307    -10.494
 318   -2     16.719     -8.435      5.718
 317  200      2.031     -9.186     -4.337
 172   -2     -0.168     -8.021     -6.781
  -1  176     -4.747    -10.206      8.081
  94   -2     -1.414     -4.693      1.139
 152  289     -5.203     -8.168      8.614
 287   -2      9.997     -0.899      2.382
  -1  197     10.279     -0.350      5.779
  -1  122     12.006     -6.490    -10.147
 338   -2     -3.732     -1.492    -10.135
 354   20     -4.174     -7.313      1.085
  -1   -2      5.453     -2.226     -2.813
 143   -2      9.874     -4.228      4.770
 305   -2     -4.640     -3.554     -6.308
  -1  137     -7.926    -11.015     -0.874
 145   -2     -7.206     -9.583      0.388
  87   -2     10.830     -8.500     -4.173
 190   14     -0.615     -5.560     -3.246
  -1  119     11.746     -1.292      3.644
  86  155      6.275     -8.080      3.351
 227  174     14.084     -7.695    -10.651
 207   80     13.511     -6.141      5.199
 129   -2     13.016     -5.296      0.356
 110   48     12.068     -6.005     -0.834
  -1  291      7.593     -6.749     -2.272
  -1   -2     -2.624     -4.413     -9.160
  97   -2      5.072     -5.310     -4.898
  -1   -2     19.534     -8.317     -5.202
  81   -2     18.661     -9.409     -3.305
  -1   -2     18.886     -2.842     -8.977
  -1  275     -3.013     -6.682      2.266
 214  325     10.278     -7.648      9.517
 109  126     14.889     -7.553     -2.951
 313   -2     19.713      1.173     -3.412
  -1  290     -2.979     -3.746    -11.065
 357  202    -14.161     -6.908      6.956
  -1   -2     -3.734     -8.935     11.565
 331   -2      8.793      4.791      6.152
  -1   -2     13.590      2.127      6.238
  -1   21     -3.400     -1.169     10.849
  -1  305     11.741      5.946     -1.397
  -1   -2    -16.730     -9.328      9.953
 335   -2    -12.142     -2.487     -5.408
  -1  357      2.331      6.189      0.832
 346  306    -12.684     -1.227     10.128
  -1  189      8.212      5.545      4.514
  -1  211    -13.587      3.541     -1.521
  -1  278     17.603     -5.078      5.376
  -1   -2     12.100     -3.421     -8.297
  -1  191      0.702    -10.856      6.053
  -1   -2    -13.397     -4.225      0.793
  -1   -2     18.123      1.978     -9.887
  -1   -2      2.875     -1.875     -5.410
  -1   -2     -0.424      0.306     -8.561
  -1   -2     -7.371     -1.476     -3.807
  -1   -2    -10.771     -1.979     -6.352
  38   -2      5.404     -1.982    -11.108
  -1   -2      0.583      0.658     -8.316
  -1  135    -10.655     -7.113      7.964
 340   -2     18.007      0.535     -8.144
 347   98    -14.115     -4.628      0.151
  -1   -2     10.366      1.521      0.106
  -1   -2     -7.281     -0.136    -11.381
  -1  324     -4.368      1.452     -0.730
 341   -2    -13.542      1.166     -2.940
 311   -2     17.203     -1.725     -5.878
  -1  257      6.477     -4.952    -10.214
  -1   -2    -13.022     -4.740     11.822
  -1  319     -5.507      2.293     -1.042
  -1  258     15.804     -0.285     -8.566
  -1  260     -9.961     -3.233      5.858
  -1  334     -1.705     -0.190     -4.395
 351   67     -3.760      0.434     -5.902
  -1  327     20.066      4.117     -1.660
 267   -2     21.658     -1.840     -9.692
 315   46     19.027     -7.532     -2.944
  -1  323     19.416      5.718     -8.787
  -1   -2      3.483      4.876     -8.535
 203  106     14.371     -1.847      5.452
 350   -2     19.318      2.577      0.286
 397    7      2.401     -0.112      9.784
  -1   -2      2.466     -0.096      9.554
  -1   -2     -4.737     -0.513      7.517
  -1    5      4.739     -3.787     -3.970
 361  360      8.507     -7.265      8.669
  -1   -2      5.827     -4.131      0.730
  -1  391      1.216     -5.952     -5.862
  -1   -2      1.168     -5.930     -5.589
  23  180      9.257     -4.261      8.528
  -1   -2      1.674      0.672     -0.468
  -1   -2      1.649      0.668     -0.423
  -1   -2     -7.286     -1.785      3.536
 345   -2      8.131      4.372      5.866
  -1   -2     -4.715     -2.308     -0.916
  -1   -2     -4.345     -0.157      5.813
  52  348      2.878     -7.060      9.830
  -1  259      0.970     -3.337      8.633
  -1  346     -5.154      2.953     -4.746
  -1   -2     10.400      0.926      7.943
  -1   -2      2.646     -4.595     -6.684
  63   -2     16.087     -0.673      8.308
 156  143     -4.626     -8.455     -2.470
  -1   -2     -7.308     -3.553     -6.794
 187  354     18.571      0.837     -2.306
 219   -2      6.036    -10.426     -2.638
  -1   -2      0.583      0.658     -8.316
  -1   -2      1.203     -5.948     -5.825
  -1   -2      1.191     -5.949     -5.783
  -1   -2      4.739     -3.787     -3.970
  -1   -2      5.842     -4.135      0.707
  -1   -2      2.401     -0.112      9.784
  -1   -2      2.466     -0.096      9.554
  -1   -2     -7.294     -1.791      3.550
  -1   -2     -4.345     -0.157      5.813
 368   -2      1.112     -3.305      8.181
  -1   -2     -4.715     -2.308     -0.916
  -1   -2      2.720     -4.581     -6.563
 372  162      2.685     -4.595     -6.461
  -1   -2      0.583      0.658     -8.316
   5   -2      4.735     -3.784     -3.933
  -1   -2     -4.748     -0.512      7.490
   3  374     -4.748     -0.512      7.490
  -1   -2      5.842     -4.135      0.707
  -1   -2      2.401     -0.112      9.784
  -1   -2      2.453     -0.094      9.558
  -1   -2      2.401     -0.112      9.784
  -1   -2      2.466     -0.096      9.554
  -1   -2      1.216     -5.952     -5.862
  -1   -2     -7.294     -1.791      3.550
  -1   -2     -4.345     -0.157      5.813
  -1   -2     -4.715     -2.308     -0.916
  31   50     -4.754     -2.317     -1.018
 390  377     -7.015     -7.559      2.131
 392  379     15.259     -1.369      6.026
 339  378      0.583      0.658     -8.316
  -1   -2      1.457     -1.788      8.347
  -1   -2      5.842     -4.135      0.707
  -1   -2      2.401     -0.112      9.784
  -1   -2      2.463     -0.104      9.616
  -1   -2      2.401     -0.112      9.784
 377   -2      2.463     -0.104      9.616
  -1   -2      1.216     -5.952     -5.862
  -1   -2     -7.294     -1.791      3.550
  -1   -2     -4.345     -0.157      5.813
 403  385     -4.345     -0.157      5.813
  -1   -2      1.665      0.671     -0.441
 405  387      1.674      0.672     -0.468
  -1   -2      5.626     -4.146      1.319
 362  361      5.842     -4.135      0.707
  -1   -2      1.216     -5.952     -5.862
 398  383     -6.819     -5.912      8.571
  -1   -2     -7.294     -1.791      3.550
  -1   -2     -7.294     -1.791      3.550
  -1   -2      1.216     -5.952     -5.862
 408   -2      1.203     -5.948     -5.825
 406  388     -7.294     -1.791      3.550
 407  390      4.260     -3.825      1.006
