34
   0    5      5.607     -8.728      9.874
   8   36     -4.631    -10.836     -3.528
   1    1     11.922     -6.897     -9.736
   2    2     13.697     -9.080     -9.666
  -1   -2     16.600    -11.134     -2.277
  14   -2     13.987     -8.995     -7.961
   5   -2     15.098     -8.472     -9.098
  24   -2     15.332     -9.670    -10.276
  15   17     17.511    -10.272     -5.365
   4   -2     18.451     -9.141     -2.016
  11   15     14.293     -9.894     -1.253
   9   11      9.973     -3.372      6.412
  -1   19     16.963     -9.723      6.433
  25   -2     15.187     -9.827     -7.196
  35   12     14.913     -6.910      5.480
  20   39     -6.527     -7.867     -1.473
  17    0     17.329     -9.889     -7.087
  -1   -2     10.270     -9.976     -6.285
  18   29     17.250     -1.087     -9.669
  -1   -2     18.835     -6.541     -1.324
  -1    7     11.231    -12.356     -9.937
  23   -2      4.650     -9.521      8.624
  -1   -2     10.690    -10.899     -6.195
  -1    3     11.664    -10.822     -7.090
  -1   -2     12.218     -5.325      0.691
  30   -2      4.460     -9.526      2.392
  -1   18      2.393     -7.651     -5.183
  36    4     16.339     -6.552     -9.611
  -1   37      3.538     -6.496      0.920
  -1   -2      6.957     -8.534      4.039
  -1    8     10.252    -10.603     -0.692
   6   30     16.903     -7.329     -3.051
   3   10     15.442     -8.689      2.876
  19   35      2.393     -7.651     -5.183
