345
   8    1      8.182     -8.318     -0.664
  98   95     14.026     -2.032     -4.671
   1   -2     12.278     -7.820      8.415
   2    3      1.141     -9.417      7.903
  83   88      0.500    -10.085      7.378
  23   43      9.921    -10.346     -9.349
 111    6      5.646     -4.394     -6.183
  25    8     11.565     -5.224      1.701
  43  250      9.202     -6.827     -7.180
   6   -2     12.523     -8.785      5.235
  42   -2      2.541     -8.412      7.813
   7   -2     -7.680     -6.228     -7.652
  -1   -2      6.767     -8.595      0.288
  -1   13     12.659     -5.580      8.394
  -1   -2     10.632     -1.864      4.773
  -1   37     -3.495     -8.683      0.066
  41   50     -3.102     -8.518     -8.086
 106   -2     16.335     -8.460      2.346
  -1   23     -3.702     -9.137      1.060
  -1   27      7.065     -7.359     -1.698
  20   -2     17.532     -8.021      1.335
  19   -2     12.838     -9.078     -1.004
  79   26     12.223     -9.964      7.716
  22   20     -3.585     -6.378     -4.038
  80   -2     10.391     -0.418      5.487
  -1   46     11.388     -9.029     -3.983
  84   -2     -7.115     -9.797     -5.174
  24   21     10.046     -9.405     -0.228
  -1   94     14.479    -10.200     -8.452
  69   -2     -7.144    -10.205     -2.642
 270   29     10.853     -6.256     -7.095
  18   -2     -2.987     -9.881     -0.623
  32   38      3.193     -9.721      6.756
 107   32     11.598     -6.630     -5.120
  86   36      3.624     -7.618      3.497
  -1   33     -5.379    -10.518      7.161
  -1   -2     -0.171     -8.525      4.743
  21   10     14.985     -9.065      8.332
  -1   11     -4.927    -10.571     -7.314
  38   44      9.453     -3.277      7.682
  40   -2     17.091     -8.327     -3.605
  31   12      5.135     -9.272      3.567
  35   22     -4.880     -7.228      3.319
  39   42     16.707     -9.915      2.963
  -1   39     14.185     -9.723      5.697
  -1   45     16.166     -7.577    -10.250
  13   -2      1.234     -9.860      8.923
  36   14     -6.246     -7.900     -2.397
  46   47     14.074      3.072     -3.643
  -1   84     -9.366     -3.436      3.269
  76   -2     -8.459     -7.151      0.033
  17   -2     -0.777     -7.757     -6.637
  -1  217      0.005     -2.670     -4.315
  51   16      5.750    -10.431      9.083
 255  242    -13.062     -7.295      5.803
  -1   35     16.754     -7.246      3.190
  -1   -2     -5.111     -8.872      1.897
 177  177      8.344     -6.606      0.244
  -1   25      1.416     -7.697     -8.749
  -1   86      8.336      5.478      9.208
  -1   83     -8.207    -10.817      7.633
 124  132     16.061     -4.922      3.202
  93   -2     16.225     -3.859     -9.265
  15   -2     15.809     -6.673      1.748
  60   62     -8.356     -5.172     -7.040
  -1   61      5.836     -6.500    -10.356
  -1   -2     20.061      3.949     -5.041
  -1   92      6.265     -3.119      5.832
  -1   -2     -2.274     -4.271      1.324
  67   68    -11.330     -5.746     10.958
  -1   75     10.290     -8.927     10.268
  -1   -2     -9.746     -8.334     11.199
  -1   55    -11.223     -3.950     -1.979
  26  103     12.789     -6.125    -10.450
  -1   -2     17.438     -5.449     -2.871
  77   79     17.881      0.005     -2.881
  75   77     -5.307      1.390      6.772
  92   -2     12.172     -9.720      8.959
  -1   85     -4.240     -1.754     -9.530
  -1   15     11.121    -10.208     -8.626
  71   89    -11.707     -5.914     -1.250
  -1   73     -7.500     -9.943     -2.565
  -1  100     -8.921     -6.006      4.306
  94   -2     16.567    -10.606      1.590
  68   -2     -8.131     -8.586      4.643
  29   -2      0.136     -9.539      2.651
  -1    0     10.116    -10.913      5.049
  88   74      3.276     -4.434      6.617
  54   -2      8.406      0.935      9.557
  -1   -2     13.500     -5.818      5.604
  -1   98     10.793     -3.824     10.166
  52   -2    -11.041     -9.543     -0.593
  70   -2     15.315     -0.929     -4.868
  78   56     -0.985     -5.242     -9.468
  59   -2      7.624     -6.007    -10.271
  62   -2      9.373     -7.202      9.471
  45   63     -8.539     -4.476      6.906
  97   97     19.444      4.797     -6.028
  -1    2      9.800      3.348      2.159
  48    9     -3.969     -4.963     -7.259
  -1   -2     10.508     -4.100      6.938
  -1    4     -0.423    -10.877      4.265
  -1  149     18.574     -4.775     -6.448
 100  101     10.569     -2.485    -10.537
  -1   -2      4.396     -2.646      3.357
  -1   -2      9.251     -6.820     -7.192
  -1   91     10.780     -1.876      4.403
  -1   -2      0.005     -2.670     -4.315
  -1   -2    -13.062     -7.295      5.803
  -1   -2     16.754     -7.246      3.190
  -1   -2      8.344     -6.606      0.244
  -1   -2      8.336      5.478      9.208
  -1  108     16.061     -4.922      3.202
  -1   -2     20.061      3.949     -5.041
 114   -2     -2.274     -4.271      1.324
  -1   -2     17.438     -5.449     -2.871
  -1   -2      9.251     -6.820     -7.192
  -1   -2     10.780     -1.876      4.403
  -1   -2      0.005     -2.670     -4.315
  -1   -2    -13.062     -7.295      5.803
  -1   -2      8.344     -6.606      0.244
  57   19     16.754     -7.246      3.190
  -1   -2      8.336      5.478      9.208
 112   -2     20.061      3.949     -5.041
  73   -2     17.438     -5.449     -2.871
  -1   -2      9.251     -6.820     -7.192
  -1   -2     10.780     -1.876      4.403
  -1   -2      0.005     -2.670     -4.315
  -1   -2      8.344     -6.606      0.244
  -1   -2    -13.062     -7.295      5.803
  -1   -2      8.336      5.478      9.208
  -1   -2      9.251     -6.820     -7.192
  -1   -2     10.780     -1.876      4.403
  -1   -2      0.005     -2.670     -4.315
  -1   -2    -13.062     -7.295      5.803
  -1   -2      8.344     -6.606      0.244
  -1   -2      8.336      5.478      9.208
  -1   -2      9.251     -6.820     -7.192
  -1   -2     10.780     -1.876      4.403
  -1   -2      0.005     -2.670     -4.315
  -1   -2    -13.062     -7.295      5.803
  -1   -2      8.344     -6.606      0.244
  -1   -2      8.336      5.478      9.208
  -1   -2      9.251     -6.820     -7.192
  -1   -2     10.780     -1.876      4.403
  -1   -2      0.005     -2.670     -4.315
  -1   -2      8.344     -6.606      0.244
  -1   -2    -13.062     -7.295      5.803
  -1   -2      8.336      5.478      9.208
  -1   -2      9.251     -6.820     -7.192
  -1   -2     10.780     -1.876      4.403
  -1   -2      0.005     -2.670     -4.315
  -1   -2    -13.062     -7.295      5.803
  -1   -2      8.344     -6.606      0.244
  -1   -2      8.336      5.478      9.208
  -1   -2      9.251     -6.820     -7.192
  -1   -2     10.780     -1.876      4.403
  -1   -2      0.005     -2.670     -4.315
  -1   -2    -13.062     -7.295      5.803
  -1   -2      8.344     -6.606      0.244
  -1   -2      8.336      5.478      9.208
  -1   -2      9.251     -6.820     -7.192
  -1   -2     10.780     -1.876      4.403
  -1   -2      0.005     -2.670     -4.315
  -1   -2    -13.062     -7.295      5.803
  -1   -2      8.344     -6.606      0.244
  -1   -2      8.336      5.478      9.208
  -1   -2      9.251     -6.820     -7.192
  -1   -2     10.780     -1.876      4.403
  -1   -2      0.005     -2.670     -4.315
  -1   -2    -13.062     -7.295      5.803
  -1   -2      8.336      5.478      9.208
  -1   -2      9.251     -6.820     -7.192
  -1   -2     10.780     -1.876      4.403
  -1   -2      0.005     -2.670     -4.315
  -1   -2    -13.062     -7.295      5.803
  -1   -2      8.336      5.478      9.208
  -1   -2      9.251     -6.820     -7.192
  -1   -2     10.780     -1.876      4.403
  -1   -2      0.005     -2.670     -4.315
  -1   -2    -13.062     -7.295      5.803
  -1   -2      8.336      5.478      9.208
  -1   -2      9.251     -6.820     -7.192
  -1   -2     10.780     -1.876      4.403
  -1   -2      0.005     -2.670     -4.315
  -1   -2    -13.062     -7.295      5.803
  -1   -2      8.336      5.478      9.208
  -1   -2      9.251     -6.820     -7.192
  -1   -2     10.780     -1.876      4.403
  -1   -2      0.005     -2.670     -4.315
  -1   -2    -13.062     -7.295      5.803
  -1   -2      8.336      5.478      9.208
  -1   -2      9.251     -6.820     -7.192
  -1   -2     10.780     -1.876      4.403
  -1   -2      0.005     -2.670     -4.315
  -1   -2    -13.062     -7.295      5.803
  -1   -2      8.336      5.478      9.208
  -1   -2      9.251     -6.820     -7.192
  -1   -2     10.780     -1.876      4.403
  -1   -2      0.005     -2.670     -4.315
  -1   -2    -13.062     -7.295      5.803
  -1   -2      8.336      5.478      9.208
  -1   -2      9.251     -6.820     -7.192
  -1   -2     10.780     -1.876      4.403
  -1   -2      0.005     -2.670     -4.315
  -1   -2    -13.062     -7.295      5.803
  -1   -2      8.336      5.478      9.208
  -1   -2      9.251     -6.820     -7.192
  -1   -2     10.780     -1.876      4.403
  -1   -2      0.005     -2.670     -4.315
  -1   -2    -13.062     -7.295      5.803
  -1   -2      8.336      5.478      9.208
  -1   -2      9.251     -6.820     -7.192
  -1   -2     10.780     -1.876      4.403
 225   -2      0.005     -2.670     -4.315
  -1   -2    -13.062     -7.295      5.803
  -1   -2      8.336      5.478      9.208
  -1   -2      9.251     -6.820     -7.192
  -1   -2     10.780     -1.876      4.403
  -1   -2    -13.062     -7.295      5.803
  -1   -2      8.336      5.478      9.208
  -1   -2      9.251     -6.820     -7.192
  -1   -2     10.780     -1.876      4.403
  -1   -2    -13.062     -7.295      5.803
  -1   -2      8.336      5.478      9.208
  -1   -2      9.251     -6.820     -7.192
  -1   -2     10.780     -1.876      4.403
  -1   -2    -13.062     -7.295      5.803
  -1   -2      8.336      5.478      9.208
  -1   -2      9.251     -6.820     -7.192
  -1   -2     10.780     -1.876      4.403
  56   52    -13.062     -7.295      5.803
  -1   -2      8.336      5.478      9.208
  -1   -2      9.251     -6.820     -7.192
  -1   -2     10.780     -1.876      4.403
  -1   -2      8.336      5.478      9.208
  -1   -2      9.251     -6.820     -7.192
  -1   -2     10.780     -1.876      4.403
  -1   -2      8.336      5.478      9.208
  -1   -2      9.251     -6.820     -7.192
  -1   -2     10.780     -1.876      4.403
  -1   -2      8.336      5.478      9.208
  -1   -2      9.251     -6.820     -7.192
  -1   -2     10.780     -1.876      4.403
  -1   -2      8.336      5.478      9.208
  -1   -2      9.251     -6.820     -7.192
  -1   -2     10.780     -1.876      4.403
  -1   -2      8.336      5.478      9.208
  -1   -2      9.251     -6.820     -7.192
  -1   -2     10.780     -1.876      4.403
  -1   -2      8.336      5.478      9.208
   4    7      9.251     -6.820     -7.192
  -1   -2     10.780     -1.876      4.403
  -1   -2      8.336      5.478      9.208
  -1   -2     10.780     -1.876      4.403
  -1   -2      8.336      5.478      9.208
  -1   -2     10.780     -1.876      4.403
  -1   -2      8.336      5.478      9.208
  -1   -2     10.780     -1.876      4.403
  -1   -2      8.336      5.478      9.208
  -1   -2     10.780     -1.876      4.403
  -1   -2      8.336      5.478      9.208
  -1   -2     10.780     -1.876      4.403
  -1   -2      8.336      5.478      9.208
  -1   -2     10.780     -1.876      4.403
  -1   -2      8.336      5.478      9.208
  -1   -2     10.780     -1.876      4.403
  -1   -2      8.336      5.478      9.208
  -1   -2     10.780     -1.876      4.403
  -1   -2      8.336      5.478      9.208
  -1   -2     10.780     -1.876      4.403
  -1   -2      8.336      5.478      9.208
  -1   -2     10.780     -1.876      4.403
  -1   -2      8.336      5.478      9.208
  -1   -2     10.780     -1.876      4.403
  -1   -2      8.336      5.478      9.208
  -1   -2     10.780     -1.876      4.403
  -1   -2      8.336      5.478      9.208
  -1   -2     10.780     -1.876      4.403
  -1   -2      8.336      5.478      9.208
  -1   -2     10.780     -1.876      4.403
  -1   -2      8.336      5.478      9.208
  -1   -2     10.780     -1.876      4.403
  -1   -2      8.336      5.478      9.208
  -1   -2     10.780     -1.876      4.403
  -1   -2      8.336      5.478      9.208
  -1   -2     10.780     -1.876      4.403
  -1   -2      8.336      5.478      9.208
  -1   -2     10.780     -1.876      4.403
  -1   -2      8.336      5.478      9.208
  -1   -2     10.780     -1.876      4.403
  -1   -2      8.336      5.478      9.208
  -1   -2     10.780     -1.876      4.403
  -1   -2      8.336      5.478      9.208
  -1   -2     10.780     -1.876      4.403
  -1   -2      8.336      5.478      9.208
  -1   -2     10.780     -1.876      4.403
  -1   -2      8.336      5.478      9.208
  -1   -2     10.780     -1.876      4.403
  -1   -2      8.336      5.478      9.208
  -1   -2     10.780     -1.876      4.403
  -1   -2      8.336      5.478      9.208
  -1   -2     10.780     -1.876      4.403
  -1   -2      8.336      5.478      9.208
  -1   -2     10.780     -1.876      4.403
  -1   -2      8.336      5.478      9.208
  -1   -2     10.780     -1.876      4.403
  -1   -2      8.336      5.478      9.208
  -1   -2     10.780     -1.876      4.403
  -1   -2      8.336      5.478      9.208
  -1   -2     10.780     -1.876      4.403
  -1   -2      8.336      5.478      9.208
  -1   -2     10.780     -1.876      4.403
  -1   -2      8.336      5.478      9.208
  -1   -2     10.780     -1.876      4.403
  -1   -2      8.336      5.478      9.208
  -1   -2     10.780     -1.876      4.403
  -1   -2      8.336      5.478      9.208
  -1   -2     10.780     -1.876      4.403
  -1   -2      8.336      5.478      9.208
  -1   -2     10.780     -1.876      4.403
  -1   -2      8.336      5.478      9.208
  -1   -2     10.780     -1.876      4.403
  -1   -2      8.336      5.478      9.208
  -1   -2     10.780     -1.876      4.403
  -1   -2      8.336      5.478      9.208
  -1   -2     10.780     -1.876      4.403
  -1   -2      8.336      5.478      9.208
  -1   -2     10.780     -1.876      4.403
  -1   -2      8.336      5.478      9.208
  -1   -2     10.780     -1.876      4.403
  -1   -2      8.336      5.478      9.208
  -1   -2     10.780     -1.876      4.403
  -1   -2      8.336      5.478      9.208
  -1   -2     10.780     -1.876      4.403
  -1   -2      8.336      5.478      9.208
  -1   -2     10.780     -1.876      4.403
  -1   -2      8.336      5.478      9.208
  -1   -2     10.780     -1.876      4.403
  -1   -2      8.336      5.478      9.208
  -1   -2     10.780     -1.876      4.403
  -1   -2     10.780     -1.876      4.403
  -1   -2     10.780     -1.876      4.403
  -1   -2     10.780     -1.876      4.403
  10  349     10.780     -1.876      4.403
