189
   0    0     -3.970     -8.814      3.997
   1    1     18.395     -2.769     -4.251
   3   -2      8.185     -8.321     -0.671
   2    3     14.018     -2.032     -4.666
  52   -2      9.018    -10.401     -6.516
  51    5      5.645     -4.396     -6.188
  -1   -2      9.203     -6.826     -7.187
   8    7     11.560     -5.226      1.673
   6   -2     11.106     -9.697     -2.894
  35    9     -7.675     -6.228     -7.663
  67   30     11.183     -5.320      2.826
  16   27      6.773     -8.594      0.272
  10   -2     12.513     -8.783      5.206
  -1  193     10.637     -1.861      4.759
  57   -2      7.865     -6.882     -6.959
  73   29    -10.406     -7.802      0.505
  -1   16     -3.106     -8.518     -8.083
  -1   60      3.046     -6.206      9.434
  21   49     17.532     -8.023      1.327
  11   53      1.964     -6.935      4.364
  97   -2     10.379     -0.421      5.511
  29   86     -4.914    -10.522     -0.819
  -1   -2     -3.588     -6.377     -4.033
  17   -2     -5.587     -8.951     -9.496
  -1   24     12.847     -9.032     -1.012
  25   28     15.973     -3.756     -8.525
  30   26     11.604     -6.636     -5.139
  36   45      8.936     -8.553      2.276
  61   -2      6.005     -6.550      5.093
  28   77      3.623     -7.620      3.484
  37   -2     -9.240     -9.902      2.621
  33   -2      8.453     -9.338     -6.946
  20   22      9.443     -3.276      7.704
  -1   25     11.894     -7.983    -10.531
  -1   93     -6.245     -7.901     -2.395
  -1   -2      7.001     -2.085     -3.834
  -1   -2     14.071      3.071     -3.638
  -1   -2     -9.373     -3.433      3.294
  -1   98     -0.776     -7.760     -6.639
  98  110     -8.459     -7.151      0.034
  -1   -2      0.007     -2.671     -4.314
  -1   -2    -13.066     -7.294      5.823
  50   19     16.754     -7.248      3.191
  -1   -2      8.284    -10.049     -6.550
  49   -2      7.345     -7.314     -0.828
  -1   -2      8.334      5.480      9.209
  -1   -2      5.025     -7.505    -10.328
  54   89     16.062     -4.921      3.198
  -1    8     11.054    -11.048     -5.978
  -1   50      5.848     -6.500    -10.327
  53   -2     -8.357     -5.171     -7.038
  -1   -2     16.791    -10.455     -0.344
  89   62     20.058      3.948     -5.038
  94   18     -1.501     -8.038      3.470
  -1   59     -3.373      1.868     -8.111
  -1   20     -2.274     -4.273      1.332
  60   57    -11.336     -5.746     10.980
  55   -2     16.929     -9.617     -2.077
  -1   -2    -11.151     -8.923      5.910
  40  103      9.239     -1.746     -2.381
  64   61    -11.222     -3.950     -1.971
  90   64      1.957     -3.569      3.876
  59   82     17.877      0.003     -2.876
  27    4     -6.734    -10.558     -1.471
  -1   -2     12.793     -6.127    -10.465
  65   12     11.663     -9.228      6.884
  34   -2     17.438     -5.452     -2.869
  70   65     -4.478      1.065      4.083
  -1   21    -11.710     -5.912     -1.254
   4   -2      4.348     -6.849     -8.735
  74   67     -1.809     -3.128     -9.031
  78   -2    -11.321    -10.297     -2.782
  -1   68     -1.903     -9.701     -3.163
  -1   37     11.425     -6.988      9.726
  -1   -2     -4.242     -1.756     -9.540
  80   35      8.405      0.935      9.555
  -1   11      3.366    -11.289      5.804
  22    2     10.601     -8.957     -1.162
  -1   76      0.340    -10.630      1.904
  84   79     18.306     -9.471     -4.615
 106   -2     -0.978     -5.246     -9.475
  86  107      3.330      5.961      2.002
  -1   -2      6.704     -6.852     10.117
  -1   -2     20.200    -10.247     -2.531
  -1   31      8.577     -9.719      5.284
  -1   84      0.598    -10.133    -11.839
  -1   -2     15.160     -8.396      8.504
  82   85     12.149      2.365      9.751
  -1   15      7.623     -6.005    -10.278
  -1   -2     15.305     -0.926     -4.874
  -1   87     16.939     -6.417     -9.431
  -1   83     19.445      4.797     -6.026
  -1   -2     16.222     -3.965      5.479
  77   -2     -9.257    -10.512     -5.575
  91   36     -4.598     -7.225      2.441
  -1   -2     -6.451     -6.865    -11.571
  88   -2     18.575     -4.778     -6.459
  -1   -2      9.146     -6.828     -7.037
  -1   -2     10.796     -1.872      4.362
  -1   -2     -9.373     -3.433      3.294
  41   -2     -0.776     -7.760     -6.639
  -1  157      0.007     -2.671     -4.314
  -1   -2    -13.066     -7.294      5.823
 137  145      7.001     -2.085     -3.834
  -1   -2      8.284    -10.049     -6.550
  -1   -2      8.334      5.480      9.209
 105  117     16.791    -10.455     -0.344
  -1   66     -4.242     -1.756     -9.540
  -1   -2      9.146     -6.828     -7.037
  -1   -2     10.796     -1.872      4.362
  -1   -2     -9.373     -3.433      3.294
  -1   -2      0.007     -2.671     -4.314
  -1   -2      7.001     -2.085     -3.834
  -1   -2    -13.066     -7.294      5.823
  -1   -2      8.284    -10.049     -6.550
  -1   -2      8.334      5.480      9.209
 133   51     -4.242     -1.756     -9.540
  -1   -2      9.146     -6.828     -7.037
  -1   -2     10.796     -1.872      4.362
  -1   -2     -9.373     -3.433      3.294
  -1   -2      0.007     -2.671     -4.314
  -1   -2    -13.066     -7.294      5.823
  -1   -2      7.001     -2.085     -3.834
  -1   -2      8.284    -10.049     -6.550
  -1   -2      8.334      5.480      9.209
  -1   -2      9.146     -6.828     -7.037
  -1   -2     10.796     -1.872      4.362
  -1   -2     -9.373     -3.433      3.294
  -1   -2      0.007     -2.671     -4.314
  -1   -2    -13.066     -7.294      5.823
  -1   -2      7.001     -2.085     -3.834
  -1   -2      8.334      5.480      9.209
  -1   -2      9.146     -6.828     -7.037
  -1   -2     10.796     -1.872      4.362
  38  136     -9.373     -3.433      3.294
  -1   -2      0.007     -2.671     -4.314
  -1   -2    -13.066     -7.294      5.823
  -1   -2      8.284    -10.049     -6.550
  -1   -2      7.001     -2.085     -3.834
  -1   -2      8.334      5.480      9.209
  -1   -2      9.146     -6.828     -7.037
  -1   -2     10.796     -1.872      4.362
  -1   -2      7.001     -2.085     -3.834
  -1   -2      0.007     -2.671     -4.314
  -1   -2    -13.066     -7.294      5.823
  -1   -2      8.284    -10.049     -6.550
  -1   -2      8.334      5.480      9.209
  -1   -2      9.146     -6.828     -7.037
  -1   -2     10.796     -1.872      4.362
  66   -2      0.007     -2.671     -4.314
  -1   -2    -13.066     -7.294      5.823
  -1   -2      7.001     -2.085     -3.834
  48  159      8.284    -10.049     -6.550
  -1   -2      8.334      5.480      9.209
  -1   -2      9.146     -6.828     -7.037
  -1   -2     10.796     -1.872      4.362
  -1   -2    -13.066     -7.294      5.823
  -1   -2      7.001     -2.085     -3.834
  -1   -2      8.334      5.480      9.209
  -1   -2      9.146     -6.828     -7.037
  -1   -2     10.796     -1.872      4.362
  -1   -2    -13.066     -7.294      5.823
  -1   -2      8.334      5.480      9.209
  -1   -2      9.146     -6.828     -7.037
  -1   -2     10.796     -1.872      4.362
  -1   -2    -13.066     -7.294      5.823
  -1   -2      8.334      5.480      9.209
  -1   -2      9.146     -6.828     -7.037
  -1   -2     10.796     -1.872      4.362
  -1   -2    -13.066     -7.294      5.823
  -1   -2      8.334      5.480      9.209
  -1   -2      9.146     -6.828     -7.037
  -1   -2     10.796     -1.872      4.362
  -1   -2      8.334      5.480      9.209
  -1   -2      9.146     -6.828     -7.037
  -1   -2     10.796     -1.872      4.362
  -1   -2      8.334      5.480      9.209
  -1   -2      9.146     -6.828     -7.037
  -1   -2     10.796     -1.872      4.362
  -1   -2      8.334      5.480      9.209
  -1   -2      9.146     -6.828     -7.037
  -1   -2     10.796     -1.872      4.362
 180  187      8.334      5.480      9.209
 181  188      9.146     -6.828     -7.037
  -1   -2     10.796     -1.872      4.362
  -1   -2     10.796     -1.872      4.362
  -1   -2     10.796     -1.872      4.362
  -1   -2     10.796     -1.872      4.362
 186   10     10.796     -1.872      4.362
