127
  10    1     12.247     -9.693      8.913
  11   -2      8.182     -8.319     -0.671
  34   27      4.568     -8.007      5.225
  98   11     12.284     -7.820      8.390
  81   -2     -9.927     -9.112     -2.015
   1   26      5.645     -4.397     -6.193
  -1    6     11.158     -9.668     -2.714
  -1  128      9.206     -6.826     -7.194
  38   -2     -3.676    -10.667     -7.869
  69   -2     11.553     -5.216      1.654
  84    8     -7.678     -6.227     -7.655
  -1    7     11.183     -5.324      2.826
  14   15     -1.414    -10.936     -7.729
  -1   -2     13.350     -8.701      7.958
  -1  133     10.638     -1.864      4.762
  75   36     13.963     -2.205     -3.259
  80   -2      8.341    -10.332     -4.803
  -1   17    -13.453    -10.366     -5.370
  -1    9      6.004     -8.486     -1.217
  -1   51     15.472     -7.161      4.660
  62   23     17.527     -8.021      1.333
  -1   35     20.517     -3.391     -4.213
  12   56     -5.251     -7.771    -10.621
  35   -2     -3.589     -6.377     -4.026
  77   -2      4.181     -9.428      1.150
  86    0     13.921     -9.180      1.361
  13   -2     10.379     -0.422      5.515
  70   29     11.130     -8.949     -3.304
  64   -2      3.764     -5.258     -2.819
  29   25     15.982     -3.760     -8.552
  60   31    -12.336      0.064     -0.358
  -1   88      6.001     -6.548      5.100
 102   41     -1.705     -8.129      2.949
  53   30     11.596     -6.633     -5.122
  27   21      1.966     -9.319      6.124
  -1   -2      6.639     -7.349     -3.027
  -1   -2     14.406     -8.681      6.148
  90   81     -7.393    -10.537    -10.658
  15   32      9.022     -4.283     -2.965
  22   14      0.029     -6.321      9.508
  -1   -2      1.940     -8.198     -1.809
  37   -2      9.444     -3.276      7.704
  39   37     15.860     -8.968      1.233
  72   -2     -1.958     -4.695      2.220
  99   42     -6.249     -7.900     -2.387
  42   45     -9.377     -3.432      3.313
  -1   -2     -0.768     -7.761     -6.621
  50   93      0.006     -2.669     -4.309
  30   33      8.347     -6.606      0.243
  24   -2     -8.458     -7.153      0.035
  16   44      7.981     -6.846     -6.706
  -1   -2    -13.064     -7.295      5.822
  45   12    -12.590     -9.466     -4.238
  -1   73      7.003     -2.087     -3.839
  -1   18      8.401    -10.011     -6.178
  61   -2      8.080    -10.152      2.086
  36  127      6.823      0.321      9.742
  -1   -2    -15.679     -9.157      9.213
  -1   -2     16.795    -10.455     -0.351
  54   61     15.807     -6.671      1.751
 110  104      8.551      1.012     10.094
  56   19      5.829     -6.503    -10.385
  -1   -2      8.326      5.471      9.233
  -1   84     20.061      3.948     -5.043
  -1   -2     12.460     -9.014     -0.066
  -1  100     -0.581    -10.727      4.669
  -1   59     20.270    -10.412     -2.677
  49   -2      9.238     -1.748     -2.376
  83   -2    -11.222     -3.948     -1.970
  -1   -2     -7.660     -9.451      4.351
  74   -2     -4.305     -3.706      2.075
  -1   98     17.880      0.006     -2.877
  73   76     12.792     -6.128    -10.460
  -1   -2      1.960     -3.570      3.868
  -1   80    -13.945      0.105     10.399
  79  106     -4.243     -1.752     -9.526
  -1   -2     -4.477      1.067      4.084
  -1   -2     -1.807     -3.130     -9.021
  -1   -2    -11.712     -5.912     -1.254
  -1    3     -4.284    -10.352     -9.705
  97   -2     17.440     -5.455     -2.869
  -1   -2     19.711     -4.485     -1.922
  33   78    -10.212     -8.364      0.105
  82  118    -13.452     -4.829      9.650
  -1   -2    -15.322     -7.196    -10.627
  -1   49     -4.645      2.034     -3.881
  66   20     -2.618     -9.046     -3.291
  -1   -2      6.701     -6.854     10.127
  -1    2     11.430     -6.994      9.717
  -1   -2      3.338      5.958      1.986
  -1   -2     12.157      2.365      9.773
  92   91    -10.920     -5.364      2.113
  -1   74      2.682     -1.123     -0.043
  94   96      0.590    -10.137    -11.825
  23   -2      7.623     -6.006    -10.271
  89   99      6.709      3.972      3.841
  41   87      4.414     -4.147      5.765
  95   16     15.310     -0.930     -4.844
  63   -2     -6.803     -4.333     -7.411
  -1   95     16.943     -6.414     -9.435
 101   47     19.433      4.796     -5.997
 105   -2     10.513     -4.101      6.941
  -1   -2     -0.120      4.738      5.844
 103   -2     10.572     -2.485    -10.531
  -1   -2     -5.879     -1.053     -1.901
  40   63     -4.600     -7.228      2.448
  -1   -2      6.745     -8.937      9.992
   2   34     11.184     -9.659     -2.835
  -1   -2      9.155     -6.828     -7.059
  -1   38     10.796     -1.877      4.365
  71  113      7.003     -2.087     -3.839
  -1   -2     -0.768     -7.761     -6.621
 113  126    -13.064     -7.295      5.822
  52  114      8.401    -10.011     -6.178
  -1  105      8.326      5.471      9.233
  57   -2     20.061      3.948     -5.043
  -1   -2      9.155     -6.828     -7.059
  -1   -2     10.796     -1.877      4.365
  -1   -2     -0.768     -7.761     -6.621
  -1   -2      8.326      5.471      9.233
 115  109      9.155     -6.828     -7.059
  -1   -2     10.796     -1.877      4.365
 108  121     -0.768     -7.761     -6.621
  -1   -2     10.796     -1.877      4.365
  -1   -2     10.796     -1.877      4.365
  -1   -2     10.796     -1.877      4.365
 107   -2     10.796     -1.877      4.365
