98
  48   -2     26.527     83.668    -28.832 4
  -1   -2      9.829    149.305    -76.552 4
   3    8     27.572    124.315    -51.353 4
  -1   -2     28.555    127.190    -99.157 4
  -1   -2     30.903    157.376    -10.221 4
  43   79     25.257     60.155    -27.857 4
  -1   -2     27.753     75.701    -99.534 4
  35   44     29.595    134.192    -11.393 4
  -1   -2     14.423    106.028    -40.429 4
  -1   -2    -65.816    205.115    -89.242 4
  37   -2     -4.395    175.022    -90.693 4
  -1   -2     -9.800    155.874    -32.451 4
  23   14     28.982     67.672    -54.934 4
  -1   -2     30.175    178.144    -11.071 4
  50   -2     25.974    119.538    -60.412 4
  -1   42     25.428     48.913     -2.415 4
  -1   -2     -0.151    167.897    -95.526 4
  -1   -2     24.071    125.219    -21.375 4
  11   -2     11.626     74.342    -48.003 4
  -1   -2    -29.335    213.849     92.008 4
  -1   -2     19.612    125.498    -49.718 4
   8   25     17.504    144.381    -88.137 4
  -1   -2     28.052    112.860    -68.880 4
  -1   -2      4.735    144.113    -94.075 4
  -1   -2      1.367    181.895    -44.668 4
  -1   29     29.470     92.754    -73.266 4
   2   87    -13.056    182.951    -16.996 4
  16    6     15.035    139.828    -76.811 4
  -1   -2     -5.874    211.440     -3.552 4
  -1    1    -33.534    186.933    -69.132 4
  -1   -2     21.505    217.607     38.114 4
  -1   -2    -12.295    163.096    -41.364 4
  32   -2     -5.029    139.277    -81.233 4
  -1    7    -22.856    215.486    107.477 4
  -1   -2     -8.472    143.704    -92.389 4
  -1   10     17.496    188.835     -6.770 4
  -1   -2     33.344     86.852   -106.264 4
  -1   -2     14.992    149.661    -73.478 4
  -1   -2     28.345     81.825   -103.764 4
  -1   -2     16.509    196.283      1.592 4
  38   -2     12.213    174.861    -59.802 4
  -1   -2     34.692    151.420      3.011 4
  -1   36     28.354    170.192     11.074 4
  -1   -2     -5.202    202.776     16.518 4
  -1   -2     -6.987     42.830     54.885 4
  -1   -2     13.265     61.394     -7.873 4
  -1   -2      7.458    184.689      4.646 4
  -1   -2     15.206     81.632     14.844 4
  -1   -2     -9.675     59.535     85.305 4
  12    3     17.651    116.613    -69.776 4
  -1   -2    -14.021    215.039     -2.700 4
  -1   -2     -8.313     85.454     60.734 4
  42   -2     11.934    159.498      3.084 4
  -1   -2     33.906     88.130    -70.627 4
  -1   -2     34.550    126.496    -30.773 4
  -1   -2     39.537     78.954   -101.126 4
  28   -2    -19.607    168.220    -70.816 4
  18   91     24.006    213.925     21.231 4
  -1   -2    -77.937    138.934     89.946 4
  -1   -2     17.456    196.631    -24.656 4
  -1   -2     33.873     69.540     -5.981 4
  -1   -2      0.579    139.236     83.560 4
  -1   -2     34.102    100.650    -58.105 4
  41   -2     28.012     40.870     -9.256 4
  -1   -2     30.561    162.554     27.490 4
  -1   -2     11.504    141.299     87.544 4
  -1   -2      0.517     48.082     29.616 4
  -1   -2      8.093    124.153    -42.718 4
  -1   -2     24.900     63.969    -42.700 4
  -1   -2     11.884    149.809     40.459 4
  13   19    -11.250    138.826    -51.616 4
  -1   -2     12.928    155.366   -101.225 4
  -1   26     40.880     49.182    -99.841 4
  -1   -2     -9.863    165.933   -100.680 4
  -1   12     22.306     69.815    -66.332 4
  -1   -2     16.541    145.499     50.901 4
  -1   -2     -7.930    113.053   -100.538 4
  -1   -2     29.374     44.685      8.482 4
  -1   -2     45.205     63.656    -50.382 4
  -1   -2     29.557    184.234    -43.341 4
  -1   -2    -41.810    209.289     17.249 4
  -1   -2    -77.824    204.195     38.066 4
  -1   -2    -28.213     94.704   -120.733 4
  -1   -2   -100.652    215.580    -32.270 4
  -1   -2   -147.590    209.456    109.087 4
  -1   46    -36.787    207.069    123.803 4
  -1   -2     16.526    111.383    116.380 4
  63  101   -194.800     41.044     93.822 4
  -1   -2    -98.048    165.794    102.760 4
  -1   75     36.974     34.873    -42.731 4
  -1   -2    -29.155    -10.189     73.994 4
  66  104   -194.919     12.848     94.377 4
  -1   -2    -17.637    147.727     57.105 4
  -1   40     17.049    203.787     74.005 4
  -1  102     29.842     19.526    -21.116 4
  -1   -2    -24.987    154.267    124.350 4
  -1   -2     32.844    209.500    -30.431 4
  21   60    -64.504    204.190    -88.378 2
