211
   0    0    -83.022    119.356     90.395 4
  -1   11    -80.552    140.483     54.212 4
  -1    2   -134.925     52.602    -64.156 4
   1    3    -47.002    100.792     79.904 4
  -1   -2   -180.542    212.272     21.238 4
   5    6    -43.812     86.236    104.251 4
   4    8   -133.495    134.785     85.550 4
  74   14    -99.896     21.117    101.862 4
  10    9    -15.464    105.958     49.987 4
   9   60    -59.775     82.777     93.239 4
  12   16    -24.640     76.899      7.208 4
  14   17   -104.841    131.532     90.717 4
  18   19    -16.874    121.986     41.378 4
  11   13    -92.466    124.897     88.935 4
  57  120   -281.027      7.469     87.316 4
  72   10    -92.765    170.096     -6.075 4
  -1   -2    -32.357     51.211     20.592 4
 172   48    -30.908     72.261     96.271 4
  -1   -2   -296.649      4.823     76.050 4
  -1   35      0.492      1.455     25.669 4
  -1   -2    -27.774     46.609     19.469 4
  -1   -2   -161.875    188.222    -42.048 4
  53   50     -5.532     48.497     79.686 4
  20   25    -92.531     93.726     98.948 4
  49   -2   -292.718     21.553     59.625 4
  24   42   -120.684     28.710    -88.147 4
  -1   -2    -13.734     25.838     -6.229 4
  -1   18   -175.964    143.516    -57.778 4
  45   27   -226.719    173.022     69.782 4
  37   -2    -11.883     18.971    102.253 4
  -1   -2    -17.693      2.932     34.506 4
  -1   -2   -282.589      2.285     51.069 4
  27   30   -175.936    141.680     71.558 4
  -1   99     -1.555     11.125     40.771 4
  26   29    -60.549     91.504     88.011 4
  -1   -2    -56.600    111.403     89.440 4
  42   -2   -107.659    145.225     63.217 4
  -1   -2   -183.556    135.900    -99.262 4
  80   20   -138.082    155.203     52.316 4
  39   33    -29.060    105.537     59.422 4
  -1   -2     17.923     32.278     32.772 4
  25   22    -25.039     31.474     20.667 4
  -1   -2    -29.282    104.738      0.995 4
  -1    1    -25.611    127.690     36.495 4
 123   -2     -7.997     25.670     12.748 4
  -1   -2   -116.384     65.001    -84.733 4
  -1   39   -215.544    209.430     98.198 4
  -1   -2   -301.282     28.149     84.452 4
  29   38   -131.328    146.027     79.627 4
  30   -2    -41.398    109.673     63.514 4
  -1   -2   -302.992     44.226     28.900 4
 116   45   -175.826     71.320    -79.733 4
  -1   -2   -152.679     91.005    104.973 4
  47   -2    -54.370     84.991     94.651 4
  -1   -2     -6.167      4.210     70.463 4
  -1   -2   -281.743     -3.620     68.597 4
  -1   -2     -8.949     21.444     80.341 4
  51   41    -10.616    171.542      6.812 4
  -1   -2   -146.532     50.514    -89.802 4
  -1  135    -21.931     19.189    104.709 4
  -1   -2    -27.850     66.158     92.510 4
  54   47    -47.992    133.576     46.489 4
  77   73   -309.970     29.683     74.140 4
  -1   -2    -18.050     29.741     85.321 4
  -1   -2   -322.977     32.289     -0.511 4
  -1   -2    -96.377     17.984    -64.028 4
  -1   -2   -165.700     68.476    100.781 4
  28   88   -280.092     -1.193     73.089 4
  -1   -2   -193.530    126.234     77.844 4
  -1   -2   -108.756    185.407    -74.372 4
  -1   -2    -28.036     22.365     88.708 4
  -1   -2    -78.031     -5.171    -53.174 4
  66   -2    -95.424     43.069      0.702 4
  78   -2    -75.820     89.000     85.063 4
  69    4   -172.975    112.216     68.885 4
  -1   -2    -64.630    121.490     94.291 4
   6   -2   -154.754    127.250     82.819 4
  71   64   -235.365    149.585    -29.122 4
  -1   -2   -290.034     14.197    -52.263 4
  -1   -2    -32.677     13.602    -36.089 4
  -1   -2   -107.480     82.365     93.074 4
  -1   -2   -171.146    199.584    -99.965 4
  -1   -2    -96.233    147.613     76.192 4
  -1   -2   -312.455     44.679     29.820 4
  -1   56    -38.069     26.969    102.365 4
  -1   -2   -311.673      9.054     43.023 4
  -1   -2   -320.588      1.541     40.049 4
  -1   -2    -78.145     -6.715    -94.174 4
  -1   72   -192.176    217.603     48.265 4
  -1   74    -38.953    102.120     88.241 4
  -1   -2   -151.515    161.512     30.535 4
  -1   -2    -97.238     37.715     62.883 4
  -1   -2    -90.425    169.263     60.564 4
  -1   -2   -120.228      9.115    -47.756 4
  -1   -2   -289.335     22.371     86.761 4
  -1   -2   -185.847    188.766     99.328 4
 179  142    -71.327    107.418    104.827 4
 138  121    -82.313     74.271    -69.436 4
  83   -2   -125.975    180.421     89.030 4
  -1   -2   -278.874    215.993      8.395 4
  -1   -2   -296.086     40.826     32.145 4
  -1   -2    -15.564     43.209    101.907 4
  -1   -2     11.201     61.376      8.401 4
  84   77   -220.686    185.257     45.327 4
  -1   -2   -175.662    187.569    -80.282 4
  -1   -2   -116.570     33.804    -38.184 4
  -1   -2   -226.854    148.407     94.483 4
  -1   -2   -337.889     28.609    -42.916 4
  43   80    -91.787     89.762     89.150 4
  -1   -2   -330.940     53.066    -16.630 4
  -1   -2     18.106     28.701     60.928 4
  -1   32   -114.611    145.079     77.860 4
  -1  160   -205.996      7.907     36.625 4
  -1   -2   -288.505      1.270    -48.786 4
 151   -2    -77.391    -11.116    -44.361 4
  -1   -2     29.928     15.971     -4.272 4
 118   85     -1.359    116.884     99.689 4
  -1   -2   -189.960    157.921   -112.547 4
  -1   -2   -177.512    107.288    -48.782 4
  -1   -2   -339.297     17.599    -37.067 4
  -1   -2     -3.359     45.023     83.696 4
  -1    5   -157.598    190.472    -43.091 4
 136   -2    -60.833    -12.790   -112.816 4
  -1   -2   -257.619    146.825     92.682 4
  70  134     -4.123      4.472     21.193 4
  -1   -2      0.579    105.007     85.803 4
  -1   -2   -315.825     61.866      6.395 4
  -1   -2   -114.981     21.411     10.632 4
  -1   -2     24.175     39.758     17.634 4
  -1   -2    -88.630    142.338     81.977 4
  -1   -2    -93.871    104.379    -32.983 4
  -1   -2   -182.793    130.828    -94.718 4
  -1   -2   -106.550    128.172     56.732 4
  -1   -2   -216.390    179.234      6.443 4
  -1   -2   -265.893    196.993     66.376 4
  -1   -2   -307.017     28.706     15.968 4
  -1   -2     25.595     35.759     20.098 4
 132   52    -68.188    157.173    -68.115 4
  -1   -2   -217.703     24.737   -105.526 4
  -1   -2    -11.295     91.575     -6.983 4
  -1   -2   -214.298    158.361     40.649 4
  -1   -2     -9.778     33.408     76.555 4
  -1   -2   -304.269     42.624    -38.454 4
  -1   -2     20.690     22.435     30.969 4
  -1   -2   -223.659    110.674     -1.383 4
  -1   -2     15.844     14.376     29.236 4
  -1   -2    -83.237     12.741    -14.911 4
  -1  123     -1.816     12.293     63.731 4
  -1  126    -20.594      7.814     99.523 4
  -1   -2    -16.768     38.763     89.597 4
  -1   -2   -113.443     20.761   -101.394 4
 191   -2   -174.540    176.228    -95.787 4
  -1   53     -9.025     29.638    105.346 4
  -1   -2   -187.050    121.391   -110.415 4
  -1   44      4.364     -1.156     49.535 4
  -1   -2    -26.612     18.166     97.501 4
  -1   -2    -24.304     62.921     98.193 4
  -1   -2   -310.007     32.941     42.451 4
  -1   -2   -274.050     -4.082     56.162 4
  -1   -2    -98.140     34.223     -5.527 4
   3  141   -122.775    127.873     82.142 4
  -1  148   -196.866    108.597    105.867 4
  -1   -2   -205.504     -0.148     82.335 4
  -1   -2   -145.417    142.191     83.192 4
  -1   -2      8.202     91.514    110.520 4
  -1   -2   -132.367    197.394    -41.872 4
  -1  155   -110.362    215.222    116.756 4
  -1   -2   -163.048    178.601     65.905 4
  -1   -2     11.857    144.754     54.651 4
 176  159   -258.727    139.815     92.079 4
  -1   -2   -301.743    186.643     23.596 4
  -1   -2    -92.811     42.823     39.185 4
  -1   -2    -86.594     56.845    -51.964 4
  -1   -2   -221.547    -23.903    -86.985 4
  -1   -2    -42.882     23.173    -74.524 4
  -1   -2    -59.750     12.720     91.353 4
  -1   -2   -310.999    213.100     81.438 4
 169  164   -274.832    202.099      5.851 4
  -1   -2   -350.011     95.995    112.622 4
  -1   -2   -341.974     12.018     62.004 4
  -1   -2   -143.281     82.852    -47.171 4
  -1   -2   -159.912    158.982     -4.081 4
  -1   -2   -223.242    217.174     94.872 4
 121  154    -69.607    111.732     66.148 4
  -1   -2   -157.841     -7.965    -42.050 4
  -1   -2   -202.379      6.110   -118.541 4
  -1   -2    -78.171    180.872     14.394 4
  -1   -2   -118.502     65.192    -37.265 4
  -1   -2   -151.437    209.039     95.736 4
  -1   -2   -267.424     -6.440     54.162 4
  -1   -2     14.795     30.652    100.883 4
  -1   -2   -178.199    106.572   -103.443 4
  -1   -2     16.568    211.874     66.516 4
  -1   -2   -139.688    111.438     28.790 4
 150   -2    -34.017     23.870    116.670 4
  -1   -2   -211.803    186.704     -7.758 4
  -1   -2   -310.175    199.463    -45.950 4
  -1   -2   -205.718    -21.649    -44.585 4
  -1   -2   -218.949    157.258    -24.001 4
  -1   -2   -352.979      6.773     51.968 4
  -1   -2   -264.596      9.614     23.521 4
  -1   -2    -24.895     41.065   -130.254 4
 198  189   -236.554     88.140    109.133 4
  -1   -2    -44.065     47.887   -102.512 4
  -1   -2    -60.117      2.717     70.982 4
  -1   -2   -229.520     37.405    111.526 4
  -1   -2    -28.965     -9.042     81.073 4
  17   -2    -34.934     13.364     83.664 4
  -1   -2   -216.075    113.821     16.243 4
  -1   -2    -10.908    171.989      6.479 2
   8   49   -162.113    186.673    -34.536 2
