221
  -1    0    -74.410    141.887     84.951 4
   1    1    -39.423    123.489     73.290 4
  -1   -2   -179.698    131.922    105.822 4
  14    4   -122.620    155.906     85.865 4
  10    5    -36.417    110.289    104.881 4
  72   -2    -24.680     75.744     13.720 4
  75   69   -159.126    134.250     67.543 4
  -1   -2    -65.503    110.381     89.797 4
 130    8   -147.831    210.349    -28.444 4
  -1   49   -278.243     23.380    102.116 4
   8    9    -49.862    105.047     93.864 4
   7   14    -94.511    152.385     88.307 4
  -1    6   -140.964    148.677     73.039 4
  -1   -2    -67.861    164.592     55.740 4
   2   10     -8.288    128.796     49.593 4
  11   11    -82.483    146.596     88.797 4
  25   18    -10.040    142.656     38.460 4
 199   44    -16.429    101.589      6.514 4
  -1   -2    -76.022     37.277    -13.745 4
  -1   -2     -3.226     51.965     -6.862 4
  -1   -2    -88.455    106.146     89.526 4
  62   62    -15.405     30.630     80.392 4
   9  137    -84.011    192.442      3.409 4
  51   88    -15.063    155.130     29.717 4
  -1   -2   -285.466     -0.255     66.481 4
  19   45   -209.953    192.558     67.897 4
 204   -2   -102.512    164.661     84.578 4
  -1   -2      1.238     27.977      0.473 4
  -1   19   -254.460     29.266     51.607 4
  28   27   -161.763    162.987     70.673 4
  -1   -2   -305.148     18.834     80.594 4
  -1   -2    -12.436      7.248     41.033 4
  -1   -2     -7.182     19.087     45.356 4
  -1   -2   -254.236     32.660     83.279 4
  -1   -2   -300.052     44.629     63.796 4
 192   13    -78.257    110.497     93.958 4
  -1   29   -118.936    166.202     79.613 4
  92   36    -12.115     36.892    104.353 4
  34   39    -20.866    126.583     56.496 4
  -1   25    -17.371     58.822      4.231 4
  -1   -2   -262.439      7.877     83.603 4
  -1   -2   -309.889     15.331     47.831 4
 135  135   -257.164     11.383     76.618 4
  99   82     -3.452     50.721      2.927 4
  66   46    -23.812      2.561     36.976 4
  -1   51     -4.649    186.713      7.489 4
  -1   30    -31.688    130.294     59.754 4
  -1   -2    -23.404      4.407      1.373 4
  68   55    -18.164     21.085     73.972 4
  -1  136    -58.924     16.907    -88.162 4
  -1   -2    -83.896     91.208     37.769 4
  -1   -2   -319.647      3.480    -30.872 4
  -1   -2   -253.012     19.412     36.782 4
  -1   -2     -2.334     25.407     52.675 4
  -1   -2   -300.426     74.399    -10.028 4
  -1   -2    -10.431     10.478     33.454 4
  53   -2    -62.336     13.314    -50.983 4
  -1   -2   -316.423      3.237     59.825 4
  60  144   -183.657    163.691     73.659 4
 160   -2     -0.802     34.336     86.125 4
  -1   37    -19.969     27.662     96.240 4
  -1   -2   -279.584     72.085     82.045 4
  -1   -2    -30.792     19.972     59.672 4
  -1   -2   -325.614     45.348     24.514 4
  -1   -2   -231.781      6.163    -11.163 4
  -1   -2     -2.875     54.416     91.053 4
  76   -2   -123.107     75.012    -67.043 4
  -1   -2   -268.272     16.152     21.051 4
  -1   -2    -19.893     38.949    108.546 4
  -1   -2   -300.541     19.579   -100.918 4
  -1   -2    -10.591      3.590     89.388 4
  61   -2     -0.464     26.887     19.028 4
  70   65   -188.909    150.163     82.128 4
  69    3   -107.873    150.257     82.020 4
  71   66    -84.505     69.217     -2.913 4
  -1   -2    -87.903    166.027     10.641 4
  80   74    -87.827     45.411    102.654 4
  -1   -2    -65.032    124.728     96.964 4
  15   71   -216.433    173.174    -16.491 4
  -1   -2   -120.453     79.512    -72.728 4
 140  120   -277.932     51.136     91.570 4
  -1  191   -165.859    187.552    -69.458 4
  -1   -2   -294.327     35.811     89.488 4
  24   -2   -159.571    165.187    -65.230 4
  -1   -2    -81.356     25.381    -48.006 4
  -1   -2    -82.659     38.463     10.819 4
  -1   -2      5.506     37.365     18.059 4
  -1   -2   -244.176      7.804     65.383 4
  -1   -2    -58.993    119.404     90.298 4
  86   83   -113.494    201.151     83.413 4
  -1   72    -82.571    187.316     -4.268 4
  -1   -2   -177.724    196.243    -69.758 4
 100   58   -288.380     20.330     27.712 4
  -1   -2    -82.612     52.831    -19.253 4
  -1   20    -82.141    117.225     95.903 4
  -1   -2      4.983     30.776    -49.959 4
  -1   -2   -247.747    212.427     60.768 4
 124   22   -178.119    152.587    -61.211 4
  -1   -2   -232.437      5.412     92.246 4
  -1   26    -47.611    114.876     89.490 4
  -1   -2    -26.243     95.023    109.894 4
  -1   -2   -315.933     25.280     24.982 4
  -1   -2   -159.912     95.858    -84.922 4
 122   96      2.328     68.051     61.391 4
  -1   -2    -96.707     88.055   -105.597 4
  -1   -2    -15.065     12.420    -31.709 4
  -1   -2   -305.730     10.169     42.157 4
 101   -2   -277.484     43.667    101.667 4
  -1   -2   -205.312    196.764    -22.587 4
  -1   -2   -229.433     -4.255    -41.114 4
  -1   -2    -11.794     25.840    104.719 4
  64   -2   -268.361     -4.862     63.273 4
  -1   -2   -323.246     18.202    -65.046 4
  -1   -2   -278.493     32.959     69.103 4
  -1   80   -124.801    176.549     53.689 4
  -1   -2    -24.829     11.853     47.180 4
  -1   -2   -261.360     13.820     65.957 4
  -1   -2     16.015     54.950     70.368 4
  -1   24   -104.315     50.248    -89.788 4
  -1   -2   -211.770    167.231     56.514 4
  -1   -2     10.408     61.641    -76.422 4
  -1   -2   -163.923    128.415    -64.680 4
  -1   -2    -29.860    124.186     95.805 4
  -1   -2    -14.233     15.726      7.016 4
  -1   -2   -136.362    210.353     38.468 4
  -1   -2   -239.587    212.475    -70.879 4
  -1   -2    -85.835      2.505     23.374 4
  -1   -2    -84.516    196.231     56.165 4
  -1   -2     -7.173     68.025     78.408 4
  -1   -2     -5.132     46.549    102.986 4
 145   -2    -81.316    190.402     73.629 4
  -1   -2   -337.689     42.095    -11.188 4
 164    2    -28.258     98.720    107.139 4
  -1   -2   -325.915     59.265     -6.804 4
  -1   47    -43.291    104.878     90.838 4
  -1   -2   -168.117     10.336    -68.620 4
  -1  150    -13.383     45.017     81.279 4
  -1   -2     -5.409     55.201     37.963 4
  -1   -2    -81.616     44.432    -83.695 4
  -1   -2   -284.491      4.454     91.841 4
  -1   -2   -141.952    211.325    -28.835 4
  -1   -2     -6.359      6.078     91.978 4
  -1   -2      3.819     42.344     64.277 4
  -1   -2      0.715    133.655     82.478 4
  -1   -2    -29.794    155.854    -52.058 4
  -1  132    -58.904    177.615    -68.308 4
  -1   -2    -20.291    148.524      1.647 4
  65   -2    -20.522    128.353     19.275 4
  -1   31    -24.590     -6.566     17.871 4
  26   -2    -93.677    171.018     40.993 4
  -1   -2   -172.571    202.100    -40.180 4
  -1   -2   -143.864    181.963     12.492 4
  -1   -2    -20.107     99.052     89.755 4
  -1   -2    -21.424     37.991     10.848 4
  -1   -2   -173.781    125.975   -101.908 4
  -1   -2    -89.905    150.662     59.054 4
  -1   -2      9.255     35.561     59.618 4
  -1  172     -4.906     63.105    108.812 4
  -1   -2   -299.558     -2.522     66.925 4
  -1  151    -74.244     20.023    -39.363 4
  -1   -2     -4.280    114.282     24.536 4
  -1   -2    -61.789      7.026    -32.517 4
  -1   -2   -324.417     55.264    -68.352 4
  38   -2   -242.793     -3.980     81.021 4
  -1   -2     21.939     53.934     52.044 4
  -1   -2    -34.412    152.617     81.189 4
  -1  123     -3.752     48.740     41.085 4
  -1   -2   -102.134    159.015    -53.678 4
  -1   -2    -43.496    -10.711    -33.986 4
  43   17    -15.920     17.140     78.311 4
  -1   -2     10.834     43.446     80.499 4
  -1   -2   -203.606     19.951     29.469 4
  -1   -2     -1.646    117.168    -56.788 4
  -1   -2     12.021     23.784     12.691 4
  -1   -2   -128.106    195.628     69.690 4
  -1   -2    -65.590    137.370     79.148 4
  -1   -2     -6.143     50.279     94.249 4
  -1   -2   -136.658    117.376    105.519 4
  -1   -2   -141.238    201.381     10.916 4
  -1   -2   -189.961    214.223     49.856 4
  -1   -2   -298.146    203.253    -60.510 4
  -1   -2   -207.464    207.054     22.867 4
  -1   -2    -36.992    -10.513     -4.231 4
  -1   -2    -70.755      2.491    -42.213 4
  -1   -2     37.025     64.139    117.289 4
  -1   -2    -74.749    214.124    107.070 4
  -1   -2   -160.448     95.809     11.365 4
  -1   -2    -86.176     30.579     13.888 4
  -1   -2   -205.719    176.158    -20.754 4
  -1   -2   -206.874    179.935    -52.065 4
 165  176   -240.091    163.742     92.661 4
  -1  122   -294.098     75.421    119.643 4
  -1   -2    -38.890    107.113    117.574 4
  -1   -2     14.526    161.274     52.266 4
  -1   -2   -115.826     17.267    -23.256 4
  -1   -2   -227.330     -6.090     84.011 4
  -1   -2    -56.712    137.250    100.716 4
  -1   -2     14.799     88.416     60.501 4
  -1   -2   -245.504    215.905     81.023 4
  -1   -2   -201.738    148.530    -41.242 4
  -1   -2   -184.074    123.750     92.866 4
  -1   -2    -66.219    156.569     62.874 4
  -1   -2    -79.888     -8.775     45.023 4
  -1   -2   -168.079     -6.685     76.361 4
  -1   -2   -273.979    204.235     -1.680 4
  -1   -2    -97.607    114.801    -26.152 4
  -1   -2   -205.457     -2.478    104.257 4
  -1   -2   -334.984     69.948    113.520 4
  -1   -2   -103.085     37.706    -90.251 4
  -1   -2   -137.846     45.569    105.146 4
  -1   -2    -90.937     80.305     57.268 4
  -1   -2   -304.055     96.019     -2.102 4
  -1   -2   -195.006    123.784     63.308 4
  -1   -2   -328.619     63.391    -13.236 4
  -1   -2    -95.099    153.002     87.919 2
  -1   -2   -161.678    163.425     69.604 2
  -1   -2     -4.327    186.957      5.286 2
  48   -2   -118.573    166.438     76.853 2
 205   -2    -84.912    196.376     57.646 2
 206   -2     14.526    161.274     52.266 2
  57   -2     -4.782    187.106      6.931 2
