128
  49    0   -255.150     47.751     83.978 4
   0   -2   -113.075     67.312     65.025 4
   1   43    -72.685     20.350     97.292 4
   3    5   -218.114     29.325     67.102 4
   6    3    -37.166     26.740     58.212 4
  -1   -2   -107.717     13.044     80.310 4
   8    6   -195.617     57.881     76.779 4
  15    8   -234.950     55.754    -85.324 4
   7    7   -167.702     60.025     84.280 4
   5    2   -224.769    139.358     27.041 4
  29    4   -127.557     93.752     -8.859 4
  10    9   -321.359    180.291    -51.152 4
  -1   12    -65.299     25.448     89.232 4
  19   -2    -85.711      5.508     84.294 4
  20   14   -135.586     56.085     98.543 4
  14   10   -123.433     49.374     87.031 4
  12   11    -37.582     46.732     48.317 4
  11   13   -238.676    148.997     62.027 4
  -1   48   -203.771    116.019    -39.003 4
  18   16   -223.839     67.249    -57.118 4
  21   15   -177.179     82.339     58.469 4
  24   51   -121.797     14.134     96.468 4
  26   21    -52.421     33.151     70.610 4
  40   30   -276.297    101.786     68.215 4
  28   19   -217.826     66.775     72.894 4
  75   62    -95.938     11.952     71.495 4
  -1   -2    -64.226     40.464     69.402 4
  33   -2   -131.282     63.038     71.990 4
  27   18   -144.887     73.424     89.239 4
  31   25   -167.506     76.120     83.993 4
  56   23   -127.872     77.235     89.612 4
  32   60    -84.125     12.899     84.674 4
  35   32   -132.546     16.319     85.256 4
  36   39     -9.223     48.913     96.175 4
  -1   -2   -199.003    118.414    -43.991 4
  39   31    -77.162     70.490     54.727 4
  37   29    -27.333    116.900      5.198 4
  -1   -2   -256.602    121.051     26.389 4
  41   -2    -97.003     89.008    -69.036 4
  76   33   -259.175    142.373    104.482 4
  43   -2   -222.652      7.250     88.499 4
  46   38    -51.204    158.803    -18.398 4
  -1   -2   -124.017     65.486    104.150 4
  44   36   -231.033    167.390    -54.747 4
  -1   -2   -242.936    174.673     35.524 4
  50   45   -189.906     49.308     68.033 4
  -1   41   -114.214     42.012    105.953 4
  60    1   -284.997    198.693     38.808 4
  -1   -2   -188.307     66.324     76.948 4
  -1   -2   -264.332    169.024    -41.615 4
  -1   -2    -66.852      1.820     96.029 4
  13   -2    -49.236    -10.693      1.047 4
  -1   -2   -218.251    204.400    -93.663 4
  -1   -2   -327.346     45.430    -48.941 4
  97   28   -145.056    149.181    106.619 4
  65   -2   -122.073      1.167    -91.046 4
  34   50   -162.146    107.428    107.865 4
  -1   -2   -137.164     93.641    -71.993 4
  -1   -2   -344.072    204.643    -78.873 4
  -1   -2   -204.468     38.245     41.292 4
  16   55   -305.944    189.066    -60.527 4
  69   57    -53.327     33.606     18.439 4
  -1   -2   -306.079     -3.156     60.534 4
  -1   -2   -272.267    168.271     19.472 4
  -1   -2   -275.201    147.229     95.332 4
  -1   -2   -175.401     22.062     90.487 4
 110   63   -300.164      1.015     47.318 4
  45  102    -74.903     10.661     92.485 4
  -1   49   -235.115    123.294    -71.924 4
  -1   -2   -327.620      0.878    -24.547 4
  -1   70   -214.188    206.790    111.945 4
  -1   -2   -246.631     47.773    -94.844 4
  -1   -2   -290.461    125.204    -48.100 4
  -1   -2   -137.369     -0.013     65.952 4
  78   -2    -34.240     13.129   -100.485 4
 112   40   -117.665    113.355     66.835 4
  -1   -2   -329.308     -4.848    -54.677 4
  -1   -2   -241.958    150.467     72.068 4
  -1   -2      6.004    150.468     74.568 4
  -1   -2   -124.800     36.333     91.890 4
  -1   -2   -244.160     25.667     96.174 4
  -1   -2   -219.981    127.585   -108.223 4
  -1   -2   -185.000    143.202    111.324 4
  86   77    -20.234     23.288    116.040 4
  -1   88   -219.906    103.018     88.324 4
  -1   82   -305.092     62.287    -77.188 4
  -1   -2   -321.362     63.729    116.600 4
  84   -2   -220.346    156.575    114.441 4
  -1   -2   -270.197    167.356    -87.650 4
  -1  104   -243.300    184.964    -20.711 4
  -1   85      4.629     88.215     65.610 4
  -1   -2   -290.491    214.606     53.761 4
  -1   -2   -219.521    104.825    -78.681 4
  -1   -2   -271.690     31.421     29.741 4
  -1   -2   -317.269    200.479   -102.544 4
  -1   -2   -187.586      5.290     88.076 4
  -1   -2   -206.911    194.733     14.960 4
  -1   -2   -237.223     98.523    107.618 4
  -1   -2   -113.210     23.662     79.511 4
  -1   -2   -185.296    155.683    -68.598 4
  70   54   -195.580     93.777     42.155 4
  -1   -2   -189.371     18.448    -93.645 4
  -1   -2   -234.418    187.517     55.427 4
  -1   -2   -325.059    165.514    -85.127 4
  -1   -2   -159.349     85.120    -22.886 4
  -1   -2   -305.005     78.995     93.186 4
 106   -2   -271.931    183.983    -38.469 4
  -1   -2   -275.260    142.875     60.434 4
  -1   22   -100.138     85.427    -58.312 4
  -1   -2   -140.437     16.944    120.266 4
  -1   -2   -168.290     41.742      2.626 4
  -1   -2   -144.050    164.714    -14.285 4
  -1   -2   -162.959    201.186     15.101 4
  -1   -2   -174.268    110.671   -110.774 4
  -1   96   -307.873    213.410   -104.515 4
  -1   -2   -148.094    114.357    -63.689 4
  -1   -2   -337.459     48.411    -31.289 4
  -1   -2   -283.026    113.663     16.640 4
  -1   -2   -184.748     61.802     11.133 4
  -1   -2   -210.023     21.716      5.150 4
  -1   -2   -147.309      2.354     29.165 4
  -1   -2   -151.273    143.041     78.788 4
  -1   -2   -115.234     37.193    -66.051 4
  72   -2   -320.213      0.672    -13.446 4
  -1   -2   -253.847    175.979    -68.778 4
  -1   -2   -144.050    164.714    -14.285 2
 142   -2   -144.050    164.714    -14.285 2
 143  128    -27.869    117.545      4.759 2
