198
  64    1    -59.422    172.419     82.792 4
   2    4   -104.633    183.101     85.580 4
  -1   86    -11.311    109.300     13.749 4
  -1   -2   -100.854    112.347    -73.983 4
  -1   -2    -54.827    159.617     92.140 4
  -1   -2   -140.898    187.469    -95.791 4
 175   11   -130.723    160.006    -68.378 4
  -1   -2    -36.508    134.434    100.894 4
  -1    6   -121.798    177.798     82.622 4
   3   -2    -49.292    138.488     95.057 4
  -1   -2    -47.550    171.941     79.407 4
 103  116    -25.793    155.372     71.223 4
  22   18      0.684    171.630     35.289 4
  29   12    -66.001    175.080     88.163 4
   6    9    -78.865    180.919     84.984 4
  25   13     -3.804    136.179      7.456 4
   7  101    -23.378    143.144     99.072 4
  17    2      2.039    158.007     40.005 4
  -1   -2    -54.309     70.526    -49.212 4
  30   17    -32.059     86.047     82.291 4
  -1   20   -184.772    218.704     69.855 4
   0   -2    -52.780    191.229     44.108 4
  -1   48    -66.701    190.669     69.080 4
  -1   -2    -14.502    126.004    107.780 4
  -1   -2    -13.667     70.296     94.349 4
  -1   -2   -235.976     17.435     68.747 4
  -1   -2      3.766     45.932     12.141 4
  15   -2   -138.225    193.548    -58.439 4
  -1   30   -140.277    191.617     70.234 4
  26  214    -85.545    191.428     82.221 4
  62   -2      5.159     56.286     15.767 4
  -1   -2   -175.840      3.443     78.510 4
  -1   -2   -267.144      4.367    -13.121 4
  36   -2     10.269     84.409      0.134 4
 138   -2    -11.044     23.037    -62.013 4
  -1   -2      1.080     53.684     -2.592 4
  -1   -2    -69.694    216.590     -6.719 4
  33   -2    -16.695    154.330     66.935 4
  -1   -2   -230.069     -4.017     14.317 4
  -1   -2    -47.776     56.229    -92.531 4
  39   32    -67.696    148.211    102.076 4
  -1  107    -24.171     45.562     65.869 4
 200  210    -71.163    178.538     79.729 4
  -1   -2   -250.580     15.259     79.915 4
  -1   -2      5.673     77.604     65.543 4
 131   61    -57.296    139.219     97.592 4
  -1   -2   -242.483     20.273     16.342 4
  58   -2     18.317     69.390     -2.350 4
  -1   50   -100.351    192.832     78.624 4
  40   -2      4.535    206.429      8.480 4
  38   -2    -17.350     18.918    -89.665 4
  -1   -2    -62.005    140.533     97.897 4
 116   -2   -178.709     -0.295     81.134 4
  -1   -2   -193.333     12.178     90.506 4
  -1   -2      8.532     90.274    -37.095 4
  -1   -2    -76.803     86.603    -40.680 4
  -1   -2   -323.973     37.708    -28.960 4
  -1   -2     -9.152     51.278     56.272 4
  -1   -2    -49.398     57.146    -32.138 4
  -1   -2    -69.881    196.195     16.602 4
  -1   -2    -73.792    192.102     76.141 4
  -1   -2   -311.328     -3.162     58.936 4
 162   58      2.046     64.821     55.403 4
  -1   -2    -44.823     55.003    -46.933 4
  66   70   -165.184    180.989     86.787 4
  -1   -2   -185.511    203.521      0.013 4
 163   71    -67.834    104.020     -5.487 4
  -1   -2     23.066    123.308     54.012 4
  -1   -2     -8.595    145.318     -8.478 4
  -1   -2    -23.016     36.057    -54.714 4
  -1   19    -16.565    132.856    105.372 4
   4   78    -70.430     79.447    105.364 4
  -1   -2    -44.165     51.913    -59.395 4
  -1   -2    -52.207    159.908    -71.094 4
  -1   -2    -85.075     94.559    -46.379 4
  -1   -2   -126.021    143.923    103.720 4
  42   90    -24.339      0.378    -32.601 4
  79   -2    -36.646    167.034     82.358 4
  -1   -2      1.993    159.084     96.475 4
  92   39     10.421     85.038    -22.346 4
  -1   -2   -198.746    197.247      6.779 4
  -1   -2   -195.446      2.846     69.995 4
  23   -2    -17.356    158.195     58.003 4
 152   99     -0.249     22.935    -64.567 4
  -1   -2    -81.124     92.005      9.257 4
  -1   -2      8.474     64.126     10.167 4
  -1   -2    -22.398     40.494    -66.563 4
  -1  153   -234.133      6.412     49.590 4
 102   -2     24.766    108.935     14.718 4
  -1   -2   -103.513    113.180    -52.287 4
  -1   -2   -228.518    197.672     96.567 4
  -1   -2   -213.341     15.421     94.490 4
  -1   -2     26.281     91.921    -89.268 4
  -1   -2   -247.056     14.110    -40.134 4
  -1   -2   -210.241     39.086     29.859 4
  -1   -2   -292.769     10.395    -35.509 4
  80   -2     -1.276     72.744     26.159 4
  -1   -2    -26.213     81.444    -68.219 4
  -1   -2   -264.099      9.436    104.479 4
  -1  125   -165.044    218.363     51.472 4
  -1   -2    -33.222     39.707    -82.151 4
  -1   -2    -54.918     21.512    -44.027 4
  -1   93    -38.593     66.735    -60.316 4
  -1   -2   -174.940     12.317     51.663 4
  -1    3    -35.364    146.933     84.365 4
 125  102      3.352     86.239     43.438 4
  -1   -2   -231.314      6.072     21.355 4
  97  160   -200.916     21.840     96.022 4
  -1   49    -71.186    138.216     96.828 4
  72  124   -258.376     -0.352     39.290 4
  -1   -2   -166.010    201.125    -13.258 4
  -1   -2   -199.071     22.346     -4.738 4
 106  135    -44.556    205.068    -69.026 4
   9    8    -40.480    136.415     95.957 4
  -1   -2   -128.082    150.581     68.562 4
 146  109   -254.914     31.902     94.310 4
 154   15    -30.215    133.259    104.888 4
  -1  157    -59.044     55.606    -45.408 4
  -1   -2    -13.623      4.322    -85.463 4
  -1   -2      3.457     70.251    -12.394 4
  -1   -2     18.661     -3.167    -55.772 4
 118  151   -272.941     60.022     60.937 4
  -1   -2   -309.425     13.026    -23.628 4
  -1   72     -5.760    126.385     98.377 4
  -1  156     16.219     78.878     65.161 4
  -1   -2   -136.498    129.280    -86.296 4
  -1  165    -24.496     26.099    -13.842 4
  -1   -2   -174.486      6.713     69.776 4
  -1   62    -25.395    133.482    104.306 4
  -1   -2   -313.491     27.334     48.986 4
  -1   -2   -153.916     -5.129     41.756 4
  -1   -2   -290.650     35.303    -87.352 4
  -1   -2   -123.566    208.708      7.496 4
  -1   -2    -21.924    176.743     42.078 4
  -1   -2      0.882     41.456      2.054 4
  -1   -2     -7.784    188.028     35.857 4
  -1   -2   -279.762     86.663     88.255 4
  -1   -2     -5.558     -3.679    -18.639 4
  -1   -2   -289.341    101.699     60.479 4
  -1   34    -30.199     19.730    -21.239 4
  -1   -2    -96.382    117.260     -5.745 4
  -1   -2     23.254     73.688     39.853 4
  -1   -2     29.723    106.569     23.804 4
  -1   -2    -24.643     26.112    -34.669 4
  -1   56     -8.663     54.718      7.548 4
  -1   -2   -194.391      2.644    102.596 4
  -1   -2      1.333     56.132     50.678 4
  -1   -2   -218.561     44.659    -37.270 4
  -1  154    -24.307     18.185    -86.572 4
  -1   -2    -17.402     -0.536      8.157 4
  -1  114    -68.373     84.541    -74.760 4
  -1   -2   -289.599     -0.989     78.135 4
  -1   -2     21.355     75.208     63.727 4
 113   -2    -75.287     79.046    -34.002 4
  -1   -2   -104.422    143.692    -52.867 4
  -1   -2    -17.763     24.553    -74.725 4
  -1   -2   -221.721     22.097     41.672 4
  -1   -2    -72.866    100.019    -71.388 4
  -1   -2   -291.908     63.994     28.228 4
  -1   -2   -276.556     59.815    101.840 4
  -1   -2   -174.699      0.094     86.018 4
  -1   -2    -51.225     54.211    -80.559 4
  -1   -2    -13.006     55.617     72.469 4
  -1   -2   -127.714    164.844    -31.281 4
  -1   -2   -330.758     61.017    -38.293 4
  -1   -2     -1.466     34.940     -5.360 4
  -1   -2    -88.576    177.651     82.609 4
  71   77   -137.285    165.869     62.597 4
  -1   -2   -155.521    123.339     60.058 4
  -1  132   -189.577     -3.670     92.064 4
  -1   -2   -122.997    218.035    -95.333 4
  -1   -2   -285.941     42.317    106.360 4
  -1  119    -70.686    221.466     50.381 4
  -1   -2   -241.672      6.456     53.680 4
  -1   -2   -329.509     32.588    -91.643 4
  -1   -2   -132.891     -5.065     74.326 4
  -1   -2   -164.169    215.495     95.663 4
  -1   -2   -216.316     -5.161     89.432 4
  -1   -2   -100.368      6.850     58.687 4
  -1  191     18.968    183.995     47.270 4
  -1   -2   -272.614     66.799     42.415 4
  -1   -2     12.459    -12.808    -38.047 4
  -1   -2   -224.337     -1.881     79.540 4
 177  178   -212.458    191.506    102.502 4
  -1   -2    -76.018    166.425    103.730 4
  -1   -2    -93.287     -4.193     65.104 4
  -1   -2   -352.264     35.440    128.290 4
  -1   -2   -175.408    200.218    -52.285 4
  -1   -2    -40.720    103.233    -66.663 4
  -1   -2     14.662    102.168     67.006 4
  67   -2    -53.016    164.517     76.973 4
  -1   -2      8.238      3.332   -106.553 4
  -1   -2    -58.624    164.995   -111.219 4
  -1   -2    -67.610     25.057    122.311 4
 199   -2   -139.742    191.770     67.947 2
  -1  212      4.522    206.716      7.939 2
  -1   -2    -71.228    179.231     77.944 2
 202   -2    -71.228    179.231     77.944 2
