12
  -1   -2     30.854    210.469    -30.814 4
   0    0    -10.244    214.948     10.422 4
  -1   -2     20.650    208.886    -50.228 4
  -1   -2     33.878    179.370    -16.821 4
   1    2     30.635    207.759    -48.211 4
  -1   -2    -40.452    208.558      9.099 4
  -1   -2     34.471    161.512    -61.568 4
   5    6   -194.809     41.031     93.852 4
   7    7   -194.897     12.805     94.464 4
  -1   -2     31.006    186.294    -23.924 4
  -1   -2    -34.417    214.604    102.097 4
  -1   -2    -10.599     12.965    -45.984 4
