162
   5    0    -97.130    108.019     63.842 4
   2    3   -194.383     70.854     65.745 4
   6    6    -55.926     46.244    100.428 4
  55    2    -58.364     62.609     86.753 4
   0    7   -157.209     11.786    -59.833 4
  -1    1   -138.952     92.554     84.257 4
 120   -2   -176.059     98.979     75.358 4
  -1   -2   -167.862    102.498     78.228 4
  11   -2    -91.619     53.658     84.473 4
  -1   -2   -179.756    157.218    -43.164 4
  15   97    -40.738      8.991     27.769 4
   7   17    -72.617     46.590     86.888 4
   8   10    -26.601     67.921     56.655 4
  13   13    -36.901     35.642      6.467 4
   9   11   -150.834     99.511     84.757 4
   4   -2   -110.058    133.880    -11.837 4
  -1   -2   -115.323     -0.737      5.596 4
  27   20    -27.384     86.284     45.020 4
  -1   51   -243.594    203.107    -80.180 4
  16   12   -107.891     89.904     88.679 4
  17   25   -214.954    185.307     60.355 4
  20   18   -120.605     96.025     95.453 4
  -1   -2   -211.655     94.782    -97.748 4
  26   26   -157.703    121.246     55.623 4
  22   28   -107.210     55.965     97.750 4
  33   76   -128.872    111.312     87.593 4
  18   -2   -203.370    177.164     19.578 4
  32   -2    -78.432     53.654     78.975 4
  36   27    -40.873     71.176     65.244 4
  35   29   -251.712    139.464     68.871 4
  34   31    -51.869     77.301     64.509 4
  -1   -2   -112.372     54.967     89.639 4
  41   35   -149.424    113.143     82.274 4
  -1   -2   -290.950     11.935     93.752 4
  38   34   -197.001    106.261     72.120 4
 113   53    -31.268      7.468     92.471 4
  -1   33    -69.232     51.281     89.060 4
  44   77    -40.800     71.242     13.854 4
  -1   -2     -5.476      0.729     75.311 4
 107   38     -5.191     84.556     96.141 4
  43   40    -19.052    145.928      5.762 4
  49   39    -62.828    103.489     50.442 4
  -1   -2   -160.775      7.399    -52.052 4
  42   80   -199.168     31.410    -77.694 4
  -1   37   -104.773     40.109   -104.284 4
  51   42    -81.851    123.522    -70.811 4
  -1   47    -46.806    211.038    -27.419 4
  -1   -2   -209.526     97.429     72.697 4
  10   -2    -39.088     31.074    100.302 4
  57   50    -98.167     82.776     98.326 4
  -1   -2   -230.223     89.290     87.581 4
  -1   -2   -171.045     91.328     70.456 4
  -1   -2   -236.054    156.656     23.611 4
  -1   19   -293.623    215.832    -50.675 4
  -1   -2   -121.298    104.005     43.983 4
  -1   -2   -124.893      6.834     20.150 4
  -1   -2   -258.767    206.718     60.356 4
  -1   -2   -221.449    210.715     44.925 4
  59   56   -188.368    143.015     64.901 4
  -1   -2   -163.094    152.721    108.005 4
  -1   -2   -310.029    196.140    -32.104 4
  -1   -2   -323.037     -2.259    -84.791 4
  -1   -2    -36.847     90.656     23.214 4
  68   66   -219.621     82.679   -106.145 4
  -1   -2    -19.539     18.239     70.922 4
  70   61   -288.574    103.925     97.571 4
  28   22   -199.722    107.270    -61.943 4
  76   70   -144.249    145.623     97.427 4
  -1   -2   -314.667     -0.193     -9.434 4
  -1   -2   -167.873     39.861    -76.227 4
  87   32   -113.357     99.155     74.731 4
  -1   -2   -112.647     39.116     97.455 4
  -1   -2   -104.506    134.301     35.520 4
  -1   60   -113.224    113.855     84.708 4
  74   30   -242.340    204.072    -31.085 4
  -1   -2   -168.901    109.147     73.422 4
  -1   64   -173.946    134.990     49.487 4
  -1   73   -198.968    131.776     49.248 4
  -1   -2   -290.071    148.798    -81.337 4
  -1   -2   -138.454     25.217    -92.116 4
  -1   -2   -316.982    159.750    -42.366 4
  67   69   -267.195     15.727     49.506 4
  -1   -2    -15.452      5.029     67.377 4
  -1   -2    -94.884    102.032     72.708 4
  -1   -2   -246.050    180.173     66.728 4
  48   -2    -21.362     -0.128     59.273 4
  -1   -2     -4.667     22.373    -28.362 4
  -1   -2   -222.888    208.852     85.317 4
  93   -2   -112.193      3.341     48.754 4
  -1  113   -284.914    113.018     90.174 4
  -1   -2   -145.342     19.000    -45.842 4
  37  102   -135.745     -8.023    -49.562 4
  -1   -2     10.590      5.217     51.306 4
  -1   -2    -99.463     65.311     69.601 4
  -1   -2   -311.304      4.735     57.617 4
  24   -2    -11.757      3.180    101.045 4
   3   -2    -84.372     78.038     89.929 4
  -1   -2    -13.679     77.487     20.860 4
  -1   -2   -145.290     -6.962    -87.781 4
  -1   -2   -246.260    173.866     73.989 4
  -1   -2   -225.594    187.442     74.301 4
  -1   -2   -133.242    -13.095    -61.509 4
  -1   -2   -226.298    116.935    -74.348 4
  -1   -2   -301.116     25.777    -70.464 4
  -1   -2   -180.602    144.076    110.689 4
  -1   82     -5.199     -1.543     62.493 4
  -1   -2   -152.186     41.929    -52.486 4
  -1   -2   -293.010     53.784     93.904 4
  -1   -2   -241.668    157.722     33.904 4
  -1   -2    -23.344     90.825      4.914 4
  -1   -2      5.915     -2.734     46.838 4
  -1   -2    -17.127     34.006     12.485 4
  -1   -2   -197.583    191.989    121.128 4
  -1   -2   -218.779     69.766     93.264 4
  -1   -2   -183.715    163.853     -2.829 4
 126  100    -14.066     65.893    112.725 4
  -1   -2   -317.474    178.143    -27.622 4
  -1   -2   -192.899     70.797    -38.138 4
  -1   -2   -354.120     40.307    126.711 4
  -1   -2   -230.220     80.591     -0.343 4
 118   -2    -51.589     66.366     94.351 4
  -1   -2   -273.242    109.589    -68.372 4
  -1   -2    -91.825     25.891     66.625 4
  -1   -2    -54.949    -15.047    -74.018 4
  -1   -2    -84.090     65.614     59.692 4
  -1   -2   -166.735     64.006    128.982 4
  -1   -2   -121.971     41.856     83.375 4
  -1  127   -239.084    215.414    -13.100 4
  -1   -2   -215.942    136.066    116.511 4
 124  111   -127.116    184.009    109.590 4
  -1   -2   -291.317     44.031     85.159 4
  -1   -2   -321.394    181.580    102.431 4
  -1    8   -174.949     79.335     96.917 4
  -1   -2   -110.708     26.929    -21.485 4
  -1   -2   -292.614     84.348    -98.362 4
  -1   -2   -325.429     88.333      8.486 4
 142   -2     30.447     44.901    111.820 4
  -1   -2   -220.474     68.794     25.104 4
  -1   -2    -78.823    182.310     12.028 4
  -1   -2   -259.614      8.483    104.490 4
  -1   -2   -194.864     12.819     94.337 4
  -1   -2    -92.404     -2.895    105.855 4
  -1   -2   -289.410     38.431   -102.111 4
  -1   -2   -156.615    197.416    -59.464 4
  -1   -2      5.873    186.783     -2.624 4
 146  142   -130.043    197.324    -12.586 4
  -1   -2   -164.340    164.117   -112.039 4
  -1   -2   -258.644    171.995    -73.615 4
 165   -2   -229.958    191.679    106.093 4
  -1   -2    -96.770      0.356     83.342 4
  -1   -2   -357.712    216.666     76.605 4
  -1   -2    -77.565     12.054    -67.899 4
  -1   -2   -249.617     91.327     12.872 4
  -1   -2    -38.702      4.976     51.901 4
 155   -2   -297.940    114.627    102.546 4
  -1   -2      9.658    -13.246      5.683 4
  -1   -2    -86.539    143.676      7.912 4
  -1   -2   -356.684     13.965     65.235 4
  -1   -2   -307.825    -26.637    -90.297 4
  -1   -2    -62.555    -11.414     32.420 4
  -1   -2    -19.409    146.474      5.241 2
 166  143    -19.409    146.474      5.241 2
