215
  -1   -2    -96.646    168.777     84.349 4
   0   11    -63.606    162.302     88.154 4
  17    2     -1.941    148.897     46.592 4
 104   56    -31.162    144.813     68.042 4
   1   14   -111.195    174.294     89.493 4
  -1   -2    -86.016    187.305     34.433 4
   8   -2   -127.707    169.442     77.205 4
  -1  204   -126.022    190.775     65.863 4
 113   36    -54.633    129.971     96.816 4
  14    7    -83.461    172.127     85.489 4
  -1   -2    -67.122     48.124    -57.089 4
   6    5   -137.985    150.185    -64.949 4
  13   -2    -71.292    165.358     86.234 4
  15   -2     -8.481    124.848      8.685 4
  -1   -2    -74.964    210.054      1.842 4
 116    8    -40.514    124.488     97.919 4
  -1   -2    -80.260    189.911     37.501 4
  19   -2    -35.687     76.216     84.085 4
  12   25     -3.467    162.034     38.632 4
  70  164    -21.302    122.112    107.692 4
  20   19   -192.983    211.267     69.259 4
  -1   -2   -201.102     13.429     87.155 4
  -1   -2   -110.728    195.090     44.903 4
  -1   -2    -78.275    198.844    -78.935 4
  -1   -2      2.162     45.265     31.083 4
  -1   -2    -59.765    180.384     46.820 4
  -1   -2     10.214     57.894      2.763 4
  -1   24   -143.648    185.213    -62.741 4
  -1  101   -266.888     28.418     58.995 4
  -1   -2    -16.646    116.574     97.467 4
  28   28   -147.374    182.580     70.583 4
  -1   -2     -7.329     83.374      2.424 4
  40   -2    -72.729    138.299    101.906 4
  -1   -2      9.153     54.784     12.117 4
 139   39    -18.536     11.072    -41.173 4
  -1   -2     -4.787     62.476     61.626 4
  -1   -2    -81.148    183.453     49.952 4
  -1   -2     -4.516     32.443     29.656 4
  -1   -2    -23.235     29.653    -72.873 4
  79   -2      5.191     72.874     -1.282 4
  -1   -2   -205.243      3.533     43.803 4
  -1   -2    -21.239    143.886     54.016 4
  -1   -2    -48.563     44.731    -88.455 4
  -1   57      1.485    200.302      7.994 4
  -1   -2    -35.007    124.448    100.999 4
  -1   -2   -199.600     11.916     41.637 4
  -1   -2    -11.583      5.911    -76.838 4
  -1   34    -12.159    145.471     51.000 4
  22   26    -72.855    184.058     60.509 4
 108    4    -64.148    130.173     94.949 4
  48   48   -106.621    184.369     78.805 4
  -1   -2    -55.777     40.430    -65.600 4
  -1   -2   -301.333     14.395    -22.860 4
  -1   -2   -276.128     31.722      3.272 4
  -1   -2   -246.841      2.368     76.169 4
  -1  160      1.196     43.586     45.121 4
 144   47     -9.240     44.672     23.102 4
  -1   -2    -15.460     -2.119    -88.313 4
  62   42      9.792     58.738     50.737 4
  -1   -2     15.762     64.532     49.084 4
  -1   64   -306.366     -3.089     64.998 4
  45   -2    -35.089    136.188     99.005 4
 128   -2    -30.138    125.114    102.239 4
  -1   -2     -0.638     49.761     71.757 4
  -1   -2    -26.408    169.697     68.292 4
  -1   38   -208.052      7.547     75.512 4
  -1   -2   -243.415      2.022    -76.757 4
  -1   -2    -24.316     -0.373    -73.994 4
  -1   -2    -10.799     67.930     83.001 4
  -1   -2     -0.771     46.565     91.467 4
  64   70   -173.395    171.141     86.163 4
  66   71    -73.846     92.054     -3.165 4
 123   -2    -16.281    122.054    103.671 4
  -1   76   -108.461    103.064    -65.457 4
  -1   -2    -61.258     59.866    -42.120 4
  -1   -2    -13.518     95.836     15.174 4
  -1   -2   -292.620     24.609    106.274 4
 167   75   -144.341    156.021     68.453 4
  71   80    -76.734     68.407    104.649 4
  -1   -2    -43.503    164.958     88.946 4
  -1   -2   -248.550     27.763    108.002 4
  -1   -2   -260.752     38.854     27.290 4
  -1   10    -29.812    135.373    104.391 4
  -1   -2     11.343    144.422    -44.767 4
  -1   -2    -74.286     -3.388    -13.851 4
  -1   -2    -29.850     -8.112    -56.079 4
   2   72    -19.271     97.188     11.350 4
  -1   -2   -184.222    194.872    -44.604 4
  -1   68    -35.744     32.193     64.833 4
  -1   -2    -32.789     28.209   -108.902 4
  76   -2    -28.533    -12.715    -40.215 4
  -1   -2   -195.250    218.966     60.470 4
  -1   -2   -156.756    176.720    -79.998 4
 102   58    -51.862     54.896    -52.782 4
  -1   -2    -75.192    208.838    -35.993 4
  -1   -2   -278.182     10.479     -6.814 4
  -1   -2   -124.937    219.122     16.910 4
  -1   86   -101.502    220.038     74.457 4
  -1   -2   -128.059    215.369     83.158 4
  83   -2     -1.960     10.140    -67.221 4
  -1   -2     -7.834     63.004     24.101 4
  16   -2    -24.912    131.882    103.798 4
 105   -2     -4.034     73.504     47.289 4
  -1   -2   -281.044     52.840    -84.487 4
  -1   -2   -108.896    -13.151    -76.650 4
  -1   -2   -286.010     43.215    105.902 4
  -1   -2      0.314     78.609      0.341 4
  41   61    -10.204     38.712     49.274 4
  -1   -2   -222.546     30.352    -43.520 4
 115   -2   -269.505     21.283     70.370 4
  -1   -2    -47.528    137.480     49.402 4
  -1   -2    -13.491    157.198    -17.854 4
  -1   -2    -76.178    164.419    -86.114 4
  -1   -2    -19.878    176.960    -74.905 4
 150   46    -76.387     72.830    -68.792 4
  -1   -2    -34.936    126.331     75.128 4
  11   -2    -21.428    149.918     63.579 4
  -1   -2   -228.945     33.213     94.173 4
  -1   -2   -155.572    206.835     84.723 4
 172  205    -75.766    213.422     53.490 4
  -1   -2      5.391    -12.647    -65.873 4
  -1   -2   -224.639     49.867     95.022 4
  -1   -2   -107.594     97.158    -60.487 4
  -1   -2   -199.660     23.852     34.464 4
 109   -2   -274.179     -1.893     37.981 4
  99   60   -173.393    200.719     63.911 4
  -1   -2      2.043     64.437     34.755 4
  -1   -2   -296.135     19.561     98.009 4
  -1   -2   -169.441    214.160     84.886 4
  -1   -2   -231.759     51.498    105.680 4
  -1   -2   -293.709     31.516    -24.712 4
  -1   -2     -9.212    119.268     97.882 4
 169  131   -204.664     -0.605     93.547 4
  -1   -2   -294.976     33.080     89.183 4
  -1   -2   -105.042    193.239    -34.937 4
 112   -2    -49.407    196.310    -68.829 4
  -1   -2   -306.351     73.531     54.631 4
  -1   -2    -11.861    112.031    104.694 4
  -1   -2    -20.469     23.962    -58.640 4
  -1   -2     18.748     58.569     72.303 4
  -1   -2    -42.871     43.430     72.690 4
  -1   -2    -34.969     -7.423   -113.063 4
  -1    3   -148.811    148.698     74.692 4
  -1   -2   -193.525     -6.260     -9.175 4
  -1   -2     18.935     14.013    -85.060 4
  -1   -2    -64.992    113.937   -110.459 4
  -1   -2   -153.660    173.052    -78.909 4
  -1   -2   -308.133     -2.572     17.994 4
  -1   -2    -71.382      0.999     55.658 4
  -1   -2   -167.705      3.644    -39.970 4
  -1   -2   -340.047      4.826    -72.032 4
 121   -2   -296.112     37.151     52.949 4
  -1   -2   -251.420     -1.165     31.996 4
  87   49   -232.119      4.553     34.921 4
 148   33    -38.144     24.555    -83.614 4
  -1   -2    -77.685     67.262     59.299 4
 124   73     19.377     91.353     64.942 4
 117   -2    -60.854     47.904    -42.037 4
  -1   -2   -230.666     20.498     89.575 4
  -1   -2      2.729     44.335     94.179 4
 107  116   -198.438     16.139     85.344 4
  -1   -2   -151.297    119.440    -63.013 4
  -1   -2   -238.004     50.412      9.511 4
  -1   -2   -324.122      1.539    -95.908 4
  -1   -2    -18.499      6.143    -80.879 4
 126  109    -22.023     11.860    -20.965 4
  -1   -2    -64.675     65.290    -62.878 4
  -1   -2    -18.674     -7.159    -57.897 4
  -1  188     21.395    125.269      3.530 4
  -1   -2    -95.950    174.320    -39.382 4
  -1   -2   -281.729     74.323     75.177 4
  -1   -2   -281.212      3.158    -76.768 4
  -1   -2    -84.945     83.203      7.514 4
  -1   -2    -85.522    166.197     61.921 4
  -1   -2    -20.973     49.549     85.274 4
  -1   -2   -166.206    113.304     73.514 4
  -1   -2   -128.587    135.124    123.408 4
  -1   -2   -106.868     44.940      7.335 4
 183  165   -220.336    181.983    101.719 4
  -1   -2    -15.678    182.666    -62.944 4
  -1   -2      9.276      4.023    -21.509 4
  -1   -2   -233.839    188.377     94.460 4
  -1   -2    -91.382     92.537    -47.461 4
  -1   -2    -63.373    156.873    -56.678 4
  -1  145    -64.813    212.094     75.868 4
  -1  173   -228.360    197.535     53.927 4
  -1   -2   -303.659     47.514    -12.781 4
  -1   -2    -42.286     40.676    102.667 4
  -1   -2   -139.058     -9.787     54.085 4
  -1   -2   -108.694    134.452    -33.081 4
  -1   -2   -337.542     -3.887    -49.428 4
 179  206     17.343    176.718     48.527 4
  -1   -2    -78.449    103.314    -17.590 4
  -1   -2   -316.417    119.248     18.480 4
  -1   -2    -75.425    124.760      5.959 4
  -1   -2   -156.998      4.229     65.566 4
  -1   -2     12.164    -15.184    -34.905 4
  -1   -2   -157.324     -7.122    -38.902 4
  -1   -2   -306.175     67.225     75.335 4
  -1   -2    -57.074     76.365    124.567 4
  -1   -2   -320.039     80.732    -17.715 4
  -1   -2    -92.736    112.098   -111.160 4
  -1   -2   -345.747     37.687     63.311 4
  -1   -2   -307.566    151.868     16.957 4
  -1   -2   -168.735     43.806      3.991 4
  -1   -2   -286.593    101.648     17.901 4
  -1   -2   -328.718     21.734    -45.372 4
  -1   -2    -86.327     67.734    -11.409 4
  -1   -2    -77.317     -0.203    129.148 4
  -1   -2    -80.009     98.124     46.395 4
  42    0    -69.802    165.684     82.534 2
  -1   -2      1.784    200.522      6.107 2
 195   -2      1.375    200.639      7.512 2
  -1  203   -146.000    182.704     64.733 2
  29   -2    -90.878    183.107     80.910 2
