207
 210   -2    -69.324    151.946     89.340 4
  -1    1    -35.347    134.827     70.759 4
   2   14     -4.803    137.911     47.313 4
 142   -2   -133.574    160.133     78.818 4
  49   -2    -60.128    120.764     95.617 4
  11   -2   -144.399    140.739    -61.253 4
  -1   -2    -91.961    176.570     35.444 4
   9   11    -89.600    162.805     87.349 4
  15   10    -44.912    114.405     92.053 4
  -1   22    -79.853    200.428     -7.714 4
  82    4    -31.205    121.067    101.796 4
   1   15    -77.038    156.582     88.802 4
  -1   -2    -18.191    109.692    108.206 4
  -1   -2    -96.507     70.940    -47.939 4
   4    3   -116.699    164.703     86.042 4
  -1   78   -204.256    183.896     -7.473 4
  -1   -2   -161.576    165.712   -100.833 4
  -1   -2      4.859     43.659     33.813 4
  -1   -2    -54.308     43.776    -66.851 4
  20   25   -201.773    201.790     68.316 4
  -1   -2   -213.300      3.795     79.518 4
  -1   -2    -62.010    140.418     90.852 4
  -1   -2   -227.964     23.597     87.758 4
  -1   -2     -7.167     64.981     11.716 4
  27   83   -151.915    174.795    -65.234 4
  18   16     -7.055    153.122     39.532 4
  48  149    -85.817    175.161     49.922 4
  -1   -2    -13.246    159.379     29.411 4
  30   29   -154.592    173.062     70.824 4
  -1   -2   -288.809     44.115     96.318 4
  -1   -2    -29.072    134.262     71.014 4
  -1   -2     -5.825     30.666     61.670 4
  -1   -2    -14.416     47.583    101.983 4
 154   -2    -52.391     31.758    -76.002 4
  47   38    -16.975    136.050     53.886 4
  -1   -2   -226.739     20.846     59.759 4
   8   -2    -71.449    120.676     96.174 4
  -1   -2    -11.605    116.178     18.331 4
  65  163   -227.457      4.709     77.342 4
  34   -2     -3.247      3.209    -64.960 4
  -1   -2   -151.546    139.918    -71.384 4
  -1   -2    -46.532    124.713    101.588 4
  58   -2     14.308     47.991     45.328 4
  -1  169     -2.784     16.625     77.056 4
  -1   -2      2.441     66.740    -38.575 4
  -1   -2   -334.773     23.932    -31.789 4
 114   -2    -81.327     60.181    -64.710 4
  56   -2     -2.080     36.462     40.314 4
  50  217   -112.855    175.381     78.624 4
 153   -2   -236.803      5.662     18.141 4
  -1   -2    -24.349     20.339     22.257 4
  -1   23    -12.100    163.646     31.090 4
  -1   -2   -227.231     20.799     31.061 4
  -1   56    -55.686     24.339    -62.235 4
  -1   -2     10.950     42.052     38.519 4
  -1   -2     13.603     43.203    -19.098 4
   3   -2    -27.556    142.036     57.625 4
  43  220     -1.646    193.708      7.713 4
  93   -2    -64.076     39.840    -41.986 4
  -1   -2    -82.077    160.757     75.603 4
 125   58   -178.637    181.990     71.494 4
 107   71     -4.095     31.187     34.653 4
  -1   21    -24.765     31.454     67.776 4
  -1   -2    -85.711     58.942    -19.106 4
  60  111   -288.208     -2.319     64.803 4
  -1  147    -14.181    136.002     26.415 4
  -1   44    -28.398      8.371     39.966 4
  -1   -2   -271.585     11.430    -88.294 4
  88   48    -26.297     27.017     66.668 4
  -1   73   -102.431    158.642     76.242 4
  70   72   -181.306    160.274     83.929 4
  71   74    -78.898     80.402     -3.639 4
  86    5    -20.846     86.694     10.480 4
 156   -2     19.198     99.840     62.988 4
  -1   -2   -294.881     37.283     30.252 4
  77    6   -151.721    144.874     72.091 4
  73   66   -112.835     90.496    -67.797 4
  -1   -2   -249.537     43.062     97.748 4
  -1   -2   -250.366     14.988    102.834 4
  -1   -2   -127.596    213.095     50.556 4
  78   76    -82.486     57.209    104.193 4
  -1   -2    -72.238     35.229    -62.926 4
  -1   -2     27.255     42.213    -39.505 4
  -1   -2    -34.069     14.086     37.749 4
  -1   -2   -121.950    130.742    103.500 4
  -1   -2   -303.980     23.210     13.431 4
  97   89   -108.511    210.779     81.994 4
  -1   -2    -72.952    123.130    -28.192 4
  -1   -2    -11.089     83.320      3.582 4
  -1   -2   -104.228    160.900    104.189 4
  -1   -2   -191.606    208.161      8.819 4
  -1   -2   -301.018     31.329     64.347 4
  -1   37    -10.076     40.407    107.805 4
  -1   -2    -33.917     64.591    110.415 4
  -1   -2     -2.445     87.055    106.030 4
  -1   -2   -156.695    198.134    -66.730 4
  -1   -2    -60.649     44.959    -64.389 4
  -1   -2    -34.881     -1.605    -52.831 4
  -1   -2   -118.043    185.422     42.505 4
  -1   43      0.725     64.441      7.586 4
  -1   92   -284.459     17.047     37.519 4
  28  107   -272.569     36.381     80.469 4
  -1   -2   -290.374      8.571     91.951 4
  -1   -2    -10.768     47.427     -6.840 4
  -1   -2   -239.182     21.826     95.632 4
  -1   -2   -209.757      1.543    114.771 4
  -1   -2   -237.327      6.061     76.003 4
  -1   -2   -327.869     42.319    -35.881 4
  -1   -2     17.491     63.774     -8.443 4
 165   -2    -20.471      3.011    -29.037 4
  -1   -2    -45.264    150.967     80.491 4
  -1   -2   -293.558     49.476      9.470 4
  -1   -2      2.779    142.886     84.044 4
  -1   -2    -53.780    144.873    101.488 4
  -1   -2   -323.220     18.103     27.747 4
  -1   -2    -53.222    186.827    -59.498 4
 160   -2   -190.280      8.533     71.735 4
  -1   -2   -290.919     62.409     97.586 4
  -1   -2    -80.154    204.974     54.849 4
  -1   -2   -233.910      0.040     90.892 4
  -1   -2   -251.255     61.232     89.579 4
  -1   -2   -310.414     41.733    -16.410 4
  -1  103     14.869     64.603     68.662 4
  -1   -2   -276.019     10.629     81.845 4
  -1   97   -181.075    151.287    -69.636 4
  -1   -2    -18.342     17.130     42.245 4
  -1   -2    -84.599      2.532      9.442 4
  -1   -2   -291.568     -4.241    -17.547 4
  -1   -2   -304.868     31.597     -0.230 4
  -1   -2      5.584     57.864     89.256 4
  -1    8   -139.853    215.965    -26.683 4
 132   -2   -217.646     -0.301     98.854 4
  -1   -2    -24.605     -2.860    -36.536 4
  -1   -2    -62.376     90.830    -67.906 4
  -1   -2    -32.671    160.148     44.808 4
  -1   42   -251.511     23.120     85.955 4
  -1   -2   -258.347     31.404     86.052 4
  -1   -2   -152.203    107.464    -85.382 4
  -1   -2    -93.523     72.643     16.986 4
  -1   -2    -76.641    101.803   -107.869 4
  -1   80   -259.455     63.163     98.363 4
  -1   -2    -85.966    143.899      4.780 4
  -1   -2    -32.422     15.507    -53.505 4
  -1   -2    -18.138      0.231    -61.566 4
  -1   -2      1.752     23.345     39.926 4
 184  130    -73.757    200.422     71.618 4
  -1   -2     23.544     87.206      3.381 4
  -1   -2   -253.756     -3.217    -38.021 4
  -1   -2    -11.731     34.659     26.649 4
  -1   -2   -150.924      6.816    -29.612 4
  -1   -2    -90.018     71.176    100.414 4
  -1   -2    -21.389     10.142     84.478 4
  -1   -2     -8.035     59.149     82.242 4
  -1   -2   -259.982     -3.981     83.735 4
  -1   -2    -43.001     16.472    -94.004 4
  -1   -2   -322.759     69.264    -97.989 4
  -1   -2    -70.285    158.447    -12.493 4
  -1   -2     -1.505     26.563     35.303 4
  -1   -2    -69.688     53.270    -68.288 4
  -1   -2   -173.177    203.878    103.657 4
  55   59     -1.856     38.296     62.625 4
  -1   -2      9.373     54.810     25.441 4
  -1   -2   -198.725     14.057    -80.316 4
  -1   -2   -192.185    192.854     39.799 4
  19  132    -24.975    110.819    108.752 4
 178  190   -230.700    172.831     95.208 4
  -1   -2    -27.192    100.863    -75.910 4
  -1   -2   -140.734    199.571     97.598 4
  -1   -2   -119.032    123.452    -47.647 4
  -1   -2    -75.759     -9.853     20.379 4
  -1   -2   -177.675    135.385     97.536 4
  -1   -2    -70.193    211.625     93.384 4
  -1   -2    -98.413      9.171    -59.333 4
 185   -2   -234.017    180.564     74.018 4
  -1   -2   -267.104     26.467    105.909 4
  -1   -2    -98.846      4.210   -103.376 4
  -1   -2   -103.348    208.279    -80.412 4
  -1   -2   -257.767    215.774    -27.657 4
  -1   -2    -22.180     -9.242    -74.711 4
  -1   -2   -299.612     26.195    -48.620 4
  -1   -2   -147.190     32.826    -53.871 4
  -1   -2   -147.323     15.055     78.145 4
  -1   -2   -131.572    216.548    105.143 4
  -1   -2    -29.681      1.363     76.416 4
  -1   -2     15.845    169.112     50.090 4
  -1   -2   -330.295      4.924     -3.579 4
  -1   -2    -92.555     35.763     82.361 4
  -1   -2   -192.166    183.892     21.985 4
 168   -2      4.894    133.527     24.836 4
  -1   -2   -344.971     56.513    123.326 4
  -1   -2    -79.205    112.333     54.133 4
  -1   -2   -324.919     -8.635    -88.509 4
  -1   35    -89.523    120.912     96.408 4
  -1   -2   -127.010     -4.378     17.784 4
  -1   -2     29.411     75.358     28.262 4
  -1   -2   -137.554    190.639      2.639 4
  -1   -2   -133.016    132.083    121.966 4
  -1   -2   -345.467    115.070     79.833 4
  -1   -2   -149.980     -5.356     62.873 4
  -1   17     -5.185     87.179     -0.506 4
  -1   -2   -331.278     90.109    -13.646 4
  -1   -2   -250.517    223.172     97.045 4
  -1   -2    -14.580    101.752    103.638 4
 213   -2   -154.547    173.501     69.911 2
   7   26   -111.856    175.680     75.128 2
 119  218    -80.527    205.100     56.311 2
 191  219     15.845    169.112     50.090 2
