75
  -1   -2    -22.107    164.936    -98.029 4
  -1   -2    -34.034    196.421    -76.951 4
  -1   26     -6.457    189.700    -25.984 4
  -1    2     33.519    135.782    -50.551 4
  -1   -2     18.779    158.481    -61.672 4
  -1   -2     17.762    214.387      7.681 4
  19   -2     28.505    130.168    -54.162 4
  -1   -2     25.615    194.954    -22.515 4
  33   21     15.561    152.828    -74.123 4
  -1   -2     12.320    134.314     22.934 4
  -1   -2     -6.216    164.938    -40.473 4
  39   18     24.411     74.845    -26.779 4
  -1   49     21.416    106.854    -66.992 4
  -1   70     -7.622    144.198    -47.928 4
  -1   -2     10.150     85.841     45.144 4
  -1   -2     19.294    152.841    -56.487 4
  -1   27     29.208    136.209    -86.795 4
  -1   -2    -21.565    163.529    -78.132 4
  -1   57     16.401    207.230      1.115 4
  -1   -2     -4.561    202.389    -97.268 4
  -1   -2     33.135     90.257    -32.437 4
  17   97    -56.005    209.904    -88.913 4
  -1   -2     12.356    183.948    -54.504 4
  -1   12     27.080     62.974    -55.720 4
  -1   -2     23.871    189.667    -49.014 4
  -1   -2    -76.423    140.376    102.085 4
  -1   -2     15.563    113.962    -53.354 4
  -1   -2     20.527    139.827     16.354 4
  42   56    -18.271    179.911    -54.293 4
  -1   -2     34.112    182.574      1.893 4
  -1   -2      9.418    192.854     49.259 4
  -1   -2     20.264     85.506    -68.876 4
   0   32     -7.987    157.725    -89.879 4
  -1   -2      7.060    212.788    -19.097 4
  -1   -2     -0.647     95.829    -12.939 4
  -1    7     28.658    137.450    -12.455 4
  -1   -2    -60.522    212.113     -0.759 4
  24   10    -19.275    190.054    -82.761 4
  15   40      7.261    166.287    -75.372 4
  -1   -2      6.963    119.740    -36.776 4
  -1   -2     14.685    170.450     56.303 4
  50   63     31.610     41.857    -16.496 4
   8   52     18.272    154.415     -3.404 4
  -1    5     34.565     55.475    -16.849 4
  -1   -2     28.568    183.785    -85.604 4
  -1   -2     -7.058    149.508    -56.393 4
   5   -2     12.142    162.725    -75.083 4
  27   -2     27.273    107.896    -27.104 4
  -1    0     25.286     86.874      0.478 4
  -1   -2     41.097    143.460    -26.945 4
  14   14     27.780    123.766    -52.213 4
  -1   -2     29.355     35.330    -19.693 4
  -1   -2     22.347    131.517     -8.979 4
  38   -2     22.310     72.605     -5.146 4
  -1   -2     14.252    105.026    -18.189 4
  -1   -2     24.317    197.878     10.293 4
  -1   -2     11.430    142.858    -27.396 4
  -1   -2      6.613     87.662    -26.022 4
  -1   -2    -47.673    199.822    -60.098 4
  -1   -2    -26.966    206.714    114.796 4
  -1   -2    -59.763    208.719    -96.277 4
  -1   -2   -100.543    217.688     91.781 4
  -1   -2    -19.899    217.278     86.711 4
  55   87   -194.819     41.056     93.864 4
  -1   -2     27.489    217.119     -4.129 4
  -1   -2    -96.735     26.549     80.733 4
  59   91   -194.924     12.829     94.409 4
  -1   -2     37.351     23.761     -7.079 4
  -1   -2    -27.508      0.433     77.118 4
  -1   -2      4.650    203.213     85.918 4
  -1   -2    -11.678    212.809      3.480 4
  -1   -2    -77.389    109.446     95.573 4
  -1   -2    -41.853    214.621     94.316 4
  -1   -2      9.225    179.955   -101.980 4
  -1   -2   -169.014    202.627    -16.289 4
