26
  -1   -2     14.426    193.528   -105.564
   1   27     26.384    157.808    -36.800
  -1   14     20.265    146.838    -14.814
  -1   -2     17.670    211.228   -108.807
  -1   -2     23.962    138.687     -9.773
  -1    5     22.727    165.680      3.515
  -1   -2     16.892    183.323    -85.614
  15    4     17.888    186.775    -71.346
  -1   -2     36.086    184.009    -53.154
   8    0     17.584    212.932     -7.841
  -1   -2     27.739    196.190   -103.145
  -1   -2      8.481    154.296    -71.589
  -1   -2     40.893    162.300    -62.619
  -1   -2     24.605    213.330   -105.697
  -1   -2     -6.124    210.021     -5.358
  -1   -2     28.836    181.130     -8.578
  -1   -2     36.009    210.662     17.460
  -1   29     14.679    205.215    -92.360
  -1   -2     25.100    125.385    -15.221
  19   31   -194.800     41.030     93.796
  22   34   -194.914     12.814     94.436
  -1   -2     40.990    169.929    -95.432
  -1   17     28.580    214.297     13.666
  -1   -2     34.736    180.108   -107.008
  -1   -2    -35.690     30.990     63.207
  -1   -2    -64.834     26.036    -14.200
