202
   0   57    -87.047    106.860     91.830
  43   54    -33.435    114.899     33.550
   2    0   -142.321     39.489    -59.373
   3   55    -51.416     87.398     81.716
  74    2   -180.291     98.849     64.552
 121   14   -163.097    178.761    -36.862
   5    6    -47.722     73.237    101.923
  -1   18   -187.828    201.920     27.274
   6    9   -139.153    123.257     85.066
   8    8    -18.830     93.991     49.877
  15    4   -101.151    158.752     -8.297
   1    5    -88.908    130.249     58.577
  -1   -2    -34.423     35.152     20.605
  13   16    -98.063    113.584     89.407
   7   -2   -105.594      8.114    104.057
  -1   11    -81.813     77.500     88.380
  10   13    -29.510     62.467      5.766
  11   20   -110.312    119.797     91.782
  27   28   -184.307    131.603    -63.870
  12   27    -20.832    109.902     42.637
  38   26   -144.849    144.722     53.012
  -1   -2   -303.853     11.026     65.462
  41   -2    -28.442     13.509     34.634
  -1   -2   -252.620      2.753    102.098
  -1   -2   -314.667      1.184     38.180
  23   22    -97.401     81.630     99.635
  -1   -2   -177.522     91.661    -58.269
  28   35   -235.766    161.976     69.394
  -1   -2   -302.957      0.540     66.787
  34   32    -66.789     79.467     84.597
  32   38   -183.077    130.250     71.518
  -1   -2   -298.588     -1.944     31.328
 111   33   -118.373    134.104     85.611
  39   36    -33.028     94.475     61.238
  -1   44    -33.917     94.239     17.887
  19   25     -6.650     -0.178     17.594
  -1   34    -43.473     99.962     60.650
  -1   -2    -26.607    115.328     26.180
  48   41   -137.197    135.778     81.503
  46   45   -223.003    199.286     99.157
  -1   -2    -18.767     10.901    -13.517
  57   43    -13.413    163.431      6.322
  25   -2   -126.441     16.944    -85.505
  -1   -2    -29.567      7.200     98.939
 154   -2     -1.841      4.727     73.508
  51   42   -183.731     58.461    -79.123
  -1   -2   -198.526    107.070     79.794
  61   49    -53.018    123.866     47.834
  17   -2    -51.803     79.435     93.377
 210   -2   -170.025    177.203    -30.823
  22   -2    -10.870     36.108     72.717
  -1   -2    -23.575      3.219     82.065
 137   51    -72.749    146.266    -71.350
 152  109     -2.379     18.684     86.325
  -1   -2   -313.126      5.903     55.807
  -1   -2   -169.377     79.945     49.255
  84   50    -21.314     21.637     99.599
  -1   48    -37.396     -0.586     79.981
  -1   -2   -326.845     -2.647     12.723
  -1   -2     11.523     46.890     72.566
   9    7    -64.033     71.024     91.415
  -1   59   -172.263    167.738     75.020
  -1    3    -68.814    109.871    103.557
  -1   -2   -112.327     53.673      8.609
  77   -2   -245.192    136.631    -30.381
  -1   -2   -316.888     20.077    -70.621
  -1   68   -204.252    109.573   -108.391
  -1   -2    -74.253    106.557    101.891
  -1   76   -131.208    168.684     98.864
  -1   -2   -178.744    187.270    -96.901
  -1   10    -33.127     56.750    104.534
  -1   -2   -128.923    116.754    -31.241
  88   17   -197.942    208.154     52.076
  62   -2   -317.664     26.337     53.734
  89  118    -43.638     89.796     89.416
  -1   67   -225.382      4.307     67.552
  -1   -2   -237.010    137.304     74.723
 103   -2   -228.007    173.808     45.800
  -1   -2   -121.094    102.610    -51.576
  -1   -2   -323.932     48.036     22.892
 108   -2    -98.133     78.665     87.266
  -1   -2   -283.852     14.607     99.143
  -1   -2   -162.183    128.349     32.025
  -1   -2    -75.547     22.002    106.073
  -1  165   -231.488    190.070     93.818
 116  107     -2.845    106.514     99.102
  -1   -2    -93.925    135.543     52.133
  -1   -2      7.074     12.645    -22.933
  67   -2   -298.748     -5.254     60.107
  -1   -2    -21.044     60.224     68.062
  -1   -2    -95.495    157.728     55.559
  -1   52    -59.749     74.153     96.568
  -1   -2    -28.120     49.265    105.946
  -1   -2   -174.229     81.236     61.024
  -1  120   -156.615     82.992    109.264
  -1   -2   -122.617     -1.500     30.413
  -1   -2   -221.167    148.073     34.233
  -1   -2   -157.026    152.350     44.159
  -1   -2   -325.650     42.862    -77.618
  33   98      4.654      4.158     40.382
  -1   -2   -302.539    199.314    -45.485
  -1   -2    -47.840     39.452    -90.021
  -1   -2   -108.723    125.643     26.664
  -1   -2    -86.833      1.614     31.797
  -1   -2    -10.169      1.630    104.747
  -1   -2    -26.670     54.160    101.552
  -1   -2   -316.240     -1.469    -65.191
  -1   -2   -125.292      6.510     94.477
  -1   -2   -291.560     10.691     87.384
  -1   -2   -317.781     37.400    -53.201
  -1   -2   -318.066     13.534    -60.947
  -1   -2   -310.540     -3.656     53.050
  -1   -2   -284.156      6.596   -101.696
  -1   -2   -152.709    127.157    101.070
  -1   -2    -94.877     -5.225      0.654
  -1   -2    -29.000     31.054     47.882
  -1   -2   -213.003    209.326     79.465
  -1   -2   -125.557    168.423    -48.703
  -1   53    -22.351     14.858    102.660
  -1   -2    -64.337     70.009     96.618
  14   -2   -270.049      9.904     78.438
  97   -2    -90.434     62.784    -61.454
  -1   -2   -256.053     42.664    -55.792
 147   -2     -2.334     14.928     79.185
  -1   -2   -116.475     -3.270     36.486
  -1   -2   -124.015    116.521     97.284
 148  102    -17.642      5.293     82.680
  -1   -2   -309.550     -0.912     36.035
  -1   -2   -127.851    216.157     11.430
  -1   -2      9.755     59.238    -11.377
  -1   -2    -12.970     33.058     98.300
  -1   -2   -110.754      5.685    -38.849
  -1   -2    -18.492     77.691    -62.958
  -1   -2    -90.647     92.704    -55.725
 124   -2     -7.584     -9.522     33.404
  59   40    -12.173     17.985     86.326
  -1   -2   -322.194      0.067   -101.721
  -1   93   -100.278     26.124     26.934
  -1   -2     11.001      9.358     17.011
  -1   24    -30.266     11.015     70.662
  -1   -2   -181.360     61.121     20.065
 160   -2   -128.055    116.334     79.183
  96   -2    -64.951    101.310     98.354
  -1   -2      8.323     77.234    125.149
  -1   -2    -81.221    201.689     53.295
  -1   -2   -121.856     12.441     32.380
  -1   -2   -311.564    176.853     26.304
  -1   -2   -327.292    104.292    -81.280
 161   56   -205.234     96.336    106.630
  -1   -2    -95.342    190.610    -60.347
  -1   -2   -306.333    210.056     40.887
  -1   -2   -231.608    168.707    -31.736
  -1   -2   -205.404     -0.039     38.407
  -1   -2   -115.235     61.757    -32.694
 183   -2    -77.164     99.685     75.464
 166  124   -115.983    205.261    114.393
  -1   -2   -177.323    209.652    -16.383
  -1   -2    -81.605    143.162     37.790
  -1   -2   -362.325     35.604    128.407
 169   70   -267.969    127.859     91.906
 112  125   -230.266     17.587     29.255
  -1   -2   -166.373    187.143      0.500
  -1   -2   -162.312     69.929     83.423
  -1   -2   -190.877    155.500     77.765
 177   -2   -283.090    191.095     11.913
  -1   -2   -100.767    119.807    122.581
  -1   -2   -263.977    135.395    103.954
  -1   -2   -196.844    109.963   -103.863
  -1   -2   -243.625     64.582    -67.789
  -1   -2   -284.749     -4.052     86.405
  -1   -2   -172.477     73.796     68.262
  -1   -2   -319.401     50.013   -131.879
  -1   -2   -213.167    107.629      3.461
  -1   -2   -273.777     44.252     66.462
  -1   74   -225.751    225.771    -21.851
  -1  142     31.622     69.390    109.231
  -1   -2   -154.991     38.425    -92.687
  -1   -2    -50.166     18.616     73.446
  -1   -2   -226.910    145.324    -20.913
  -1   -2   -156.956     37.284     70.154
  -1   -2   -283.403     27.469     45.000
  -1   -2    -36.076      9.372    108.649
  -1   -2   -122.619     22.068    -66.481
  -1   -2   -345.270     34.771    -50.839
  -1   -2   -312.645     55.892    -88.622
  -1   -2   -101.382     74.131     73.964
  -1   -2   -119.491    182.708    -27.173
  -1   -2   -182.594     78.321     77.930
  -1   -2    -87.532     40.904    -11.469
 202  155   -257.216     97.500    106.700
  -1   -2   -250.241     43.748    108.388
  -1   -2   -193.377    121.399    -69.429
  -1   -2      6.782    141.902     -8.300
  -1   -2   -218.278     16.253    126.497
  -1   -2   -300.983    106.280     87.726
  -1   -2   -181.692     84.513     -1.992
  -1   -2   -110.212    121.969     89.446
  -1   -2    -95.884     81.431     90.977
  -1   -2    -66.656     79.614     85.664
  -1   -2   -183.048    130.806     70.048
  -1   -2    -13.714    163.924      5.769
  -1   -2    -53.235    124.457     46.648
