52
  -1   -2     12.493    206.732    -16.045
  -1   -2     22.925    185.886    -89.381
  13   24    -10.050    210.327    -76.222
  -1   -2      0.359    194.904    -69.908
  -1   -2     12.557    139.076     -4.440
  -1   -2     24.619    167.378    -87.941
   7    7      5.234    197.315    -67.216
  37   -2     21.653    148.485    -33.716
  -1   -2      5.481    178.608    -91.002
  -1   -2     13.188    195.987    -69.522
   9   34     -9.454    210.709    -75.027
  11   43     27.314    166.127    -52.158
  -1   -2     -1.800    198.946    -76.080
  -1   -2      7.454    172.511    -74.705
  17   -2     33.303    207.721    -31.962
  14   -2     29.147    131.086    -44.641
  -1   -2     29.137    155.277    -36.274
  29   -2     -1.419    201.322    -63.911
  -1   -2     32.164    136.240    -42.462
   1   -2      5.759    190.302    -68.163
  -1   -2     13.482    121.157    -10.609
  -1   -2     14.061    111.966     -8.518
  -1   -2     41.556    161.157    -43.649
   5   -2     32.149    166.843    -40.824
  -1   -2    -23.169    214.854      0.161
  -1   -2     13.913    106.320     43.197
  -1   -2     -7.928    215.284    -70.624
  -1   -2     31.665    184.743     23.760
  -1   -2      3.486    146.959     32.065
  -1   -2     35.816    163.432    -55.766
  -1   -2     39.581    128.117    -44.133
  -1   -2     34.229    177.104      3.544
  -1   -2     22.488    189.843    -74.112
   6   12     11.420    168.476    -87.573
  -1    9     39.821    158.610    -25.143
  -1   -2     29.978    142.191     44.163
  -1   -2     16.172    120.030    -23.425
  30   -2     29.494    176.496    -92.894
  -1   -2     21.811    100.753     15.376
  -1   -2     30.389    152.571     19.685
  -1   -2      8.251    163.512    -62.851
  -1   -2     15.082    122.155     35.447
  -1   33     21.431    176.146    -80.423
  -1   -2      5.388    199.395    -69.015
  31   52   -194.799     41.039     93.870
  -1   -2    -52.043     14.678     68.258
  34   55   -194.945     12.819     94.435
  -1   -2    -50.675    149.292    114.800
  -1   -2    -78.957     23.628     30.237
  -1   -2     29.482    106.698     -5.896
  -1   -2     33.951    169.464     18.969
  -1   -2    -87.231    195.980    107.019
