203
 106   21    -51.970    202.996     50.421
  -1   -2    -76.962    105.816    -56.345
  69    1    -98.827    191.891     86.924
  10    9    -45.149    147.078     98.482
  -1   71    -64.719     90.440    109.987
   8   -2    -49.635     85.285    -59.938
  66   14    -73.897    189.943     83.869
  -1   16    -20.333    153.211    101.561
  -1   -2    -56.623     91.182    -69.886
  17  113    -29.983    143.187     97.291
 111   -2     -0.024    101.609     13.703
  13   -2   -124.385    171.105    -76.759
  72   -2     -9.225    121.302     13.598
   2   -2    -45.973    197.237     44.591
  -1   -2   -143.124    181.252   -109.392
  16   27   -127.589    203.328    -64.656
  -1   -2      5.057     31.926   -102.017
  11   17      7.596    168.179     39.912
 186   -2   -194.582     10.889    101.624
  -1   -2    -51.122     64.950    -65.062
  -1   -2     -4.736     51.344   -107.913
  24   -2   -132.987    200.315     70.522
   6   12      3.430    180.450     35.957
 160   82    -16.028    163.779     72.514
  -1   -2    -52.222     94.337    108.959
  76   15      0.744    147.127      5.780
  22   29    -80.227    199.846     81.945
  -1   -2      7.278     59.372      8.884
  -1   -2     23.814     84.233      5.048
  -1   13    -62.084    184.330     94.138
  30   19    -26.264     94.359     86.849
  -1   -2   -135.409    196.940    -95.813
  -1   -2   -107.622    200.695     90.309
   7   37    -17.276    161.923     60.272
  -1   -2   -203.890      6.447     77.285
  37   -2      6.939     78.094     12.278
  43   33     16.266     95.152      0.622
  89   -2      2.172    169.426     64.548
  50   50     -9.676     23.909    -79.021
  31   40    -62.707    157.626    102.371
  44   49      7.764    212.220      8.765
  -1   -2      6.043     50.845    -31.996
  -1   76    -16.377      7.216    -27.151
  -1   -2   -206.970      6.196     12.255
  -1   -2     20.648      8.549    -59.706
  15   -2    -94.023    200.825     78.287
  -1   -2     14.769     76.618     31.348
  -1   -2    -60.901    113.383     15.309
  -1   -2      9.696     96.969     15.218
  49   -2     -1.544     35.733    -55.124
  -1   -2    -53.689    130.485   -108.059
  57   -2     -2.986     85.466     61.123
  -1   -2   -283.757     21.829    -55.531
  -1   -2    -69.336    200.261     78.782
  33   -2    -40.133    149.484     47.860
  -1   -2    -23.585     21.370    -23.456
  -1   -2   -275.908     16.302     65.389
  -1   -2      8.266     70.115      0.804
 110   47     26.568     84.619     12.450
  -1   -2    -25.005    143.752     64.570
  -1   -2     22.807     79.962      5.429
  -1   -2     -5.120     58.517     38.372
  53   30      7.219     66.349     25.710
  -1   -2    -16.408    174.082   -105.141
  -1    0    -54.522    181.175     82.969
  -1   -2   -176.194    212.980     -0.205
   1   64   -157.291    190.350     89.637
   5  190    -46.828    168.052     81.627
  -1   -2    -57.365     71.599    -66.315
  -1   -2    -46.145     36.349   -114.067
  -1   -2     -6.692    188.092    -11.422
  -1  167   -128.396    175.171     62.128
  -1  109   -241.271      0.299     40.586
  -1   -2     -6.602    192.562     40.064
  -1   -2   -115.500    186.942     74.876
  -1   -2    -93.201    123.991    -56.447
  -1   -2    -22.740     12.763    -19.073
  -1   -2    -38.601     62.685    -61.370
  -1   -2   -216.380      2.390     74.531
  -1   77    -41.311    184.893     93.285
  -1   96      0.699     66.489      8.576
  -1   -2   -175.944      7.837     80.761
  -1   -2   -174.065    196.198     -2.777
  -1   -2    -15.667     31.685    -81.529
  -1   -2   -122.261    160.169     67.050
 118   -2    -15.424     48.179     90.311
  -1   -2   -232.420     13.365     51.094
  -1   -2   -146.938      0.910     59.702
  -1   -2     -8.988     89.245     16.712
  -1   -2    -18.143     37.627    -27.294
  -1   -2   -198.656    203.872     32.564
  -1   -2    -30.625     54.989   -101.944
  -1   79     12.754    101.134    -45.425
  -1   -2   -172.768     25.668    110.957
  -1   -2   -103.676    148.974    -88.140
  -1   -2   -188.147     11.118     33.096
  -1   -2      1.222     39.924    -46.731
  -1  107   -200.854     27.654    109.330
  -1   -2    -57.314    133.899     47.671
  -1   -2     33.501     -1.347     -5.756
  -1   -2    -72.873    186.659     96.763
  -1   -2     14.066    171.884    -34.204
  95   88     25.095    120.213     17.962
  -1   11    -26.807    156.700     80.943
  -1   -2    -48.057    199.017     50.000
  -1   -2    -12.792    -12.294    -68.727
  -1  112    -39.609    213.339    -69.279
  -1   -2     23.307     83.155     53.128
  -1   -2     24.915     92.008     47.550
  -1   -2    -47.343     74.652    -17.577
  -1   -2   -172.620     15.114    -70.282
  -1   -2   -266.065     22.593    -25.244
  -1   -2   -286.723      5.317     64.488
  68  153    -71.138     99.142    -47.042
  -1   -2    -22.190     53.361   -101.745
  -1   -2    -40.702     30.256     20.189
  97   52   -181.248      0.124     85.424
 102   -2      0.500     55.173     -7.114
  -1  121   -256.038     84.971     68.674
  -1   -2      7.647     90.479     67.608
  74   -2    -30.863    158.236    101.812
  -1   -2   -246.792     71.501     95.330
 202   -2    -14.857    166.574     33.013
  -1   -2    -40.703     80.342    -89.354
  -1   -2   -256.411      2.197    -98.187
  32  105      6.604     93.036     39.975
  25   -2      3.544    178.527     14.300
  -1   -2   -135.541    138.504    -64.193
  -1   -2   -206.160     21.889    -28.012
  -1   -2     25.595     14.262    -83.810
  -1   -2   -291.008     43.909     64.311
  -1   45    -76.253    139.718     99.166
  -1   -2   -239.213     45.900     67.248
  -1   -2      0.961     50.045      9.860
 180   -2     -4.329     -6.629    -34.620
  -1   -2   -285.395     24.042     -7.927
  80   -2   -115.643    187.284     96.440
  -1   -2   -116.358    217.802     17.089
 161   34    -17.321     31.797    -59.234
  -1   -2     16.945      2.007    -45.130
  -1   -2    -16.221     54.520   -104.256
  -1   -2    -86.615    193.568    -55.409
  -1   -2     25.246     -5.870    -72.755
  -1   -2   -100.908    212.782     17.797
  -1   -2   -218.828     47.756     88.499
  -1   -2   -300.328     49.227      7.771
  -1  115   -243.868     47.477    113.173
  -1   -2    -12.465     68.327     72.885
  -1   -2   -275.608     -2.030    -30.634
  -1   -2     -8.224     18.498    -68.945
  -1   -2    -32.208     60.422    -98.768
  -1   -2   -163.314      0.284     78.761
  -1   83     -1.224     41.169    -60.331
  -1   -2   -270.804     48.506    100.337
  52  116    -22.450    141.527    108.979
  -1   -2    -20.589     15.050    -44.730
  -1   -2    -36.879     34.207     27.462
  -1   -2     -2.485     -0.248     30.250
  -1   -2     29.409     27.303     28.899
  -1   -2      0.082     -0.878    -82.163
  -1   -2    -34.042     66.078     94.053
  -1   -2     -6.073    162.163     15.962
  -1   62     -3.603     74.287     62.756
  -1   66    -59.655    114.031    -13.404
  -1   -2   -219.025    207.064     73.234
  -1   -2    -77.260     -2.042    -92.726
 181   -2   -147.153    131.750     52.841
  -1   -2      0.275    128.626    -85.748
  -1   -2   -125.142    224.329   -111.659
  -1   -2   -135.851    221.088    -17.381
  -1   -2    -72.217    114.174    116.846
  -1   -2   -191.347    175.932     93.166
  -1   -2    -76.523     91.551     89.149
  -1   -2   -143.368    141.491    -74.935
  -1   -2    -58.685     85.846     -3.774
  -1    6   -121.244    173.040    -68.039
  -1   -2   -210.461     -5.694     29.133
  82  183   -203.599    199.730     96.429
  -1   -2   -147.167     -6.389     77.866
  -1   -2     11.720    202.018    -91.560
  -1   -2   -276.374     63.966     86.515
  -1   -2   -218.250     20.615     46.732
  -1   -2    -65.624    128.873   -121.045
  -1   -2   -132.088     16.045    -65.916
  -1   -2    -70.558    173.819    106.886
  -1   -2   -205.145    213.937     73.677
  -1   -2   -247.176     -2.528     45.253
  -1   -2   -208.959     37.931     94.175
  -1   -2   -230.209      9.045     98.008
  -1   -2    -34.400    219.930      8.324
  -1   -2    -60.123    225.507      0.695
  -1   -2   -319.498     29.977     -6.214
  -1   -2   -271.720    136.113     15.953
  -1   -2    -38.536     43.804    124.459
  -1   -2     -1.495    128.675     25.753
  -1   -2   -327.926     10.479    116.605
  -1   -2      9.126     23.282     92.937
  -1   -2     21.921    101.398    -12.904
  -1   -2     25.221    133.839    -71.377
  -1  194   -132.767    200.568     69.803
   9   42    -72.445    190.205     78.944
  67   -2    -96.034    125.517    -66.143
 203  197    -65.648    186.909     77.580
