27
  -1   -2     32.939    215.732    -25.381
  -1    1     30.675    158.246    -26.941
  -1   -2     28.887    188.868    -63.222
  -1   -2     17.929    200.598    -32.086
  -1   -2     36.247    206.841    -84.258
  -1   -2     24.225    197.446    -91.559
  -1   -2     17.701    187.056    -58.682
  -1   -2      4.129    202.027    -67.559
  -1    9     31.872    219.079    -17.121
   8   -2     -0.604    214.383    -46.625
  -1   -2     32.369    195.806    -27.070
  -1   -2     32.860    191.145    -91.266
  -1   -2     28.476    207.005    -80.482
  -1   -2     22.981    179.036    -45.740
  -1   -2     28.881    151.171    -90.868
  -1    7     26.831    198.148    -46.642
  -1   -2     13.851    191.364     -1.038
  -1   -2     26.419    158.671    -89.660
  -1   -2    -43.395     36.413   -109.789
  11   19   -194.810     41.033     93.889
  -1   -2     35.782    103.920     22.646
  -1   -2    -83.393    214.637    126.848
  12   20   -194.956     12.812     94.385
  -1   -2     16.379    216.206    -64.828
  -1   -2     28.943    139.412    -60.623
  -1   -2     -2.779    137.453     67.629
  -1   -2     35.184    185.324    -24.841
