109
  -1   -2   -142.926     50.681     -0.823
  -1   -2   -175.435      6.439     82.081
   3   -2   -215.449     12.510     78.720
  -1   -2   -208.445     21.348     73.423
  -1   -2   -302.027    206.231     15.033
   2   -2   -310.519    161.000     50.295
   5   -2   -185.399     17.095     86.931
   4   -2   -249.929     97.460     32.185
  -1   -2   -221.833     75.264    -45.547
  12   -2   -260.775      7.417    -85.192
  37   -2   -209.374      4.711     70.882
   9   -2   -139.631      5.902     87.834
   6   -2    -47.269      3.481     51.287
  13   -2   -262.580    108.286     69.511
  11   -2   -150.649     12.194    102.276
  -1   -2   -286.451     45.635    103.822
  10   -2   -302.306    126.702    -54.644
  15   -2   -196.578     39.925     63.345
  -1   -2    -58.366     -0.126     38.472
  17   -2   -238.273     23.263     73.212
  23   -2   -160.916     31.885     91.020
  18   -2   -243.124    166.466    -78.335
  20   -2   -141.930     37.073     91.579
  21   -2   -185.286     35.254     85.609
  -1   -2    -48.865    186.306     89.188
  26   -2   -161.889    110.131    105.269
  24   -2   -143.687     22.041     62.213
  27   -2    -35.213     84.708      4.659
  28   -2    -91.065     34.556     58.920
  -1   -2   -108.419     46.846    -67.948
  31   -2   -280.221    103.416    107.938
  32   -2    -55.271    104.267     -9.855
  30   -2    -13.463      9.751     96.085
  33   -2   -247.520    110.385    -55.312
  35   -2    -32.375     12.256     20.306
  34   -2   -129.038     77.600     72.813
  -1   -2   -253.043     11.118    105.059
  41   -2   -243.423    115.925    101.164
  -1   -2   -290.486    131.913    -32.557
  -1   -2   -312.905    196.739      5.229
   1   -2   -277.296      2.785     90.025
  -1   -2   -298.886     60.205     55.727
  14   -2   -247.476     22.635    -51.313
  -1   -2   -289.938     66.929     16.599
  -1   -2   -317.297    170.257     11.118
  -1   -2   -227.690     26.919     76.403
  -1   -2   -197.576     26.299     14.403
  -1   -2   -208.122     44.116      1.015
  -1   -2   -313.922     50.554     28.543
  -1   -2   -219.340     37.487    -30.510
  -1   -2    -65.364     -9.073     10.562
  -1   -2   -233.691     66.239    -17.072
  -1   -2   -218.354     69.255    -22.214
  -1   -2   -272.638    160.079     42.656
  -1   -2   -289.126    204.115   -107.746
  -1   -2    -26.930    185.737     88.891
  56   -2   -230.545    171.609    110.590
  -1   -2   -247.933     82.262   -116.410
  -1   -2   -163.388    205.092     11.470
  -1   -2   -296.190    104.217     48.401
  -1   -2   -156.301     18.028     29.447
  -1   -2   -291.666    187.157    -22.002
  -1   -2   -349.559     17.963    117.866
  -1   -2   -217.623     73.164    116.343
  -1   -2   -286.010     13.327    105.847
  -1   -2   -264.622     -4.181   -129.503
  -1   -2     -0.448    115.861     50.064
  -1   -2   -228.330     83.492    -38.308
  -1   -2   -299.100    227.208    -87.733
  -1   -2   -271.215    134.511    106.373
  -1   -2    -61.529     -9.161     66.791
  -1   -2   -243.236      8.588      7.848
  -1   -2   -241.947     84.815   -131.979
  -1   -2   -193.676    192.433     32.339
  86   -2   -352.093     56.966    115.325
  -1   -2   -231.750    152.531     -3.501
  -1   -2    -42.380     22.530    -77.030
  -1   -2   -330.018     -1.399    -25.119
  -1   -2   -245.785    192.912    -68.816
  -1   -2    -80.621    106.862    110.279
  -1   -2    -48.333    209.653     34.129
  -1   -2   -295.964    199.782    110.012
  -1   -2   -243.423      0.370      9.350
  -1   -2     13.848    107.541     55.365
  -1   -2   -287.766    118.770    -55.665
  -1   -2   -230.395    117.669     -2.772
  -1   -2   -133.022    112.116    -12.363
  -1   -2   -286.180     -2.419     69.588
  -1   -2   -258.101    132.483    -18.821
  -1   -2   -157.422    129.165    -15.931
  -1   -2   -300.910    145.559    -74.686
  -1   -2   -331.993    109.102    -21.535
  -1   -2   -262.177    152.188     23.465
  -1   -2   -123.793     20.134     86.835
  -1   -2   -262.094     -4.680    -31.390
  -1   -2    -94.909    109.594    -46.791
  -1   -2   -206.953    106.237     93.533
  -1   -2   -186.805     67.749    -90.986
  -1   -2   -135.964     51.974     43.198
  -1   -2    -89.849     -5.106     58.562
  -1   -2   -308.691    153.668     33.909
  -1   -2   -329.869     95.107    -99.414
  -1   -2   -158.651    172.511     42.851
  -1   -2   -247.831     23.413    -57.545
  -1   -2   -243.495    166.443    -79.915
 106   -2   -258.101    132.483    -18.820
  -1   -2    -35.832     85.413      4.105
  -1   -2    -35.832     85.413      4.105
  -1   -2    -35.832     85.413      4.105
