111
   1   -16.297   175.893   -18.729   48   60   19   36
   2   -41.869   178.993   -62.745   39   61   13   37
   3   -17.988   154.189   -64.708   58   81   26   50
   4    11.303   131.929   -75.896   77   99   49   74
   5    24.713   116.403   -97.740   86  109   56   84
   6   -32.331   171.050   -74.878   50   67   22   39
   7    -2.008   142.687   -63.656   62   92   37   64
   8   -27.686   209.981   106.577   20   10    6   10
   9    23.235   113.385   -52.715   91  108   65   90
  10    33.461   150.128   -29.813   59   83   32   54
  11    10.568   180.296     0.978   43   56   16   32
  12    -8.375   130.048   -78.411   75  101   50   76
  13    24.694    58.970   -57.135  120  133   94  120
  14     9.111    93.575   -72.333   99  120   80   98
  15    29.165    75.672   -52.457  110  127   89  115
  16    -6.264   130.555   -95.197   73  102   48   75
  17    24.626   176.336   -16.276   44   64   21   34
  18     3.142   118.578    23.853   94  104   67   82
  19     7.433    99.485   -50.037   98  117   78   97
  20   -17.203   139.259   -52.323   68   93   41   66
  21    -4.874   112.160    12.384   95  106   75   88
  22    -4.033   136.097   -83.398   67   97   43   71
  23   -46.498   180.961   -57.111   37   58   14   33
  24    14.338   116.475   -46.125   89  105   63   85
  25     1.064   152.289    62.203   65   76   39   45
  26    22.525   137.446  -106.858   63   96   38   73
  27    27.883    50.039   -80.845  125  136   98  129
  28    11.601    94.564   -13.115  106  118   84  100
  29    -2.372   148.471    48.460   71   80   45   48
  30    26.778    81.986   -62.617  109  123   85  109
  31    -9.518   143.237   -13.459   66   89   44   59
  32    22.903    94.661   -75.725   97  119   81  101
  33    18.550   113.920   -56.283   92  107   62   87
  34    -3.635   126.749   -41.018   83  103   53   77
  35    29.826    36.943     5.102  135  139  105  138
  36    36.777    60.576   -74.118  119  132   93  121
  37    26.983   166.123    -1.604   -1   69   25   40
  38    -9.218    79.165    -9.741   -1  125   87  114
  39    29.585   206.938    -5.920   17   27   -1   23
  40    11.413   211.708    49.156   14   19   -1   16
  41    11.526   199.031    61.298   27   32   -1   24
  42   -19.570   202.240    94.851   -1   25   11   18
  43    23.322    38.826   -18.686   -1  141  102  136
  44  -116.946   216.240    -4.412    0   -1    2   12
  45    26.964   125.095   -12.615   -1  100   55   80
  46     7.596   216.458    54.870    6    2   -1    9
  47   -42.068   207.086   104.521   -1   20    9   14
  48    37.356    38.532  -103.405  129   -1  101  137
  49    22.261    47.488   -31.052   -1  137  100  132
  50    23.038   156.499   -50.557   56   79   -1   47
  51    -6.704   150.820   -83.236   -1   86   27   56
  52   -15.681   217.473    31.753    1    7   -1    8
  53   -32.523   153.162   -10.185   60   -1   29   49
  54   -15.300   181.211    52.193   46   50   -1   30
  55    24.682   127.953   -92.196   74   -1   52   79
  56     5.855   210.476    92.005   18   11   -1   11
  57    25.047    52.632   -18.001   -1  135   99  127
  58    26.565   212.057    26.874   10   21   -1   17
  59    -3.332   214.118   100.163   15    1   -1    4
  60    29.722    88.945  -103.215  100   -1   82  105
  61   -72.160   197.430   -89.087   -1   47    7   28
  62     9.287    19.854    21.601  141   -1  109  149
  63    15.230   198.348    49.293   26   34   -1   25
  64    -2.950   143.849    54.330   76   85   51   -1
  65    32.284    71.469   -41.593  114   -1   91  116
  66    17.120    86.927  -100.080   -1  122   83  107
  67    -0.006   103.985   -31.480   96   -1   76   93
  68    16.573   214.348    45.492   12   16   -1    7
  69   -12.133   169.992   -93.135   45   73   23   -1
  70     0.139   108.317    70.721  104  110   -1   89
  71    -5.544   176.054    96.732   54   51   24   -1
  72    31.731    69.933   -92.895  112   -1   88  117
  73    31.195   104.681   -90.326   93   -1   73   92
  74    18.981    54.289   -38.420  127   -1   97  126
  75    32.554    61.854   -16.968  123   -1   96  119
  76    34.843    30.587   -57.549  134   -1  103  146
  77    16.546    33.335   -21.807  136   -1  104  142
  78    -4.839   116.358   -37.331   90   -1   70   83
  79    21.534   210.407     3.659   11   24   -1   19
  80    11.981    61.046   -35.689  121  130   95   -1
  81     5.912   145.199    63.029   78   82   -1   52
  82    16.018    81.340   -13.983  111   -1   86  112
  83    24.393   139.816   -98.758   -1   95   34   67
  84    30.494    65.726   -92.694   -1  129   90  118
  85    -6.505    33.429    49.580  140   -1  108  143
  86    34.415   126.964   -22.568   82   -1   54   78
  87    -2.100   110.182   -42.582   -1  112   74   91
  88   -16.226   175.909    -9.868   49   -1   20   35
  89   -25.567   152.033    97.343   -1   75   40   42
  90    35.741   208.666    -1.567   16   26   -1   20
  91    -0.600    74.705    11.360  117  128   92   -1
  92    31.780   218.476    39.018    3    5   -1    6
  93    16.806   149.293    68.135   72   77   -1   51
  94  -100.392   181.549    50.108   -1   -1   18   29
  95   -51.957   186.841   -23.109   34   -1   12   -1
  96   -80.185   235.582  -105.169   -1    0   -1    2
  97  -110.527   209.180    79.306   -1   -1    5   13
  98   -81.848   201.367    34.069   -1   -1   10   22
  99   -38.409   210.690     7.426    9   -1    4   -1
 100   -96.739   131.726   124.307   -1   -1   68   65
 101  -100.974   214.816    23.927    5   -1   -1   15
 102  -194.821    41.010    93.933   -1  140   -1  135
 103    25.707    11.168   -24.022  142   -1   -1  152
 104   -32.052   145.871   -97.201   -1   -1   28   62
 105  -194.929    12.861    94.517  148   -1  111   -1
 106  -111.670    12.123    91.814   -1  144  110   -1
 107  -233.622   219.969    40.864    2    6   -1   -1
 108    15.133    90.115  -126.851   -1   -1   79  104
 109   -50.623   213.791    98.226   -1    4   -1    5
 110    36.924   158.570    65.609   61   71   -1   -1
 111    33.396   -14.565   -92.619  145   -1   -1  156
