144
   1  -103.020    94.938    63.753   68   78   67   83
   2  -144.833    79.077    83.077   84   94   84   99
   3   -64.063    49.157    91.158  106  129  110  130
   4  -202.465    57.517    65.436  101  120  102  121
   5  -212.411   164.613    28.251   23   31   28   40
   6  -187.749   144.793   -37.785   29   39   35   51
   7   -58.934    30.544   100.141  128  152  131  150
   8  -164.928    -3.023   -58.816  130  180  138  182
   9  -174.670    90.061    78.982   75   82   72   91
  10  -182.881    85.964    75.717   78   88   76   95
  11   -29.186    55.079    56.503  103  121  101  124
  12  -157.018    87.529    87.414   79   86   75   92
  13  -113.547    76.737    88.545   88  101   87  103
  14   -41.133    20.039     5.497  121  162  129  160
  15  -117.769   122.402     2.729   43   52   46   65
  16  -178.407    78.081    76.438   85  100   85  102
  17  -128.217    97.692    62.593   63   76   65   81
  18   -77.895    33.588    89.310  122  146  128  145
  19  -125.377    82.929    95.381   82   92   81   97
  20  -300.609   203.909   -51.769    5   14    1   13
  21   -29.811    72.732    47.963   86  106   86  108
  22  -218.759    82.383   -80.870   62   98   60  101
  23  -208.191    94.606   -59.059   56   81   56   90
  24   -88.454    39.155    60.693  110  137  119  136
  25  -202.575    51.180   -55.955   91  126   91  129
  26  -222.827   174.895    61.410   19   26   23   32
  27  -164.777   108.049    58.271   60   63   55   74
  28   -44.724    58.934    66.977   99  118   99  119
  29  -111.012    41.600    94.349  113  134  121  138
  30  -259.941   127.040    67.352   46   46   48   60
  31  -251.966   187.721   -36.866   11   23   16   24
  32   -56.044    65.388    66.206   95  113   93  113
  33  -118.253    87.022    67.558   77   87   74   93
  34   -74.198    39.013    87.939  115  140  123  139
  35  -203.993    93.523    72.358   72   79   71   86
  36  -155.445   101.272    82.965   64   71   62   80
  37  -106.330    39.662    47.240  107  141  118  134
  38  -111.199    27.735   -99.038  102  155  108  155
  39    -6.530    73.128    96.220   92  105   89  106
  40   -67.689    92.810    51.897   69   80   68   88
  41   -21.931   136.633     5.754   40   41   42   55
  42  -244.862   166.339   102.225   26   30   31   37
  43   -86.400   111.640   -70.195   45   64   49   76
  44   -26.499    39.492   -92.262   96  138   98  137
  45  -220.067   203.765   -53.843    6   13    2   12
  46  -185.767   138.696   -40.288   35   42   39   56
  47  -213.059    47.928    85.267  108  130  113  131
  48   -48.284   193.896   -24.296   10   17   14   19
  49   -64.717    42.713    91.450  112  135  117  132
  50   -42.888    79.496    30.946   -1   99   78   98
  51  -103.345    70.549   101.407   94  107   94   -1
  52  -253.544   192.431   -80.274   -1   20   13   23
  53   -77.270    61.743    96.390   -1  117  100  116
  54   -42.991    16.537   101.468  141   -1  140  163
  55  -171.242   139.852   108.010   -1   37   45   44
  56  -177.268    25.323   -70.825  104   -1  115  157
  57  -197.449   129.766    67.013   42   -1   47   58
  58  -209.029   198.266   -22.751   -1   16   12   14
  59     6.761     5.317    85.644  148  177   -1  172
  60   -57.387    52.405    86.629  105  125  106   -1
  61  -118.066   102.294    85.182   -1   70   61   79
  62  -298.105    90.549    97.935   76   -1   79   87
  63  -245.559   142.864    25.223   -1   38   40   47
  64  -319.492   183.510   -30.810   -1   25   17   27
  65  -181.673   122.297    49.358   -1   50   50   63
  66  -323.391   207.142    12.401   -1   10    5    5
  67  -228.479    67.140  -103.337   73   -1   73  117
  68  -243.978   192.657   -29.416   -1   19   15   17
  69  -295.383     7.361   101.676  145  173  159   -1
  70  -292.132    20.584    42.083  125   -1  136  162
  71  -150.046   133.571   101.673   44   40   -1   54
  72  -179.933    32.585    97.219  126   -1  130  148
  73   -34.016    75.312    50.175   -1  102   83  107
  74  -206.589   118.849    46.772   -1   53   53   69
  75  -150.776    73.106    86.315   89  108   -1  105
  76  -337.554     2.892   -21.972   -1  175  141  180
  77  -133.620    98.664    96.186   66   74   69   -1
  78   -45.146    59.282    18.186   93  119   92   -1
  79  -251.898    89.580   -68.580   58   90   58   -1
  80     0.828    12.278   -78.048   -1  166  125  166
  81  -206.991    17.406   -81.434   -1  163  122  164
  82  -275.588    97.068    90.879   70   -1   70   82
  83   -23.980     3.902    77.255   -1  178  155  173
  84  -243.071   202.543   -34.898   -1   15    8   11
  85  -267.416   160.048   -85.007   20   33   -1   41
  86  -215.562   174.986    24.817   -1   28   21   35
  87   -40.683    24.039   -38.510  109   -1  120  151
  88  -310.482   222.327     1.455    1    3   -1    0
  89  -164.473    -9.758   -61.657  135   -1  143  190
  90  -289.015    -2.854   -15.297  133  181  148   -1
  91   -16.599    67.078    21.060   87  112   88   -1
  92  -229.874   218.366    -4.424    0    7   -1    2
  93  -243.162   113.200    29.322   52   -1   54   72
  94  -129.519    94.565   -74.449   -1   84   57   85
  95     7.583    -7.995   -22.880  144   -1  144  185
  96  -102.584    65.462   106.847   97  110   -1  114
  97  -309.101   207.506   -78.702    2   -1    0    8
  98   -41.766    -7.218    19.970   -1   -1  156  187
  99   -82.458    67.161    87.120   -1   -1   97  112
 100  -206.808   180.098   128.527   -1   -1   22   20
 101   -15.987    52.037   113.572   -1   -1  112  127
 102  -289.790   111.705   101.920   -1   58   -1   71
 103  -140.324   -20.354   -52.192  146   -1  157   -1
 104  -305.618    15.947    47.925   -1  165   -1  167
 105   -86.451     0.919    18.441   -1  179  146   -1
 106  -135.146    43.624   -20.368   98  133   -1   -1
 107  -173.363    51.567   128.178   -1   -1  116  128
 108  -198.432    43.200   107.639   -1   -1  124  135
 109  -154.616    27.075   -84.652   -1  154  109   -1
 110  -192.525   152.288    -4.338   27   -1   -1   42
 111  -167.532    13.942   -43.488   -1  167   -1  165
 112  -132.871   172.734   107.720   -1   -1   26   29
 113  -111.948    11.573   -31.397   -1  168  133   -1
 114  -296.081    98.660    82.198   65   75   -1   -1
 115  -280.005    13.450    94.883  136   -1   -1  169
 116  -311.863   133.186  -131.803   31   48   -1   -1
 117  -143.938    -3.324    72.775   -1   -1  161  186
 118  -268.105     5.174    78.355   -1  176   -1  177
 119  -126.090    -0.864   -97.389  120   -1   -1  181
 120    18.098    30.676   -79.583   -1  150   -1  146
 121  -263.185   171.298   112.357   -1   -1   27   30
 122  -116.108    89.125   119.695   -1   -1   80   89
 123  -256.787   133.720   -39.218   -1   47   41   -1
 124   -21.831    80.202   -18.030   -1   96   -1  100
 125  -294.414    37.784    -6.627   -1  144  111   -1
 126   -88.690   144.740   -13.295   -1   36   -1   50
 127  -182.070    66.878   101.966   -1  114   -1  110
 128  -251.415   207.338   -19.886    4   11   -1   -1
 129  -327.621   170.871    88.299   -1   -1   25   33
 130  -329.995   -26.125   -45.951  152   -1  166   -1
 131  -106.735    55.813    73.083   -1   -1  104  123
 132  -134.868   186.779   -12.991   -1   -1   18   25
 133  -133.365   172.089   122.619   25   22   -1   -1
 134  -294.926   158.448    82.126   28   -1   34   -1
 135  -353.107    26.963   114.324   -1   -1  139  159
 136  -231.611    71.539    67.005   -1   -1   90  109
 137  -154.492   -19.258   -82.954  138   -1  151   -1
 138  -132.501   110.274   -60.053   -1   66   52   -1
 139    10.217   171.295    84.830   -1   27   -1   34
 140  -250.573    -6.071    56.854   -1   -1  164  191
 141  -299.271     5.290    53.445  139   -1  150   -1
 142  -260.146   127.773    66.353   -1   46   48   -1
 143  -134.868   186.779   -12.991   -1   -1   18   25
 144   -22.457   137.208     5.530   -1   41   42   -1
