162
   1   -97.130   108.019    63.842   68   68   66   80
   2  -194.383    70.854    65.745  103  108  101  117
   3   -55.926    46.244   100.428  130  133  128  133
   4   -58.364    62.609    86.753  111  115  106  124
   5  -157.209    11.786   -59.833  142  159  136  168
   6  -138.952    92.554    84.257   88   89   85   95
   7  -176.059    98.979    75.358   80   83   76   91
   8  -167.862   102.498    78.228   76   76   73   87
   9   -91.619    53.658    84.473  119  123  121  127
  10  -179.756   157.218   -43.164   31   33   30   48
  11   -40.738     8.991    27.769  149  166  150  171
  12   -72.617    46.590    86.888  128  132  127  132
  13   -26.601    67.921    56.655  106  111  102  118
  14   -36.901    35.642     6.467  127  143  126  144
  15  -150.834    99.511    84.757   83   79   77   90
  16  -110.058   133.880   -11.837   39   47   41   68
  17  -115.323    -0.737     5.596  156  187  161  188
  18   -27.384    86.284    45.020   89   99   87  104
  19  -243.594   203.107   -80.180    5   14    9   21
  20  -107.891    89.904    88.679   91   92   89   99
  21  -214.954   185.307    60.355   19   20   19   30
  22  -120.605    96.025    95.453   85   86   84   93
  23  -211.655    94.782   -97.748   61   93   59  101
  24  -157.703   121.246    55.623   57   52   51   73
  25  -107.210    55.965    97.750  118  120  119  125
  26  -128.872   111.312    87.593   67   62   65   78
  27  -203.370   177.164    19.578   21   26   21   36
  28   -78.432    53.654    78.975  114  125  120  128
  29   -40.873    71.176    65.244  102  107  100  115
  30  -251.712   139.464    68.871   44   40   42   60
  31   -51.869    77.301    64.509   98  104   97  109
  32  -112.372    54.967    89.639  117  121  118  126
  33  -149.424   113.143    82.274   63   61   61   77
  34  -290.950    11.935    93.752  162  162  168  174
  35  -197.001   106.261    72.120   71   69   70   82
  36   -31.268     7.468    92.471  172  175  171  170
  37   -69.232    51.281    89.060  124  128  123  129
  38   -40.800    71.242    13.854   96  109   96  116
  39    -5.476     0.729    75.311  176  185  181  185
  40    -5.191    84.556    96.141   95  100   93  105
  41   -19.052   145.928     5.762   36   37   36   58
  42   -62.828   103.489    50.442   70   75   69   85
  43  -160.775     7.399   -52.052  143  168  139  173
  44  -199.168    31.410   -77.694  113  145  122  148
  45  -104.773    40.109  -104.284  105  140  107  138
  46   -81.851   123.522   -70.811   45   55   45   74
  47   -46.806   211.038   -27.419    3   11    5   14
  48  -209.526    97.429    72.697   79   87   81   92
  49   -39.088    31.074   100.302  144   -1  137  146
  50   -98.167    82.776    98.326   97  101   95   -1
  51  -230.223    89.290    87.581   93   94   -1  102
  52  -171.045    91.328    70.456   -1   91   86   98
  53  -236.054   156.656    23.611   -1   32   32   43
  54  -293.623   215.832   -50.675    1   12   -1   11
  55  -121.298   104.005    43.983   -1   78   68   84
  56  -124.893     6.834    20.150  148  169   -1  175
  57  -258.767   206.718    60.356    9   -1   12   10
  58  -221.449   210.715    44.925    6   -1    7    9
  59  -188.368   143.015    64.901   38   -1   40   56
  60  -163.094   152.721   108.005   -1   31   38   40
  61  -310.029   196.140   -32.104   -1   18   13   23
  62  -323.037    -2.259   -84.791   -1  180  149  193
  63   -36.847    90.656    23.214   -1   97   78   96
  64  -219.621    82.679  -106.145   72   -1   72  110
  65   -19.539    18.239    70.922   -1  157  148  159
  66  -288.574   103.925    97.571   78   -1   75   81
  67  -199.722   107.270   -61.943   56   -1   52   86
  68  -144.249   145.623    97.427   40   36   -1   52
  69  -314.667    -0.193    -9.434   -1  184  165  189
  70  -167.873    39.861   -76.227  108   -1  111  140
  71  -113.357    99.155    74.731   81   85   74   -1
  72  -112.647    39.116    97.455  141  141   -1  139
  73  -104.506   134.301    35.520   42   43   -1   65
  74  -113.224   113.855    84.708   -1   60   60   76
  75  -242.340   204.072   -31.085    7   -1   11   15
  76  -168.901   109.147    73.422   69   66   64   -1
  77  -173.946   134.990    49.487   -1   45   44   62
  78  -198.968   131.776    49.248   -1   44   48   66
  79  -290.071   148.798   -81.337   32   42   -1   57
  80  -138.454    25.217   -92.116   -1  151  125  151
  81  -316.982   159.750   -42.366   28   34   -1   42
  82  -267.195    15.727    49.506  146  156  152   -1
  83   -15.452     5.029    67.377  167  179  167   -1
  84   -94.884   102.032    72.708   75   77   -1   88
  85  -246.050   180.173    66.728   -1   25   24   31
  86   -21.362    -0.128    59.273  175  188   -1  186
  87    -4.667    22.373   -28.362  135   -1  129  155
  88  -222.888   208.852    85.317   11    9   -1    7
  89  -112.193     3.341    48.754  169  178   -1  179
  90  -284.914   113.018    90.174   64   64   57   -1
  91  -145.342    19.000   -45.842  137  152   -1  160
  92  -135.745    -8.023   -49.562  154   -1  155  198
  93    10.590     5.217    51.306   -1  177  156  176
  94   -99.463    65.311    69.601   -1  114  105  122
  95  -311.304     4.735    57.617  159  170  177   -1
  96   -11.757     3.180   101.045   -1  183  180  182
  97   -84.372    78.038    89.929  100  102   98   -1
  98   -13.679    77.487    20.860   94  105   91   -1
  99  -145.290    -6.962   -87.781  145   -1  146  196
 100  -246.260   173.866    73.989   25   27   26   -1
 101  -225.594   187.442    74.301   17   16   -1   24
 102  -133.242   -13.095   -61.509  161   -1  163  201
 103  -226.298   116.935   -74.348   47   -1   49   79
 104  -301.116    25.777   -70.464  122  148   -1  156
 105  -180.602   144.076   110.689   41   -1   43   51
 106    -5.199    -1.543    62.493   -1  190  178  187
 107  -152.186    41.929   -52.486   -1  136  115  136
 108  -293.010    53.784    93.904  116  122   -1  130
 109  -241.668   157.722    33.904   -1   30   31   41
 110   -23.344    90.825     4.914   -1   95   79   97
 111     5.915    -2.734    46.838   -1  189  170  191
 112   -17.127    34.006    12.485  126  144   -1  145
 113  -197.583   191.989   121.128   -1   -1   18   16
 114  -218.779    69.766    93.264   -1   -1  104  119
 115  -183.715   163.853    -2.829   27   -1   -1   39
 116   -14.066    65.893   112.725   -1   -1  108  120
 117  -317.474   178.143   -27.622   18   -1   20   -1
 118  -192.899    70.797   -38.138   90   -1   92   -1
 119  -354.120    40.307   126.711   -1   -1  138  142
 120  -230.220    80.591    -0.343   87   -1   90   -1
 121   -51.589    66.366    94.351  109  112   -1   -1
 122  -273.242   109.589   -68.372   54   73   -1   -1
 123   -91.825    25.891    66.625   -1  149   -1  154
 124   -54.949   -15.047   -74.018  157   -1  159   -1
 125   -84.090    65.614    59.692   -1  113  103   -1
 126  -166.735    64.006   128.982   -1   -1  117  123
 127  -121.971    41.856    83.375  131  138   -1   -1
 128  -239.084   215.414   -13.100    2   -1    3   -1
 129  -215.942   136.066   116.511   51   41   -1   -1
 130  -127.116   184.009   109.590   -1   -1   22   27
 131  -291.317    44.031    85.159   -1  135  130   -1
 132  -321.394   181.580   102.431   -1   -1   23   29
 133  -174.949    79.335    96.917   -1  103   -1  107
 134  -110.708    26.929   -21.485  125   -1  132   -1
 135  -292.614    84.348   -98.362   65   -1   -1  108
 136  -325.429    88.333     8.486   82   -1   -1  103
 137    30.447    44.901   111.820  136  134   -1   -1
 138  -220.474    68.794    25.104   -1  110   -1  121
 139   -78.823   182.310    12.028   16   -1   -1   34
 140  -259.614     8.483   104.490  171   -1   -1  181
 141  -194.864    12.819    94.337  165   -1  162   -1
 142   -92.404    -2.895   105.855   -1   -1  202  194
 143  -289.410    38.431  -102.111   -1   -1  110  143
 144  -156.615   197.416   -59.464   -1   15   14   -1
 145     5.873   186.783    -2.624   -1   22   -1   33
 146  -130.043   197.324   -12.586   -1   -1   16   22
 147  -164.340   164.117  -112.039   23   -1   25   -1
 148  -258.644   171.995   -73.615   -1   28   -1   37
 149  -229.958   191.679   106.093   15   -1   17   -1
 150   -96.770     0.356    83.342   -1  186  188   -1
 151  -357.712   216.666    76.605   -1   -1    4    0
 152   -77.565    12.054   -67.899  140   -1  134   -1
 153  -249.617    91.327    12.872   -1   96   -1  100
 154   -38.702     4.976    51.901  164  176   -1   -1
 155  -297.940   114.627   102.546   62   59   -1   -1
 156     9.658   -13.246     5.683   -1   -1  183  203
 157   -86.539   143.676     7.912   -1   39   39   -1
 158  -356.684    13.965    65.235   -1   -1  158  172
 159  -307.825   -26.637   -90.297  170   -1  186   -1
 160   -62.555   -11.414    32.420   -1   -1  192  204
 161   -19.409   146.474     5.241   -1   37   36   -1
 162   -19.409   146.474     5.241   -1   37   36   -1
