109
   1   -22.887   168.145   -17.889   57   71   36   44
   2   -37.294   163.168   -59.714   58   78   39   47
   3   -28.674   135.167   -83.630   79   96   52   78
   4   -53.157   177.348   -89.245   40   68   28   41
   5     4.002   173.991    10.488   54   66   32   40
   6   -32.853   203.928   106.210   33   19   17   20
   7    -5.381   135.737   -58.421   83   92   53   77
   8    -5.996   194.081    46.240   36   38   20   32
   9   -15.836   191.187   106.074   45   36   24   30
  10   -55.830   175.093   -60.162   50   67   30   42
  11   -14.000   122.252   -82.752   89  103   64   85
  12    30.002   141.180   -20.051   80   86   51   67
  13    10.544   207.228    36.960   19   23   11   23
  14    16.271    91.407   -87.381  106  113   84  102
  15    13.224    35.506   -48.381  138  138  117  131
  16   -27.595   140.468   101.189   93   82   66   58
  17    18.643   204.197    -0.436   18   31   13   27
  18    27.357   138.968     7.387   84   88   56   66
  19    21.401   166.929   -12.354   59   73   38   45
  20    25.823    54.107    -9.542  128  126  109  115
  21   -31.563   138.858   -95.347   73   95   49   70
  22    12.511    50.483   -50.105  123  132  106  120
  23    -9.710   215.325    72.820    7   10    8    8
  24    26.816    69.079   -49.091  119  118   93  112
  25    20.959    29.562   -32.211  142  139  121  134
  26    -1.176   138.085   -54.171   77   91   54   73
  27    -5.105   108.069     7.464  103  106   80   92
  28    -5.008    63.160   -19.783  121  121  101  114
  29    22.329   119.233  -102.057   88  105   68   87
  30    27.300    42.777   -42.395  132  135  116  124
  31    29.566    48.100   -61.900  125  130  107  121
  32    22.342     9.602   -38.045  151  143  134  143
  33    -4.645   149.908  -105.235   64   85   45   59
  34    11.372    43.207   -52.702  133  134  114  125
  35     8.140    91.964   -44.008  111  112   85  101
  36    11.014    98.466   -86.117  102  111   82   97
  37    23.835   158.572    -2.930   -1   79   44   49
  38     5.652   124.180   -80.726   -1  102   63   84
  39     8.977   185.529   -11.529   -1   56   23   37
  40   -23.936   127.973   -79.429   86   -1   58   83
  41    -8.110   199.887   -79.284   16   49   12   -1
  42    21.907   206.528   -39.181   12   35   -1   25
  43    17.267   105.376   -87.419   99   -1   72   93
  44   -80.230   190.773   -89.056   30   -1   18   38
  45   -82.374   215.914    56.433    8   13    6   -1
  46    31.157   182.370   -27.927   43   58   27   -1
  47    34.130    32.792   -72.243  137   -1  119  132
  48    29.686   213.333    44.806   10   11   -1   18
  49    22.231    64.361   -30.753   -1  120  100  113
  50    -3.897   140.831   -75.937   -1   90   48   68
  51     2.936   189.461    48.096   42   45   22   -1
  52   -17.104   185.170    44.148   47   52   25   -1
  53   -29.291   157.768   -63.741   62   -1   40   52
  54    17.460   217.587   -69.901   -1   21    1   22
  55    31.754   109.044   -56.267   -1  108   73   90
  56    35.874   115.054   -45.011   96   -1   71   89
  57    34.714    52.784   -89.746  122   -1  102  118
  58    33.584   152.270    -5.724   67   81   -1   53
  59   -73.679   139.016    95.398   -1   83   65   63
  60    21.316    71.155    17.067   -1  117   99  110
  61     0.578    85.733   -94.470  110  115   86   -1
  62   -22.358   169.492    -7.321   -1   69   34   43
  63    34.410   142.248     9.052   81   84   -1   65
  64   -75.971   213.870   -67.275    0   30    5   -1
  65   -11.737   192.599    45.085   37   40   21   -1
  66    33.086   194.668   -18.241   31   48   -1   35
  67   -63.982   212.434   -96.423    1   34    3   -1
  68    15.540    51.613   -63.273   -1  131  104  116
  69   -28.912   168.259   -98.732   53   -1   31   46
  70   -10.884   119.907   -30.864   95   -1   70   86
  71    38.934    27.255   -74.846  139   -1  120  136
  72    34.950    42.881   -70.191  129   -1  112  126
  73    25.739    85.714   -65.275  114   -1   87  103
  74     1.732   204.132   -54.733   15   37   10   -1
  75    21.746    69.538   -43.125  118   -1   96  111
  76     0.140    79.426    -9.419  117   -1   91  105
  77    21.348     3.180   -19.740  152   -1  137  145
  78    30.307    45.133   -75.494  126   -1  110  122
  79     5.911   200.266    83.664   35   27   -1   24
  80    21.222   132.573   -53.592   82   98   59   -1
  81     1.096   206.537   104.871   29   14   -1   16
  82   -69.406   215.028   -59.249    2   25    4   -1
  83    37.174    29.765   -19.344  143   -1  123  133
  84   -12.045   217.716    75.330    4    2   -1    3
  85   -46.816   210.010    88.133   20   -1   14   10
  86     1.330   126.344    80.365   98   97   -1   79
  87    27.808    35.037   -73.403  134   -1  118  128
  88  -151.571   211.299    91.678   22   -1    9    7
  89     7.743    47.618   -27.877   -1  129  111  123
  90    28.939    21.152   -21.304  147  141  128   -1
  91    12.238    24.565   -17.450  145   -1  125  138
  92   -21.090   144.460   -58.869   -1   87   47   64
  93    41.982    -2.673  -107.218  150   -1  133  147
  94     3.321   217.456    77.919    6    0   -1    5
  95    24.968    51.156   -52.675   -1  128  105  119
  96     2.251    97.073   -13.833  109  110   -1   98
  97     9.491   198.648   -70.436   17   51   15   -1
  98    -9.841   129.507   -82.658   -1   99   60   81
  99    11.845   132.888    15.082   90   94   61   -1
 100   -95.296   221.512  -100.693   -1   22   -1   19
 101  -106.785   175.590    53.683   -1   -1   33   39
 102   -92.780   201.772     9.232   21   -1   16   -1
 103   -16.072   208.034  -104.776    5   -1    7   -1
 104   -56.902   202.831   -47.888   -1   39   -1   28
 105  -194.791    41.060    93.786   -1  137   -1  127
 106  -194.962    12.813    94.359  159   -1  139   -1
 107    18.347   143.734   -36.415   74   -1   50   -1
 108    39.290   124.977   -25.521   92   -1   -1   82
 109    22.842    79.630   -55.425   -1  116   90   -1
