30
   1  -197.503    22.852    79.595   27   32   27   27
   2  -167.532    20.477    60.786   26   34   26   28
   3   -46.854   138.868    60.084   13   11   12   10
   4     1.781   187.146    18.750    1    3    2    3
   5  -178.471    52.475   -41.278   22   25   21   22
   6  -198.361    82.048   -20.507   19   24   19   21
   7   -98.062   159.681    -0.554    7    7    7    7
   8   -18.166    93.182    79.714   20   21   18   18
   9  -128.161   174.717    -1.779    3    6    3    5
  10  -167.675    11.100    60.479   29   36   29   30
  11  -197.718   189.969    78.101    2    0    1    0
  12  -199.202    49.687   -19.384   24   27   23   24
  13    -7.034   108.046   -31.805   14   18   13   15
  14  -128.264    96.059    -1.976   16   20   15   17
  15   -47.447    86.877    59.575   21   22   20   19
  16   -97.860   174.501    -0.922    4    5    4    6
  17  -167.311   106.074    60.123   15   17   14   14
  18     3.391   136.303    17.932   12   12   11   11
  19  -197.616   174.804    79.105    5    4    5    4
  20  -178.633   157.697   -42.111    6    8    6    8
  21    -7.147   137.071   -31.943   10   14    9   13
  22   -47.249    95.580    59.687   18   19   16   16
  23  -127.994   137.084    -2.874   11   13   10   12
  24  -178.016    82.793   -41.879   17   23   17   20
  25   -98.282   190.510    -1.493    0    2    0    2
  26   -17.578    23.784    78.775   28   31   25   26
  27  -199.125   155.405   -20.612    8    9    8    9
  28    -8.770    50.489   -30.120   23   26   22   23
  29   -17.151    14.429    78.668   30   35   28   29
  30     2.383    22.341    19.457   25   33   24   -1
