163
   1  -133.691   212.922    91.249   14    8   10    8
   2   -67.794   209.261    97.387   22   10   11   15
   3   -54.158   105.950    28.824  131  135   76   90
   4   -72.242   152.616   -79.862   76   93   49   55
   5   -99.351   194.131   -76.463   32   53   16   40
   6   -55.844   135.196   -61.745   97  106   58   61
   7    -8.347   189.426    51.825   43   34   26   36
   8   -42.088   144.308    -5.306   94   95   55   58
   9   -33.952   115.950   -50.922  112  128   67   81
  10   -81.646   212.695    92.093   18    6    9    7
  11     0.250   210.544   -99.459    4   32    4   25
  12   -49.850   207.887    82.124   24   14   12   16
  13   -23.451   201.742    83.963   33   28   20   22
  14   -35.714   172.504    94.969   69   62   43   45
  15   -47.975   183.001   103.874   57   42   34   37
  16     6.782   150.286    -6.210   88   87   52   54
  17   -34.021    98.682   -84.357  125  148   71  100
  18    13.260   177.715    -6.243   52   64   33   46
  19    -8.371   110.228    56.977  130  134   73   82
  20    -2.747   187.993    55.931   48   41   27   33
  21    14.073    73.727   -45.410  149  172   99  123
  22   -68.032   218.380     4.928    6    7    0   12
  23     0.575    51.760   -49.676  161  183  121  132
  24   -67.265   149.393   -35.412   83   94   51   56
  25   -27.261   169.291    95.564   73   66   46   48
  26   -48.223   113.503    85.265  132  127   74   78
  27     1.108    20.793   -65.472  178  199  138  149
  28   -94.689   194.996   -74.536   30   49   18   39
  29    10.241   186.645    37.906   47   43   29   41
  30   -16.433   166.258   104.991   80   68   50   49
  31    28.427   126.069   -17.636  107  120   63   65
  32    15.856     3.290  -106.832  183  208  142  167
  33   -17.439   206.081    51.949   20   17   13   21
  34   -15.552   197.440    80.688   38   31   24   24
  35     1.731     0.141   -60.797  196  215  149  175
  36   -19.241    85.895   -34.894  141  163   88  105
  37    10.292    99.643    36.961  140  142   81   93
  38   -18.162    60.200    12.591  164  179  120  129
  39   -35.284   219.947    39.784    2    3    5    5
  40   -18.109    97.722    89.356  145  144   91   96
  41   -19.733    80.666     8.010  146  168  104  112
  42    15.399    83.391   -28.284  142  165   92  109
  43   -21.470    68.183    12.363  155  174  115  124
  44    -1.641     9.470   -63.206  185  206  144  158
  45    12.060    28.106   -85.631  172  192  135  145
  46    -7.837    64.236   -70.250  153  177  106  127
  47    12.104     7.005   -50.781  192  207  146  165
  48     7.713    13.571   -79.257  179  202  140  154
  49     1.218    82.705    27.460  148  164  100  108
  50    26.531   107.357    -8.390  126  136   68   89
  51   -17.976   107.816  -103.178  116  141   66   91
  52  -181.703     5.488    53.827  212  212  165  173
  53  -163.917    22.319    -7.735  181  198  141  150
  54   -36.000   189.272    92.493   50   -1   30   30
  55   -47.686   115.557  -102.643  109   -1   64   84
  56   -62.757   119.479   104.424  128   -1   69   70
  57   -41.330   104.353   -73.583  122  143   -1   94
  58    22.216     3.669   -94.954  186  211   -1  166
  59   -46.045   119.430   104.005   -1  118   70   74
  60   -48.531   101.052   -19.101  133   -1   75   95
  61   -60.956   168.471    97.348   77   65   47   -1
  62   -26.689    70.640   107.377  166   -1  123  121
  63   -62.922   189.003    67.953   44   -1   28   34
  64  -100.634   214.579   -19.083    8   19    3   -1
  65   -23.081    93.500   -64.823  134   -1   77  104
  66    14.609   203.049    35.470   31   29   15   -1
  67    -4.983    83.213   -54.186   -1  166   86  111
  68   -80.233   106.476    69.256  136   -1   79   87
  69   -84.302   220.645    72.551    1   -1    6    2
  70    -5.074    43.212   -19.564  170   -1  129  137
  71    21.871    96.647    10.367   -1  147   83   97
  72  -120.288   202.330  -103.417   16   -1    8   29
  73   -68.637   212.786   -47.950    7   26    7   -1
  74    -8.989   137.972    72.704  105   97   61   -1
  75    10.572   186.624   -18.912   40   55   -1   43
  76    -6.418    60.753   -92.055  152  180  109   -1
  77   -77.389   196.632   -19.222   34   36   19   -1
  78    -8.193   179.653   100.191   59   50   -1   42
  79   -41.999   132.527   -85.103   -1  113   59   62
  80  -104.519   167.147   -87.357   -1   81   38   51
  81    -1.815    39.710   -12.903  173   -1  133  139
  82    26.195   194.512     9.612   -1   33   23   32
  83  -153.171    31.112    94.383   -1  190  147  146
  84   -45.145   171.031    94.109   67   -1   45   47
  85     9.016    25.841   -18.007   -1  194  139  147
  86    34.858     5.137   -13.656  198  210  152   -1
  87    17.344   -15.784   -51.640  215   -1  166  193
  88   -66.000   209.323    77.953   17   16   -1   13
  89   -11.964    92.084   -52.961  135  155   80   -1
  90    13.070   -12.790   -94.974  202   -1  155  189
  91   -39.928    58.459    57.144  169   -1  128  128
  92     0.611   197.571   -93.462   19   45   -1   38
  93   -96.245   194.576   -48.092   36   44   17   -1
  94   -11.046    76.257   -53.248   -1  171   97  117
  95    14.863   128.413    41.420  111  108   -1   64
  96    19.784   123.372    18.885  114  116   -1   73
  97    22.873   119.840    44.869  121  121   -1   76
  98    30.328   148.536   -84.802   75   98   -1   57
  99    31.545   115.691    31.702  123  126   -1   79
 100    16.585    -9.740   -55.846  206   -1  158  188
 101    12.316    64.283   -81.374  151   -1  108  125
 102    25.453    -2.356   -68.819  195   -1  150  177
 103   -63.768   173.759    93.572   70   60   40   -1
 104    19.615     1.090   -67.697  193   -1  148  169
 105   -46.365   144.870   -55.136   85   99   54   -1
 106   -14.643   182.871    92.580   55   38   35   -1
 107  -152.960     0.084    38.418  213  219   -1  183
 108     2.628    -7.019   -44.722  204   -1  156  186
 109    19.697    92.864   -19.248   -1  152   84  103
 110  -135.431    -1.042    98.765   -1  221  182  187
 111    -2.746    46.179    35.629  175   -1  132  136
 112  -190.764     6.640    40.626   -1  209  164  168
 113   -74.576   221.587    72.207    3   -1    1    1
 114   -33.925    12.284   113.245  216   -1  167  160
 115   -97.261    -0.872   -27.403  197   -1  157  180
 116     6.517    47.531   -68.986   -1  184  124  134
 117    14.063   139.529   -13.446   96  101   -1   60
 118  -143.503    34.555    92.652   -1  187  145  144
 119    14.694    -5.486   -57.780  200   -1  154  182
 120    -2.833   113.519    74.045  129  123   72   -1
 121    29.409    22.194   -94.341  176  195  137   -1
 122   -32.657    95.226   -13.068   -1  150   82  101
 123    14.371    -0.082   -57.923  194   -1  153  174
 124   -11.918    90.328   -27.766  138  158   85   -1
 125   -35.816    75.081    47.697   -1  170  111  119
 126    -5.734    98.054    71.623  143  145   87   -1
 127    -7.370    71.016    96.007  163   -1  122  120
 128    14.445   177.448    30.610   56   61   36   -1
 129    -4.308    52.234     5.312  168  182  127   -1
 130    24.909    53.168  -102.466  154   -1  116  130
 131    12.325    32.088   -50.340  174  191  134   -1
 132   -18.434    72.461   -46.384  150   -1  101  122
 133    -8.239   184.698    66.654   51   47   31   -1
 134    -9.070    74.652   -80.548   -1  173   98  118
 135    10.461    56.240   -69.982   -1  181  113  131
 136   -96.097   194.148   -69.602   35   48   14   -1
 137    -2.138    50.157  -139.004   -1   -1  112  133
 138   -66.699   169.235   119.880   79   63   -1   -1
 139   -55.147    35.990    92.964  184   -1   -1  142
 140   -93.064   208.384   102.466   27   11   -1   -1
 141  -133.975   155.189    70.760   -1   -1   53   53
 142  -123.807   188.280   -73.791   37   -1   21   -1
 143     1.739   161.210   102.300   86   73   -1   -1
 144   -55.455   163.498   -87.900   -1   83   42   -1
 145   -80.658    -8.455    41.948   -1   -1  178  191
 146  -178.807    16.053    28.443   -1  201  151   -1
 147  -194.793    41.033    93.911   -1  186   -1  138
 148    31.431    64.540    26.378  160  176   -1   -1
 149  -144.625    16.791    94.532   -1  204   -1  156
 150  -144.935   124.322   100.690   -1  111   -1   69
 151   -12.472   167.318    52.488   71   71   -1   -1
 152  -116.525     0.050    92.051   -1   -1  180  184
 153  -177.404    -5.591   -53.420  199  222   -1   -1
 154  -175.395   217.279    89.951   11   -1   -1    4
 155   -91.461     4.531    39.429   -1   -1  163  171
 156     0.770   205.243    42.826   23   24   -1   -1
 157  -108.670   219.858   -94.803   -1   22   -1   19
 158    23.382   216.529   -11.288   -1   15    2   -1
 159    -7.017   120.703   -76.921  106  125   -1   -1
 160  -188.973    -2.869    33.315   -1  220  174   -1
 161  -119.109    -7.435    68.449   -1   -1  181  192
 162    11.743   186.465    45.508   47   43   -1   -1
 163   -49.361   208.057    80.265   -1   14   12   16
