98
   1    26.527    83.668   -28.832   97   99   83   87
   2     9.829   149.305   -76.552   45   73   39   49
   3    27.572   124.315   -51.353   70   82   55   71
   4    28.555   127.190   -99.157   63   84   52   68
   5    30.903   157.376   -10.221   44   63   35   42
   6    25.257    60.155   -27.857  110  104   93   99
   7    27.753    75.701   -99.534   99  101   80   91
   8    29.595   134.192   -11.393   65   80   51   63
   9    14.423   106.028   -40.429   80   92   69   78
  10   -65.816   205.115   -89.242    7   30    6   13
  11    -4.395   175.022   -90.693   27   57   23   29
  12    -9.800   155.874   -32.451   47   65   34   43
  13    28.982    67.672   -54.934  105  103   88   94
  14    30.175   178.144   -11.071   29   49   25   25
  15    25.974   119.538   -60.412   75   86   63   73
  16    25.428    48.913    -2.415  116  105   98  106
  17    -0.151   167.897   -95.526   34   61   27   32
  18    24.071   125.219   -21.375   72   83   60   67
  19    11.626    74.342   -48.003  101  102   85   92
  20   -29.335   213.849    92.008    9    1   11    3
  21    19.612   125.498   -49.718   67   81   56   72
  22    17.504   144.381   -88.137   49   79   42   56
  23    28.052   112.860   -68.880   78   90   67   74
  24     4.735   144.113   -94.075   50   78   41   54
  25     1.367   181.895   -44.668   24   50   22   23
  26    29.470    92.754   -73.266   86   94   71   82
  27   -13.056   182.951   -16.996   26   -1   20   22
  28    15.035   139.828   -76.811   54   -1   46   59
  29    -5.874   211.440    -3.552    8   18    3   -1
  30   -33.534   186.933   -69.132   20   43   -1   19
  31    21.505   217.607    38.114    5    5   -1    6
  32   -12.295   163.096   -41.364   39   -1   30   39
  33    -5.029   139.277   -81.233   55   -1   45   60
  34   -22.856   215.486   107.477   10   -1    5    2
  35    -8.472   143.704   -92.389   52   -1   40   55
  36    17.496   188.835    -6.770   -1   35   18   16
  37    33.344    86.852  -106.264   89   -1   72   86
  38    14.992   149.661   -73.478   46   74   38   -1
  39    28.345    81.825  -103.764   -1  100   76   89
  40    16.509   196.283     1.592   18   29   16   -1
  41    12.213   174.861   -59.802   32   56   -1   27
  42    34.692   151.420     3.011   53   67   -1   44
  43    28.354   170.192    11.074   37   54   -1   28
  44    -5.202   202.776    16.518   12   24   13   -1
  45    -6.987    42.830    54.885  124   -1  105  108
  46    13.265    61.394    -7.873  112   -1   94  100
  47     7.458   184.689     4.646   30   39   -1   18
  48    15.206    81.632    14.844  103   -1   84   88
  49    -9.675    59.535    85.305  117   -1   99  101
  50    17.651   116.613   -69.776   76   88   64   -1
  51   -14.021   215.039    -2.700    3   15    2   -1
  52    -8.313    85.454    60.734   -1   97   87   85
  53    11.934   159.498     3.084   43   64   -1   35
  54    33.906    88.130   -70.627   90   -1   75   83
  55    34.550   126.496   -30.773   73   -1   54   66
  56    39.537    78.954  -101.126   95   -1   78   90
  57   -19.607   168.220   -70.816   35   -1   28   34
  58    24.006   213.925    21.231    4   13   -1    8
  59   -77.937   138.934    89.946   -1   75   58   50
  60    17.456   196.631   -24.656   15   32   15   -1
  61    33.873    69.540    -5.981  109   -1   91   93
  62     0.579   139.236    83.560   69   76   -1   52
  63    34.102   100.650   -58.105   81   -1   70   79
  64    28.012    40.870    -9.256  120   -1  101  112
  65    30.561   162.554    27.490   42   59   -1   33
  66    11.504   141.299    87.544   68   72   -1   48
  67     0.517    48.082    29.616  121   -1  100  107
  68     8.093   124.153   -42.718   71   85   57   -1
  69    24.900    63.969   -42.700  107   -1   92   98
  70    11.884   149.809    40.459   57   66   43   -1
  71   -11.250   138.826   -51.616   58   -1   47   61
  72    12.928   155.366  -101.225   -1   70   31   45
  73    40.880    49.182   -99.841  111   -1   95  103
  74    -9.863   165.933  -100.680   36   62   26   -1
  75    22.306    69.815   -66.332  104   -1   86   95
  76    16.541   145.499    50.901   60   69   -1   47
  77    -7.930   113.053  -100.538   77   -1   65   75
  78    29.374    44.685     8.482  119   -1  102  105
  79    45.205    63.656   -50.382  108   -1   89   97
  80    29.557   184.234   -43.341   23   46   -1   21
  81   -41.810   209.289    17.249   -1   16    9   -1
  82   -77.824   204.195    38.066   -1   -1   12   11
  83   -28.213    94.704  -120.733   82   95   -1   -1
  84  -100.652   215.580   -32.270    1   -1    0   -1
  85  -147.590   209.456   109.087   14   -1   -1    5
  86   -36.787   207.069   123.803   17   10   -1   -1
  87    16.526   111.383   116.380   91   87   -1   -1
  88  -194.800    41.044    93.822   -1  107   -1  114
  89   -98.048   165.794   102.760   -1   55   -1   26
  90    36.974    34.873   -42.731  122   -1   -1  116
  91   -29.155   -10.189    73.994   -1   -1  110  129
  92  -194.919    12.848    94.377  133   -1  107   -1
  93   -17.637   147.727    57.105   61   -1   48   -1
  94    17.049   203.787    74.005   16   -1   -1    9
  95    29.842    19.526   -21.116  126   -1   -1  122
  96   -24.987   154.267   124.350   59   60   -1   -1
  97    32.844   209.500   -30.431   -1   22   -1   10
  98   -64.504   204.190   -88.378   -1   30   -1   13
