30
   1  -197.506    22.852    79.561   27   31   27   27
   2  -167.530    20.480    60.787   26   33   26   28
   3   -46.872   138.869    60.093   13   11   12   10
   4     1.785   187.148    18.737    1    3    2    3
   5  -178.469    52.475   -41.295   22   25   21   22
   6  -198.357    82.048   -20.518   19   24   19   21
   7   -98.072   159.681    -0.568    7    7    7    7
   8   -18.170    93.184    79.718   20   21   18   18
   9  -128.153   174.717    -1.783    3    6    3    5
  10  -167.671    11.099    60.474   29   35   29   30
  11  -199.199    49.690   -19.387   24   27   23   24
  12  -197.721   189.970    78.081    2    0    1    0
  13    -7.041   108.048   -31.805   14   18   13   15
  14  -128.254    96.061    -1.985   16   20   15   17
  15   -47.464    86.880    59.574   21   22   20   19
  16   -97.872   174.503    -0.917    4    5    4    6
  17  -167.311   106.074    60.122   15   17   14   14
  18     3.394   136.305    17.925   12   12   11   11
  19  -178.630   157.698   -42.122    6    8    6    8
  20  -197.615   174.804    79.074    5    4    5    4
  21    -7.149   137.071   -31.945   10   14    9   13
  22   -47.269    95.584    59.699   18   19   16   16
  23  -127.991   137.083    -2.884   11   13   10   12
  24  -178.013    82.795   -41.901   17   23   17   20
  25   -98.294   190.512    -1.496    0    2    0    2
  26   -17.584    23.786    78.779   28   30   25   26
  27  -199.122   155.406   -20.620    8    9    8    9
  28    -8.776    50.492   -30.121   23   26   22   23
  29   -17.156    14.432    78.670   30   34   28   29
  30     2.387    22.342    19.463   25   32   24   -1
