202
   1   -87.047   106.860    91.830   86   79   73   85
   2   -33.435   114.899    33.550   68   74   62   79
   3  -142.321    39.489   -59.373  140  156  115  163
   4   -51.416    87.398    81.716  105  106   85  106
   5  -180.291    98.849    64.552   90   91   78   95
   6  -163.097   178.761   -36.862   19   29   14   31
   7   -47.722    73.237   101.923  132  125  106  121
   8  -187.828   201.920    27.274    8   18    6   15
   9  -139.153   123.257    85.066   66   63   59   65
  10   -18.830    93.991    49.877   92   96   81   99
  11  -101.151   158.752    -8.297   31   36   32   44
  12   -88.908   130.249    58.577   53   58   52   58
  13   -34.423    35.152    20.605  145  166  125  167
  14   -98.063   113.584    89.407   75   72   70   78
  15  -105.594     8.114   104.057  201  218  179  221
  16   -81.813    77.500    88.380  120  121   97  117
  17   -29.510    62.467     5.766  124  132  105  129
  18  -110.312   119.797    91.782   71   66   64   69
  19  -184.307   131.603   -63.870   44   62   44   64
  20   -20.832   109.902    42.637   72   76   68   83
  21  -144.849   144.722    53.012   43   39   43   48
  22  -303.853    11.026    65.462  163  213  166  218
  23   -28.442    13.509    34.634  161  201  143  209
  24  -252.620     2.753   102.098  204  248  205  237
  25  -314.667     1.184    38.180  177  242  173  241
  26   -97.401    81.630    99.635  115  113   91  110
  27  -177.522    91.661   -58.269   80  107   71  107
  28  -235.766   161.976    69.394   34   32   33   37
  29  -302.957     0.540    66.787  191  244  199  244
  30   -66.789    79.467    84.597  111  116   93  113
  31  -183.077   130.250    71.518   57   55   53   59
  32  -298.588    -1.944    31.328  183  249  186  245
  33  -118.373   134.104    85.611   51   48   51   56
  34   -33.028    94.475    61.238   94   95   83   96
  35   -33.917    94.239    17.887   88  100   77   97
  36    -6.650    -0.178    17.594  178  240  162  234
  37   -43.473    99.962    60.650   89   85   76   91
  38   -26.607   115.328    26.180   65   73   63   80
  39  -137.197   135.778    81.503   48   44   48   55
  40  -223.003   199.286    99.157   12   13   10   13
  41   -18.767    10.901   -13.517  159  212  139  208
  42   -13.413   163.431     6.322   29   34   29   40
  43  -126.441    16.944   -85.505  146  185  128  203
  44   -29.567     7.200    98.939  195  228  178  214
  45    -1.841     4.727    73.508  196  227  172  217
  46  -183.731    58.461   -79.123  110  137   95  135
  47  -198.526   107.070    79.794   84   81   72   86
  48   -53.018   123.866    47.834   60   64   56   67
  49   -51.803    79.435    93.377  118  115   94  112
  50  -170.025   177.203   -30.823   18   28   18   34
  51   -10.870    36.108    72.717  152  167  130  159
  52   -23.575     3.219    82.065  210  233  177  224
  53   -72.749   146.266   -71.350   36   43   36   51
  54    -2.379    18.684    86.325  166  191  148  201
  55  -313.126     5.903    55.807  167  223  175  233
  56  -169.377    79.945    49.255  107  117   89  115
  57   -21.314    21.637    99.599  164  188  146  193
  58   -37.396    -0.586    79.981  209  250  194  235
  59  -326.845    -2.647    12.723  172  236  182  252
  60    11.523    46.890    72.566  144  148   -1  147
  61   -64.033    71.024    91.415  131  127   -1  124
  62  -172.263   167.738    75.020   30   -1   30   35
  63   -68.814   109.871   103.557   82   75   74   -1
  64  -112.327    53.673     8.609  136  141  110   -1
  65  -245.192   136.631   -30.381   40   57   -1   57
  66  -316.888    20.077   -70.621   -1  184  131  200
  67  -204.252   109.573  -108.391   54   -1   55   88
  68   -74.253   106.557   101.891   87   80   75   -1
  69  -131.208   168.684    98.864   32   30   31   -1
  70  -178.744   187.270   -96.901   10   27   11   -1
  71   -33.127    56.750   104.534  142   -1  119  134
  72  -128.923   116.754   -31.241   56   -1   58   76
  73  -197.942   208.154    52.076    1   -1    4    9
  74  -317.664    26.337    53.734   -1  177  140  190
  75   -43.638    89.796    89.416  101  103   -1  104
  76  -225.382     4.307    67.552  189   -1  180  228
  77  -237.010   137.304    74.723   47   -1   45   52
  78  -228.007   173.808    45.800   -1   31   25   29
  79  -121.094   102.610   -51.576   70   -1   65   90
  80  -323.932    48.036    22.892   -1  147  121  152
  81   -98.133    78.665    87.266   -1  118   96  114
  82  -283.852    14.607    99.143   -1  205  168  210
  83  -162.183   128.349    32.025   52   60   -1   61
  84   -75.547    22.002   106.073  165  183  152   -1
  85  -231.488   190.070    93.818   17   20   15   -1
  86    -2.845   106.514    99.102   85   78   -1   84
  87   -93.925   135.543    52.133   -1   50   49   53
  88     7.074    12.645   -22.933   -1  206  137  205
  89  -298.748    -5.254    60.107  203   -1  211  257
  90   -21.044    60.224    68.062  139   -1  113  128
  91   -95.495   157.728    55.559   35   -1   37   41
  92   -59.749    74.153    96.568  126  124   -1  120
  93   -28.120    49.265   105.946   -1  146  124  144
  94  -174.229    81.236    61.024  109  112   88   -1
  95  -156.615    82.992   109.264  114  111   92   -1
  96  -122.617    -1.500    30.413   -1  245  176  238
  97  -221.167   148.073    34.233   39   -1   41   46
  98  -157.026   152.350    44.159   38   37   39   -1
  99  -325.650    42.862   -77.618   -1  151  109  161
 100     4.654     4.158    40.382  173  225   -1  225
 101  -302.539   199.314   -45.485    2   22    5   -1
 102   -47.840    39.452   -90.021  135  157   -1  162
 103  -108.723   125.643    26.664   55   65   -1   63
 104   -86.833     1.614    31.797  184  234  163   -1
 105   -10.169     1.630   104.747   -1  247  190  230
 106   -26.670    54.160   101.552   -1  140  120  136
 107  -316.240    -1.469   -65.191  156  243  155   -1
 108  -125.292     6.510    94.477  192  231  181   -1
 109  -291.560    10.691    87.384  176  215  169   -1
 110  -317.781    37.400   -53.201   -1  162  122  164
 111  -318.066    13.534   -60.947  148   -1  134  212
 112  -310.540    -3.656    53.050  197   -1  202  259
 113  -284.156     6.596  -101.696   -1  207  138  222
 114  -152.709   127.157   101.070   62   56   -1   62
 115   -94.877    -5.225     0.654  169   -1  171  247
 116   -29.000    31.054    47.882  151  173   -1  172
 117  -213.003   209.326    79.465    4    8   -1    4
 118  -125.557   168.423   -48.703   26   -1   22   38
 119   -22.351    14.858   102.660  181  202   -1  206
 120   -64.337    70.009    96.618  134   -1  107  125
 121  -270.049     9.904    78.438   -1  220  170  216
 122   -90.434    62.784   -61.454  108  133   90   -1
 123  -256.053    42.664   -55.792   -1  152  114  157
 124    -2.334    14.928    79.185   -1  204  153  204
 125  -116.475    -3.270    36.486   -1  251  184  242
 126  -124.015   116.521    97.284   73   69   -1   70
 127   -17.642     5.293    82.680  193  232   -1  219
 128  -309.550    -0.912    36.035  179  239  187   -1
 129  -127.851   216.157    11.430   -1    7    0    5
 130     9.755    59.238   -11.377  122  135   -1  133
 131   -12.970    33.058    98.300   -1  168  136  170
 132  -110.754     5.685   -38.849  157   -1  141  223
 133   -18.492    77.691   -62.958   95  122   -1  119
 134   -90.647    92.704   -55.725   79  104   -1  105
 135    -7.584    -9.522    33.404  202   -1  198  251
 136   -12.173    17.985    86.326   -1  200  151  197
 137  -322.194     0.067  -101.721  154  230   -1  229
 138  -100.278    26.124    26.934  149  176   -1  187
 139    11.001     9.358    17.011   -1  211  145  213
 140   -30.266    11.015    70.662  168  219  158   -1
 141  -181.360    61.121    20.065  127   -1   -1  132
 142  -128.055   116.334    79.183   -1   -1   66   72
 143   -64.951   101.310    98.354   91   -1   -1   87
 144     8.323    77.234   125.149  129  119   -1   -1
 145   -81.221   201.689    53.295   -1   15   -1   14
 146  -121.856    12.441    32.380  160   -1  150   -1
 147  -311.564   176.853    26.304   23   -1   -1   27
 148  -327.292   104.292   -81.280   63   -1   -1   93
 149  -205.234    96.336   106.630   99   -1   84   -1
 150   -95.342   190.610   -60.347   -1   24   -1   22
 151  -306.333   210.056    40.887   -1   10   -1    6
 152  -231.608   168.707   -31.736   -1   33   24   -1
 153  -205.404    -0.039    38.407  180   -1   -1  239
 154  -115.235    61.757   -32.694   -1  134   -1  131
 155   -77.164    99.685    75.464   -1   88   -1   89
 156  -115.983   205.261   114.393   -1   -1    7    7
 157  -177.323   209.652   -16.383   -1   14    1   -1
 158   -81.605   143.162    37.790   42   41   -1   -1
 159  -362.325    35.604   128.407   -1   -1  142  175
 160  -267.969   127.859    91.906   61   -1   57   -1
 161  -230.266    17.587    29.255   -1  192  144   -1
 162  -166.373   187.143     0.500   14   -1   -1   20
 163  -162.312    69.929    83.423  125   -1  108   -1
 164  -190.877   155.500    77.765   -1   -1   38   42
 165  -283.090   191.095    11.913   13   -1   12   -1
 166  -100.767   119.807   122.581   -1   -1   67   68
 167  -263.977   135.395   103.954   50   47   -1   -1
 168  -196.844   109.963  -103.863   -1   84   54   -1
 169  -243.625    64.582   -67.789  104   -1   -1  130
 170  -284.749    -4.052    86.405   -1   -1  218  256
 171  -172.477    73.796    68.262  121   -1   99   -1
 172  -319.401    50.013  -131.879   -1   -1  101  150
 173  -213.167   107.629     3.461   69   -1   69   -1
 174  -273.777    44.252    66.462   -1  153  126   -1
 175  -225.751   225.771   -21.851   -1    2   -1    0
 176    31.622    69.390   109.231  137  129   -1   -1
 177  -154.991    38.425   -92.687   -1  160  111   -1
 178   -50.166    18.616    73.446   -1  190   -1  202
 179  -226.910   145.324   -20.913   37   -1   40   -1
 180  -156.956    37.284    70.154   -1   -1  132  165
 181  -283.403    27.469    45.000  153   -1   -1  186
 182   -36.076     9.372   108.649  198  221   -1   -1
 183  -122.619    22.068   -66.481   -1   -1  127  191
 184  -345.270    34.771   -50.839   -1  164  123   -1
 185  -312.645    55.892   -88.622   -1   -1  100  137
 186  -101.382    74.131    73.964   -1  126   -1  118
 187  -119.491   182.708   -27.173   16   -1   -1   25
 188  -182.594    78.321    77.930  112  120   -1   -1
 189   -87.532    40.904   -11.469   -1  158  118   -1
 190  -257.216    97.500   106.700   96   92   -1   -1
 191  -250.241    43.748   108.388  147  154   -1   -1
 192  -193.377   121.399   -69.429   -1   -1   50   74
 193     6.782   141.902    -8.300   -1   46   42   -1
 194  -218.278    16.253   126.497  182  197   -1   -1
 195  -300.983   106.280    87.726   83   82   -1   -1
 196  -181.692    84.513    -1.992   -1  110   -1  111
 197  -110.212   121.969    89.446   -1   67   60   -1
 198   -95.884    81.431    90.977   -1   -1   91  110
 199   -66.656    79.614    85.664   -1  116   93   -1
 200  -183.048   130.806    70.048   -1   55   53   -1
 201   -13.714   163.924     5.769   -1   34   29   -1
 202   -53.235   124.457    46.648   -1   64   56   -1
