205
  30  130     13.747     -7.462      3.413
 129   -2      9.235     -6.343      3.663
  54  123     11.677     -8.626      6.862
   3   82      8.721     -6.554      4.370
  -1    7      9.978     -6.355      9.305
  71  163     10.871     -9.953     -9.270
  17   13      4.559     -8.389    -10.154
   8   19      4.257     -9.218     -8.192
  -1   -2      1.977     -7.787     -0.760
  -1  109      8.548     -9.136     -8.939
  90    0      9.221     -7.497      5.111
  28  138      5.379     -7.845     -8.858
 104   22      8.299     -6.926      0.690
   5  116      3.032     -9.266     -9.254
  15   -2      6.967     -6.807      8.847
  11  205      3.477     -5.079      0.823
  32   -2     10.678     -8.688      1.074
  18   -2      8.503     -6.736      8.162
  22   25     12.133     -8.519     -3.546
 126   72     14.019     -9.563     -6.005
 143   97     12.691     -7.216      7.956
   9    8      2.513     -8.172     -2.123
 175  149      6.793     -8.857      6.238
  38   43      6.682     -5.032     -4.722
  51   39      2.158     -7.543     -0.065
 106  101     -7.874     -9.476     -8.503
  -1   12      4.897     -8.225    -10.733
 130   -2     10.904     -6.763      0.979
  -1   23     10.804     -7.323      1.990
  86    6      7.444     -9.118      6.131
  72  102     -7.716    -10.160      2.270
  78  155      8.410     -7.433     10.400
  83   11     10.615    -10.314     -8.345
  35   53     10.058     -5.821      1.477
 139   -2     11.619     -5.724      4.787
  50   -2      6.680     -9.283     -6.335
 153  151      6.239     -4.573     -4.320
  -1   -2      6.882     -8.404      3.751
  -1   -2     12.311     -5.025      0.238
  68   -2      5.825     -8.806      2.668
  -1   28     -0.760     -6.016      6.056
 146   -2      5.186     -6.480      6.230
  -1   33     11.661     -9.679     -2.835
 110   49      4.064     -7.827     -4.284
  73   93     -7.592    -10.187     -6.677
  46   42      4.842     -6.169      3.539
  -1   92      9.524     -7.078      6.107
  -1   56      9.889     -3.308      6.080
 179   26      1.280     -5.107      5.737
  23  153      9.800     -5.918      2.995
  37   94     16.396     -6.921      1.137
  60    2     10.034     -9.198     -0.775
  88   74     16.213     -9.887     -9.554
  -1   60     -0.078     -9.266     -0.043
  -1   -2      5.334    -10.763      2.507
 176   80      5.623     -9.726      6.814
  52   67     -7.544     -4.540      9.258
  95   24      7.918     -7.469     -2.803
  87  117     -3.477    -10.227     -1.951
   6    9      7.082     -8.163     -6.176
 122  177     18.489     -8.397     -0.465
  -1   34      6.593     -7.536     -6.425
  48   -2     14.038     -8.717     -0.356
  49   -2      3.622     -6.927      6.385
  10  125      8.173     -6.885      6.193
  75    1     11.802     -8.367      6.304
 131   -2     10.649     -8.269     -0.103
 124   -2     -2.873     -8.682      6.366
  62   69      6.814     -2.779      2.001
 138   -2      8.997     -7.880      0.157
  -1   17      1.676     -7.591      2.595
 158   58      3.992     -8.605     -0.695
  -1   -2     11.089     -6.949      8.206
  -1   71     -7.951     -5.790    -10.611
  -1   27     12.352     -5.238     -0.857
 115   -2      9.019     -9.841     -5.366
  89   75      2.330     -6.475      4.748
  -1   84      0.748    -10.279     -8.871
  -1   -2      8.148     -9.856      0.433
  96   -2      5.136     -9.407      7.005
  19   50      5.089     -7.389     -6.343
  82   85      4.963     -4.314      8.274
 120  128      5.974     -9.907     -2.719
  -1  139      5.828     -7.656      0.848
  20    3      6.688     -8.874     -9.135
  -1   -2     18.791     -8.634     -0.732
  -1   63     12.707     -7.535      6.164
  -1   68      1.586    -10.462      7.782
  -1  143     -0.448     -6.022     -8.529
  -1   -2      6.689     -5.462     -2.855
  -1   -2      3.539     -8.098     -8.996
  -1   -2      6.586     -8.273     -9.855
  74   10      4.380     -8.790     -5.264
 133   -2      0.164     -7.037     -3.920
  57   20      7.641     -9.565      2.661
 113   90      5.164     -6.899      5.905
 148   18      7.153     -5.887      3.026
 166   -2     17.294     -6.086      0.152
  -1  106      1.668      1.175      7.711
  -1  157     -0.904     -7.237      2.930
 137   83     13.139     -4.538      9.882
  29   -2     12.875     -6.908      4.747
  -1   -2      5.197     -7.609    -10.518
  67   65      4.647     -9.029    -10.183
  -1   -2     13.383     -9.683     -9.347
 112   66      4.609     -9.753      7.379
 150   48      7.973     -7.850      4.173
  -1   -2      6.695     -3.814     -7.215
 156  134     -4.500     -6.086     -3.520
  79   32      7.077     -5.449      9.828
  -1  120     -7.746    -10.643      2.422
 101  103     19.935     -8.733     -4.738
  -1  122      3.768     -9.449    -10.307
  -1   79     13.690     -5.090     -2.327
  42   31     13.046     -4.919      8.525
  -1   -2      8.880     -4.340      4.042
  70  141     -4.039     -5.223     -4.922
  -1   73     -1.778     -7.071     -2.116
  -1  107      2.898     -9.746      2.807
 165  161    -10.799    -10.292     -3.525
 182   -2     17.273     -4.654     -5.412
  -1   -2      3.052     -4.830      2.144
  -1   70      8.673     -6.588      8.770
  -1   -2      7.297     -8.064     -8.460
  -1  145     11.887     -3.565      6.334
  26  136     15.432     -6.998      7.872
  97   -2      0.487     -8.018     -4.049
 135   -2      9.640     -5.180      5.343
  -1  129      7.888     -5.045      2.681
  34   -2     10.886    -10.100     -8.756
 141  105     10.347     -6.957      1.504
 167   86     -2.901     -9.354     -9.046
   1   -2     14.077     -9.356     -7.285
  -1  167      5.495     -8.759     -9.116
 173   -2     18.454     -9.483     -4.895
 149  156      9.147      0.598      8.616
 164  148    -11.745     -8.523     -5.628
 114  164     11.343     -0.729      3.064
  -1   62      7.772     -9.160     -2.991
 171  166     -3.845     -7.635     -1.104
 105  132      9.622     -3.506      4.715
  -1   -2      9.400     -7.074     -6.619
  -1   -2      9.017     -7.342      5.702
 142   40      7.080     -7.067     -7.505
 151   -2      7.164     -8.593     -9.590
  -1   55     -3.219     -7.011      8.575
  -1   87     15.112     -6.284     -3.925
  -1   -2     17.354     -2.846     -8.698
 121   -2     -4.347    -10.682     -1.064
  -1   -2      7.350     -6.309      7.213
 157   98     -6.651     -7.876     -1.071
  77   -2      8.442     -6.952      9.928
 145   -2     12.366     -3.185      0.442
  -1  187    -11.416     -9.696     -7.850
  -1   52     10.590     -4.101     -2.382
 108  154     -5.804    -10.426      2.565
  -1   -2     -0.307     -8.346    -10.887
 147  160      9.981     -4.781      1.556
  -1   -2      8.208     -7.602      5.276
  -1  189     -2.156     -7.710     -5.352
  -1   -2     11.265     -4.428      1.435
  -1   -2     -0.049     -6.586     -4.644
  -1   36     12.121     -6.230     -9.520
 117    4      8.521     -3.731      4.291
 152   47     10.827     -3.149     -6.756
 161   -2     -7.238     -4.011     -4.082
 159  183    -13.622    -10.728      2.800
 155  203     11.393      3.306      1.321
  -1  144     -9.023    -10.815      3.045
  -1   -2     15.420    -11.061    -10.415
 168   -2    -12.097     -3.180     -6.289
 163  186     -2.731      1.506     -5.342
 178  184     19.164     -3.581     -6.031
 180   -2      3.767     -3.017      2.303
 169   -2     -5.165     -4.319     -2.760
 181   14     13.497     -8.584    -10.754
  -1   -2     21.459     -1.457    -10.244
  -1  121      5.921    -10.934      4.294
 127  190     -4.508     -5.166      5.293
  -1  114    -10.713     -5.046     -0.001
  -1  193     -4.042     -2.320    -10.571
  -1   -2      0.447     -9.639    -11.420
  56  200      9.724     -2.071      7.086
  -1  119     15.685     -1.225      2.345
  -1  147     -1.277      1.405     -1.866
  -1  192     -9.699     -0.771     -8.024
  -1   44      1.471     -6.161     -6.022
  -1   -2     -3.457     -6.367     -3.562
  -1   -2     11.271     -3.201    -12.116
  -1  137     13.104     -3.192      2.490
  -1   57     -1.240    -11.033     -7.356
  -1  170      7.893      2.297     -8.080
 170  169     17.148     -3.767      3.519
 177  197     17.501      3.790    -11.687
  -1   -2      7.462      1.345     -4.581
  -1  152      8.799     -1.312      9.339
  -1   -2    -11.468     -5.568     -5.336
  14   64      0.704     -9.357     -9.472
 154   76     10.777     -8.311     -4.249
  -1   -2     16.667     -2.302      2.774
  -1  180    -13.179     -1.621     -3.052
  -1   30     11.108     -2.182      3.698
  -1   -2     -2.003     -7.201      7.701
  36   -2      3.501     -5.059      0.645
  92   -2      1.514      1.198      8.149
