259
  41   -2      9.753     -7.895      1.409
  -1   -2      9.174     -6.347      3.874
   3    3     11.642     -8.227     -4.374
  -1   -2     -4.459     -6.943      6.468
   2  102     16.375     -4.570     -9.642
  13    6     13.207     -3.832      4.304
  -1   -2     17.353     -5.964     -0.656
  -1   10      4.707     -7.728      4.367
   5  264     12.098     -5.522      3.553
  84   34      6.665     -9.084      8.296
  50   71     14.609      0.496     -5.061
  -1   39     19.443     -6.424     -4.857
  76    2     14.619     -5.018     -5.916
 104   30      6.974     -5.305      5.856
  -1   14     10.975     -2.665      3.935
  -1   74      7.982     -5.850      9.697
  17   18      4.311     -5.505      8.233
  -1   -2     14.132     -7.186      7.826
  69   -2     18.058     -9.870     -4.198
  58   49      4.420     -7.587     10.290
  18   20     -0.539     -8.768     -7.030
  75   -2     17.792     -4.233     -0.658
  21   16     20.047    -10.455     -6.951
  23   29     -5.775     -6.905    -10.167
  99   13     12.549     -3.847     -4.930
  86   -2      5.204     -6.086      3.813
  26   -2     -0.113     -3.694     -9.641
  24   33     18.258     -9.188     -3.354
  28   31      9.158     -7.489      2.753
  -1   25     -6.323     -9.130     -8.110
   6   -2     18.560     -6.166     -2.926
  31   47    -11.562     -9.726     -7.949
  35   41      6.454     -7.354      9.591
 103   -2     -5.865     -9.006     -0.406
  54   -2      3.022     -8.840      4.868
  -1   92      9.149      0.609      8.609
  36   43     -0.317     -6.860      5.272
  39   44     16.869     -8.268      3.902
  37   -2     -2.636     -6.486      0.331
  -1   37      7.049     -9.129     10.035
  64   -2     14.870    -10.017     -7.213
  44   48     14.575     -4.274      7.781
  68   -2     -5.712     -7.353      9.054
  48   38     -8.928     -8.323      3.974
  34   19      4.696     -7.385     10.059
  -1   62     -9.509     -0.709     -7.593
  -1   -2    -12.595     -6.332      9.052
  -1  206     10.813     -3.148     -6.809
  -1   -2     13.634      1.939     -6.218
  -1   75     17.418     -1.514     -1.838
  15   55     15.288     -9.204      3.346
  52   -2      2.927     -9.405     10.130
  -1   36      2.363    -10.826     -0.378
  -1  111      8.959      0.880     -9.747
  -1   -2      3.469     -1.160      1.214
  -1   -2     12.337     -0.398     -6.675
  -1   79     19.733      2.430     -2.579
  -1  115     14.476    -10.501     -7.156
  -1  110      2.340    -11.124     -6.720
  -1   -2      9.075     -9.258     10.033
  -1   61     11.436     -8.717      4.811
  -1  219      4.519      1.487      1.252
  78   28      2.004     -0.859     -9.111
  -1   -2     -7.422    -10.094     -9.856
  -1   -2      7.465     -3.237      8.369
  -1   -2     -8.844    -10.467    -10.025
  67   69     -1.834      1.233     -8.136
  63   -2     -8.684     -9.518      0.608
  73   -2     -4.012     -5.123      2.154
  -1  148     -7.079     -5.922      5.776
  -1   -2     -6.631    -10.425     -9.624
  -1   -2     18.048    -10.021     -2.840
  70   73     21.450     -1.458    -10.219
  40   21      9.395     -7.141      7.673
  -1   42     -0.755     -2.752      5.789
  -1   46     16.994    -10.265    -11.112
  66   77     -4.508     -5.165      5.277
  77  227     13.529      4.273     -5.978
  -1   -2      1.629    -10.609      2.406
 196   93      6.060     -2.411     -3.161
  10   23     17.242     -1.084     -2.463
  82   -2     -2.536     -0.959    -11.410
  -1   -2     20.103      1.478     -0.582
  -1   -2     19.814     -7.958     -4.408
  27    0     10.743     -6.560      0.426
  -1   40     -8.053    -11.056    -10.273
  85   83     -3.685     -8.253      7.811
  -1  139     12.177    -10.502     -3.863
  59   91     17.517      3.791    -11.727
  98   32     -8.417     -4.493     -8.468
  90   -2      8.018     -3.499     -3.455
  88   17     14.655     -8.119      9.459
  89   45      9.354      0.286      9.925
  87  100    -10.928     -3.869     -8.550
  46   95     17.930     -6.207     -6.739
  -1   -2      9.174     -6.347      3.874
  -1   -2     -4.459     -6.943      6.468
  97  121    -12.595     -6.332      9.052
  -1   -2     10.813     -3.148     -6.809
  -1   -2     -9.509     -0.709     -7.593
  -1   -2     13.634      1.939     -6.218
  -1   -2      2.363    -10.826     -0.378
  51   -2      8.959      0.880     -9.747
  -1   -2      3.469     -1.160      1.214
  -1   58     12.337     -0.398     -6.675
  -1   -2     19.733      2.430     -2.579
 114   63      4.519      1.487      1.252
  -1   -2     14.476    -10.501     -7.156
  65  116     -7.422    -10.094     -9.856
  -1   -2      7.465     -3.237      8.369
  -1   -2     11.500    -10.534     -1.860
  -1   -2      9.174     -6.347      3.874
  -1   -2     -4.459     -6.943      6.468
  -1   -2     19.292     -6.435     -4.697
  -1   -2     10.813     -3.148     -6.809
  -1   -2     -9.509     -0.709     -7.593
  -1   -2     13.634      1.939     -6.218
  -1   -2      3.469     -1.160      1.214
  -1   -2     19.733      2.430     -2.579
  -1   -2      7.465     -3.237      8.369
  33   88     11.500    -10.534     -1.860
  -1   -2      9.174     -6.347      3.874
  11   -2     19.292     -6.435     -4.697
  -1   -2     10.813     -3.148     -6.809
  -1   -2     -9.509     -0.709     -7.593
  -1   -2     13.634      1.939     -6.218
  -1   -2      3.469     -1.160      1.214
  -1   -2     19.733      2.430     -2.579
  -1   -2      7.465     -3.237      8.369
  -1   -2     -4.459     -6.943      6.468
  -1   -2      9.174     -6.347      3.874
  -1   -2     10.813     -3.148     -6.809
  -1   -2     -9.509     -0.709     -7.593
  -1   -2     13.634      1.939     -6.218
  -1   -2      3.469     -1.160      1.214
  -1   -2     19.733      2.430     -2.579
  -1   -2      7.465     -3.237      8.369
  -1   -2     -4.459     -6.943      6.468
  -1   -2      9.174     -6.347      3.874
  -1   -2     10.813     -3.148     -6.809
  -1   -2     -9.509     -0.709     -7.593
  -1   -2     13.634      1.939     -6.218
  -1   -2      3.469     -1.160      1.214
  -1   -2     19.733      2.430     -2.579
  -1   -2      7.465     -3.237      8.369
  -1   -2      9.174     -6.347      3.874
  95   -2     -4.459     -6.943      6.468
  -1   -2     10.813     -3.148     -6.809
  -1   -2     -9.509     -0.709     -7.593
  -1   -2     13.634      1.939     -6.218
  -1   -2      3.469     -1.160      1.214
  -1   -2     19.733      2.430     -2.579
  -1   -2      7.465     -3.237      8.369
  -1   -2      9.174     -6.347      3.874
  -1   -2     10.813     -3.148     -6.809
  -1   -2     13.634      1.939     -6.218
  -1   -2     -9.509     -0.709     -7.593
  -1   -2      3.469     -1.160      1.214
  -1   -2     19.733      2.430     -2.579
  -1   -2      7.465     -3.237      8.369
  -1   -2      9.174     -6.347      3.874
  -1   -2     10.813     -3.148     -6.809
  -1   -2     -9.509     -0.709     -7.593
  -1   -2     13.634      1.939     -6.218
  -1   -2      3.469     -1.160      1.214
  -1   -2     19.733      2.430     -2.579
  -1   -2      7.465     -3.237      8.369
  -1   -2      9.174     -6.347      3.874
  -1   -2     10.813     -3.148     -6.809
  -1   -2     -9.509     -0.709     -7.593
  -1   -2     13.634      1.939     -6.218
  -1   -2      3.469     -1.160      1.214
  -1   -2     19.733      2.430     -2.579
  -1   -2      7.465     -3.237      8.369
  -1   -2      9.174     -6.347      3.874
  -1   -2     -9.509     -0.709     -7.593
  -1   -2     13.634      1.939     -6.218
  -1   -2     10.813     -3.148     -6.809
  -1   -2      3.469     -1.160      1.214
  -1   -2     19.733      2.430     -2.579
  -1   -2      7.465     -3.237      8.369
  -1   -2      9.174     -6.347      3.874
  -1   -2     10.813     -3.148     -6.809
  -1   -2     -9.509     -0.709     -7.593
  -1   -2     13.634      1.939     -6.218
  -1   -2      3.469     -1.160      1.214
  -1   -2     19.733      2.430     -2.579
  -1   -2      7.465     -3.237      8.369
  -1   -2      9.174     -6.347      3.874
 184  207     -9.509     -0.709     -7.593
  -1   -2     13.634      1.939     -6.218
  -1   -2     10.813     -3.148     -6.809
  -1   -2      3.469     -1.160      1.214
  -1   -2     19.733      2.430     -2.579
  -1   -2      7.465     -3.237      8.369
  -1   -2      9.174     -6.347      3.874
 183   -2     10.813     -3.148     -6.809
  -1   -2     13.634      1.939     -6.218
  -1   -2      3.469     -1.160      1.214
  -1   -2     19.733      2.430     -2.579
  -1   -2      9.174     -6.347      3.874
  -1   -2     13.634      1.939     -6.218
  -1   -2      3.469     -1.160      1.214
  -1   -2     19.733      2.430     -2.579
  -1   -2      7.465     -3.237      8.369
  -1   -2      9.174     -6.347      3.874
  -1   -2     13.634      1.939     -6.218
 101   -2      3.469     -1.160      1.214
  -1   -2     19.733      2.430     -2.579
  -1   -2      7.465     -3.237      8.369
  -1   -2      9.174     -6.347      3.874
  -1   -2     13.634      1.939     -6.218
  -1   -2     19.733      2.430     -2.579
  -1   -2      7.465     -3.237      8.369
  -1   -2      9.174     -6.347      3.874
  -1   -2     13.634      1.939     -6.218
  -1   -2     19.733      2.430     -2.579
  -1   -2      7.465     -3.237      8.369
  -1   -2      9.174     -6.347      3.874
  -1   -2     13.634      1.939     -6.218
  -1   -2     19.733      2.430     -2.579
  -1   -2      7.465     -3.237      8.369
  -1   -2      9.174     -6.347      3.874
  -1   -2     13.634      1.939     -6.218
  -1   -2     19.733      2.430     -2.579
  -1   -2      7.465     -3.237      8.369
  -1   -2      9.174     -6.347      3.874
  55   82     13.634      1.939     -6.218
  -1   -2     19.733      2.430     -2.579
  -1   -2      7.465     -3.237      8.369
  -1   -2      9.174     -6.347      3.874
  -1   -2     19.733      2.430     -2.579
  -1   -2      7.465     -3.237      8.369
  -1   -2      9.174     -6.347      3.874
  -1   -2     19.733      2.430     -2.579
  -1   -2      7.465     -3.237      8.369
  -1   -2      9.174     -6.347      3.874
  -1   -2     19.733      2.430     -2.579
  -1   -2      7.465     -3.237      8.369
  -1   -2      9.174     -6.347      3.874
  -1   -2     19.733      2.430     -2.579
  -1   -2      7.465     -3.237      8.369
  -1   -2      9.174     -6.347      3.874
  -1   -2     19.733      2.430     -2.579
  -1   -2      7.465     -3.237      8.369
  -1   -2      9.174     -6.347      3.874
  -1   -2     19.733      2.430     -2.579
  -1   -2      7.465     -3.237      8.369
  -1   -2      9.174     -6.347      3.874
  -1   -2     19.733      2.430     -2.579
  57   15      7.465     -3.237      8.369
  -1   -2      9.174     -6.347      3.874
  -1   -2     19.733      2.430     -2.579
  -1   -2      9.174     -6.347      3.874
  -1   -2     19.733      2.430     -2.579
 242   -2      9.174     -6.347      3.874
  -1   -2     19.733      2.430     -2.579
  -1   -2     19.733      2.430     -2.579
 246   -2     19.733      2.430     -2.579
