370
  -1   26     10.236    -10.198      2.900
  35   -2      9.750     -7.893      1.406
   3    2     17.614     -2.888     -8.531
   4    3      2.695     -9.459      9.511
   5    4     17.869     -2.373     -7.326
  -1   -2     13.326     -2.094     -1.952
  -1   23     -2.397    -10.605     -0.136
   7   43     -4.223     -9.881     -3.358
  -1   -2      9.171     -6.346      3.879
  -1   -2     16.700     -2.776     -9.972
   9    7     16.361     -4.577     -9.604
  22   -2     11.643     -8.227     -4.382
  -1  120     -4.465     -6.943      6.482
  38   11     17.352     -5.963     -0.654
   2   18     13.206     -3.832      4.308
   0   10     12.095     -5.522      3.556
  16   17      4.702     -7.726      4.346
 163  159     19.440     -6.421     -4.854
  54   -2     14.607      0.496     -5.055
  27   -2      4.765     -7.404      8.234
  -1   40      6.665     -9.082      8.292
  -1   -2     14.620     -5.007     -5.897
  21   50     12.086     -9.044      2.891
  31   21      4.312     -5.504      8.246
  30   -2      3.773     -8.496      1.941
  28   36      6.972     -5.306      5.856
  23   51     17.789     -9.964     -6.318
  -1   -2      8.356     -2.342     10.472
  -1   22      7.980     -5.852      9.690
  -1   -2      6.050     -9.667      9.912
  13   -2     17.789     -4.232     -0.651
 117  100      4.661    -10.168      1.465
  -1   79     13.981      1.380     -3.390
  33    1     12.549     -3.847     -4.933
 147   47     -0.115     -3.692     -9.662
  81   30     -5.779     -6.905    -10.186
   6   -2     -2.869     -9.779      0.006
  74   33    -10.059    -10.632     -5.098
  10    0      9.156     -7.489      2.753
  49   64     -1.285     -8.686     -6.207
  56   54      3.018     -8.841      4.859
  17   -2      8.166     -9.312      8.111
  80   19      6.450     -7.357      9.578
 128   -2      2.028    -10.187      9.006
  98   -2     -6.317     -9.131     -8.093
  19   92     12.257     -7.777      1.116
  44   -2      4.763     -6.206      2.513
  65   96     14.153    -10.375     -3.940
  20   -2     18.549     -6.136     -2.889
  43   76     14.867    -10.016     -7.211
  -1   -2     16.812     -9.492     -5.342
  -1   55     14.577     -4.271      7.779
 100   -2     18.000     -6.143     -6.902
  -1   -2     -4.013     -7.507    -10.443
  -1   12     15.290     -9.226      3.346
  -1   -2     -9.511     -0.706     -7.599
  -1   -2     10.826     -3.149     -6.779
  -1   15     13.635      1.937     -6.218
  -1   -2     12.937     -0.487     -0.864
  -1  103      2.423    -10.773      4.568
  -1   -2      8.959      0.879     -9.747
  -1   -2     22.102    -10.168    -11.448
  -1   -2     15.602     -0.600      4.651
  -1   -2      3.473     -1.160      1.221
  -1   57     17.244     -8.838     -3.632
  57   -2     12.335     -0.399     -6.677
  -1   73     18.305    -11.155     -6.102
  -1   86     19.732      2.432     -2.582
  -1   66     21.671     -8.592     11.193
  91   -2     10.643    -10.562      0.227
  -1   -2     17.509      3.831    -12.170
   8   13     11.045     -1.412     -9.482
  -1   37     14.477    -10.496     -7.158
  -1   -2      7.465     -3.238      8.367
  63   39     11.116     -8.636      3.765
  68   78     -8.682     -9.519      0.615
  70   71     -1.834      1.234     -8.139
  -1  229      4.519      1.486      1.250
  -1   -2     -7.420    -10.092     -9.847
  -1   53     -4.012     -5.130      2.143
  47   42     20.398     -7.984     -2.113
   1   58     16.098     -8.274      1.456
  37   44    -11.649     -9.730     -7.742
  62   41     13.376     -8.470      6.468
  76   81     21.436     -1.458    -10.189
  79   24      9.395     -7.136      7.675
  -1  255     13.533      4.273     -5.982
 120   56     -4.517     -5.164      5.259
  60   -2     16.921     -1.424     -3.696
 318   94      6.060     -2.410     -3.160
  -1   -2     -0.760     -2.748      5.780
  95   27     17.241     -1.082     -2.453
  87   88     -1.385     -9.948      9.131
  32   -2     -5.230     -7.975     -8.220
  88   93     -2.542     -0.957    -11.430
  -1   -2      4.535     -9.703      9.717
  -1  101      5.552     -9.573     10.259
  -1   -2     10.744     -6.558      0.422
  34   -2     14.594    -11.187     -4.846
  -1   82      6.970     -4.264     -2.294
  -1   -2    -11.468     -5.565     -5.334
  -1   35     16.651     -2.296    -10.085
  85   28      8.016     -3.504     -3.466
  94   98      9.360      0.282      9.943
  55   -2     -8.412     -4.495     -8.468
  90  104     19.655     -8.827     -9.366
 123   25     -0.691     -8.134      7.099
  -1   -2    -10.255     -6.090     -3.829
  -1    5     -2.195    -10.657     -0.754
  -1   -2      9.171     -6.346      3.879
  -1   -2     -4.465     -6.943      6.482
  -1   45     19.368     -6.438     -4.693
  25  122     13.767      1.396     -2.865
  99   67     10.826     -3.149     -6.779
  -1   97     -9.511     -0.706     -7.599
  -1   -2     13.635      1.937     -6.218
  48   46      2.423    -10.773      4.568
  -1  137      8.959      0.879     -9.747
  -1   -2      3.473     -1.160      1.221
  -1   -2     19.732      2.432     -2.582
  -1   -2     14.477    -10.496     -7.158
  -1   -2      7.465     -3.238      8.367
  -1   -2      4.519      1.486      1.250
  -1   -2     -7.420    -10.092     -9.847
  -1   -2     -4.012     -5.130      2.143
  -1  141     -0.760     -2.748      5.780
  -1   -2      9.171     -6.346      3.879
  -1   -2     -4.465     -6.943      6.482
  -1   -2     19.368     -6.438     -4.693
  -1   -2     -9.511     -0.706     -7.599
  -1   -2     13.635      1.937     -6.218
  -1   -2      8.959      0.879     -9.747
  -1   -2      3.473     -1.160      1.221
  -1   -2     19.732      2.432     -2.582
  -1   -2     -7.420    -10.092     -9.847
 115   -2     14.477    -10.496     -7.158
  -1   -2      4.519      1.486      1.250
  -1   -2      7.465     -3.238      8.367
  -1   -2     -4.012     -5.130      2.143
  -1   -2     -0.760     -2.748      5.780
  -1   -2      9.171     -6.346      3.879
  -1   -2     19.368     -6.438     -4.693
  -1   -2     13.635      1.937     -6.218
  -1   -2     -9.511     -0.706     -7.599
  -1   -2      3.473     -1.160      1.221
  -1   -2     19.732      2.432     -2.582
  -1   -2      4.519      1.486      1.250
  -1   -2      7.465     -3.238      8.367
  -1   -2     -7.420    -10.092     -9.847
  -1   -2     -4.012     -5.130      2.143
  -1   -2     -0.760     -2.748      5.780
  -1   -2      9.171     -6.346      3.879
  -1   -2     19.368     -6.438     -4.693
  -1   -2     13.635      1.937     -6.218
  -1   -2     -9.511     -0.706     -7.599
  -1   -2      3.473     -1.160      1.221
  -1   -2     19.732      2.432     -2.582
  -1   -2      4.519      1.486      1.250
  -1   -2      7.465     -3.238      8.367
 119   -2     -7.420    -10.092     -9.847
  -1   -2     -4.012     -5.130      2.143
  -1   -2     -0.760     -2.748      5.780
  -1   -2      9.171     -6.346      3.879
  -1   -2     19.368     -6.438     -4.693
  -1   -2     -9.511     -0.706     -7.599
  -1   -2     13.635      1.937     -6.218
  -1   -2      3.473     -1.160      1.221
  -1   -2     19.732      2.432     -2.582
  -1   -2     -4.012     -5.130      2.143
  -1   -2      7.465     -3.238      8.367
  -1   -2      4.519      1.486      1.250
 137   -2     -0.760     -2.748      5.780
  -1   -2      9.171     -6.346      3.879
 104   -2     19.368     -6.438     -4.693
  -1   -2     -9.511     -0.706     -7.599
  -1   -2     13.635      1.937     -6.218
  -1   -2      3.473     -1.160      1.221
  -1   -2     19.732      2.432     -2.582
  -1   -2      4.519      1.486      1.250
  -1   -2      7.465     -3.238      8.367
  -1   -2     -4.012     -5.130      2.143
  -1   -2      9.171     -6.346      3.879
  -1   -2     -9.511     -0.706     -7.599
  -1   -2     13.635      1.937     -6.218
  -1   -2      3.473     -1.160      1.221
  -1   -2     19.732      2.432     -2.582
  -1   -2      7.465     -3.238      8.367
  -1   -2      4.519      1.486      1.250
  -1   -2     -4.012     -5.130      2.143
  -1   -2      9.171     -6.346      3.879
  -1   -2     -4.465     -6.943      6.482
  -1   -2     -9.511     -0.706     -7.599
  -1   -2     13.635      1.937     -6.218
  -1   -2      3.473     -1.160      1.221
  -1   -2     19.732      2.432     -2.582
  -1   -2      7.465     -3.238      8.367
  -1   -2      4.519      1.486      1.250
 180  164     -4.012     -5.130      2.143
  -1   -2      9.171     -6.346      3.879
  -1   -2     -9.511     -0.706     -7.599
  -1   -2     13.635      1.937     -6.218
  -1   -2      3.473     -1.160      1.221
  -1   -2     19.732      2.432     -2.582
  -1   -2      4.519      1.486      1.250
  -1   -2      7.465     -3.238      8.367
  -1   -2      9.171     -6.346      3.879
  -1   -2     -9.511     -0.706     -7.599
  -1   -2     13.635      1.937     -6.218
  -1   -2      3.473     -1.160      1.221
  -1   -2     19.732      2.432     -2.582
  -1   -2      4.519      1.486      1.250
  -1   -2      7.465     -3.238      8.367
  -1   -2      9.171     -6.346      3.879
  -1   -2     -9.511     -0.706     -7.599
  -1   -2     13.635      1.937     -6.218
  -1   -2      3.473     -1.160      1.221
  -1   -2     19.732      2.432     -2.582
  -1   -2      4.519      1.486      1.250
  -1   -2      7.465     -3.238      8.367
  -1   -2      9.171     -6.346      3.879
  -1   -2     -9.511     -0.706     -7.599
  -1   -2     13.635      1.937     -6.218
  -1   -2      3.473     -1.160      1.221
  -1   -2     19.732      2.432     -2.582
  -1   -2      4.519      1.486      1.250
  -1   -2      7.465     -3.238      8.367
  -1   -2      9.171     -6.346      3.879
  -1   -2     13.635      1.937     -6.218
  -1   -2     -9.511     -0.706     -7.599
  -1   -2      3.473     -1.160      1.221
  -1   -2     19.732      2.432     -2.582
  -1   -2      4.519      1.486      1.250
  -1   -2      7.465     -3.238      8.367
  -1   -2      9.171     -6.346      3.879
  -1   -2     -9.511     -0.706     -7.599
  -1   -2     13.635      1.937     -6.218
  -1   -2      3.473     -1.160      1.221
  -1   -2     19.732      2.432     -2.582
  -1   -2      4.519      1.486      1.250
  -1   -2      7.465     -3.238      8.367
  -1   -2      9.171     -6.346      3.879
  -1   -2     -9.511     -0.706     -7.599
  -1   -2     13.635      1.937     -6.218
  -1   -2      3.473     -1.160      1.221
  -1   -2     19.732      2.432     -2.582
  -1   -2      4.519      1.486      1.250
  -1   -2      7.465     -3.238      8.367
  -1   -2      9.171     -6.346      3.879
  -1   -2     -9.511     -0.706     -7.599
  -1   -2     13.635      1.937     -6.218
  -1   -2      3.473     -1.160      1.221
  -1   -2     19.732      2.432     -2.582
  -1   -2      4.519      1.486      1.250
  -1   -2      7.465     -3.238      8.367
  -1   -2      9.171     -6.346      3.879
  -1   -2     -9.511     -0.706     -7.599
  -1   -2     13.635      1.937     -6.218
  -1   -2      3.473     -1.160      1.221
  -1   -2     19.732      2.432     -2.582
 268   69      4.519      1.486      1.250
  -1   -2      7.465     -3.238      8.367
  -1   -2      9.171     -6.346      3.879
  -1   -2     -9.511     -0.706     -7.599
  -1   -2     13.635      1.937     -6.218
  -1   -2      3.473     -1.160      1.221
  -1   -2     19.732      2.432     -2.582
  -1   -2      7.465     -3.238      8.367
  -1   -2      9.171     -6.346      3.879
  -1   -2     -9.511     -0.706     -7.599
  -1   -2     13.635      1.937     -6.218
  -1   -2      3.473     -1.160      1.221
  -1   -2     19.732      2.432     -2.582
  -1   -2      7.465     -3.238      8.367
  -1   -2      9.171     -6.346      3.879
  -1   -2     -9.511     -0.706     -7.599
  -1   -2     13.635      1.937     -6.218
  -1   -2      3.473     -1.160      1.221
  -1   -2     19.732      2.432     -2.582
  -1   -2      7.465     -3.238      8.367
  -1   -2      9.171     -6.346      3.879
  -1   -2     -9.511     -0.706     -7.599
  -1   -2     13.635      1.937     -6.218
  -1   -2      3.473     -1.160      1.221
  -1   -2     19.732      2.432     -2.582
  -1   -2      7.465     -3.238      8.367
  -1   -2      9.171     -6.346      3.879
  -1   -2     -9.511     -0.706     -7.599
  -1   -2     13.635      1.937     -6.218
  -1   -2      3.473     -1.160      1.221
  -1   -2     19.732      2.432     -2.582
  -1   -2      7.465     -3.238      8.367
  -1   -2      9.171     -6.346      3.879
  -1   -2     -9.511     -0.706     -7.599
  -1   -2     13.635      1.937     -6.218
  -1   -2      3.473     -1.160      1.221
  -1   -2     19.732      2.432     -2.582
  -1   -2      7.465     -3.238      8.367
  -1   -2      9.171     -6.346      3.879
  -1   -2     13.635      1.937     -6.218
  -1   -2     -9.511     -0.706     -7.599
  -1   -2      3.473     -1.160      1.221
  -1   -2     19.732      2.432     -2.582
  -1   -2      7.465     -3.238      8.367
  -1   -2      9.171     -6.346      3.879
  -1   -2     -9.511     -0.706     -7.599
  -1   -2     13.635      1.937     -6.218
  -1   -2      3.473     -1.160      1.221
  -1   -2     19.732      2.432     -2.582
  -1   -2      7.465     -3.238      8.367
  -1   -2      9.171     -6.346      3.879
  -1   -2     -9.511     -0.706     -7.599
  -1   -2     13.635      1.937     -6.218
 113  263      3.473     -1.160      1.221
  -1   -2     19.732      2.432     -2.582
  -1   -2      7.465     -3.238      8.367
  -1   -2      9.171     -6.346      3.879
  -1   -2     -9.511     -0.706     -7.599
  -1   -2     13.635      1.937     -6.218
  -1   -2     19.732      2.432     -2.582
  -1   -2      7.465     -3.238      8.367
  -1   -2      9.171     -6.346      3.879
  -1   -2     -9.511     -0.706     -7.599
  -1   -2     13.635      1.937     -6.218
  -1   -2     19.732      2.432     -2.582
  -1   -2      7.465     -3.238      8.367
  -1   -2      9.171     -6.346      3.879
 326  110     -9.511     -0.706     -7.599
  84  114     13.635      1.937     -6.218
  -1   -2     19.732      2.432     -2.582
  -1   -2      7.465     -3.238      8.367
  -1   -2      9.171     -6.346      3.879
  -1   -2     19.732      2.432     -2.582
  -1   -2      9.171     -6.346      3.879
  -1   -2     19.732      2.432     -2.582
  -1   -2      7.465     -3.238      8.367
  -1   -2      9.171     -6.346      3.879
  -1   -2     19.732      2.432     -2.582
  -1   -2      7.465     -3.238      8.367
  -1   -2      9.171     -6.346      3.879
  -1   -2     19.732      2.432     -2.582
  -1   -2      7.465     -3.238      8.367
  -1   -2      9.171     -6.346      3.879
  -1   -2     19.732      2.432     -2.582
  -1   -2      7.465     -3.238      8.367
  -1   -2      9.171     -6.346      3.879
  -1   -2     19.732      2.432     -2.582
  -1   -2      7.465     -3.238      8.367
  -1   -2      9.171     -6.346      3.879
  -1   -2     19.732      2.432     -2.582
  -1   -2      7.465     -3.238      8.367
  -1   -2      9.171     -6.346      3.879
  -1   -2     19.732      2.432     -2.582
  -1   -2      7.465     -3.238      8.367
  -1   -2      9.171     -6.346      3.879
  -1   -2     19.732      2.432     -2.582
  -1   -2      7.465     -3.238      8.367
  -1   -2      9.171     -6.346      3.879
  -1   -2     19.732      2.432     -2.582
  -1   -2      9.171     -6.346      3.879
  -1   -2     19.732      2.432     -2.582
  -1   -2      9.171     -6.346      3.879
  -1   -2     19.732      2.432     -2.582
  -1   -2      9.171     -6.346      3.879
  -1   -2     19.732      2.432     -2.582
  -1   -2      9.171     -6.346      3.879
  -1   -2     19.732      2.432     -2.582
  -1   -2      9.171     -6.346      3.879
  -1   -2     19.732      2.432     -2.582
  89  280      9.171     -6.346      3.879
 368   91     19.732      2.432     -2.582
