282
   4   -2     -7.048     -9.176     -7.762
  60   68     -9.826     -9.912     -1.138
   1   -2      9.755     -7.894      1.406
  50   64     -0.377     -8.209      6.048
  53    2     18.346     -5.170     -1.150
  63   33     11.463     -9.136      1.440
  64   29     14.802     -7.377      5.986
   7    6     17.814     -9.755     -3.440
  -1   -2     10.376     -2.644      5.422
  -1   -2      9.169     -6.345      3.885
  61    9     11.648     -8.228     -4.384
  -1   -2     10.790     -3.215     10.258
  13  119     -2.278    -10.168      2.169
  90   -2      7.447     -7.740      7.848
 114   -2     -4.461     -6.943      6.473
  11   10      5.149     -6.549      1.495
  -1   45     17.353     -5.964     -0.655
 108  108     13.073     -3.829      3.863
  -1   -2      4.705     -7.723      4.357
  -1   19     19.432     -6.421     -4.878
  10    1     12.099     -5.520      3.553
  21   20     16.548     -4.521    -10.084
  17   -2      4.774     -7.405      8.223
  71  101     14.603      0.497     -5.044
  -1   -2     -7.366    -10.064    -10.212
  95   -2     14.618     -5.011     -5.910
  15   -2      8.440     -9.011      4.605
  -1   -2      6.982     -5.301      5.881
  19   22     -2.868     -9.782      0.019
  47   -2     -1.915    -10.584     -1.348
  27   30      4.313     -5.505      8.245
  99   32     20.052    -10.456     -6.943
  29   -2     15.636    -11.276     -1.133
  -1   -2      2.838     -8.727     -0.732
  28   16     -3.289     -9.454     -0.343
  74   34      9.656     -3.421      3.406
 117  115     12.545     -3.847     -4.918
  -1   46     -5.775     -6.907    -10.177
  45   49      4.444     -7.695     10.338
  -1   -2     12.782     -9.338      1.012
  84   25     -2.772    -10.350     -8.218
  33   31     13.988      1.384     -3.407
   0   -2     -8.737     -9.034     -2.939
  42   -2     17.785     -9.045     -2.333
  -1   -2     10.072     -7.562      7.673
  55   55     16.641    -10.457      1.630
 107   53      2.231     -9.462      8.241
  54   -2     -1.316     -8.726     -6.581
  -1   63      4.628     -6.179      2.166
  82   42      9.928    -10.043      5.048
  92   -2     -2.806     -9.969      4.108
  32   38      6.452     -7.357      9.582
   5   -2     -7.673     -8.661      1.315
  41    3     16.872     -8.269      3.925
  79   -2    -12.505     -8.058     -5.526
  -1   -2     12.292     -8.846      7.429
  -1   -2      0.354     -8.550     -2.102
  75    7      4.748     -5.443      0.106
  -1   91     14.577     -6.875      8.154
  66   -2     -0.312     -6.856      5.296
  -1   -2      8.942     -9.283     -7.969
  -1   41     -2.005     -6.475      1.996
  20    0      3.769     -8.711     -5.881
  59   -2     -7.421     -3.920      7.009
  -1   12      6.870     -8.852      9.854
  24   56      6.980     -6.676      7.858
  49   15      1.324     -9.721      9.642
  -1   28      6.851    -10.101     -6.169
  -1   -2     18.881     -7.757     -0.494
  -1   37     -6.385     -7.857     -1.955
 106   14     15.570     -6.923     -6.608
  -1   72     17.821     -6.129     -6.498
  14   62      4.009     -6.411      2.709
  -1   -2     10.813     -3.147     -6.806
  -1   -2     20.329     -8.331      5.998
  91   -2    -10.540     -6.423    -10.294
  -1  112     -9.510     -0.707     -7.592
  -1   -2     13.636      1.939     -6.223
  -1   59    -12.282    -11.401     -9.898
 121  137      8.959      0.880     -9.742
  -1   60     -8.810     -9.246     -9.848
  -1    4     13.204     -8.960      9.573
  -1   58     16.253     -9.429      6.744
  -1   40     -8.613    -10.486    -10.876
  -1  103      3.470     -1.160      1.213
  -1  125     12.935     -0.489     -0.855
  76   -2     12.336     -0.397     -6.676
  -1   -2     19.732      2.431     -2.584
  -1   -2      4.521      1.485      1.254
 145   71     -7.024     -4.094     -4.819
  97   84     19.723    -11.284     -7.242
  85  111     17.517      3.834    -12.192
  -1   -2     17.610    -10.255     -4.575
  -1   85      2.015     -0.857     -9.082
  80   17      7.463     -3.237      8.373
  86   -2     -1.833      1.234     -8.141
  -1  109     10.009     -9.780     -8.404
  57   95     -4.009     -5.128      2.149
  -1  140     -7.089     -5.921      5.754
  -1   -2      1.959    -10.785     -8.254
  16   -2     18.909     -6.098     -3.636
  89   94     21.451     -1.457    -10.221
  -1   44     -0.755     -2.752      5.799
  65   -2     14.183     -8.177      7.925
  -1  102      6.061     -2.409     -3.162
  77   21     16.923     -1.421     -3.700
  -1   -2     11.517    -10.537     -1.907
  48   -2    -11.078     -5.648     -6.838
  -1   86     -2.541     -0.957    -11.418
  -1   99    -15.429    -10.793      5.744
  -1   43     -9.830     -9.149     -2.506
 118   -2     -9.078     -4.562     -5.952
  -1  105     -4.219     -2.072      7.188
  -1   48     10.744     -6.559      0.427
  -1   -2     10.672     -4.176      4.664
  -1   -2    -10.184     -8.137     -1.728
  -1   18     14.285      4.199     -3.238
  -1   24    -13.422    -10.388     -5.338
  34   -2     12.469     -2.893      6.193
 105  114      9.353      0.288      9.927
  -1   -2     -8.407    -11.074     -9.113
  -1   36      3.936     -9.898      9.604
 111  121     19.299     -7.747     -7.098
  -1   81      3.798      4.678     -9.620
 100   -2     16.732     -4.767      0.501
 113   -2     12.939    -10.100    -11.076
 266  278      9.169     -6.345      3.885
 185  195     10.813     -3.147     -6.806
  -1   -2     -9.510     -0.707     -7.592
  -1   -2     13.636      1.939     -6.223
  83   -2      3.470     -1.160      1.213
  -1   -2      8.959      0.880     -9.742
  -1   61     19.732      2.431     -2.584
  -1   -2      4.521      1.485      1.254
  -1   -2      9.169     -6.345      3.885
  -1   -2     -9.510     -0.707     -7.592
  -1   -2     13.636      1.939     -6.223
  -1   -2     10.813     -3.147     -6.806
  -1   -2      8.959      0.880     -9.742
  -1   -2     19.732      2.431     -2.584
  -1   -2      4.521      1.485      1.254
  -1   -2      9.169     -6.345      3.885
  -1   -2     10.813     -3.147     -6.806
  -1   -2     -9.510     -0.707     -7.592
  -1   -2     13.636      1.939     -6.223
  -1   -2     19.732      2.431     -2.584
 131   80      4.521      1.485      1.254
  -1   -2      9.169     -6.345      3.885
  -1   -2     10.813     -3.147     -6.806
  -1   -2     -9.510     -0.707     -7.592
  -1   -2     13.636      1.939     -6.223
  -1   -2     19.732      2.431     -2.584
  -1   -2      9.169     -6.345      3.885
  -1   -2     -9.510     -0.707     -7.592
  -1   -2     13.636      1.939     -6.223
  -1   -2     10.813     -3.147     -6.806
  -1   -2     19.732      2.431     -2.584
  -1   -2      9.169     -6.345      3.885
  -1   -2     -9.510     -0.707     -7.592
  -1   -2     13.636      1.939     -6.223
  -1   -2     10.813     -3.147     -6.806
  -1   -2     19.732      2.431     -2.584
  -1   -2      9.169     -6.345      3.885
  -1   -2     10.813     -3.147     -6.806
  -1   -2     13.636      1.939     -6.223
  -1   -2     19.732      2.431     -2.584
  -1   -2      9.169     -6.345      3.885
  -1   -2     13.636      1.939     -6.223
  -1   -2     10.813     -3.147     -6.806
  -1   -2     19.732      2.431     -2.584
  -1   -2      9.169     -6.345      3.885
  -1   -2     10.813     -3.147     -6.806
  -1   -2     13.636      1.939     -6.223
  -1   -2     19.732      2.431     -2.584
  -1   -2      9.169     -6.345      3.885
  -1   -2     10.813     -3.147     -6.806
  -1   -2     13.636      1.939     -6.223
  -1   -2     19.732      2.431     -2.584
  -1   -2      9.169     -6.345      3.885
  -1   -2     10.813     -3.147     -6.806
  -1   -2     13.636      1.939     -6.223
  -1   -2     19.732      2.431     -2.584
  -1   -2      9.169     -6.345      3.885
  -1   -2     10.813     -3.147     -6.806
  -1   -2     13.636      1.939     -6.223
  -1   -2     19.732      2.431     -2.584
  -1   -2      9.169     -6.345      3.885
  -1   -2     10.813     -3.147     -6.806
  -1   -2     13.636      1.939     -6.223
  -1   -2     19.732      2.431     -2.584
  -1   -2      9.169     -6.345      3.885
  -1   -2     10.813     -3.147     -6.806
  -1   -2     13.636      1.939     -6.223
  -1   -2     19.732      2.431     -2.584
  -1   -2      9.169     -6.345      3.885
  -1   -2     10.813     -3.147     -6.806
  -1   -2     13.636      1.939     -6.223
  -1   -2     19.732      2.431     -2.584
  -1   -2      9.169     -6.345      3.885
  -1   -2     13.636      1.939     -6.223
 120   82     10.813     -3.147     -6.806
  -1   -2     19.732      2.431     -2.584
  -1   -2      9.169     -6.345      3.885
  -1   -2     13.636      1.939     -6.223
  -1   -2     19.732      2.431     -2.584
  -1   -2      9.169     -6.345      3.885
  -1   -2     13.636      1.939     -6.223
  -1   -2     19.732      2.431     -2.584
  -1   -2      9.169     -6.345      3.885
  -1   -2     13.636      1.939     -6.223
  -1   -2     19.732      2.431     -2.584
  -1   -2      9.169     -6.345      3.885
  -1   -2     13.636      1.939     -6.223
  -1   -2     19.732      2.431     -2.584
  -1   -2      9.169     -6.345      3.885
  -1   -2     13.636      1.939     -6.223
  -1   -2     19.732      2.431     -2.584
  -1   -2      9.169     -6.345      3.885
  -1   -2     13.636      1.939     -6.223
  -1   -2     19.732      2.431     -2.584
  -1   -2      9.169     -6.345      3.885
  -1   -2     13.636      1.939     -6.223
  -1   -2     19.732      2.431     -2.584
  -1   -2      9.169     -6.345      3.885
  -1   -2     13.636      1.939     -6.223
  -1   -2      9.169     -6.345      3.885
  -1   -2     13.636      1.939     -6.223
  -1   -2      9.169     -6.345      3.885
  -1   -2     13.636      1.939     -6.223
  -1   -2      9.169     -6.345      3.885
  -1   -2     13.636      1.939     -6.223
  -1   -2      9.169     -6.345      3.885
  -1   -2     13.636      1.939     -6.223
  -1   -2      9.169     -6.345      3.885
  -1   -2     13.636      1.939     -6.223
  -1   -2      9.169     -6.345      3.885
  -1   -2     13.636      1.939     -6.223
  -1   -2      9.169     -6.345      3.885
  -1   -2     13.636      1.939     -6.223
  -1   -2      9.169     -6.345      3.885
  -1   -2     13.636      1.939     -6.223
  -1   -2      9.169     -6.345      3.885
  -1   -2     13.636      1.939     -6.223
  -1   -2      9.169     -6.345      3.885
  -1   -2     13.636      1.939     -6.223
  -1   -2      9.169     -6.345      3.885
  -1   -2     13.636      1.939     -6.223
  -1   -2      9.169     -6.345      3.885
  -1   -2     13.636      1.939     -6.223
  -1   -2      9.169     -6.345      3.885
  -1   -2     13.636      1.939     -6.223
  -1   -2      9.169     -6.345      3.885
  -1   -2     13.636      1.939     -6.223
  -1   -2      9.169     -6.345      3.885
  -1   -2     13.636      1.939     -6.223
  -1   -2      9.169     -6.345      3.885
  -1   -2     13.636      1.939     -6.223
  -1   -2      9.169     -6.345      3.885
 250   -2     13.636      1.939     -6.223
  -1   -2      9.169     -6.345      3.885
  -1   -2      9.169     -6.345      3.885
  -1   -2      9.169     -6.345      3.885
  -1   -2      9.169     -6.345      3.885
  -1   -2      9.169     -6.345      3.885
  -1   -2      9.169     -6.345      3.885
  -1   -2      9.169     -6.345      3.885
  -1   -2      9.169     -6.345      3.885
  -1   -2      9.169     -6.345      3.885
  -1   -2      9.169     -6.345      3.885
  -1   -2      9.169     -6.345      3.885
  -1   -2      9.169     -6.345      3.885
  -1   -2      9.169     -6.345      3.885
  -1   -2      9.169     -6.345      3.885
  -1   -2      9.169     -6.345      3.885
  -1   -2      9.169     -6.345      3.885
  -1   -2      9.169     -6.345      3.885
  -1   -2      9.169     -6.345      3.885
  -1   -2      9.169     -6.345      3.885
  -1   -2      9.169     -6.345      3.885
  -1   -2      9.169     -6.345      3.885
  -1   -2      9.169     -6.345      3.885
  -1    8      9.169     -6.345      3.885
