268
  13    1     18.345     -5.170     -1.131
 113   -2      9.715     -1.630      7.685
 101   -2      9.731     -7.900      1.456
  -1    5     -2.397    -10.606     -0.145
  61    2     11.638     -8.228     -4.361
  -1   57      9.172     -6.346      3.877
  22    8      2.484     -8.512     -0.143
   3   -2     -1.313     -7.898     -2.994
   5   46      4.099     -8.549     -3.400
  37   78     -6.333     -6.501     -8.684
  -1   10     17.350     -5.963     -0.647
  30   14     13.208     -3.831      4.318
  42   39      7.683     -9.045      5.758
  -1  126     13.869     -8.385     10.092
  -1    0      4.702     -7.725      4.357
  12  272     12.093     -5.512      3.572
  43   38      2.135    -10.842      3.760
  31   -2     12.051     -0.047      1.341
  16   17     19.443     -6.420     -4.856
  -1   18     16.524     -4.504    -10.015
  59   -2      4.777     -7.405      8.221
  85   13     -4.506     -6.941      6.380
  -1    4     14.450    -10.470     -7.337
  24   20     10.980     -2.662      3.922
  21   -2     14.615     -5.015     -5.917
   7   -2     -1.565    -10.940      2.159
  34   26     14.124     -7.186      7.845
  -1   64      4.308     -5.506      8.236
  76   -2      6.978     -5.304      5.869
  11   -2      0.797     -7.914      7.457
  33   29      7.981     -5.850      9.697
  -1   -2      9.593      1.306      7.513
  47   56     15.138    -10.250     -6.666
  32   31     12.544     -3.847     -4.922
  62   -2      1.139     -6.831     10.066
  -1   30      4.278     -7.650      9.879
  35   -2      5.196     -6.083      3.798
  39   54     -2.868     -9.780      0.003
  25   15      0.263    -10.719      0.106
 129   -2     -0.632     -6.006      5.972
  -1   27     13.963      1.384     -3.348
  40   37     -0.113     -3.695     -9.652
 118   36     17.281     -9.744     -2.194
   9   -2      9.161     -7.488      2.747
  60   -2      3.022     -8.842      4.868
  10   -2      4.038     -9.560      8.435
  41   70      9.266     -9.386      6.762
  -1   28     -6.325     -9.130     -8.113
  -1   45     15.388     -9.328      3.616
  52   40      6.453     -7.356      9.581
  51   58     16.949     -8.319      4.203
  48   -2     18.550     -6.136     -2.890
   0   65      3.060    -10.360     -4.473
  50   -2    -11.560     -9.727     -7.947
  53   48      2.028    -10.187      9.004
  -1   -2     13.491    -10.308     -7.108
  55   -2     -7.423     -3.921      7.002
  54   55     -0.315     -6.857      5.284
  -1   76     18.861     -7.832     -0.443
  58   -2     11.536     -8.298      0.685
  28   42     15.465     -7.174      5.544
  -1   59     15.812     -3.865     -9.050
 139   61     -8.932     -8.326      3.970
   4   32      4.689     -7.388     10.047
  -1   -2     10.814     -3.148     -6.798
  64   12      2.924     -9.406     10.121
  -1  252     13.636      1.940     -6.225
  -1   43      2.364    -10.826     -0.376
  69  117     11.713     -5.208     -5.303
  -1   86     -9.643    -10.475     -4.461
 134  141      3.469     -1.160      1.215
 132   16     12.333     -0.398     -6.673
  -1   95     19.732      2.431     -2.582
  -1  109     11.434     -8.708      4.838
  -1   -2     21.573     -7.386      5.046
  -1   89      9.898     -7.404      7.029
 210   49     -4.010     -5.125      2.151
  -1   -2      4.520      1.484      1.250
  -1   -2      7.466     -3.236      8.367
  -1   -2     -7.090     -5.922      5.748
  83   80     -1.833      1.234     -8.142
  80   83      2.005     -0.856     -9.106
  -1   -2      5.111      0.546      8.956
  -1   -2     -7.422    -10.095     -9.853
  71   -2     11.905     -1.798     -9.307
  -1   47    -10.072    -10.559     -5.029
  89   -2    -10.111     -9.357     -2.901
  88   88     21.445     -1.456    -10.207
  87   60     14.183     -8.180      7.929
  46   53     -4.515     -5.166      5.264
  -1   -2     -0.757     -2.747      5.794
  74   21     17.237     -1.072     -2.480
  -1   19      6.494     -6.843     10.941
  -1   93     13.530      4.274     -5.980
  -1  110     -9.698     -0.771     -8.024
  96    3     -1.384     -9.947      9.134
 102  100     -2.528     -0.961    -11.387
 100   -2     20.827     -2.308      6.198
  -1   -2      1.273      5.632      0.623
 166   33      6.279     -5.058      4.931
  14   -2     -5.084     -7.320      7.109
  -1  105      9.366      0.279      9.925
 108  101      8.011     -3.502     -3.480
  -1   -2     17.493      3.792    -11.671
  99  125     -8.423     -4.493     -8.492
 109  107    -10.251     -6.089     -3.838
  -1  108     17.909     -6.205     -6.701
  -1  106    -10.923     -3.872     -8.543
  -1   -2     19.315     -7.748     -7.021
  -1   -2      9.172     -6.346      3.877
  -1   41     19.490     -6.420     -4.857
  18  114     16.430     -4.552     -9.767
  -1   -2     13.720      1.399     -2.752
   8   -2     11.713     -5.208     -5.303
  -1   -2     13.636      1.940     -6.225
  -1   -2     10.814     -3.148     -6.798
  -1   -2      3.469     -1.160      1.215
  72  142     12.333     -0.398     -6.673
  -1   -2     19.732      2.431     -2.582
  26   -2     -7.422    -10.095     -9.853
  -1  162      7.466     -3.236      8.367
  -1   -2     -4.010     -5.125      2.151
  -1   -2      4.520      1.484      1.250
  -1   -2     -7.090     -5.922      5.748
  -1   -2      1.273      5.632      0.623
  -1   -2      9.172     -6.346      3.877
  68  139     10.814     -3.148     -6.798
  -1   -2     13.636      1.940     -6.225
  -1   -2      3.469     -1.160      1.215
  -1   -2     19.732      2.431     -2.582
  -1   -2      4.520      1.484      1.250
  -1   -2      7.466     -3.236      8.367
  -1   -2     -4.010     -5.125      2.151
  -1   -2     -7.090     -5.922      5.748
  -1   -2      1.273      5.632      0.623
  -1   -2      9.172     -6.346      3.877
  -1   -2     13.636      1.940     -6.225
  -1   -2      3.469     -1.160      1.215
  -1   -2     19.732      2.431     -2.582
  -1   -2      4.520      1.484      1.250
  -1   -2      7.466     -3.236      8.367
  -1   -2     -4.010     -5.125      2.151
  -1   -2     -7.090     -5.922      5.748
  -1   -2      1.273      5.632      0.623
  -1   -2      9.172     -6.346      3.877
  -1   -2     13.636      1.940     -6.225
  98   90      3.469     -1.160      1.215
  -1   -2     19.732      2.431     -2.582
  -1   -2     -4.010     -5.125      2.151
  -1   -2      4.520      1.484      1.250
  -1   -2      1.273      5.632      0.623
  -1   -2      9.172     -6.346      3.877
  -1   -2     13.636      1.940     -6.225
  -1   -2     19.732      2.431     -2.582
  -1   -2      4.520      1.484      1.250
  -1   -2     -4.010     -5.125      2.151
  -1   -2      1.273      5.632      0.623
  -1   -2      9.172     -6.346      3.877
  -1   -2     13.636      1.940     -6.225
  -1   -2     19.732      2.431     -2.582
  -1   -2     -4.010     -5.125      2.151
  -1   -2      4.520      1.484      1.250
 104  153      1.273      5.632      0.623
  -1   -2      9.172     -6.346      3.877
  -1   -2     13.636      1.940     -6.225
  -1   -2     19.732      2.431     -2.582
  -1   -2      4.520      1.484      1.250
  -1   -2     -4.010     -5.125      2.151
  -1   -2      9.172     -6.346      3.877
  -1   -2     13.636      1.940     -6.225
  -1   -2     19.732      2.431     -2.582
  -1   -2      4.520      1.484      1.250
  -1   -2     -4.010     -5.125      2.151
  -1   -2      9.172     -6.346      3.877
  -1   -2     13.636      1.940     -6.225
  -1   -2      4.520      1.484      1.250
  -1   -2     -4.010     -5.125      2.151
  -1   -2      9.172     -6.346      3.877
  -1   -2     13.636      1.940     -6.225
  -1   -2      4.520      1.484      1.250
  -1   -2     -4.010     -5.125      2.151
  -1   -2      9.172     -6.346      3.877
  -1   -2     13.636      1.940     -6.225
  -1   -2      4.520      1.484      1.250
  -1   -2     -4.010     -5.125      2.151
  -1   -2      9.172     -6.346      3.877
  -1   -2     13.636      1.940     -6.225
  -1   -2      4.520      1.484      1.250
  -1   -2     -4.010     -5.125      2.151
  -1   -2      9.172     -6.346      3.877
  -1   -2     13.636      1.940     -6.225
  -1   -2      4.520      1.484      1.250
  -1   -2     -4.010     -5.125      2.151
  -1   -2      9.172     -6.346      3.877
  -1   -2     13.636      1.940     -6.225
  -1   -2      4.520      1.484      1.250
  82   34     -4.010     -5.125      2.151
  -1   -2      9.172     -6.346      3.877
  -1   -2     13.636      1.940     -6.225
  -1   -2      4.520      1.484      1.250
  -1   -2      9.172     -6.346      3.877
  -1   -2     13.636      1.940     -6.225
  -1   -2      4.520      1.484      1.250
  -1   -2      9.172     -6.346      3.877
  -1   -2     13.636      1.940     -6.225
  -1   -2      4.520      1.484      1.250
  -1   -2      9.172     -6.346      3.877
  -1   -2     13.636      1.940     -6.225
  -1   -2      4.520      1.484      1.250
  -1   -2      9.172     -6.346      3.877
  -1   -2     13.636      1.940     -6.225
  -1   -2      4.520      1.484      1.250
  -1   -2      9.172     -6.346      3.877
  -1   -2     13.636      1.940     -6.225
  -1   -2      4.520      1.484      1.250
  -1   -2      9.172     -6.346      3.877
  -1   -2     13.636      1.940     -6.225
  -1   -2      4.520      1.484      1.250
  -1   -2      9.172     -6.346      3.877
  -1   -2     13.636      1.940     -6.225
  -1   -2      4.520      1.484      1.250
  -1   -2      9.172     -6.346      3.877
  -1   -2     13.636      1.940     -6.225
  -1   -2      4.520      1.484      1.250
  -1   -2      9.172     -6.346      3.877
  -1   -2     13.636      1.940     -6.225
  -1   -2      4.520      1.484      1.250
  -1   -2      9.172     -6.346      3.877
  -1   -2     13.636      1.940     -6.225
  -1   -2      4.520      1.484      1.250
  -1   -2      9.172     -6.346      3.877
  -1   -2     13.636      1.940     -6.225
  -1   -2      4.520      1.484      1.250
  -1   -2      9.172     -6.346      3.877
  -1   -2     13.636      1.940     -6.225
  -1   -2      4.520      1.484      1.250
  -1   -2      9.172     -6.346      3.877
  -1   -2     13.636      1.940     -6.225
  -1   -2      4.520      1.484      1.250
  -1   -2      9.172     -6.346      3.877
  -1   -2     13.636      1.940     -6.225
 237  238      4.520      1.484      1.250
  -1   -2      9.172     -6.346      3.877
  -1   -2     13.636      1.940     -6.225
  -1   -2      9.172     -6.346      3.877
  -1   -2     13.636      1.940     -6.225
  -1   -2      9.172     -6.346      3.877
  -1   -2     13.636      1.940     -6.225
  -1   -2      9.172     -6.346      3.877
  -1   -2     13.636      1.940     -6.225
  -1   -2      9.172     -6.346      3.877
 119   -2     13.636      1.940     -6.225
  -1   -2      9.172     -6.346      3.877
  -1   -2      9.172     -6.346      3.877
  -1   -2      9.172     -6.346      3.877
  -1   -2      9.172     -6.346      3.877
  -1   -2      9.172     -6.346      3.877
  -1   -2      9.172     -6.346      3.877
  -1   -2      9.172     -6.346      3.877
  -1   -2      9.172     -6.346      3.877
  -1   -2      9.172     -6.346      3.877
  -1   -2      9.172     -6.346      3.877
  -1   -2      9.172     -6.346      3.877
  -1   -2      9.172     -6.346      3.877
  -1   -2      9.172     -6.346      3.877
  -1   -2      9.172     -6.346      3.877
  -1   -2      9.172     -6.346      3.877
  77   23      9.172     -6.346      3.877
