280
  14   67     11.241     -8.181     -3.540
  -1    1     -2.772     -9.737     -0.496
  41   -2      9.754     -7.891      1.401
  33    4     18.346     -5.169     -1.137
  22   -2      5.004     -7.284      8.409
  -1  106     -4.474     -6.941      6.449
  -1  155     17.810     -9.754     -3.438
   0   14     11.694     -9.099      0.568
  -1   82    -10.071     -5.909     -4.524
 123   54      1.198     -9.215      5.135
  26   10     -3.784     -9.801     -2.180
  -1   -2      9.171     -6.348      3.883
   5   -2     -6.197     -9.770     -6.639
  19   -2     14.730     -9.136      1.578
  43   -2     13.142     -8.946     10.198
  -1   -2     13.209     -3.830      4.316
  -1   20     17.353     -5.963     -0.656
  -1   40      9.767     -7.999      6.912
  25  133     19.440     -6.421     -4.849
  -1   23     12.100     -5.520      3.554
  18   21      4.706     -7.724      4.370
  24   26     16.558     -4.515    -10.106
  45   24     14.610      0.499     -5.062
  16   -2     16.472     -5.562      0.440
  46   30      6.975     -5.305      5.861
  37   -2     -2.771    -10.438      1.440
  -1   -2     13.402     -9.386     -0.517
  17    2     -6.140     -9.169     -7.627
  51  109     20.052    -10.456     -6.946
  88   -2     10.977     -2.666      3.933
  20   85    -10.619    -10.800     -4.982
  -1   29     -5.346     -8.278     -5.232
  32   -2      7.982     -5.851      9.701
  50   -2      4.308     -5.505      8.236
  -1   -2      6.197     -8.654     -2.280
  53   -2     10.212    -10.189     -0.762
  -1   33     10.257     -1.603      6.738
  -1    5      6.226     -5.855      5.374
  -1   18     17.790     -4.229     -0.655
  30   41     12.547     -3.846     -4.924
 122   39     -5.784     -6.903    -10.194
  -1  112     13.832     -8.019      6.590
  49   36     -0.103     -3.693     -9.614
   1   89     16.392    -10.337     -1.536
 125   37     10.449      0.424      3.322
  35   12      5.964     -8.813      1.622
  34   53     14.566     -7.263      6.826
  -1   -2      4.804     -8.266      9.916
  13   -2     -1.292     -8.682     -6.212
  -1  152      4.720     -4.927     10.230
 295   59      7.757     -6.780      7.805
  74   -2     -7.750     -8.762      1.465
  -1    6      9.160     -7.488      2.745
  11    3      6.446     -7.355      9.571
  72   -2     15.349     -7.130      5.798
 114   94     12.725    -10.624     -5.238
   3    7     18.551     -6.151     -2.901
  23  143     -8.862     -8.303      3.708
  48   -2     -7.610     -9.188     -6.899
  65   75     10.424     -8.582      3.410
  -1   60     16.873     -8.270      3.930
  77   -2      0.434    -10.025      4.584
  -1   63     -3.774     -8.653     -9.604
 113  144    -11.783     -8.471     -1.510
  64   43     14.260     -8.568      9.330
  58   -2      7.643     -7.402      9.341
  -1   58      9.379     -8.285      8.278
  -1   -2     11.747     -6.810      7.589
  -1   97     -7.418     -3.922      7.012
  52    8     15.432    -10.012      3.110
  -1   -2      1.705     -8.482      2.812
 121   -2      9.153      0.611      8.602
 141   -2     -2.005     -6.475      1.999
 102   -2     -0.314     -6.856      5.297
  21   -2     10.145     -8.007      3.419
 126   -2     17.636     -6.955     -1.415
  -1   -2     -4.317     -7.950      7.786
  -1  101      9.866     -7.656      8.193
  -1   76     12.326     -9.996     -9.487
  28   32      4.864     -8.205      3.172
  -1   -2     -9.508     -0.710     -7.593
  -1   -2     -4.012     -7.507    -10.429
  78  134     20.332     -8.334      6.006
  -1   -2     10.831     -3.151     -6.752
  42  138     11.713     -5.200     -5.302
  -1   -2     13.635      1.938     -6.221
  79   -2     19.009     -8.533      9.892
 110    0     14.756     -4.931     -4.969
  -1   -2      3.469     -1.160      1.212
  -1   -2     19.731      2.432     -2.578
  54   88      3.406    -10.549      9.944
 272   -2     12.338     -0.398     -6.681
  -1   46      8.427     -2.489     10.288
  90  140     13.407      0.696      5.217
  92  142      4.521      1.484      1.251
  -1   -2      7.465     -3.237      8.369
 124   93     17.538      3.840    -12.243
  -1   55    -11.654     -9.727     -7.744
  96   96     -1.833      1.234     -8.136
  -1   -2     -4.009     -5.128      2.151
  94   -2     -7.088     -5.919      5.755
  80  100     21.226    -10.525      0.308
  -1   -2    -10.375     -9.946     -2.260
  -1   65     12.769    -10.276      5.806
  99  102     21.450     -1.456    -10.224
  -1   -2     -3.541     -3.855      8.957
 101  107     13.531      4.273     -5.978
 118  110      6.060     -2.411     -3.157
 138   28     16.921     -1.422     -3.702
  -1  234     20.105      1.474     -0.583
  -1   -2     21.815    -10.188    -10.431
  82   -2     -9.086     -4.564     -5.972
 100  115     21.651     -8.225      2.578
 112   50     16.287     -0.744     -6.073
  -1   66      0.861     -4.225      8.526
 115  114     -2.573     -0.952    -11.512
 120   -2      8.015     -3.499     -3.489
  -1   -2      6.970     -4.266     -2.293
 130   -2     18.732     -8.627      2.158
  -1  128      0.862     -9.784      8.425
  -1   48      6.586    -11.082      8.618
  -1   -2      9.357      0.285      9.921
  40   44      4.471    -10.516     -5.692
  -1   64     -0.154     -3.469      5.145
  -1   25      2.618     -8.795     -6.062
  -1   91      9.273      5.525      6.835
  -1   -2     18.984    -11.185     -7.623
 119   22     -9.043     -7.758     -8.372
  -1   74     17.719     -9.752     -3.221
  -1   51      9.171     -6.348      3.883
 143  187     -4.503     -6.928      6.542
  -1   -2     10.831     -3.151     -6.752
  -1   -2     20.332     -8.334      6.006
  -1  125     -9.508     -0.710     -7.593
  -1   45     13.635      1.938     -6.221
  -1   -2      3.469     -1.160      1.212
  -1  118     19.731      2.432     -2.578
 127   -2      7.465     -3.237      8.369
  95  116    -11.654     -9.727     -7.744
  -1   -2      9.171     -6.348      3.883
  -1   -2     10.831     -3.151     -6.752
  -1   -2     -9.508     -0.710     -7.593
  -1   -2     13.635      1.938     -6.221
  -1   -2      3.469     -1.160      1.212
  -1   -2     19.731      2.432     -2.578
  10   38     -4.009     -5.128      2.151
  -1   -2      9.171     -6.348      3.883
 144   -2     17.719     -9.752     -3.221
  -1   -2     10.831     -3.151     -6.752
 153  136     -9.508     -0.710     -7.593
  -1   -2     13.635      1.938     -6.221
  -1   -2      3.469     -1.160      1.212
  -1   -2     19.731      2.432     -2.578
  -1   -2     -4.009     -5.128      2.151
  -1   -2      9.171     -6.348      3.883
  -1   -2     10.831     -3.151     -6.752
  -1   -2     13.635      1.938     -6.221
  -1   -2      3.469     -1.160      1.212
  -1   -2     19.731      2.432     -2.578
  -1   -2     -4.009     -5.128      2.151
  -1   -2      9.171     -6.348      3.883
  -1   -2     10.831     -3.151     -6.752
  -1   -2     13.635      1.938     -6.221
  -1   -2      3.469     -1.160      1.212
  -1   -2     19.731      2.432     -2.578
  -1   -2     -4.009     -5.128      2.151
  -1   -2      9.171     -6.348      3.883
  -1   -2     10.831     -3.151     -6.752
  -1   -2     13.635      1.938     -6.221
  -1   -2      3.469     -1.160      1.212
  -1   -2     19.731      2.432     -2.578
  -1   -2     -4.009     -5.128      2.151
  -1   -2      9.171     -6.348      3.883
  -1   -2     10.831     -3.151     -6.752
  -1   -2     13.635      1.938     -6.221
  85   86      3.469     -1.160      1.212
  -1   -2     19.731      2.432     -2.578
  -1   -2      9.171     -6.348      3.883
  -1   -2     10.831     -3.151     -6.752
  -1   -2     13.635      1.938     -6.221
  -1   -2     19.731      2.432     -2.578
  -1   -2      9.171     -6.348      3.883
  -1   -2     10.831     -3.151     -6.752
  -1   -2     13.635      1.938     -6.221
  -1   -2     19.731      2.432     -2.578
  -1   -2      9.171     -6.348      3.883
  -1   -2     10.831     -3.151     -6.752
  -1   -2     13.635      1.938     -6.221
  -1   -2     19.731      2.432     -2.578
  -1   -2      9.171     -6.348      3.883
  -1   -2     10.831     -3.151     -6.752
  -1   -2     13.635      1.938     -6.221
  -1   -2     19.731      2.432     -2.578
  -1   -2      9.171     -6.348      3.883
  -1   -2     10.831     -3.151     -6.752
  -1   -2     13.635      1.938     -6.221
  -1   -2     19.731      2.432     -2.578
  -1   -2      9.171     -6.348      3.883
 209  209     10.831     -3.151     -6.752
  -1   -2     13.635      1.938     -6.221
  -1   -2     19.731      2.432     -2.578
  -1   -2      9.171     -6.348      3.883
  -1   -2     13.635      1.938     -6.221
  -1   -2     19.731      2.432     -2.578
  -1   -2      9.171     -6.348      3.883
  -1   -2     13.635      1.938     -6.221
  -1   -2     19.731      2.432     -2.578
  -1   -2      9.171     -6.348      3.883
  -1   -2     13.635      1.938     -6.221
  -1   -2     19.731      2.432     -2.578
  -1   -2      9.171     -6.348      3.883
  -1   -2     13.635      1.938     -6.221
  -1   -2     19.731      2.432     -2.578
  -1   -2      9.171     -6.348      3.883
  -1   -2     13.635      1.938     -6.221
  -1   -2     19.731      2.432     -2.578
  -1   -2      9.171     -6.348      3.883
  -1   -2     13.635      1.938     -6.221
  -1   -2     19.731      2.432     -2.578
  -1   -2      9.171     -6.348      3.883
  -1   -2     13.635      1.938     -6.221
  -1   -2     19.731      2.432     -2.578
  -1   -2      9.171     -6.348      3.883
  -1   -2     13.635      1.938     -6.221
  -1   -2      9.171     -6.348      3.883
  -1   -2     13.635      1.938     -6.221
  -1   -2      9.171     -6.348      3.883
  -1   -2     13.635      1.938     -6.221
  -1   -2      9.171     -6.348      3.883
  -1   -2     13.635      1.938     -6.221
  -1   -2      9.171     -6.348      3.883
  -1   -2     13.635      1.938     -6.221
  -1   -2      9.171     -6.348      3.883
  -1   -2     13.635      1.938     -6.221
  -1   -2      9.171     -6.348      3.883
  -1   -2     13.635      1.938     -6.221
  -1   -2      9.171     -6.348      3.883
  -1   -2     13.635      1.938     -6.221
  -1   -2      9.171     -6.348      3.883
  -1   -2     13.635      1.938     -6.221
  -1   -2      9.171     -6.348      3.883
  -1   -2     13.635      1.938     -6.221
  -1   -2      9.171     -6.348      3.883
  -1   -2     13.635      1.938     -6.221
  -1   -2      9.171     -6.348      3.883
  -1   -2     13.635      1.938     -6.221
  -1   -2      9.171     -6.348      3.883
  -1   -2     13.635      1.938     -6.221
  -1   -2      9.171     -6.348      3.883
  -1   -2     13.635      1.938     -6.221
  -1   -2      9.171     -6.348      3.883
  -1   -2     13.635      1.938     -6.221
  -1   -2      9.171     -6.348      3.883
  -1   -2     13.635      1.938     -6.221
  -1   -2      9.171     -6.348      3.883
  -1   -2     13.635      1.938     -6.221
  -1   -2      9.171     -6.348      3.883
  -1   -2     13.635      1.938     -6.221
  -1   -2      9.171     -6.348      3.883
  -1   -2     13.635      1.938     -6.221
  -1   -2      9.171     -6.348      3.883
  -1   -2     13.635      1.938     -6.221
  -1   -2      9.171     -6.348      3.883
 136  270     13.635      1.938     -6.221
  -1   -2      9.171     -6.348      3.883
  -1   -2      9.171     -6.348      3.883
  -1   -2      9.171     -6.348      3.883
  -1   -2      9.171     -6.348      3.883
  -1   -2      9.171     -6.348      3.883
  -1   -2      9.171     -6.348      3.883
  -1   -2      9.171     -6.348      3.883
  -1   -2      9.171     -6.348      3.883
  -1   -2      9.171     -6.348      3.883
  -1   -2      9.171     -6.348      3.883
  -1   -2      9.171     -6.348      3.883
  -1   -2      9.171     -6.348      3.883
  -1   -2      9.171     -6.348      3.883
  -1   -2      9.171     -6.348      3.883
  -1   -2      9.171     -6.348      3.883
  12   -2      9.171     -6.348      3.883
