150
 115   -2      9.751     -7.892      1.408
  50    1     -4.841     -5.060      1.866
   1   -2     12.676     -8.649     -7.175
  40   -2      1.145    -10.543      0.715
  -1   -2     16.351     -4.575     -9.578
  83   36      9.171     -6.348      3.880
  -1   -2     -4.461     -6.942      6.476
   9   15     13.208     -3.830      4.315
  68   11     17.349     -5.962     -0.648
  -1   -2     12.098     -5.520      3.554
  11   13      4.712     -7.727      4.382
  -1   -2     19.427     -6.420     -4.874
  39   14     14.607      0.498     -5.058
  94    5     19.354     -6.918     -6.227
  89    4     14.617     -5.015     -5.908
  -1   -2     10.966     -2.664      3.958
  -1   27     -1.998    -10.222      2.119
  32   25      6.981     -5.301      5.879
  23   -2     18.058     -9.870     -4.196
  22   19     20.047    -10.454     -6.944
  21   20     14.129     -7.187      7.837
  54   28     -0.542     -8.766     -7.036
  20   23      4.313     -5.504      8.247
  24   -2      7.981     -5.850      9.693
  42   -2     18.427    -10.352     -2.834
  -1   22     18.293     -9.083     -3.535
  47   55      4.578     -7.451      9.704
 114   -2     -2.862     -9.779      0.028
  36   -2     -0.099     -3.698     -9.604
  58   -2     12.548     -3.847     -4.926
  30   31      4.670    -10.165      1.453
  -1   30     -5.779     -6.904    -10.180
  87   -2     -0.638     -6.002      5.961
  18    3     19.935     -7.970     -3.472
  38   73     -9.599    -10.671     -6.738
  -1   -2     11.553      0.236     -3.677
  69   42     -6.320     -9.130     -8.095
  37   -2      9.158     -7.489      2.751
  49   -2     14.896     -6.902      7.427
  41   -2      3.022     -8.839      4.869
  -1   47      6.454     -7.356      9.583
   4   -2      4.167     -9.563      8.247
  45   96    -11.555     -9.726     -7.922
  -1   32      4.763     -6.206      2.521
  -1   -2     -0.315     -6.855      5.290
  -1   16      9.169      0.606      8.559
  51   49     -7.415     -3.921      7.025
  46   74     -8.591     -6.224     -9.667
  79    0     13.067     -9.374      8.660
  57   -2     -0.011     -8.899     -2.434
  96   -2     14.863    -10.014     -7.202
  53   -2     15.804     -3.868     -9.103
  61   51     -8.928     -8.325      3.967
  55   54     14.575     -4.272      7.788
  35   -2     -4.011     -7.507    -10.435
  -1   -2     10.814     -3.145     -6.809
  -1   -2     -9.507     -0.707     -7.595
  82   -2     13.637      1.939     -6.223
  63   -2      3.472     -1.162      1.219
  62   -2     12.333     -0.396     -6.672
  -1   -2     19.202     -8.142      3.822
  -1   -2     19.732      2.432     -2.584
  -1   53     -4.753    -10.635     -3.862
  -1   -2     14.477    -10.493     -7.149
  -1   -2     -7.420    -10.093     -9.851
   7   43      0.487     -9.919      6.334
  -1  124      4.520      1.485      1.261
  -1   -2      7.464     -3.236      8.368
  34   -2     -7.097     -5.921      5.729
  -1   -2     17.611      3.853    -12.427
  -1   33      2.017     -0.858     -9.075
  92   69     -1.832      1.234     -8.141
  -1  102     16.924    -10.510     -7.243
  -1   -2     -4.917    -10.456     -7.432
  -1   40      6.083     -8.909      9.847
  78   76     21.447     -1.457    -10.211
  75   78      9.395     -7.137      7.672
  99   77     13.530      4.276     -5.981
  -1   -2     22.582     -9.341     11.009
  70   45    -12.659    -10.651     -4.672
  -1   -2     18.909     -6.105     -3.641
  -1   48     -0.755     -2.749      5.792
  80   -2     -4.513     -5.163      5.269
  -1   -2      0.428    -10.766     -3.599
 110   17     16.921     -1.422     -3.700
  -1   -2     17.241     -1.079     -2.470
  -1   83      6.060     -2.410     -3.161
  31    2     10.742     -6.558      0.427
  -1   -2     11.496    -10.533     -1.855
  -1   -2     18.736      1.430     -6.107
  76   94     -2.522     -0.960    -11.364
  -1   90      0.398     -3.663     -5.885
  -1   50      1.950     -3.936     11.317
  -1   39     17.073     -8.299      4.634
  88  103      6.969     -4.265     -2.294
  -1   87     10.646     -9.441     10.809
  84   92     11.128     -9.316      0.454
  98   -2      9.356      0.280      9.925
  -1   -2     14.737    -10.461      9.386
  -1   -2     13.865     -9.467     -1.654
  60   -2     -8.417     -4.497     -8.474
 101  105    -10.255     -6.086     -3.827
  90   58     13.954      1.243     -3.388
  -1   59    -13.750     -8.776     10.664
  93   -2      8.009     -3.499     -3.488
  -1   52     16.499     -4.579     -9.944
  -1   -2      9.171     -6.348      3.880
 142  110     -4.462     -6.942      6.390
  12  111     19.475     -6.423     -4.934
  16   -2     13.810      1.389     -2.973
  -1   -2      4.841    -10.270      1.007
  -1   41     10.814     -3.145     -6.809
 132   99     -9.507     -0.707     -7.595
  -1   -2     19.732      2.432     -2.584
  -1   70     14.477    -10.493     -7.149
 103   -2     -4.753    -10.635     -3.862
  -1   -2      4.520      1.485      1.261
  -1   35      7.464     -3.236      8.368
 111   -2     11.496    -10.533     -1.855
  -1   -2     -4.462     -6.942      6.390
  -1   -2     16.499     -4.579     -9.944
  -1   -2      9.171     -6.348      3.880
  -1   -2     -9.507     -0.707     -7.595
  -1   -2     14.477    -10.493     -7.149
  -1   -2     19.732      2.432     -2.584
  -1   -2      7.464     -3.236      8.368
 112   60      4.520      1.485      1.261
  -1   -2      9.171     -6.348      3.880
   3  134     16.499     -4.579     -9.944
  -1   81     -4.461     -6.942      6.476
  -1  113     -9.507     -0.707     -7.595
  -1   -2     19.732      2.432     -2.584
  -1   -2     14.477    -10.493     -7.149
  -1   -2      7.464     -3.236      8.368
  -1   -2      9.171     -6.348      3.880
 129   -2     14.477    -10.493     -7.149
  -1   -2     19.732      2.432     -2.584
  -1   -2      7.464     -3.236      8.368
  -1   -2      9.171     -6.348      3.880
  -1   -2      7.464     -3.236      8.368
  -1   -2      9.171     -6.348      3.880
  -1   -2     19.732      2.432     -2.584
  64   18      7.464     -3.236      8.368
  -1   -2      9.171     -6.348      3.880
  -1   -2     19.732      2.432     -2.584
  -1   -2      9.171     -6.348      3.880
  -1   -2      9.171     -6.348      3.880
  65  152     19.732      2.432     -2.584
  -1   -2      9.171     -6.348      3.880
 150  155      9.171     -6.348      3.880
