243
  17    3     12.176     -5.557      3.823
  43    7      3.153     -7.438      6.355
  63   -2     18.346     -5.169     -1.121
   0   -2      2.999     -7.869      3.233
  20   79      9.748     -7.896      1.412
   6   49     16.809     -8.363      4.418
  94   45      6.090     -6.466     -2.168
  11    6     -2.400    -10.605     -0.141
  18   -2     17.053     -5.921      0.045
   5    9     11.636     -8.227     -4.357
  -1  257      9.172     -6.347      3.879
 109   -2      8.721     -7.246     -6.067
  28   25      4.352     -6.864      4.739
  -1   -2     -4.463     -6.943      6.476
  36   14     13.205     -3.832      4.304
  77   -2     -4.073     -6.088     -3.827
  96   -2      0.468     -5.801      9.148
  -1    2     19.433     -6.423     -4.881
   7   10      8.163     -8.081     -4.886
  53   57      2.377     -8.511      6.719
  50  170      2.046    -10.839      3.527
 112   87     14.605      0.497     -5.050
  95   -2     15.796    -10.049     -2.031
  79   -2     14.620     -5.015     -5.898
  51   24     16.560     -4.518    -10.113
  21   19     11.019     -2.645      1.507
  26   26      6.976     -5.303      5.867
  -1   21      4.477     -7.777      3.679
  23   55     14.129     -7.185      7.834
  45   29      4.312     -5.505      8.243
 224   35     13.973      1.389     -3.369
  -1   20     15.910     -1.046     -7.988
  34   30      7.979     -5.851      9.695
 108   -2      1.079     -9.906      6.340
  -1   23     16.099     -3.818     -7.994
  61   42     12.543     -3.847     -4.914
  64   31     12.610     -4.996     -2.329
  -1   46      4.578     -7.454      9.715
  39   38      8.602    -10.444     -8.439
  38   32     -5.796     -6.901    -10.224
  72   71     -0.113     -3.695     -9.652
   1    0      0.953     -8.741      9.361
  15   -2      4.253     -8.712      4.254
  90   -2      9.155     -7.489      2.758
  42   48    -11.557     -9.725     -7.936
  -1   44      6.452     -7.355      9.578
  -1   -2      4.811    -11.296     -4.299
  71   47     -6.318     -9.132     -8.110
  -1   84      8.417     -7.407      7.660
  -1   12     17.214     -6.185     -5.022
  -1   34     -0.435     -8.179      6.347
  -1   53     -7.419     -3.922      7.010
  52   -2     16.456     -9.432     -4.681
  -1   54     -0.321     -6.858      5.266
  -1   -2     10.817     -3.149     -6.785
  54   61      2.931     -9.405     10.143
  56   72     20.330     -8.335      6.035
  74   -2     15.288     -9.232      3.361
  -1   -2     13.637      1.939     -6.227
  -1   69      8.957      0.879     -9.745
  -1   -2     11.915     -9.287    -12.266
 115   65      3.469     -1.159      1.211
  -1   -2     19.732      2.432     -2.579
  -1   62     12.335     -0.398     -6.676
  -1   -2     -9.200    -10.902     -7.732
  -1  132      8.426     -2.490     10.295
  19   -2     18.900     -6.071     -3.610
  -1  229      4.520      1.485      1.257
  -1   -2      7.464     -3.238      8.369
  -1   -2     -4.014     -5.126      2.159
  73   76     -1.832      1.233     -8.138
 107   86     -7.089     -5.922      5.754
  -1  162     -7.423    -10.094     -9.858
  -1   58     -8.685     -9.518      0.603
  -1   41     -0.754     -2.751      5.803
  76   83     21.454     -1.457    -10.229
 114   28     17.240     -1.083     -2.461
  75   -2     -4.518     -5.165      5.259
  -1   64     11.853    -10.636     -0.576
  80   85     13.530      4.274     -5.979
  78   -2     19.105     -1.834     -5.775
  -1   50      0.422    -10.804     -3.596
  85   91      6.060     -2.409     -3.162
  -1   93     14.447    -10.419      2.970
  -1  104     -9.700     -0.771     -8.022
  82   90     -1.383     -9.948      9.138
  91   33      9.059     -9.318      5.719
  -1   -2      1.275      5.631      0.624
  88  101     -2.504     -0.965    -11.330
  93  107     21.812    -10.189    -10.434
  -1   97     18.732      1.433     -6.109
  -1  109      6.971     -4.265     -2.291
  -1   -2     14.654     -8.118      9.466
  -1  100     17.511      3.789    -11.715
 102   77      9.364      0.279      9.940
  -1   88      9.373     -0.020     -2.333
 105  110    -10.252     -6.091     -3.831
  -1   -2      8.002     -3.500     -3.515
  99  103     -5.086     -7.319      7.122
  -1  108     19.306     -7.750     -7.059
  -1   36      4.654     -6.276      2.321
  86   -2     -8.417     -4.497     -8.490
  -1    8      0.868     -9.776      8.428
  -1  112     17.532    -10.467     -9.124
  -1   -2     -4.463     -6.943      6.476
  -1   -2      9.172     -6.347      3.879
 106  116     19.433     -6.423     -4.881
  58   -2     10.817     -3.149     -6.785
  -1   -2     13.637      1.939     -6.227
 113  111     -9.200    -10.902     -7.732
 104   -2     12.335     -0.398     -6.676
  -1   -2     19.732      2.432     -2.579
  -1   -2      4.520      1.485      1.257
  -1   -2     -7.423    -10.094     -9.858
  70  123     -8.685     -9.518      0.603
 119  135     -0.754     -2.751      5.803
  83  144      1.275      5.631      0.624
  -1   43      2.390    -10.782      4.480
  -1   -2      9.172     -6.347      3.879
  16  115     -4.463     -6.943      6.476
  -1   -2     13.637      1.939     -6.227
  -1   -2     19.732      2.432     -2.579
  -1   -2      4.520      1.485      1.257
  -1   -2      7.464     -3.238      8.369
  -1   -2     -4.014     -5.126      2.159
  -1   -2     -7.423    -10.094     -9.858
  -1   -2      9.172     -6.347      3.879
  -1   -2     13.637      1.939     -6.227
  -1   -2     19.732      2.432     -2.579
  -1   -2      4.520      1.485      1.257
 116   -2      7.464     -3.238      8.369
  -1   -2     -7.423    -10.094     -9.858
  -1   -2     -4.014     -5.126      2.159
  -1   -2      9.172     -6.347      3.879
  -1   -2     13.637      1.939     -6.227
  -1   -2     19.732      2.432     -2.579
  -1   -2      4.520      1.485      1.257
  -1   -2     -4.014     -5.126      2.159
  -1   -2     -7.423    -10.094     -9.858
  -1   -2      9.172     -6.347      3.879
  -1   -2     13.637      1.939     -6.227
  10   -2      2.390    -10.782      4.480
  -1   -2     19.732      2.432     -2.579
  -1   -2      4.520      1.485      1.257
  -1   -2     -4.014     -5.126      2.159
 147   -2     -7.423    -10.094     -9.858
  -1   -2      9.172     -6.347      3.879
  -1   -2     13.637      1.939     -6.227
  87  119     19.732      2.432     -2.579
  -1   -2      4.520      1.485      1.257
  -1   -2     -4.014     -5.126      2.159
  -1   -2      9.172     -6.347      3.879
  -1   -2     13.637      1.939     -6.227
  -1   -2      4.520      1.485      1.257
  -1   -2     -4.014     -5.126      2.159
  -1   -2      9.172     -6.347      3.879
  -1   -2     13.637      1.939     -6.227
  -1   -2      4.520      1.485      1.257
  -1   -2     -4.014     -5.126      2.159
  -1   -2      9.172     -6.347      3.879
  -1   -2     13.637      1.939     -6.227
  -1   -2      4.520      1.485      1.257
  -1   -2     -4.014     -5.126      2.159
  -1   -2      9.172     -6.347      3.879
  -1   -2     13.637      1.939     -6.227
  -1   -2      4.520      1.485      1.257
  -1   -2     -4.014     -5.126      2.159
  -1   -2      9.172     -6.347      3.879
  -1   -2     13.637      1.939     -6.227
  -1   -2      4.520      1.485      1.257
  -1   -2     -4.014     -5.126      2.159
  -1   -2      9.172     -6.347      3.879
  -1   -2     13.637      1.939     -6.227
  -1   -2     -4.014     -5.126      2.159
  -1   -2      4.520      1.485      1.257
  -1   -2      9.172     -6.347      3.879
  -1   -2     13.637      1.939     -6.227
  -1   -2      4.520      1.485      1.257
 117  184     -4.014     -5.126      2.159
  -1   -2      9.172     -6.347      3.879
  -1   -2     13.637      1.939     -6.227
  -1   -2      4.520      1.485      1.257
  -1   -2      9.172     -6.347      3.879
  -1   -2     13.637      1.939     -6.227
  -1   -2      4.520      1.485      1.257
  -1   -2      9.172     -6.347      3.879
  -1   -2     13.637      1.939     -6.227
  -1   -2      4.520      1.485      1.257
  -1   -2      9.172     -6.347      3.879
  -1   -2     13.637      1.939     -6.227
  -1   -2      4.520      1.485      1.257
  -1   -2      9.172     -6.347      3.879
  -1   -2     13.637      1.939     -6.227
  -1   -2      4.520      1.485      1.257
  -1   -2      9.172     -6.347      3.879
  -1   -2     13.637      1.939     -6.227
  -1   -2      4.520      1.485      1.257
  -1   -2      9.172     -6.347      3.879
  -1   -2     13.637      1.939     -6.227
  -1   -2      4.520      1.485      1.257
  -1   -2      9.172     -6.347      3.879
  -1   -2     13.637      1.939     -6.227
  -1   -2      4.520      1.485      1.257
  -1   -2      9.172     -6.347      3.879
  -1   -2     13.637      1.939     -6.227
  -1   -2      4.520      1.485      1.257
  -1   -2      9.172     -6.347      3.879
  -1   -2     13.637      1.939     -6.227
  60   -2      4.520      1.485      1.257
  -1   -2      9.172     -6.347      3.879
  -1   -2     13.637      1.939     -6.227
  -1   -2      9.172     -6.347      3.879
  -1   -2     13.637      1.939     -6.227
  -1   -2      9.172     -6.347      3.879
  -1   -2     13.637      1.939     -6.227
  -1   -2      9.172     -6.347      3.879
  -1   -2     13.637      1.939     -6.227
  -1   -2      9.172     -6.347      3.879
  -1   -2     13.637      1.939     -6.227
  -1   -2      9.172     -6.347      3.879
  -1   -2     13.637      1.939     -6.227
  -1   -2      9.172     -6.347      3.879
  -1   -2     13.637      1.939     -6.227
  -1   -2      9.172     -6.347      3.879
  97   -2     13.637      1.939     -6.227
  -1   -2      9.172     -6.347      3.879
  -1   -2      9.172     -6.347      3.879
  -1   -2      9.172     -6.347      3.879
  -1   -2      9.172     -6.347      3.879
  -1   -2      9.172     -6.347      3.879
  -1   -2      9.172     -6.347      3.879
  -1   -2      9.172     -6.347      3.879
  -1   -2      9.172     -6.347      3.879
  -1   -2      9.172     -6.347      3.879
  -1   -2      9.172     -6.347      3.879
  -1   -2      9.172     -6.347      3.879
  -1   -2      9.172     -6.347      3.879
  -1   -2      9.172     -6.347      3.879
  -1   -2      9.172     -6.347      3.879
  -1   -2      9.172     -6.347      3.879
  -1   -2      9.172     -6.347      3.879
  -1   -2      9.172     -6.347      3.879
  -1   -2      9.172     -6.347      3.879
