172
   6    0      9.753     -7.894      1.413
   1  104     -4.977     -5.366      2.555
  83   42    -11.192     -9.711     -7.599
  -1  105      1.083    -10.543      0.768
  16   -2     12.674     -8.653     -7.171
 104   -2     17.905     -5.381     -3.270
   7    6      2.699     -9.458      9.524
  -1   -2     16.351     -4.574     -9.576
  -1   -2      9.171     -6.347      3.885
  -1   -2     -4.461     -6.942      6.471
  58   88     13.210     -3.831      4.316
  43   10     17.355     -5.964     -0.658
  70   25     13.646     -7.945     10.118
  -1    8     12.099     -5.522      3.553
  -1   -2     19.434     -6.419     -4.836
  87   54      4.704     -7.726      4.363
  -1   12     12.865     -9.335      9.059
 161   -2      6.974     -5.304      5.860
  65  140     14.609      0.497     -5.060
  21   19      0.780    -10.842     -2.572
  17   17     10.976     -2.664      3.935
  31   18     14.620     -5.017     -5.899
  50   -2     14.130     -7.189      7.836
  -1   24     18.056     -9.870     -4.189
  12   -2      4.312     -5.504      8.245
  20   87     20.048    -10.455     -6.945
  27   28      7.981     -5.850      9.695
  -1   53      4.424     -7.588     10.300
  55   30     -0.534     -8.767     -7.008
  14   13     -2.861     -9.780      0.024
  35   31     -5.796     -6.903    -10.217
 141   34     12.549     -3.848     -4.934
  34   38     -0.108     -3.695     -9.630
  28   32      4.663    -10.167      1.469
  69   -2     -2.272    -10.185      2.161
  86   21     -9.837    -10.616     -5.852
 119   40     18.538    -10.308     -3.080
  24   36     18.258     -9.189     -3.347
  -1   33      9.984     -7.476      0.667
  -1   44      4.089     -9.555      8.272
 102   82     11.596    -10.568     -2.110
  37    3     11.163     -7.002     -7.172
  18   -2     -5.497     -9.123     -5.941
  -1   -2     -0.776    -10.601     -5.783
  48   -2      3.019     -8.838      4.864
  45   41     14.897     -6.903      7.412
  15   -2     18.557     -6.168     -2.913
  47   -2      6.453     -7.355      9.578
 103   15      4.762     -6.205      2.512
  -1   49     16.869     -8.269      3.910
  49   51     -7.419     -3.920      7.014
  -1   52     -0.318     -6.857      5.275
  33   43      5.306    -10.008      7.794
  -1   66     14.862    -10.014     -7.194
  -1   56     14.576     -4.273      7.785
  57   57     15.813     -3.867     -9.078
  -1   45      4.697     -7.388     10.057
  -1   35     -9.752     -9.815     -7.753
  -1   -2     10.824     -3.151     -6.761
  -1   92     -9.508     -0.710     -7.592
  89   -2     17.408     -1.516     -1.871
  59   -2     -9.557     -9.844      5.375
  32  111     13.634      1.938     -6.219
  -1   -2      8.959      0.881     -9.748
  -1   -2      3.470     -1.161      1.217
 114   -2     12.336     -0.397     -6.671
  -1   -2     19.733      2.431     -2.583
  -1   -2     12.044     -5.992     -5.475
  61   48     -7.419    -10.094     -9.843
  -1   22     11.432     -8.717      4.822
  -1  158      8.427     -2.492     10.296
  -1   -2     14.479    -10.491     -7.156
  -1  149      4.522      1.483      1.257
  -1   -2      7.464     -3.237      8.370
 106   -2      1.272     -9.981      6.774
  76   70     -1.833      1.233     -8.135
  -1   -2     17.611    -10.257     -4.570
 108   55     -5.576     -8.328      4.769
  -1   -2    -14.205    -10.733      1.578
  -1   -2      9.396     -7.135      7.671
  80   -2     -8.850     -6.151    -10.317
 130   67     -0.757     -2.749      5.798
  85   60     13.530      4.275     -5.974
  -1   81     -4.518     -5.164      5.259
  84   76     21.448     -1.458    -10.209
  77   -2     17.236     -1.088     -2.490
  -1  165     20.103      1.481     -0.575
  -1   -2     10.742     -6.557      0.431
  93   89     11.129     -9.320      0.461
  96   83     -2.529     -0.962    -11.374
  -1   93    -10.013     -9.280     -2.703
  62   39     -8.417     -4.494     -8.467
  99   50      9.359      0.279      9.922
  -1   91      6.969     -4.265     -2.295
  -1   98      8.019     -3.500     -3.458
  -1   -2     19.321     -7.751     -7.016
  78   -2     17.496      3.789    -11.678
  -1  100    -10.252     -6.091     -3.835
  -1    9     10.465     -2.040      5.306
  -1   94    -11.466     -5.566     -5.324
  -1    4     17.915     -6.204     -6.709
  90   64     10.929     -9.456     11.124
   3   -2      0.987    -10.555      0.498
  -1  164      9.171     -6.347      3.885
 110  119     16.491     -4.577     -9.923
  -1  108     -4.464     -6.943      6.389
  -1   46     19.487     -6.422     -4.854
  -1   -2     10.824     -3.151     -6.761
  -1   -2     -9.508     -0.710     -7.592
  -1   -2      3.470     -1.161      1.217
  -1   62      8.959      0.881     -9.748
  -1   79     19.733      2.431     -2.583
  -1   -2     17.611    -10.257     -4.570
  -1   -2      4.522      1.483      1.257
  -1   20      7.464     -3.237      8.370
 120  132     -0.757     -2.749      5.798
  -1   -2      9.171     -6.347      3.885
  -1   -2     -4.464     -6.943      6.389
  -1   -2     -9.508     -0.710     -7.592
  -1   -2     10.824     -3.151     -6.761
  -1   -2      8.959      0.881     -9.748
  67  113      3.470     -1.161      1.217
  -1   -2     19.733      2.431     -2.583
  -1   -2      7.464     -3.237      8.370
  -1   -2      4.522      1.483      1.257
  -1   -2     17.611    -10.257     -4.570
  -1   -2      9.171     -6.347      3.885
  -1   -2     -4.464     -6.943      6.389
  -1   -2     -9.508     -0.710     -7.592
  -1   -2     10.824     -3.151     -6.761
  -1   -2      8.959      0.881     -9.748
  -1   -2     19.733      2.431     -2.583
  -1   -2     17.611    -10.257     -4.570
  -1   -2      4.522      1.483      1.257
  -1   -2      7.464     -3.237      8.370
  -1   -2      9.171     -6.347      3.885
   9   -2     -4.461     -6.942      6.471
 111   58     10.824     -3.151     -6.761
  -1   -2     -9.508     -0.710     -7.592
  -1   -2     19.733      2.431     -2.583
  -1   -2      7.464     -3.237      8.370
  -1   -2      4.522      1.483      1.257
  -1   -2      9.171     -6.347      3.885
  -1   -2     -9.508     -0.710     -7.592
  -1   -2     19.733      2.431     -2.583
  -1   -2      4.522      1.483      1.257
  -1   -2      7.464     -3.237      8.370
  -1   -2      9.171     -6.347      3.885
  -1   -2     -9.508     -0.710     -7.592
  -1   -2     19.733      2.431     -2.583
  -1   -2      7.464     -3.237      8.370
  -1   -2      9.171     -6.347      3.885
  -1   -2     -9.508     -0.710     -7.592
  -1   -2     19.733      2.431     -2.583
  -1   -2      7.464     -3.237      8.370
  -1   -2      9.171     -6.347      3.885
 101  151     -9.508     -0.710     -7.592
  -1   -2     19.733      2.431     -2.583
  36   23      7.464     -3.237      8.370
  -1   -2      9.171     -6.347      3.885
  -1   -2     19.733      2.431     -2.583
  -1   -2      9.171     -6.347      3.885
  -1   -2     19.733      2.431     -2.583
  -1   -2      9.171     -6.347      3.885
  -1   -2     19.733      2.431     -2.583
  -1   -2      9.171     -6.347      3.885
  -1   -2     19.733      2.431     -2.583
  -1   -2      9.171     -6.347      3.885
  -1   -2     19.733      2.431     -2.583
  -1   -2      9.171     -6.347      3.885
  -1   -2      9.171     -6.347      3.885
 169  107      9.171     -6.347      3.885
