233
   0   -2      9.751     -7.894      1.410
  28   65     -4.778    -10.166     -0.116
  -1   -2     -4.469     -6.942      6.438
  -1  238      9.173     -6.347      3.876
  74    1     11.636     -8.226     -4.366
  -1   -2     16.326     -4.555     -9.513
  14    5     13.209     -3.831      4.307
  93    6     17.353     -5.964     -0.659
   6   -2     12.099     -5.521      3.547
  60   -2      6.666     -9.083      8.290
  38   90     19.434     -6.423     -4.885
   9    8      4.708     -7.728      4.368
  49   -2     14.609      0.498     -5.063
  23   19      6.976     -5.304      5.855
  69   -2     14.620     -5.017     -5.907
  79   -2     10.971     -2.665      3.945
  -1   14      4.310     -5.505      8.236
  95   34     -6.943     -4.084     -4.717
  18   -2     14.132     -7.186      7.823
  22   18     18.058     -9.870     -4.200
  72   49     -0.538     -8.764     -7.019
  -1   16      4.300     -7.519      9.616
  -1   12      7.979     -5.852      9.692
  -1   10     13.989      1.383     -3.413
  32   20     17.988    -10.024     -2.492
  80   -2     -5.792     -6.898    -10.212
  19   -2     -0.232     -4.785      8.051
  70   25     -2.277    -10.186      2.146
  -1   23     12.545     -3.848     -4.921
  -1   26     -0.108     -3.695     -9.634
  30   21     -6.317     -9.129     -8.095
  61   39     -9.418     -9.337     -5.022
  34   37      3.026     -8.841      4.877
  29   -2      9.159     -7.489      2.747
  89   31      8.949    -10.194      5.987
  -1   -2     18.256     -9.189     -3.349
  33   36      6.453     -7.356      9.579
  31   30    -11.555     -9.726     -7.933
  87   29     -8.188     -6.159     -8.603
  37   38     16.943     -8.318      4.165
  41   -2     -0.316     -6.856      5.278
  -1  100      9.668     -9.917      4.306
  43   -2     14.859    -10.012     -7.192
  44   11     15.806     -3.868     -9.089
  40   17     -2.255     -8.803     -9.209
  42   44     14.574     -4.272      7.784
  45   47     18.001     -6.130     -6.906
  -1   -2     10.817     -3.148     -6.791
  -1   27     -4.012     -7.508    -10.442
  -1   78     -9.509     -0.709     -7.595
  -1  213     13.636      1.939     -6.225
  -1   66     20.161    -10.248     -6.913
  -1   -2     15.288     -9.201      3.349
  -1   57      8.959      0.881     -9.748
  -1   -2      3.471     -1.160      1.217
  52   97     13.028     -8.917      9.986
  97   51     12.337     -0.397     -6.676
   8   13     12.929     -0.487     -0.847
  -1   -2     -8.761    -10.481    -10.341
  -1   -2     19.733      2.432     -2.584
  -1   43     14.479    -10.497     -7.159
  -1   81     17.621      3.857    -12.450
  -1   61      4.519      1.484      1.257
  -1   -2      7.465     -3.236      8.368
  -1   -2      2.028     -0.860     -9.039
  58   63     -1.833      1.233     -8.136
  64   28      9.395     -7.138      7.677
  -1   70     13.529      4.275     -5.978
  66   71     -4.510     -5.165      5.277
  65   68     -0.759     -2.750      5.782
  63   67     21.444     -1.458    -10.207
  53   -2     16.921     -1.425     -3.701
  73  243     18.744      1.431     -6.084
  -1   -2      6.061     -2.410     -3.159
  71   -2     11.502    -10.532     -1.857
  -1   50      3.255    -10.449     -2.264
  75   80     -2.547     -0.958    -11.445
  77   73     17.235     -1.079     -2.499
  -1   32     19.814     -7.958     -4.409
  24    0     10.744     -6.559      0.425
  68   82      6.970     -4.265     -2.293
  86   83      8.014     -3.503     -3.480
  82   84     13.887     -9.472     -1.713
  85   15     14.656     -8.118      9.454
  -1   33    -10.924     -3.873     -8.544
  -1   -2    -11.470     -5.565     -5.332
  -1   86      4.654     -6.276      2.311
  76   77      9.361      0.282      9.929
  -1   -2      9.066     -9.344      5.745
  92    4     16.418     -4.544     -9.737
  -1   -2      9.173     -6.347      3.876
  -1   -2     -4.469     -6.942      6.438
  20   91     13.798      1.392     -2.942
  -1   -2     10.817     -3.148     -6.791
  -1   -2     13.636      1.939     -6.225
  -1   -2     -9.509     -0.709     -7.595
  -1   -2      8.959      0.881     -9.748
  -1   -2      3.471     -1.160      1.217
 235   74     19.733      2.432     -2.584
  -1   -2      7.465     -3.236      8.368
 112  120     -4.469     -6.942      6.438
  -1   -2      9.173     -6.347      3.876
  -1   -2     10.817     -3.148     -6.791
  -1   -2     -9.509     -0.709     -7.595
  -1   -2     13.636      1.939     -6.225
  -1   -2      3.471     -1.160      1.217
  -1   -2      8.959      0.881     -9.748
  -1   -2     19.733      2.432     -2.584
  -1   -2      7.465     -3.236      8.368
  -1   -2      9.173     -6.347      3.876
  -1   -2     10.817     -3.148     -6.791
  -1   -2     -9.509     -0.709     -7.595
  -1   -2     13.636      1.939     -6.225
  -1   -2      3.471     -1.160      1.217
  -1   -2      8.959      0.881     -9.748
  -1   -2     19.733      2.432     -2.584
  -1   -2      7.465     -3.236      8.368
  -1   -2      9.173     -6.347      3.876
  -1   -2     10.817     -3.148     -6.791
  -1   -2     -9.509     -0.709     -7.595
  -1   -2     13.636      1.939     -6.225
  -1   -2      8.959      0.881     -9.748
  -1   -2      3.471     -1.160      1.217
  -1   -2     19.733      2.432     -2.584
  -1   -2      7.465     -3.236      8.368
  -1   -2      9.173     -6.347      3.876
  -1   -2     10.817     -3.148     -6.791
  -1   -2     -9.509     -0.709     -7.595
  -1   -2     13.636      1.939     -6.225
  -1   -2      8.959      0.881     -9.748
  -1   -2      3.471     -1.160      1.217
  -1   -2     19.733      2.432     -2.584
  -1   -2      7.465     -3.236      8.368
  -1   -2      9.173     -6.347      3.876
  -1   -2     13.636      1.939     -6.225
  -1   -2     -9.509     -0.709     -7.595
  -1   -2     10.817     -3.148     -6.791
  -1   -2      8.959      0.881     -9.748
  -1   -2      3.471     -1.160      1.217
  -1   -2     19.733      2.432     -2.584
  -1   -2      7.465     -3.236      8.368
  -1   -2      9.173     -6.347      3.876
  -1   -2     -9.509     -0.709     -7.595
  -1   -2     10.817     -3.148     -6.791
  -1   -2     13.636      1.939     -6.225
  -1   -2      8.959      0.881     -9.748
  -1   -2      3.471     -1.160      1.217
  -1   -2     19.733      2.432     -2.584
  -1   -2      7.465     -3.236      8.368
  -1   -2      9.173     -6.347      3.876
  -1   -2     -9.509     -0.709     -7.595
  -1   -2     13.636      1.939     -6.225
  -1   -2     10.817     -3.148     -6.791
  -1   -2      8.959      0.881     -9.748
  -1   -2      3.471     -1.160      1.217
  -1   -2     19.733      2.432     -2.584
  -1   -2      7.465     -3.236      8.368
  -1   -2      9.173     -6.347      3.876
  -1   -2     10.817     -3.148     -6.791
  -1   -2     -9.509     -0.709     -7.595
  -1   -2     13.636      1.939     -6.225
 164   95      8.959      0.881     -9.748
  -1   -2      3.471     -1.160      1.217
  -1   -2     19.733      2.432     -2.584
  -1   -2      7.465     -3.236      8.368
  -1   -2      9.173     -6.347      3.876
  94  177     10.817     -3.148     -6.791
 161   93     -9.509     -0.709     -7.595
  -1   -2     13.636      1.939     -6.225
  -1   -2      3.471     -1.160      1.217
  -1   -2     19.733      2.432     -2.584
  -1   -2      7.465     -3.236      8.368
  -1   -2      9.173     -6.347      3.876
  -1   -2     13.636      1.939     -6.225
  -1   -2      3.471     -1.160      1.217
  -1   -2     19.733      2.432     -2.584
  -1   -2      7.465     -3.236      8.368
  -1   -2      9.173     -6.347      3.876
  -1   -2     13.636      1.939     -6.225
  51  193      3.471     -1.160      1.217
  -1   -2     19.733      2.432     -2.584
  -1   -2      7.465     -3.236      8.368
  -1   -2      9.173     -6.347      3.876
  -1   -2     13.636      1.939     -6.225
  -1   -2     19.733      2.432     -2.584
  -1   -2      7.465     -3.236      8.368
  -1   -2      9.173     -6.347      3.876
 205   -2     13.636      1.939     -6.225
  -1   -2     19.733      2.432     -2.584
  -1   -2      7.465     -3.236      8.368
  -1   -2      9.173     -6.347      3.876
  -1   -2     19.733      2.432     -2.584
  -1   -2      7.465     -3.236      8.368
  -1   -2      9.173     -6.347      3.876
  -1   -2     19.733      2.432     -2.584
  -1   -2      7.465     -3.236      8.368
  -1   -2      9.173     -6.347      3.876
  -1   -2     19.733      2.432     -2.584
  -1   -2      7.465     -3.236      8.368
  -1   -2      9.173     -6.347      3.876
  -1   -2     19.733      2.432     -2.584
  -1   -2      7.465     -3.236      8.368
  -1   -2      9.173     -6.347      3.876
  -1   -2     19.733      2.432     -2.584
  -1   -2      7.465     -3.236      8.368
  -1   -2      9.173     -6.347      3.876
  -1   -2     19.733      2.432     -2.584
  55   -2      7.465     -3.236      8.368
  -1   -2     19.733      2.432     -2.584
  -1   -2      9.173     -6.347      3.876
  -1   -2     19.733      2.432     -2.584
  -1   -2      9.173     -6.347      3.876
  -1   -2     19.733      2.432     -2.584
  -1   -2      9.173     -6.347      3.876
  -1   -2     19.733      2.432     -2.584
  -1   -2      9.173     -6.347      3.876
  -1   -2     19.733      2.432     -2.584
  -1   -2      9.173     -6.347      3.876
  -1   -2     19.733      2.432     -2.584
  -1   -2      9.173     -6.347      3.876
  -1   -2     19.733      2.432     -2.584
  -1   -2      9.173     -6.347      3.876
  -1   -2     19.733      2.432     -2.584
  -1   -2      9.173     -6.347      3.876
  -1   -2     19.733      2.432     -2.584
  -1   -2      9.173     -6.347      3.876
  -1   -2     19.733      2.432     -2.584
  -1   -2      9.173     -6.347      3.876
  -1   -2     19.733      2.432     -2.584
  -1   -2      9.173     -6.347      3.876
  -1   -2     19.733      2.432     -2.584
  -1   -2     19.733      2.432     -2.584
  99   -2     19.733      2.432     -2.584
