30
  31    5     10.100     -9.854      5.017
   4    1      8.940    -10.313      2.563
  32   24     15.818     -6.062     -7.921
  -1   -2     14.455     -6.080      9.343
   5   -2      8.602     -8.393     10.079
  21   16     14.816     -2.094     -5.636
   8   -2      9.973     -3.353      6.410
  -1    2     12.611     -8.528     10.477
  13   31     17.612    -10.301     -1.040
  -1   13     15.389     -1.222     -6.996
  11    7     14.519     -9.491      1.028
  22   -2     11.434     -8.713      2.606
  30   -2    -13.339     -9.921     -2.312
  28   -2     12.658     -7.003     -0.425
  14   22     17.823     -8.666     -1.991
   2   19     19.356     -6.439     -4.718
  17    9     17.887    -10.879     -2.801
  -1   26     -5.198    -10.717     -2.347
  23   -2      4.475     -9.908      6.086
  -1   -2     17.176     -9.269     11.205
  -1   11     17.570    -10.253     -7.270
  -1   27     19.885     -1.707     -6.469
  -1    4      5.423    -10.615     10.061
  -1   -2      5.486    -10.967      6.485
  -1   12     15.665     -4.626      2.347
  -1    0      9.610    -10.204     -5.096
  16    6     16.000     -1.362      0.730
  35   -2     -6.821     -7.793     -0.485
   6   -2     17.503     -9.311     -6.682
  12   32     14.402     -6.067      9.326
