194
  35   30    -12.069     -8.491     -6.225
   1    0      3.605     -6.930      9.425
   2    1     -4.284     -4.596      9.459
 127  155     -8.746     -7.070      2.646
   8   34      8.881     -7.591      4.182
  52   -2     -6.270     -5.770      7.878
  60   -2     13.350     -3.861      4.116
   3    3      5.298     -0.504     -2.401
  -1   -2      4.160     -2.885      1.909
   6    6      5.601     -1.414      4.255
  40   44     -8.686    -10.550     -4.733
  38   72      6.908     -7.439     -1.759
  11    9      9.471     -5.138      5.004
 128   24      4.755     -7.949      4.609
 133   -2     19.849     -6.880     -2.425
   9   89      6.075     -9.017      9.909
  83  183    -12.425     -9.025     -8.455
  19   19      2.207     -1.914     -0.344
  -1   21     14.542     -9.177     -4.710
 182   -2      9.437     -9.597      0.651
  -1   25     17.934     -4.497     -1.431
  -1  154      9.276      2.366      1.085
 108   -2      9.106     -7.975     -0.820
 105   96      8.075     -6.427      6.850
  41   -2     -2.565     -9.673     -4.025
  30   48     -1.873     -6.579      9.076
  18  165      4.391     -7.289      8.072
  -1  106     -6.741     -9.179     -8.686
 166   99     14.885    -10.063     -7.109
  95   -2     13.556     -7.827      7.518
  37  189      0.975     -6.920      9.673
  65  187      0.930     -9.092      4.827
  69   -2    -10.791    -10.216    -10.332
  27   36     17.911     -5.381     -3.236
  -1   39     11.526     -6.305      8.682
  43   -2     13.729     -7.232      8.785
  47   12      8.005     -8.025     -4.823
 186   -2      0.789     -6.620     -9.273
 116  117     17.816     -9.754     -3.447
  73   47     14.133     -7.075      6.910
  87   -2      6.955     -6.105      2.780
 111  129     -7.496    -10.100     -9.633
 118   -2     -0.549    -10.493     -6.495
  10    7     16.369     -4.575     -9.622
  57   -2     17.353     -5.963     -0.653
  -1   20      7.534     -4.634      8.604
  89   -2    -11.865     -6.734     -6.167
  68  125     -9.205    -10.179     -6.603
 177   -2     10.336     -1.579      6.784
  45   79      7.728    -10.191      3.743
  -1   56     13.713     -9.448     -1.281
  33   -2      7.809     -7.353      3.479
  90   -2      6.952     -8.465     -9.565
  54   -2      2.799     -8.575      8.570
  67   -2      0.327     -4.142     10.072
  -1   38    -11.252    -10.454     -9.707
  61  157     13.423     -2.027     -2.205
  -1   -2      3.249     -4.992     -4.687
  34    5     12.100     -5.519      3.551
 205   61     18.506     -6.197     -2.681
  -1  211      9.999     -6.527      2.026
  56   10     18.820     -9.934     -6.257
 194   74     14.605      0.498     -5.052
 110   -2      1.698     -9.538      5.070
  -1   -2     14.619     -5.015     -5.895
  -1   -2     12.572     -8.862      2.766
  -1   -2      8.546     -2.267     10.031
 137   -2     11.334     -6.909     -8.164
  -1   67     -1.164    -10.200     -5.106
 145   85     -1.074     -6.337      6.103
  -1   -2     13.862    -10.606    -10.243
 141   22    -10.312    -10.813     -3.560
  -1   -2     13.756      1.826     -5.446
 180  192     13.991      1.380     -3.416
  -1  121     15.878     -6.228      7.588
  -1    2      8.243     -6.884      9.463
  70   73      9.934     -6.973     -0.972
  79   -2      9.370     -4.898      3.037
  72  113     11.147     -3.142     -5.671
  -1   77      8.340     -0.227      2.187
  81   50      5.509     -5.916      4.586
 188   -2      5.392     -6.547     -6.075
  -1   -2     19.808     -3.462     -2.805
  -1   16      3.866     -7.559      8.386
   0   -2      0.175     -9.079      1.614
  -1  143    -11.765     -6.069      0.277
  76  101      0.228     -9.680    -10.187
 136  133     -9.248     -8.785     -6.838
 140   65      9.724     -9.433      8.312
  88   92     -0.096     -3.694     -9.604
  46   42     19.213     -3.673     -3.180
 160   33     -0.632     -6.005      5.976
  -1   70      4.664     -5.505      9.252
 131   46     16.859     -1.420     -3.919
  24   -2     -7.189     -8.680      2.694
  92   -2     -4.121     -6.771      8.969
 125   -2      4.529     -8.403     -1.060
 121   -2     16.280     -2.724     -4.407
  -1   90     10.151     -9.655     -8.558
 164   28     16.947     -8.114      2.363
  -1  182     12.114     -6.685     -9.504
  -1   -2     13.588     -9.969      0.112
  -1  135     -2.527     -2.756      7.649
 103  167     -2.389     -2.471      1.807
  -1  131     -3.407     -7.282      2.739
  39  185     16.194     -7.284      7.397
  99   35      9.492     -3.064      2.994
 144   -2     -1.316     -8.727     -6.579
  15  110     13.870     -9.277     -5.798
  20   -2     15.353     -7.133      5.789
  85  134     17.051     -9.018     -4.847
  32  130      1.762     -8.589     -4.143
  31   54     12.251    -10.481     -4.035
  16   71    -10.852    -10.742     -2.757
  59   -2     -1.842     -7.220      0.219
  14   -2     12.277     -8.908      0.681
 161   27     -8.598     -4.655     -5.074
 142   -2    -12.229     -4.868     -5.112
 104   18    -13.342     -6.460     -3.126
 107   -2      4.857     -0.609      4.483
  93   -2      5.254     -8.971      2.843
  66   -2     12.163     -8.791      6.957
 150   -2      3.668     -4.827      7.788
 114   80     -4.390     -9.373     -1.616
  -1   52      3.760     -9.537      8.575
  78   -2     15.391     -3.036     -0.721
 124   93     -5.737     -8.229     -3.131
  23  100      2.406     -8.915      6.328
 102   76      7.722     -7.921      8.443
  96   87     18.651     -1.295     -6.974
 189  159     -4.529     -1.634      3.981
  -1   -2      0.047     -5.592     -3.773
 167  104      5.028     -4.563     -8.356
 159   -2     15.777      2.908     -7.946
 187   -2    -13.103     -0.769     -4.481
 169   -2     -4.514     -7.082     -7.092
  -1   -2      8.960      0.881     -9.745
  -1   78      7.344      6.282      9.842
  -1  128     18.207     -1.283      1.179
  -1   -2    -12.790     -1.542     -8.147
  -1   59     14.650     -4.527     -4.007
  -1   -2      2.527     -1.370      3.946
  -1   -2     19.734      2.435     -2.580
  -1  151     -2.807      2.820     -3.226
  -1  142     18.264     -1.906     -2.828
 193  178     -9.862     -6.265     -2.905
  -1  150      4.499      3.960      3.958
 184  179     12.932     -0.494     -0.858
  -1   63     18.094     -9.916     -2.978
  -1   -2     21.136     -6.057      0.166
  -1   -2     19.889     -4.858      7.149
  -1   45     13.042     -5.261      9.167
  -1  136     23.271      4.144     -9.325
  -1   -2     14.359     -5.764    -11.808
 168  191     13.532      4.275     -5.974
  -1   29    -12.886     -1.794     -4.293
  -1   -2      6.521     -9.735     -5.243
  -1   -2    -13.310     -9.206      1.857
  -1   -2     -1.791     -3.155      1.039
  -1   -2     17.564     -0.868      5.577
  -1   49     -1.513     -8.930      1.749
  12   -2     12.872     -3.729     -2.433
 190   -2     23.942      1.257    -12.409
 199   -2      3.719     -0.582     -3.760
 165  173      4.997      1.340      3.609
  77  107     14.366     -0.090      0.497
  -1   -2      4.494     -1.040      4.179
  -1   -2     17.503      3.790    -11.695
  -1   14      0.933      0.475      0.054
 208   -2     19.485      1.602     -2.996
  58   -2      8.130    -11.291     10.296
  63   -2     12.319      0.790      8.575
  -1   11    -11.875     -8.520     -6.512
  36  194     -8.566     -7.098      1.648
  86   -2      8.239     -0.208      2.457
  -1   -2     -9.667    -10.641     -1.644
 153  201     13.636      1.939     -6.224
  -1   -2      2.527     -1.370      3.946
  -1   -2      4.239     -2.916      2.026
 215  200     -2.767     -2.730      7.031
 206  196      8.943      2.276      2.222
 217   -2     19.734      2.435     -2.580
 211  199      4.239     -2.916      2.026
  -1   -2      5.382     -0.510     -2.398
  -1   -2      5.382     -0.510     -2.398
 218  202     12.491     -8.828      2.971
  -1   -2      5.382     -0.510     -2.398
  -1   -2      5.382     -0.510     -2.398
  -1   -2      9.193     -6.334      3.833
  -1   -2      5.382     -0.510     -2.398
  -1   -2      5.382     -0.510     -2.398
  -1   -2      9.193     -6.334      3.833
 231  214      5.382     -0.510     -2.398
 228   -2      9.193     -6.334      3.833
