360
  74   41     16.945     -8.319      4.168
  22  348      9.751     -7.894      1.403
  87   77     16.897     -2.143      0.472
  45   87     17.310     -8.127      2.329
  -1   -2      2.695     -9.458      9.509
  46   -2     -4.154     -9.865     -3.173
  99    5     -2.407    -10.603     -0.130
  -1   -2      9.173     -6.348      3.873
  39   11     15.068     -1.435     -9.455
  16   -2     11.645     -8.227     -4.379
  -1   -2     16.339     -4.558     -9.544
  -1   -2     -4.461     -6.942      6.471
   6   -2     17.350     -5.964     -0.650
  54   13     13.206     -3.831      4.304
  47   -2      6.664     -9.083      8.301
   8   -2     12.096     -5.522      3.553
  29   -2      4.702     -7.727      4.351
 110   21     14.607      0.498     -5.055
  -1  151     19.438     -6.420     -4.850
  -1   -2     14.623     -5.015     -5.888
  17   24     10.979     -2.663      3.926
  33   26      6.978     -5.303      5.876
  48   -2     17.428    -10.119     -2.763
  -1   25      4.310     -5.505      8.237
  -1   28      5.282    -10.353     -0.205
  25   27      7.979     -5.852      9.688
  12  101     17.851    -10.256     -4.767
  95   -2     12.545     -3.847     -4.923
  26   29     -0.540     -8.767     -7.032
  84   53     14.139     -7.184      7.804
  35   33     -5.794     -6.900    -10.215
  -1   22     13.971      1.387     -3.369
  -1   -2     17.788     -4.229     -0.656
   1   30      4.429     -7.591     10.307
  34   32     -0.109     -3.696     -9.635
  44   47      8.949    -10.195      5.979
  -1   17      4.826     -9.626     10.376
 105    1      9.157     -7.490      2.756
  43   35     -6.319     -9.131     -8.099
  36   52     16.533    -10.254     -9.955
  42   14     18.350     -6.106     -2.422
  28   44      3.021     -8.841      4.864
  41   37    -11.559     -9.726     -7.940
  40   43      2.029    -10.187      9.012
  88   42      6.454     -7.357      9.582
  19  104      4.761     -6.207      2.515
  23   -2     14.960     -9.083      1.621
  98    6     12.393     -9.604      9.739
  56   -2     14.863    -10.013     -7.199
  -1   -2     14.577     -4.270      7.780
  55   56     -8.930     -8.326      3.973
  -1  195      2.355    -10.828     -0.403
  -1   -2     20.302     -8.329      5.893
  -1   -2     -9.508     -0.707     -7.590
  -1   -2     13.636      1.938     -6.216
  -1   16     20.161    -10.249     -6.910
  -1   -2      8.960      0.880     -9.748
  -1   -2      3.467     -1.159      1.204
  63  114      2.428    -10.771      4.587
  65   -2     12.335     -0.398     -6.673
  -1  358     19.731      2.431     -2.580
  -1   57     12.934     -0.492     -0.855
  -1   -2     -7.422    -10.092     -9.854
  -1    8     16.218     -7.143      7.043
  -1   72     14.476    -10.495     -7.159
  -1   -2      4.522      1.485      1.252
 324  326      7.464     -3.238      8.371
  -1   -2     -4.012     -5.126      2.146
  75   80     -1.831      1.233     -8.140
  -1   -2      2.014     -0.859     -9.085
  -1   -2     -8.686     -9.517      0.603
  -1   -2     -7.080     -5.923      5.771
  79   81    -10.074    -10.557     -5.006
  77   -2     -8.086    -10.830      7.599
  66   -2     13.771     -3.258     -5.940
  83   86     -4.507     -5.166      5.284
  -1  113     22.439     -7.013     10.126
  -1   -2     -0.759     -2.748      5.777
  90   -2     10.943     -8.631      3.182
  -1   85      9.396     -7.144      7.675
  -1  301     13.531      4.273     -5.976
 113   23     16.919     -1.423     -3.704
  -1   -2     11.494    -10.528     -1.843
  -1   90      6.060     -2.410     -3.156
  -1   49     17.242     -1.089     -2.456
  68   31     10.743     -6.557      0.431
  -1   -2     -8.423    -10.914     -8.947
  -1   96     18.733      1.427     -6.116
  93   95     -2.525     -0.961    -11.359
  57   -2     -7.029    -11.683     -5.632
  -1   66     14.469     -8.242      8.870
  -1   -2     13.871     -9.468     -1.676
  52   99      9.354      0.283      9.918
  94   98      6.968     -4.267     -2.302
 100   -2     -8.425     -4.497     -8.492
  69  100     17.511      3.792    -11.716
  89   59      8.019     -3.501     -3.457
  -1   19     19.299     -7.749     -7.069
 123  139     16.452     -4.549     -9.820
 346   34      9.173     -6.348      3.873
  -1  108     -4.463     -6.943      6.389
 138   39     19.361     -6.436     -4.676
  61   -2     20.302     -8.329      5.893
  -1   -2      2.355    -10.828     -0.403
  -1   -2     13.636      1.938     -6.216
 313  103     -9.508     -0.707     -7.590
  -1   -2      3.467     -1.159      1.204
  -1   88     19.731      2.431     -2.580
 254  256      4.522      1.485      1.252
  -1   -2      2.014     -0.859     -9.085
  -1   -2      7.464     -3.238      8.371
  -1   -2     -7.422    -10.092     -9.854
  -1   -2     -4.012     -5.126      2.146
  78   -2     -8.686     -9.517      0.603
  -1  137     -0.759     -2.748      5.777
  -1   -2     11.494    -10.528     -1.843
  -1   -2      9.173     -6.348      3.873
  -1   -2     -4.463     -6.943      6.389
  -1   -2     19.361     -6.436     -4.676
  -1   -2      2.355    -10.828     -0.403
  -1   -2     13.636      1.938     -6.216
  -1   -2     -9.508     -0.707     -7.590
  -1   -2      3.467     -1.159      1.204
  -1   -2     19.731      2.431     -2.580
  -1   -2      4.522      1.485      1.252
  -1   -2      7.464     -3.238      8.371
 115  133      2.014     -0.859     -9.085
  -1   -2     -7.422    -10.092     -9.854
  -1   -2     -4.012     -5.126      2.146
  -1   -2     -0.759     -2.748      5.777
  -1   -2     11.494    -10.528     -1.843
  -1   -2      9.173     -6.348      3.873
  -1   -2     -4.463     -6.943      6.389
  -1   -2     19.361     -6.436     -4.676
  -1   -2     -9.508     -0.707     -7.590
  -1   -2     13.636      1.938     -6.216
  -1   -2      2.355    -10.828     -0.403
  -1   -2      3.467     -1.159      1.204
  -1   -2     19.731      2.431     -2.580
  -1   -2     -4.012     -5.126      2.146
  -1   -2      7.464     -3.238      8.371
  -1   -2      4.522      1.485      1.252
  -1   -2     -0.759     -2.748      5.777
  -1   -2     11.494    -10.528     -1.843
  -1   -2      9.173     -6.348      3.873
  -1   -2     -4.463     -6.943      6.389
  -1   -2     19.361     -6.436     -4.676
  -1   -2     -9.508     -0.707     -7.590
  -1   -2      2.355    -10.828     -0.403
  -1   -2     13.636      1.938     -6.216
  -1   -2      3.467     -1.159      1.204
  -1   -2     19.731      2.431     -2.580
  -1   -2      4.522      1.485      1.252
  -1   -2      7.464     -3.238      8.371
  -1   -2     -4.012     -5.126      2.146
  -1   -2     11.494    -10.528     -1.843
  -1   -2      9.173     -6.348      3.873
  -1   -2     -4.463     -6.943      6.389
 103   -2     19.361     -6.436     -4.676
  -1   -2     -9.508     -0.707     -7.590
  -1   -2     13.636      1.938     -6.216
  -1   -2      3.467     -1.159      1.204
  -1   -2     19.731      2.431     -2.580
  -1   -2      7.464     -3.238      8.371
  -1   -2      4.522      1.485      1.252
  -1   -2     -4.012     -5.126      2.146
  -1   -2     11.494    -10.528     -1.843
  -1   -2      9.173     -6.348      3.873
   7   -2     -4.461     -6.942      6.471
  -1   -2     -9.508     -0.707     -7.590
  -1   -2     13.636      1.938     -6.216
  -1   -2      3.467     -1.159      1.204
  -1   -2     19.731      2.431     -2.580
  -1   -2      7.464     -3.238      8.371
  -1   -2      4.522      1.485      1.252
  -1   -2     -4.012     -5.126      2.146
  -1   -2     11.494    -10.528     -1.843
  -1   -2      9.173     -6.348      3.873
  -1   -2     -9.508     -0.707     -7.590
  -1   -2      2.355    -10.828     -0.403
  -1   -2     13.636      1.938     -6.216
  -1   -2      3.467     -1.159      1.204
  -1   -2     19.731      2.431     -2.580
  -1   -2      4.522      1.485      1.252
  -1   -2      7.464     -3.238      8.371
 157  168     -4.012     -5.126      2.146
  -1   -2     11.494    -10.528     -1.843
  -1   -2      9.173     -6.348      3.873
  -1   -2     -9.508     -0.707     -7.590
  -1   -2     13.636      1.938     -6.216
 191  110      2.355    -10.828     -0.403
  -1   -2      3.467     -1.159      1.204
  -1   -2     19.731      2.431     -2.580
  -1   -2      4.522      1.485      1.252
  -1   -2      7.464     -3.238      8.371
  -1   -2     11.494    -10.528     -1.843
  -1   -2      9.173     -6.348      3.873
  -1   -2     -9.508     -0.707     -7.590
  -1   -2     13.636      1.938     -6.216
  -1   -2      3.467     -1.159      1.204
  -1   -2     19.731      2.431     -2.580
  -1   -2      4.522      1.485      1.252
  -1   -2      7.464     -3.238      8.371
  -1   -2     11.494    -10.528     -1.843
  -1   -2      9.173     -6.348      3.873
  -1   -2     -9.508     -0.707     -7.590
  -1   -2     13.636      1.938     -6.216
  -1   -2      3.467     -1.159      1.204
  -1   -2     19.731      2.431     -2.580
  -1   -2      4.522      1.485      1.252
  -1   -2      7.464     -3.238      8.371
  -1   -2     11.494    -10.528     -1.843
  -1   -2      9.173     -6.348      3.873
  -1   -2     13.636      1.938     -6.216
  -1   -2     -9.508     -0.707     -7.590
  -1   -2      3.467     -1.159      1.204
  -1   -2     19.731      2.431     -2.580
  -1   -2      4.522      1.485      1.252
  -1   -2      7.464     -3.238      8.371
 205   -2     11.494    -10.528     -1.843
  -1   -2      9.173     -6.348      3.873
  -1   -2     -9.508     -0.707     -7.590
  -1   -2     13.636      1.938     -6.216
  -1   -2      3.467     -1.159      1.204
  -1   -2     19.731      2.431     -2.580
  -1   -2      4.522      1.485      1.252
  -1   -2      7.464     -3.238      8.371
  -1   -2      9.173     -6.348      3.873
  -1   -2     -9.508     -0.707     -7.590
  -1   -2     13.636      1.938     -6.216
  -1   -2      3.467     -1.159      1.204
  -1   -2     19.731      2.431     -2.580
  -1   -2      4.522      1.485      1.252
  -1   -2      7.464     -3.238      8.371
  -1   -2      9.173     -6.348      3.873
  -1   -2     -9.508     -0.707     -7.590
  -1   -2     13.636      1.938     -6.216
  -1   -2      3.467     -1.159      1.204
  -1   -2     19.731      2.431     -2.580
  -1   -2      4.522      1.485      1.252
  -1   -2      7.464     -3.238      8.371
  -1   -2      9.173     -6.348      3.873
  -1   -2     -9.508     -0.707     -7.590
  -1   -2     13.636      1.938     -6.216
  -1   -2      3.467     -1.159      1.204
  -1   -2     19.731      2.431     -2.580
  -1   -2      4.522      1.485      1.252
  -1   -2      7.464     -3.238      8.371
  -1   -2      9.173     -6.348      3.873
  -1   -2     -9.508     -0.707     -7.590
  -1   -2     13.636      1.938     -6.216
  -1   -2      3.467     -1.159      1.204
  -1   -2     19.731      2.431     -2.580
  -1   -2      7.464     -3.238      8.371
  -1   -2      9.173     -6.348      3.873
  -1   -2     -9.508     -0.707     -7.590
  -1   -2     13.636      1.938     -6.216
  -1   -2      3.467     -1.159      1.204
  -1   -2     19.731      2.431     -2.580
  -1   -2      7.464     -3.238      8.371
  -1   -2      9.173     -6.348      3.873
  -1   -2     -9.508     -0.707     -7.590
  -1   -2     13.636      1.938     -6.216
  -1   -2      3.467     -1.159      1.204
  -1   -2     19.731      2.431     -2.580
  -1   -2      7.464     -3.238      8.371
  -1   -2      9.173     -6.348      3.873
  -1   -2     -9.508     -0.707     -7.590
  -1   -2     13.636      1.938     -6.216
  -1   -2      3.467     -1.159      1.204
  -1   -2     19.731      2.431     -2.580
  -1   -2      7.464     -3.238      8.371
  -1   -2      9.173     -6.348      3.873
  -1   -2     -9.508     -0.707     -7.590
  -1   -2     13.636      1.938     -6.216
  -1   -2      3.467     -1.159      1.204
  -1   -2     19.731      2.431     -2.580
  -1   -2      7.464     -3.238      8.371
  -1   -2      9.173     -6.348      3.873
  -1   -2     -9.508     -0.707     -7.590
  -1   -2     13.636      1.938     -6.216
  -1   -2      3.467     -1.159      1.204
  -1   -2     19.731      2.431     -2.580
  -1   -2      7.464     -3.238      8.371
  -1   -2      9.173     -6.348      3.873
  -1   -2     13.636      1.938     -6.216
  -1   -2     -9.508     -0.707     -7.590
  -1   -2      3.467     -1.159      1.204
  -1   -2     19.731      2.431     -2.580
  -1   -2      7.464     -3.238      8.371
  -1   -2      9.173     -6.348      3.873
  -1   -2     -9.508     -0.707     -7.590
  -1   -2     13.636      1.938     -6.216
  -1   -2      3.467     -1.159      1.204
  -1   -2     19.731      2.431     -2.580
  -1   -2      7.464     -3.238      8.371
  -1   -2      9.173     -6.348      3.873
  -1   -2     -9.508     -0.707     -7.590
  -1   -2     13.636      1.938     -6.216
  -1   -2      3.467     -1.159      1.204
  -1   -2     19.731      2.431     -2.580
  -1   -2      7.464     -3.238      8.371
  -1   -2      9.173     -6.348      3.873
  -1   -2     -9.508     -0.707     -7.590
  -1   -2     13.636      1.938     -6.216
  70  307      3.467     -1.159      1.204
  -1   -2     19.731      2.431     -2.580
  -1   -2      7.464     -3.238      8.371
  -1   -2      9.173     -6.348      3.873
  -1   -2     -9.508     -0.707     -7.590
  -1   -2     13.636      1.938     -6.216
  -1   -2     19.731      2.431     -2.580
  -1   -2      7.464     -3.238      8.371
  -1   -2      9.173     -6.348      3.873
 108  315     -9.508     -0.707     -7.590
  -1   -2     13.636      1.938     -6.216
  -1   -2     19.731      2.431     -2.580
  -1   -2      7.464     -3.238      8.371
  -1   -2      9.173     -6.348      3.873
  85   -2     13.636      1.938     -6.216
  -1   -2     19.731      2.431     -2.580
  -1   -2      9.173     -6.348      3.873
  -1   -2     19.731      2.431     -2.580
  -1   -2      7.464     -3.238      8.371
  -1   -2      9.173     -6.348      3.873
  -1   -2     19.731      2.431     -2.580
  -1   -2      7.464     -3.238      8.371
  -1   -2      9.173     -6.348      3.873
  -1   -2     19.731      2.431     -2.580
  -1   -2      7.464     -3.238      8.371
  -1   -2      9.173     -6.348      3.873
  -1   -2     19.731      2.431     -2.580
  -1   -2      7.464     -3.238      8.371
  -1   -2      9.173     -6.348      3.873
  -1   -2     19.731      2.431     -2.580
  -1   -2      7.464     -3.238      8.371
  -1   -2      9.173     -6.348      3.873
  -1   -2     19.731      2.431     -2.580
  -1   -2      7.464     -3.238      8.371
  -1   -2      9.173     -6.348      3.873
  -1   -2     19.731      2.431     -2.580
  -1   -2      7.464     -3.238      8.371
  -1   -2      9.173     -6.348      3.873
  -1   -2     19.731      2.431     -2.580
  -1   -2      7.464     -3.238      8.371
  -1   -2      9.173     -6.348      3.873
  -1   -2     19.731      2.431     -2.580
  -1   -2      9.173     -6.348      3.873
  -1   -2     19.731      2.431     -2.580
  -1   -2      9.173     -6.348      3.873
  -1   -2     19.731      2.431     -2.580
  -1   -2      9.173     -6.348      3.873
  -1   -2     19.731      2.431     -2.580
  -1   -2      9.173     -6.348      3.873
  -1   -2     19.731      2.431     -2.580
  -1   -2      9.173     -6.348      3.873
  -1   -2     19.731      2.431     -2.580
  -1   -2      9.173     -6.348      3.873
  -1   -2     19.731      2.431     -2.580
  92   -2     19.731      2.431     -2.580
