233
  32    0      9.729     -7.900      1.448
   1    8      2.698     -9.458      9.520
  15   -2     12.678     -8.662     -7.186
   4   46     16.344     -4.564     -9.557
  -1   31      9.172     -6.347      3.877
  -1   -2     -4.456     -6.941      6.459
   8   -2     17.351     -5.963     -0.649
  16    6     13.209     -3.831      4.312
  -1   48     -4.804    -10.664     -3.714
  44   -2      4.704     -7.727      4.356
   9   71     12.099     -5.522      3.551
  -1   -2     19.440     -6.421     -4.851
  78    3     14.618     -5.018     -5.909
  54   -2     14.607      0.497     -5.056
  19  227      6.979     -5.303      5.876
  -1   15     10.983     -2.662      3.916
  11   16      4.316     -5.504      8.256
  18   -2     14.131     -7.187      7.827
  21   -2     -0.539     -8.767     -7.022
  -1   -2      7.978     -5.850      9.686
  84   32     18.801    -10.520     -3.738
  37   27     -2.865     -9.780      0.013
  33   20     18.059     -9.869     -4.201
  -1   23      4.427     -7.590     10.304
  50   -2     -2.276    -10.185      2.157
   3   72     17.986    -10.025     -2.487
 216   -2      9.104     -7.556      4.378
  26   22      4.666    -10.167      1.460
  -1   40     -1.340     -7.910     -3.078
  83   -2     17.799     -4.233     -0.673
  -1   42     12.254    -10.406      0.438
  88   13     12.548     -3.848     -4.930
  28   25     -5.783     -6.905    -10.185
  64   50     -0.115     -3.693     -9.650
  38   -2     -7.181     -9.119     -8.149
 117   -2     -0.629     -6.006      5.988
  35   35      3.024     -8.843      4.876
  -1   29     19.371    -10.713     -0.625
  31   -2     -6.321     -9.132     -8.100
  96   39     18.062     -9.120     -2.977
  -1   41     11.971     -8.163     -4.933
  34   34    -11.559     -9.724     -7.935
  36   -2     16.644    -10.459      1.609
  20   82      6.452     -7.357      9.572
  42   38     16.941     -8.316      4.158
 106    7     18.557     -6.168     -2.917
  39   43      1.665    -10.642      2.856
  -1   44     11.257     -8.721      3.234
  17   21     -2.259     -8.802     -9.212
  45   89     14.072    -10.508     -8.271
  48   47     14.576     -4.272      7.783
  89   11      5.426     -6.398      0.848
  47   -2     -8.928     -8.326      3.965
  -1   45     -2.025    -10.794     -2.156
  -1   -2     -4.721     -9.354     -9.910
  23   49      4.693     -7.388     10.051
  -1   -2     10.811     -3.148     -6.807
 113   -2     17.406     -1.517     -1.880
  -1   -2     -9.511     -0.710     -7.599
  53   66     19.764     -9.098      9.008
  -1   -2     13.635      1.939     -6.225
 112  124      3.471     -1.160      1.218
  56   57      8.959      0.879     -9.746
 111   -2     12.334     -0.399     -6.671
  -1   81     19.733      2.432     -2.583
  92   17      8.428     -2.490     10.289
  -1   -2      7.466     -3.237      8.365
  -1   90     17.537      3.834    -12.240
  -1   51     -7.423    -10.095     -9.855
  -1   -2    -14.208     -9.629      4.451
  59   61     13.076    -10.461     11.971
  -1   -2      4.520      1.486      1.255
  -1   -2     -4.013     -5.129      2.143
  65   64     -1.833      1.233     -8.138
  -1   -2      6.083     -8.912      9.842
  -1   37      7.897     -7.355      8.955
  71   -2     -0.755     -2.752      5.792
  74   78     21.451     -1.457    -10.223
  -1   73     -3.666     -2.127      5.481
  -1   -2     13.529      4.274     -5.973
  -1   -2      9.395     -7.141      7.675
  -1   -2     12.017    -10.306      7.597
  68   -2     -4.513     -5.165      5.273
  -1   33     -4.484     -7.858     -6.260
  -1   91      6.061     -2.412     -3.165
  -1  229     20.103      1.477     -0.577
  -1   96     19.813     -7.957     -4.411
  -1   -2     -3.547     -8.006      6.683
  91   -2     17.237     -1.087     -2.485
  -1   85     19.619    -11.441     -4.598
  82   -2     10.743     -6.559      0.429
  86   -2     11.394     -9.161      1.282
  85   83     -2.526     -0.963    -11.371
  -1   -2     -6.006    -11.697     -9.181
  90   -2     15.477     -9.641    -10.494
  79   26      8.020     -3.500     -3.456
  -1   92      9.360      0.282      9.945
 109   -2     -8.423     -4.497     -8.487
  87   88      8.452     -9.729     11.416
  -1   98    -11.468     -5.570     -5.325
  98   18     14.655     -8.122      9.456
  -1   -2    -10.970    -10.095    -10.490
  -1   99     17.766     -6.705     -9.843
  -1   -2     17.933     -6.208     -6.752
  -1   97    -10.254     -6.091     -3.834
  -1   65    -11.104     -9.756      0.818
 100   -2    -10.928     -3.866     -8.558
  -1   -2     20.804    -10.126     -4.328
  81   -2      8.027     -9.784      8.630
 104  117     -4.464     -6.943      6.389
  -1   79     -9.099     -9.811      5.511
  -1   -2      9.172     -6.347      3.877
   6   28     -4.892    -10.693     -3.411
  -1   -2     10.811     -3.148     -6.807
 152   94     -9.511     -0.710     -7.599
  75   10     13.635      1.939     -6.225
  57   -2      3.471     -1.160      1.218
  -1  107      8.959      0.879     -9.746
  58   -2     13.029     -8.914      9.991
  -1   -2     19.733      2.432     -2.583
  -1   -2      4.520      1.486      1.255
  -1   -2    -14.208     -9.629      4.451
  -1   14      7.466     -3.237      8.365
  -1  150     -4.013     -5.129      2.143
  -1   -2     12.017    -10.306      7.597
  -1   -2     -3.547     -8.006      6.683
 102   -2     -9.099     -9.811      5.511
  -1   -2      9.172     -6.347      3.877
 108  120     -3.547     -8.006      6.683
  -1   -2     -9.511     -0.710     -7.599
  -1   -2     10.811     -3.148     -6.807
  -1   -2     13.635      1.939     -6.225
  -1   -2     19.733      2.432     -2.583
  -1   -2    -14.208     -9.629      4.451
  -1   -2      7.466     -3.237      8.365
  -1   -2     -4.013     -5.129      2.143
  -1   -2      4.520      1.486      1.255
  -1   -2     12.017    -10.306      7.597
  -1   -2      9.172     -6.347      3.877
  -1   -2     -9.511     -0.710     -7.599
  -1   -2     10.811     -3.148     -6.807
  -1   -2     13.635      1.939     -6.225
  -1   -2     19.733      2.432     -2.583
  -1   -2    -14.208     -9.629      4.451
  -1   -2      4.520      1.486      1.255
  -1   -2      7.466     -3.237      8.365
  -1   -2     -4.013     -5.129      2.143
  -1   -2     12.017    -10.306      7.597
  -1   -2      9.172     -6.347      3.877
  -1   -2     -9.511     -0.710     -7.599
  -1   -2     10.811     -3.148     -6.807
  -1   -2     13.635      1.939     -6.225
  -1   -2     19.733      2.432     -2.583
  -1   -2    -14.208     -9.629      4.451
  -1   -2      7.466     -3.237      8.365
  -1   -2      4.520      1.486      1.255
  -1   -2     -4.013     -5.129      2.143
  72  130     12.017    -10.306      7.597
  -1   -2      9.172     -6.347      3.877
  -1  163     -9.511     -0.710     -7.599
  -1   -2     13.635      1.939     -6.225
  -1   -2     10.811     -3.148     -6.807
  -1   -2     19.733      2.432     -2.583
 138   -2     -4.013     -5.129      2.143
 155  166    -14.208     -9.629      4.451
  -1   -2      7.466     -3.237      8.365
  -1   -2      4.520      1.486      1.255
  -1   -2      9.172     -6.347      3.877
  -1   -2     10.811     -3.148     -6.807
  10  184     13.635      1.939     -6.225
  -1   -2     19.733      2.432     -2.583
  -1   -2      4.520      1.486      1.255
  -1   -2      7.466     -3.237      8.365
  -1   -2      9.172     -6.347      3.877
  -1   36     19.461     -6.403     -4.999
  -1   -2     10.811     -3.148     -6.807
  -1   -2     19.733      2.432     -2.583
  -1   -2      4.520      1.486      1.255
  -1   -2      7.466     -3.237      8.365
  -1   -2     10.811     -3.148     -6.807
  -1   -2     19.733      2.432     -2.583
  -1   -2      7.466     -3.237      8.365
  -1   -2      4.520      1.486      1.255
  -1   -2      9.172     -6.347      3.877
  -1   -2     10.811     -3.148     -6.807
  -1   -2     19.733      2.432     -2.583
  -1   -2      7.466     -3.237      8.365
  -1   -2      4.520      1.486      1.255
  -1   -2      9.172     -6.347      3.877
  -1   -2     10.811     -3.148     -6.807
  -1   -2     19.733      2.432     -2.583
  -1   -2      4.520      1.486      1.255
  -1   -2      7.466     -3.237      8.365
  -1   -2      9.172     -6.347      3.877
  -1   -2     19.461     -6.403     -4.999
  -1   -2     10.811     -3.148     -6.807
  -1   -2     19.733      2.432     -2.583
  -1   -2      4.520      1.486      1.255
  -1   -2      7.466     -3.237      8.365
  -1   -2      9.172     -6.347      3.877
  -1   -2     10.811     -3.148     -6.807
  -1   -2     19.733      2.432     -2.583
  -1   -2      7.466     -3.237      8.365
  -1   -2      4.520      1.486      1.255
  -1   -2      9.172     -6.347      3.877
  -1   -2     10.811     -3.148     -6.807
  -1   -2     19.733      2.432     -2.583
  -1   -2      4.520      1.486      1.255
  -1   -2      7.466     -3.237      8.365
  -1   -2      9.172     -6.347      3.877
 203  214     10.811     -3.148     -6.807
  -1   -2     19.733      2.432     -2.583
 209  220      7.466     -3.237      8.365
 115  221      4.520      1.486      1.255
  -1   -2      9.172     -6.347      3.877
  -1   -2     19.733      2.432     -2.583
  -1   -2      9.172     -6.347      3.877
  -1   -2     19.733      2.432     -2.583
  -1   -2      9.172     -6.347      3.877
  -1   -2     19.733      2.432     -2.583
  -1   -2      9.172     -6.347      3.877
  -1   -2     19.733      2.432     -2.583
  -1   -2      9.172     -6.347      3.877
  -1   -2     19.733      2.432     -2.583
  -1   -2      9.172     -6.347      3.877
  -1   -2     19.733      2.432     -2.583
  -1   -2      9.172     -6.347      3.877
  -1   -2     19.733      2.432     -2.583
  -1   -2      9.172     -6.347      3.877
  -1   -2     19.733      2.432     -2.583
  -1   -2      9.172     -6.347      3.877
  14   -2      9.172     -6.347      3.877
 139  142     16.468     -4.560     -9.861
