267
   0  245     -3.651     -5.459     -1.834
  52   -2      5.791     -7.922      7.262
   2   -2      8.009     -2.028      9.315
  -1   -2     16.308     -4.567     -9.526
 165   -2      9.106     -6.337      3.924
  12    3      3.911     -2.758      6.651
  95   -2      5.977     -5.702      6.417
   7   11     -8.913     -7.689     -5.425
  66   -2     13.019     -4.055     -2.524
  -1   -2      6.156     -9.037      9.843
   1   -2      4.167    -10.158      3.195
  13    8      4.752     -1.101      3.610
  73   60      4.227     -9.171      7.705
  -1  118     -6.557     -8.972      0.354
 244  124     19.072     -0.851     -8.827
 116  126     13.206     -3.181     -1.820
 111   29     14.143     -6.121      7.372
   9   13      5.005     -1.699      8.098
 131  199     -2.934     -8.623     -5.713
 168   38     16.530     -7.825      5.797
 264   -2      9.006     -7.627      4.187
 105  172     17.995     -5.497     -1.638
  -1   28     -5.992     -6.667      2.623
  55  101     10.998     -8.558      4.145
 126  107     -0.340     -6.618      9.603
  17   -2     -0.766     -4.024      9.914
  20   91      3.883     -8.204     -7.699
  -1   -2     17.025     -5.240     -8.324
  29   -2      8.529     -8.669      5.276
  96   31      2.518     -1.739      4.000
 201   48      0.696     -8.084      2.535
  42   -2     11.310     -5.316     -1.603
  68   76     -4.588     -9.363     -2.237
 207  116     12.394     -3.853     -4.584
  -1   -2     -0.509     -6.495     -1.354
 205    1      5.036     -9.926      4.759
 236   59      5.477     -8.806     -2.270
 159   -2     18.353     -5.129     -2.106
 152   -2     16.199     -2.832      3.079
  -1   39     13.620     -7.436     10.059
 212  161      4.836     -9.318      7.543
 123    5     -2.856     -7.120     -3.052
  -1   99      4.932     -7.671     -6.248
 193   -2      3.179     -5.880     -2.992
 148  235     13.477     -9.521     -0.648
 191   -2    -13.150     -9.619     -6.413
  -1   30      2.257     -7.830      1.724
  32   -2     -5.547     -8.160     -0.917
 162  144      6.794    -10.066     -3.041
  -1  201     14.529     -8.294      7.917
  77   -2      1.873     -9.171      8.455
 199   -2      1.047     -8.719     -0.193
  35   -2      1.170     -6.814     -0.049
  -1   -2     16.217      0.215     -8.801
 122   -2      9.694     -6.506     -8.548
 187  125    -11.448     -8.048     -3.115
  -1   -2      4.097     -4.866      9.520
  71   57      3.851     -5.461     -1.082
 156  147     -8.828     -3.715     -5.655
  78   -2      3.155     -7.681      8.512
  -1   -2     17.113     -0.827      4.371
  -1   68      2.672     -9.582      7.818
  60   -2     -6.193     -7.520     -1.027
   8   32     14.034     -7.099      6.888
  -1  209     -1.320      1.694      8.735
  92   73      7.042     -2.751     -5.891
  -1   -2      1.914     -7.058      5.087
  -1   84     -6.756     -9.499    -10.236
  -1   15     11.036     -7.909     -8.009
  30   62      1.587     -2.160      7.925
  -1   -2     -6.386    -10.399     -9.078
  83   19      2.542     -9.319      3.908
  -1   -2      3.440     -1.156      1.191
  -1   -2     18.175    -11.157     -3.038
  -1   -2     -3.534     -9.847      2.529
 118   24     -3.238     -8.151     -8.396
  19   20     17.441     -8.251      3.441
  59   -2     11.307     -1.751      3.133
  -1  162     -3.574     -6.536      3.741
  -1  191     -9.160     -6.899      1.542
  -1  219      0.369     -9.070      9.780
  -1   -2      0.606     -8.126     -9.339
 147   88     13.216     -3.827      4.333
  -1   17      1.039    -10.470    -10.575
  -1   98     -3.293     -7.916     10.194
 195   -2     19.001     -6.337     -4.883
  65   -2     16.385    -10.329     -1.683
  -1   -2     12.403     -5.300     -1.103
 101   10      6.158     -5.142      7.431
  -1   -2    -12.569    -10.024     -2.475
 213  224      3.708     -7.129     -3.462
 262  251     13.923     -2.177      2.332
 143   -2      7.465     -9.499      0.392
  -1    2     18.540     -5.280     -6.764
 104   -2     -7.724     -9.090     -2.374
  -1   96      6.032     -3.222      1.037
  94  222     14.621     -5.015     -5.890
  24    7     12.355     -4.725      0.621
  88   74     19.426     -6.421     -4.873
  14  215     13.342     -2.207     -1.601
  -1   65      2.310     -8.746     -3.924
  -1    9     -1.617     -5.418      3.832
  31   36     -4.841     -9.685     -5.681
  25   -2     10.979     -2.891     -3.774
  74  115     12.214    -10.432     -3.786
  -1   -2     17.284     -1.361     -1.776
  50   -2     -0.792     -6.071      5.584
 176   -2     13.329     -8.727     -3.378
  -1  103     -4.440    -10.220     -4.155
 125   35      8.456     -7.819     -3.123
 179   50     11.665     -7.240     -0.760
  15   16      7.337     -9.518      8.028
 129  117      3.768     -7.621      8.113
  -1   25     14.531     -4.872      7.293
  39  163     -5.284     -8.322     -5.920
  34   21      4.312     -5.505      8.248
 215  114      2.506     -3.717     -1.313
  -1   43    -11.576     -4.252     -2.961
 233   82     -7.012     -4.089     -4.630
  -1   -2     13.743      3.019     -2.818
  -1  129     13.776      3.766     -0.004
  10  202      7.077     -9.038      5.848
  -1   -2     14.720     -6.215      7.369
 181    0     -0.805     -8.097      4.374
  98   -2     -9.209    -10.177     -3.283
  -1   -2      4.812     -9.071      9.676
  -1   80     10.339     -4.981      8.308
 251  120     -7.543     -7.873      1.851
 183   61      4.794     -4.574      3.584
 107  160    -10.139     -6.044     -7.137
  87   26     -3.820     -6.922      3.154
  -1   -2     19.734    -10.916     -8.459
 150    4      8.040     -2.156      8.467
  -1  221     -8.754     -6.054      7.652
  -1   55     -4.552     -6.205     -5.633
 241   -2     13.032     -9.291     -4.205
  -1  150    -12.004    -10.515     -7.850
 117   -2     11.047     -7.385      5.842
 216   -2     19.725     -3.222     -9.276
 200   18     14.758     -6.960      8.293
 229   -2    -10.008     -2.966      3.837
  28   -2     16.195     -3.972      0.662
  82   -2     10.109     -7.908     -4.351
 249  180     13.238      1.397     -1.546
 225   -2     18.820     -9.206     -4.676
  23   44     11.456     -6.300     -1.337
  -1   -2    -10.918     -9.951      1.438
  37  139    -10.338     -7.920      0.938
  -1  121     -8.671     -3.968     -8.620
 171   86      4.621     -8.197      0.649
  89   23      6.007     -7.241      8.390
 182   -2      9.824      1.114      3.484
  49   -2    -12.185    -10.069     -4.673
 106   -2      2.462     -4.728      4.343
 194  171     18.992     -9.991     -6.393
 113  113      0.216     -5.152      7.639
 198   -2     -9.626     -6.850      3.317
  79   -2     19.161     -7.799     -7.639
  -1   -2     19.873     -8.119     -3.079
 190  119     -5.163     -4.779     -2.294
 217  236     -8.843     -4.511     -6.993
 102   -2     13.672     -3.845     -2.037
  -1  190     17.006     -7.813    -10.425
  -1  157      8.731     -4.486      6.507
  -1   54     11.494     -1.873     -7.571
 100   66     17.515     -4.013     -6.483
  90   -2     -9.214    -10.547     -8.566
 234  112     -1.337     -9.924      9.280
 222    6     -9.327     -9.759     -3.322
  21   79      5.315     -7.811      9.839
  63   -2     12.138     -7.008      1.033
  40   51      6.652     -5.932     -9.698
  -1   -2      8.105     -4.695     -9.153
 133   81      4.430     -9.966      3.351
  -1   -2    -10.930     -6.462      1.222
  85   -2     18.894     -7.312     -6.599
  -1   69     15.593    -10.282     -1.415
 119   -2      5.706     -5.645     -4.685
  43   45     15.230     -7.393      0.737
  -1  168      1.932    -10.038     -4.992
 109   -2     15.924     -5.374     -4.114
  -1  136     17.153    -11.135     -8.787
  91   47     15.662     -1.336     -7.698
  38   -2    -10.312     -8.553     -9.756
  -1   -2     -5.446     -8.258      4.942
  -1   -2      0.283     -3.927     -8.781
 180   78     -1.207     -7.297     -1.304
 141   -2     11.288     -9.283     10.322
  48   -2    -10.670     -8.901     -2.727
 155   -2     -4.491     -6.700     -8.207
 227  234     19.027     -0.528     -3.260
 230   -2     -2.015     -3.704     -1.269
  -1  200     11.514     -0.596     -9.228
  64   33     -3.910     -7.246      4.118
 140   -2    -10.259    -10.297     -3.935
  -1  146      0.068     -2.885     -4.747
  -1   -2     -8.542     -7.735    -10.461
 250   -2    -11.596     -7.288     -2.591
 151   -2     10.926    -10.908     -2.722
  -1   -2      7.437     -3.515     -5.309
  -1  175     -8.944    -10.199     -1.275
 137  143     -0.406     -9.430      6.451
 219  178      2.839     -6.442      0.787
 135   -2     -5.813     -4.650     -5.141
 114   53     -4.184     -9.258     -4.981
 223   -2      6.167      2.537     -3.101
  -1   90     17.544     -1.973      3.526
  -1   -2      1.908     -6.786    -10.084
 255   49     17.832     -3.651      2.125
  18  167      8.807     -7.438      6.675
  -1   -2     12.339     -7.880     -2.729
  -1   -2     10.825     -3.149     -6.759
  -1   -2     -5.334      2.196     -1.635
  -1   -2     11.815     -1.300     11.707
 146  192      4.849     -9.628     -3.055
  -1   -2    -14.773     -8.716      3.166
 197   56    -11.534     -1.233     -5.872
  -1   -2     19.733      2.434     -2.584
  -1   42    -11.211     -6.604    -11.361
  -1   -2     -3.052    -10.142     -2.311
  -1   -2     19.843    -10.219     -6.181
  -1  196     19.728      4.782     -6.424
 247   -2      4.518      1.486      1.254
  -1  186    -12.081     -5.993     -0.593
 210  213    -10.931     -0.597     -3.554
  -1  212      3.104      3.018      0.327
  -1   -2     -7.078     -5.923      5.778
  -1   -2     13.334     -2.046      1.132
  -1   -2      0.388      2.379    -10.360
  -1  104     21.458     -1.457    -10.236
 132   46     18.710     -8.508     -0.989
  -1   -2     10.946      2.770      0.547
 239  159     11.304      1.193     10.183
  -1   -2    -14.571     -1.276      7.981
  -1  122     13.528      4.273     -5.974
  -1  241    -12.510     -1.910     -5.739
 242   -2     -4.265      1.740     -2.131
  -1   -2    -15.226     -0.599      1.120
  -1  182     20.105      1.478     -0.577
  -1   -2     -2.521     -0.964    -11.368
  72  189     -1.211     -9.509     11.504
 228   -2     10.703      4.841      0.524
 231  193     15.315     -0.602      5.276
  -1  217      1.279      5.630      0.634
  -1   -2     16.000     -8.142      1.461
  22  207      4.850      3.046      9.418
  -1   67     15.890     -2.132    -11.167
  -1   -2      0.650     -5.405      3.840
  -1   -2    -11.377     -3.047     -5.390
  -1  184     20.010     -1.948      8.455
  -1   -2     13.477      3.785     -3.123
  -1   52     18.271     -4.796     -9.593
  -1  204     19.157     -8.764    -10.733
  -1   -2    -10.219     -4.264     -9.739
  -1  130     16.409    -11.345     -8.013
 121   -2    -11.705     -4.239     -2.480
  -1   -2     -1.248      1.689      8.523
 246   83     14.080      3.086     -3.662
 149   -2     13.809      3.777     -0.083
  -1   -2      4.807     -1.046      2.975
 259  249     -1.248      1.689      8.523
  -1   -2      4.807     -1.046      2.975
 266  255      9.201     -6.335      3.815
 265  254      4.807     -1.046      2.975
  -1   -2      4.957     -3.093     -0.141
  -1   -2      4.957     -3.093     -0.141
 269   -2      4.957     -3.093     -0.141
