352
  54   -2     14.176     -8.248     10.103
   1    0      9.732     -7.901      1.445
  36   -2     15.276     -9.226      3.421
  42   -2      2.696     -9.458      9.515
  99   38     -2.400    -10.603     -0.126
   7  123     16.360     -4.572     -9.601
   5    9     16.631     -1.610     -8.282
  17   -2     11.643     -8.228     -4.380
  -1   37      9.174     -6.349      3.873
  12   -2     12.052     -0.047      1.340
  -1   -2     -4.462     -6.943      6.475
  11   -2     17.351     -5.964     -0.653
  -1    8     13.207     -3.830      4.305
  39   20     17.813     -9.751     -3.446
  10   -2     12.096     -5.522      3.553
  26   -2      4.695     -7.724      4.338
  13   -2      6.664     -9.082      8.301
  40   -2     18.943    -10.296     -4.346
  -1   42     19.440     -6.422     -4.854
  86    5     14.619     -5.016     -5.911
  29   17     10.976     -2.662      3.933
   9   -2     19.341    -10.587     -5.001
 117  105      6.977     -5.304      5.863
  21   21      4.310     -5.504      8.239
  -1   27     14.133     -7.185      7.818
 178   -2      5.276    -10.353     -0.189
  24   -2     13.983      1.382     -3.397
  25   28      4.418     -7.589     10.281
  23   26     -0.539     -8.767     -7.032
  22   25      7.977     -5.852      9.688
  -1   31     12.543     -3.846     -4.916
   4   14     -3.811    -10.014     -2.521
  70   57     -0.097     -3.698     -9.601
  27   35     -5.777     -6.905    -10.172
  37   49     -0.980     -9.746      6.095
  34   -2      9.155     -7.490      2.755
  35   10      8.945    -10.194      5.998
  59   -2      3.022     -8.842      4.871
 101   -2     13.917    -10.143      3.094
  -1   53     14.392    -10.601     -7.944
  41   41    -11.559     -9.725     -7.944
  43   -2      6.451     -7.355      9.574
  -1    1      2.030    -10.186      9.012
  -1   33      4.761     -6.205      2.513
  93   90     11.270     -8.727      3.203
  18    6     18.556     -6.173     -2.917
 120   -2     -0.321     -6.859      5.274
  48   -2     -6.495     -9.257     -9.098
  -1  103     19.824     -9.920     -6.648
  67   -2     14.862    -10.014     -7.204
  52   -2     14.579     -4.273      7.779
  -1   61     20.313     -8.326      5.962
  -1   50     -4.011     -7.507    -10.439
  -1   -2     10.808     -3.146     -6.827
  -1  191      2.376    -10.827     -0.345
  -1   -2     13.635      1.938     -6.218
  -1   -2     14.079      3.090     -3.662
 301   96     -9.508     -0.711     -7.584
  -1   24     18.422     -3.333      0.727
  -1   -2     18.303     -8.458      0.438
 103   -2      2.431    -10.771      4.593
  -1   -2      3.468     -1.159      1.213
  -1   -2     12.929     -0.492     -0.848
  78  112     12.336     -0.398     -6.681
  -1   -2     19.732      2.431     -2.585
  -1   -2     20.095    -11.291     -3.624
  -1   -2     -7.023     -4.097     -4.823
  74   75     -1.834      1.233     -8.138
  -1  254      4.519      1.486      1.253
  88   -2     18.403     -1.570     -4.247
  32  115      2.004     -0.856     -9.117
  -1   19      7.464     -3.238      8.368
  -1   -2     -7.422    -10.095     -9.855
  91   77     -8.135    -10.837      7.683
 144  157     -4.009     -5.127      2.141
  -1   55     -8.683     -9.519      0.605
  -1   -2     -8.808    -10.523    -10.191
  -1   -2     20.429     -2.650     -2.742
 102    2     -1.487     -9.751      2.868
  -1   -2      9.394     -7.129      7.671
  77   81     21.446     -1.456    -10.212
  -1   -2     -0.753     -2.752      5.792
  83   -2     -4.516     -5.164      5.260
  84   85     13.531      4.275     -5.980
  -1   47      6.498     -6.843     10.930
  -1   95      6.061     -2.411     -3.162
  -1   87     17.235     -1.077     -2.492
  65   16     16.921     -1.426     -3.700
  -1   -2     14.919     -8.301     10.370
 100   -2     18.740      1.422     -6.091
 192  205     11.510    -10.535     -1.885
  94   93     -2.539     -0.960    -11.402
  92   32      4.534     -9.704      9.721
  96   11     10.674     -4.177      4.658
  95   98      8.446     -9.727     11.435
  -1  119     -7.029    -11.685     -5.628
  -1   -2     22.436     -9.376     10.661
  -1   30     20.573    -10.142     -5.243
  97   94      6.971     -4.268     -2.295
  47   -2      9.362      0.280      9.953
  -1   -2    -10.253     -6.093     -3.833
 107  102     17.921     -6.206     -6.729
 104  100    -11.471     -5.567     -5.330
  -1   44     10.046     -9.481      8.873
  -1   -2      9.174     -6.349      3.873
  -1   -2     -4.465     -6.944      6.394
  -1   -2     19.362     -6.438     -4.679
  -1   -2      2.376    -10.827     -0.345
  -1   15     13.635      1.938     -6.218
  -1   -2     -9.508     -0.711     -7.584
  -1   -2      3.468     -1.159      1.213
 344  356     19.732      2.431     -2.585
  -1   -2      4.519      1.486      1.253
  -1   -2      7.464     -3.238      8.368
  -1   -2      2.004     -0.856     -9.117
  -1   43     -7.422    -10.095     -9.855
  -1   -2     -4.009     -5.127      2.141
 106   -2     -8.683     -9.519      0.605
  -1   -2     -0.753     -2.752      5.792
  -1   -2     11.510    -10.535     -1.885
  -1   -2      9.174     -6.349      3.873
  -1   -2     -4.465     -6.944      6.394
  -1   -2     19.362     -6.438     -4.679
  -1   -2     -9.508     -0.711     -7.584
  -1   -2     13.635      1.938     -6.218
  -1   -2      2.376    -10.827     -0.345
  -1   -2      3.468     -1.159      1.213
  -1   -2     19.732      2.431     -2.585
  -1   -2     -4.009     -5.127      2.141
  -1   -2      7.464     -3.238      8.368
  -1   -2      4.519      1.486      1.253
  61   -2     -7.422    -10.095     -9.855
  81  120     -0.753     -2.752      5.792
  -1   -2     11.510    -10.535     -1.885
  -1   -2      9.174     -6.349      3.873
  -1   -2     -4.465     -6.944      6.394
  -1   -2     19.362     -6.438     -4.679
  -1   -2     -9.508     -0.711     -7.584
  -1   -2      2.376    -10.827     -0.345
  -1   -2     13.635      1.938     -6.218
  -1   -2      3.468     -1.159      1.213
  -1   -2     19.732      2.431     -2.585
  -1   -2      4.519      1.486      1.253
  -1   -2      7.464     -3.238      8.368
  -1   -2     -4.009     -5.127      2.141
  -1   -2     11.510    -10.535     -1.885
  -1   -2      9.174     -6.349      3.873
  -1   -2     -4.465     -6.944      6.394
  -1  138     19.362     -6.438     -4.679
  -1   -2     -9.508     -0.711     -7.584
  -1   -2     13.635      1.938     -6.218
  -1   -2      3.468     -1.159      1.213
  -1   -2     19.732      2.431     -2.585
  -1   -2      7.464     -3.238      8.368
  -1   -2      4.519      1.486      1.253
  -1   -2     -4.009     -5.127      2.141
  -1   -2     11.510    -10.535     -1.885
  -1   -2      9.174     -6.349      3.873
 167  180     -4.465     -6.944      6.394
  -1   -2     -9.508     -0.711     -7.584
  -1   -2     13.635      1.938     -6.218
  -1   -2      3.468     -1.159      1.213
  -1   -2     19.732      2.431     -2.585
  -1   -2      7.464     -3.238      8.368
  -1   -2      4.519      1.486      1.253
  -1   -2     -4.009     -5.127      2.141
  -1   -2     11.510    -10.535     -1.885
  -1   -2      9.174     -6.349      3.873
  -1   -2     -9.508     -0.711     -7.584
  -1   -2      2.376    -10.827     -0.345
  -1   -2     13.635      1.938     -6.218
  -1   -2      3.468     -1.159      1.213
  -1   -2     19.732      2.431     -2.585
  -1   -2      4.519      1.486      1.253
  -1   -2      7.464     -3.238      8.368
  -1   -2     -4.009     -5.127      2.141
  -1   -2     11.510    -10.535     -1.885
  -1   -2      9.174     -6.349      3.873
  -1   -2     -9.508     -0.711     -7.584
  -1   -2     13.635      1.938     -6.218
  -1   -2      2.376    -10.827     -0.345
  -1   -2      3.468     -1.159      1.213
  -1   -2     19.732      2.431     -2.585
  -1   -2      4.519      1.486      1.253
  -1   -2      7.464     -3.238      8.368
  -1   -2     11.510    -10.535     -1.885
  -1   -2      9.174     -6.349      3.873
  -1   -2     -9.508     -0.711     -7.584
  -1   -2     13.635      1.938     -6.218
  -1   -2      3.468     -1.159      1.213
  -1   -2     19.732      2.431     -2.585
  -1   -2      4.519      1.486      1.253
  -1   -2      7.464     -3.238      8.368
  -1   -2     11.510    -10.535     -1.885
  -1   -2      9.174     -6.349      3.873
  -1   -2     -9.508     -0.711     -7.584
  -1   -2     13.635      1.938     -6.218
  -1   -2      3.468     -1.159      1.213
  -1   -2     19.732      2.431     -2.585
  -1   -2      4.519      1.486      1.253
  -1   -2      7.464     -3.238      8.368
  -1   -2     11.510    -10.535     -1.885
  -1   -2      9.174     -6.349      3.873
  -1   -2     13.635      1.938     -6.218
  -1   -2     -9.508     -0.711     -7.584
  -1   -2      3.468     -1.159      1.213
  -1   -2     19.732      2.431     -2.585
  -1   -2      4.519      1.486      1.253
  -1   -2      7.464     -3.238      8.368
 121   22     11.510    -10.535     -1.885
  -1   -2      9.174     -6.349      3.873
  -1   -2     -9.508     -0.711     -7.584
  -1   -2     13.635      1.938     -6.218
  -1   -2      3.468     -1.159      1.213
  -1   -2     19.732      2.431     -2.585
  -1   -2      4.519      1.486      1.253
  -1   -2      7.464     -3.238      8.368
  -1   -2      9.174     -6.349      3.873
  -1   -2     -9.508     -0.711     -7.584
  -1   -2     13.635      1.938     -6.218
  -1   -2      3.468     -1.159      1.213
  -1   -2     19.732      2.431     -2.585
  -1   -2      4.519      1.486      1.253
  -1   -2      7.464     -3.238      8.368
  -1   -2      9.174     -6.349      3.873
  -1   -2     -9.508     -0.711     -7.584
  -1   -2     13.635      1.938     -6.218
  -1   -2      3.468     -1.159      1.213
  -1   -2     19.732      2.431     -2.585
  -1   -2      4.519      1.486      1.253
  -1   -2      7.464     -3.238      8.368
  -1   -2      9.174     -6.349      3.873
  -1   -2     -9.508     -0.711     -7.584
  -1   -2     13.635      1.938     -6.218
  -1   -2      3.468     -1.159      1.213
  -1   -2     19.732      2.431     -2.585
 241   70      4.519      1.486      1.253
  -1   -2      7.464     -3.238      8.368
  -1   -2      9.174     -6.349      3.873
  -1   -2     -9.508     -0.711     -7.584
  -1   -2     13.635      1.938     -6.218
  -1   -2      3.468     -1.159      1.213
  -1   -2     19.732      2.431     -2.585
  -1   -2      7.464     -3.238      8.368
  -1   -2      9.174     -6.349      3.873
  -1   -2     -9.508     -0.711     -7.584
  -1   -2     13.635      1.938     -6.218
  -1   -2      3.468     -1.159      1.213
  -1   -2     19.732      2.431     -2.585
  -1   -2      7.464     -3.238      8.368
  -1   -2      9.174     -6.349      3.873
  -1   -2     -9.508     -0.711     -7.584
  -1   -2     13.635      1.938     -6.218
  -1   -2      3.468     -1.159      1.213
  -1   -2     19.732      2.431     -2.585
  -1   -2      7.464     -3.238      8.368
  -1   -2      9.174     -6.349      3.873
  -1   -2     -9.508     -0.711     -7.584
  -1   -2     13.635      1.938     -6.218
  -1   -2      3.468     -1.159      1.213
  -1   -2     19.732      2.431     -2.585
  -1   -2      7.464     -3.238      8.368
  -1   -2      9.174     -6.349      3.873
  -1   -2     -9.508     -0.711     -7.584
  -1   -2     13.635      1.938     -6.218
  -1   -2      3.468     -1.159      1.213
  -1   -2     19.732      2.431     -2.585
  -1   -2      7.464     -3.238      8.368
  -1   -2      9.174     -6.349      3.873
  -1   -2     -9.508     -0.711     -7.584
  -1   -2     13.635      1.938     -6.218
  -1   -2      3.468     -1.159      1.213
  -1   -2     19.732      2.431     -2.585
  -1   -2      7.464     -3.238      8.368
  -1   -2      9.174     -6.349      3.873
  -1   -2     13.635      1.938     -6.218
  -1   -2     -9.508     -0.711     -7.584
  -1   -2      3.468     -1.159      1.213
  -1   -2     19.732      2.431     -2.585
  -1   -2      7.464     -3.238      8.368
  -1   -2      9.174     -6.349      3.873
  -1   -2     -9.508     -0.711     -7.584
  -1   -2     13.635      1.938     -6.218
  -1   -2      3.468     -1.159      1.213
  -1   -2     19.732      2.431     -2.585
  -1   -2      7.464     -3.238      8.368
  -1   -2      9.174     -6.349      3.873
  -1   -2     -9.508     -0.711     -7.584
  -1   -2     13.635      1.938     -6.218
  -1   -2      3.468     -1.159      1.213
  -1   -2     19.732      2.431     -2.585
  -1   -2      7.464     -3.238      8.368
  -1   -2      9.174     -6.349      3.873
  -1   -2     -9.508     -0.711     -7.584
  -1   -2     13.635      1.938     -6.218
  -1   -2      3.468     -1.159      1.213
  -1   -2     19.732      2.431     -2.585
  -1   -2      7.464     -3.238      8.368
  -1   -2      9.174     -6.349      3.873
  -1   -2     -9.508     -0.711     -7.584
  -1   -2     13.635      1.938     -6.218
  69  305      3.468     -1.159      1.213
  -1   -2     19.732      2.431     -2.585
  -1   -2      7.464     -3.238      8.368
  -1   -2      9.174     -6.349      3.873
  -1  108     -9.508     -0.711     -7.584
  -1   -2     13.635      1.938     -6.218
  -1   -2     19.732      2.431     -2.585
  -1   -2      7.464     -3.238      8.368
  -1   -2      9.174     -6.349      3.873
  -1   -2     13.635      1.938     -6.218
  -1   -2     19.732      2.431     -2.585
  -1   -2      9.174     -6.349      3.873
  64  299     13.635      1.938     -6.218
  -1   -2     19.732      2.431     -2.585
  -1   -2      7.464     -3.238      8.368
  -1   -2      9.174     -6.349      3.873
  -1   -2     19.732      2.431     -2.585
  -1   -2      7.464     -3.238      8.368
  -1   -2      9.174     -6.349      3.873
  -1   -2     19.732      2.431     -2.585
  -1   -2      7.464     -3.238      8.368
  -1   -2      9.174     -6.349      3.873
  -1   -2     19.732      2.431     -2.585
  -1   -2      7.464     -3.238      8.368
  -1   -2      9.174     -6.349      3.873
  -1   -2     19.732      2.431     -2.585
  -1   -2      7.464     -3.238      8.368
  -1   -2      9.174     -6.349      3.873
  -1   -2     19.732      2.431     -2.585
  -1   -2      7.464     -3.238      8.368
  -1   -2      9.174     -6.349      3.873
  -1   -2     19.732      2.431     -2.585
  -1   -2      7.464     -3.238      8.368
  -1   -2      9.174     -6.349      3.873
  -1   -2     19.732      2.431     -2.585
 312  324      7.464     -3.238      8.368
  -1   -2      9.174     -6.349      3.873
  -1   -2     19.732      2.431     -2.585
  -1   -2      9.174     -6.349      3.873
  -1   -2     19.732      2.431     -2.585
  -1   -2      9.174     -6.349      3.873
  -1   -2     19.732      2.431     -2.585
  -1   -2      9.174     -6.349      3.873
  -1   -2     19.732      2.431     -2.585
  -1   -2      9.174     -6.349      3.873
  -1   -2     19.732      2.431     -2.585
  -1   -2      9.174     -6.349      3.873
  -1   -2     19.732      2.431     -2.585
 334  346      9.174     -6.349      3.873
  -1   -2     19.732      2.431     -2.585
  -1   -2     19.732      2.431     -2.585
