291
 265  117      7.987     -1.465     10.006
 234  128     -4.879     -7.312     -1.505
  12   -2     14.144     -4.157      7.536
 103  225     16.674     -8.214      3.681
 122   -2      5.986     -5.803      6.135
   3    7     -7.938     -7.114     -4.403
  32   75     -1.524     -8.412     -7.620
  10   -2      4.336    -10.057      4.190
  75    4      7.912     -8.056      4.798
 112   -2     -0.616     -7.740      3.975
 258   17     -0.453     -3.877     10.263
  -1   73      4.811     -8.359     10.137
  17  256      3.855     -3.161      7.779
   6   -2     -2.097     -8.008     -5.361
  30   79     18.309     -5.058     -1.039
 243  214     14.423     -8.777      0.983
  -1   -2      3.770     -1.759      6.161
 196   72      2.077     -9.261      8.915
  29  180     -1.427     -6.640     -6.058
   7   51      3.381     -8.982      7.734
  -1   88     19.434     -6.447     -4.620
  -1  155     -6.649     -8.945      1.434
  -1   -2      2.611     -8.399      8.305
 152   -2      4.708     -7.952      4.226
 182   43     14.874     -7.162     -1.148
  55   -2     16.466     -3.847      4.967
  41   14     14.800     -4.989     -5.466
  64  116      9.909     -3.371      6.631
  19   15      6.018     -9.050      9.796
  91   -2      7.305     -4.692      8.113
  -1   -2     14.658     -4.207      0.662
 130   32     -7.618     -9.205     -6.907
 190   -2     -0.935     -7.267      1.346
  18   -2     12.799     -5.559      6.138
 207   16      9.751     -7.893      1.420
 269   36      8.500     -6.328     -1.623
  -1   -2     10.106     -8.033      3.210
  48  257      2.573     -2.120      5.152
  42   -2      5.031     -2.204     -0.643
  -1   -2      2.013     -8.978     -3.601
  38   20      4.317     -7.367     -7.284
  -1   -2      2.992     -8.881     -4.120
  82   -2      4.756     -7.246      8.140
 188   38     -9.248     -7.855     -7.687
 110  168     13.334     -8.489      7.041
  -1   29      7.968     -8.452      3.503
  52   47    -12.081     -8.910     -5.693
  44   42     11.225     -4.544     -0.754
  35   -2     -1.996     -6.525      3.171
 116   37     -7.601     -7.193      0.755
  93   -2      2.676     -6.299      2.456
 140  129      0.756     -7.020      2.230
  -1  148     11.082     -8.518      2.539
  -1   -2    -12.805     -8.516     -8.413
  27  122     12.513     -3.825     -4.925
  62  121    -10.514     -3.916     -2.416
 174   92      5.853     -2.621      5.298
 193   -2    -10.194     -9.393     -6.456
 192   52      2.629     -9.346      7.858
  92  173     17.817    -10.968     -6.784
  24  123     -2.199     -6.387      2.194
  15   -2     10.404     -6.643      0.925
 271   -2     16.719     -4.043     -4.702
  65   35      3.959     -5.553      7.821
 118  239     10.821      1.391      4.499
 185   -2     13.739     -1.348      2.589
  -1  192     18.448     -5.387     -2.227
   2  201      4.356     -8.519      7.077
 102   -2     13.741     -5.854     -0.174
  73   -2    -10.431     -6.895     -3.261
  76  158     -6.525     -7.745      7.562
 167    6     -3.664     -8.666     -1.505
 220  171      5.051     -8.733     -6.899
  66  160    -10.221     -5.685    -10.444
 248  157     -8.541     -3.057      3.010
  -1   -2     -1.213     -8.656     -5.702
  -1  141      9.522     -8.962      5.544
 105  200     15.462     -7.014      7.628
 219  140    -11.823     -9.788     -5.273
 214   -2     15.434     -7.360      2.616
 159   -2     -1.374     -6.632      1.802
  -1    0     -2.848     -5.453     -1.829
  80   -2     -1.361     -9.779      3.709
 178   -2     15.564     -2.321      3.593
  90   11      5.089     -6.774      2.322
  -1   -2     -0.684      1.255      7.957
  -1   -2      1.411     -8.740     10.049
 218   81     -9.691    -10.496     -6.812
 143  161     13.988     -2.093     -3.587
   5   58      1.113     -5.493      8.639
  95   -2     13.670    -11.131     -7.038
  -1   23     12.289     -7.022      0.250
 119  261     14.179      3.085     -3.902
  -1   86     18.646     -5.248      2.450
  -1   26      2.720     -6.785      0.770
 166  114     -2.206    -10.162      2.383
  98   -2     14.436     -3.553     -2.447
 139   -2     -5.137     -6.279      2.747
  45   -2      3.612     -8.319      0.267
  -1   48     -6.419     -8.809     -2.851
   8   13      4.494     -1.546      4.975
  61   28     18.716     -6.801     -4.469
 142   82     10.264     -8.397     -5.985
  -1   -2      5.413     -6.474      0.453
 197   -2     -6.929     -9.957      5.117
 177   -2      4.408     -8.235      9.108
 155   -2    -12.111     -1.711    -10.109
 108   -2     14.914     -9.799     -3.757
  34   -2     17.002     -5.995      0.182
  -1   -2     15.727     -6.722      2.552
 255   25     12.290     -2.436     -3.217
   4   -2      1.833     -4.646      3.372
 242  213      2.668    -10.588     -5.468
 133  262     15.013     -1.881      1.686
  50   -2      5.604     -9.849      5.598
  86    1      4.277     -9.288      6.298
  -1  110     13.999      1.380     -3.439
  -1  204     -4.646     -7.999     -1.180
  85   63     12.654     -3.163     -0.249
  -1   93     -2.452     -9.130      8.308
 254  212     -0.234     -9.816      8.942
  13   -2     16.632     -7.822      4.924
  -1   59     14.609      0.497     -5.060
  -1   -2     -7.953    -10.593     -7.769
  -1  190     -5.881     -4.588     -5.552
  -1   -2     -0.501     -3.403     -6.229
  -1  130     -8.505     -6.359     -3.909
  -1   19     14.737     -8.422      7.509
 126  254    -13.687     -3.217     -3.567
  14  151      6.900     -9.448      1.195
  -1   -2      2.006     -4.259      3.941
 106   -2      1.420     -9.391      3.980
  -1   45     11.524     -9.459      6.188
  -1   -2     -7.809     -5.503      7.527
 223   49    -12.349    -10.069     -1.189
  -1   -2     -4.315    -10.462      5.263
  -1   -2     -4.312     -9.461     -0.804
 195   -2     -6.077    -10.295      6.111
  -1   -2      5.701     -7.119     -4.769
  96   67     14.854     -6.374      5.663
  -1   -2     16.265    -10.351     -1.395
  -1   -2     18.542     -9.151     -4.102
  -1  193      8.260     -5.535     10.520
  -1   -2      5.766     -7.502      2.514
  -1   -2     -2.228     -8.747      3.500
  -1   27     13.444     -3.801      2.355
  -1   -2      6.765     -2.399     -4.100
 162   -2     17.901     -7.537    -10.118
  -1  181      6.572     -6.535      8.584
  99   31     -4.539     -9.758     -4.963
  97   -2      8.263     -2.819     -0.990
 194  136     -2.467     -6.192     -1.064
 225   44     -6.539     -7.805     -1.422
  23   -2      5.510     -7.900      9.500
 245  248    -12.049     -3.231     -6.669
 203  189      5.494     -8.247      3.288
  -1  179     10.919    -10.057      2.940
  -1  198    -10.319     -7.547     -2.024
  -1   -2      8.253     -8.548      4.436
  -1   -2      5.796     -5.641     -6.315
  -1   -2     -8.218     -2.687    -10.077
 168   -2    -12.409     -1.059     -8.676
  -1  119      3.351     -5.889     -7.868
 145  162      6.751     -6.814     -5.489
 237   -2     -7.840     -3.288     -5.263
  79  196     19.200     -5.253     -8.211
 247   53    -12.510     -7.398     -5.614
 114   10      2.790     -8.631      7.083
  25   -2    -11.268     -7.971     -3.059
  -1  249     19.824     -0.330     -3.640
  -1  234     -2.129    -10.580      7.669
  57   -2     -9.892     -8.922     -2.404
  72   -2     14.602     -8.105      9.381
 250   50     -3.869     -5.900     -1.730
  -1   -2     14.993     -2.896      0.624
 111  152     17.680     -2.393      1.473
 252  182      7.595      2.997      1.314
  -1  241     14.217    -10.525     -8.524
  -1  188     -8.158     -5.684     -9.435
 184  127     18.032     -1.681      1.113
  -1   98     -8.580     -8.707      1.383
  -1   95      6.967     -7.033      3.859
  -1   -2      5.163     -8.675     -0.504
 206   57     12.917     -9.301     -4.547
  -1  186      0.348     -5.396      4.213
 127  216     16.354     -5.565     -7.963
  77   -2      1.630     -4.206      1.669
  -1   -2      1.147     -8.013      1.913
  -1   -2     -2.722     -9.831      1.575
 239  143      9.807     -8.296      7.193
 176  142      6.258     -7.293      9.104
 212   -2     19.896     -6.905     -4.947
  70   90    -12.387    -10.693     -7.464
 200   -2     13.684     -5.309     -1.002
  26   -2     -9.448     -9.922      2.859
  -1  167      6.393     -5.080      9.270
 261  149     15.168      3.707     -1.104
  -1   -2      8.159     -3.496     -3.017
 205  215      0.399     -3.610     -8.203
  74  252     -4.572     -8.923      7.224
  -1   71      1.313     -6.068     -5.754
  -1   -2      9.033     -9.785     -7.450
 187  172     13.612     -3.602      8.481
 161  107     -8.248     -4.680     -8.568
 217   -2     16.528     -9.259     -9.654
  56   40     11.731     -6.469     -6.172
 213   -2    -10.035     -6.140      3.508
  -1  154      9.099     -7.594      9.834
  -1   -2     15.814     -1.618      5.933
  -1   -2      1.193     -9.748      9.292
 201  209     15.027     -6.880      7.227
  -1  208      8.291     -6.692      9.531
 138   -2      0.983     -8.502      9.284
 107   -2      9.261     -3.644      7.966
 215  245     -9.516    -10.399      3.512
  -1   -2      0.782     -2.433     -3.132
 183   -2     19.663      0.979     -3.522
  -1    3     18.172     -3.448     -9.225
 160   -2     -5.692     -4.355     -7.953
 169    5      3.328     -4.839      6.647
  -1    8     14.605     -6.442      1.015
  54  211     -5.943     -8.828      1.618
  -1   -2      7.327     -5.636      1.034
 208   99      0.007     -8.860     -3.007
 238   -2    -10.665     -9.241     -3.233
  -1   54     13.101     -0.298      3.259
 151   76     -6.773     -5.455      0.420
 260   60    -10.108     -0.747     -7.959
 251   66     13.176     -0.445     -1.196
  -1   34      4.279     -4.416      9.284
 273  228      5.275      3.142      8.255
  -1   85     18.214    -10.508    -10.312
 123   33      5.997     -5.490      7.666
 156   83      1.114     -8.712      2.248
 266  100     17.643      0.892     -0.513
  -1   46     -1.939     -6.351     -0.894
  -1   24     11.333     -5.657      7.292
  -1   -2     -0.441      1.810      6.513
  -1   -2    -13.316     -8.029      1.438
 263  243      0.259      2.372     -9.953
  -1  235      8.210      3.748      1.606
  -1  232      4.521      1.486      1.258
  -1   -2     20.059     -2.849     11.661
  -1   -2     20.131     -4.748      1.241
 262  244     19.833      2.481     -2.178
  -1   -2     20.248      4.722     -7.649
  -1  224      1.850      2.502      9.281
  -1   -2    -11.873     -2.901      6.763
  -1   -2    -13.302     -1.281      7.851
  -1   -2     15.916     -3.638    -11.316
  -1   -2     12.250      4.644     -0.392
  -1   -2     13.530      4.275     -5.971
 157   -2     18.263     -1.016      7.964
  -1   -2    -12.628    -10.841     -3.078
  -1  134     16.327    -11.474     -9.994
  -1  135    -14.034     -0.539      1.528
  -1  238     23.273     -9.704      9.128
 132   -2      0.896     -7.993     -8.514
  -1   -2      9.074     -6.854    -11.853
 109  240      8.702      0.463      0.591
  -1  207     17.077      0.438      9.794
 186  185    -13.089     -6.524     -6.433
  -1  222    -11.531     -9.485      5.722
  -1  247      1.279      5.632      0.627
 211   78      2.162     -5.816      7.915
 259  253     18.616      2.625     -7.734
  -1  176     15.212     -9.620     -9.833
  -1  163      8.197     -3.696      2.752
  -1  159     18.736      1.428     -6.107
  -1   -2      4.598      1.895      9.776
  -1   -2     12.740     -0.180     11.815
  -1  237     -3.885     -2.919      5.664
  -1  156     -8.691     -1.061      1.057
  -1  202     11.435     -6.430     10.928
  -1   -2      4.665     -1.599      4.276
  87  259     -0.596      1.248      7.698
  67  206     -4.475     -9.729     -5.650
  -1   -2     -7.860     -5.487      7.697
  -1   -2      1.279      5.632      0.627
  -1   -2      4.665     -1.599      4.276
 283  266      9.161     -6.349      3.930
 180  251     -7.809     -5.503      7.527
  -1   -2      1.952     -4.240      4.099
  -1   -2      1.279      5.632      0.627
 282  265      4.665     -1.599      4.276
  -1   -2      1.952     -4.240      4.099
  -1   -2      1.279      5.632      0.627
 287   -2      1.952     -4.240      4.099
  -1  269      5.066     -2.258      0.015
  -1   -2      5.066     -2.258      0.015
 292   -2      5.066     -2.258      0.015
