293
  58   -2      6.113     -7.771      8.741
  13   -2     -2.003     -5.468     -2.203
  -1   67      6.045     -8.989      9.788
   6    5     -7.444     -6.872     -3.886
 101  111      1.067     -7.413      7.030
  -1   89      0.685     -5.955     10.185
  32   13     -1.915     -7.704     -5.011
  94   19      4.397     -9.359      6.613
 279  100      4.776     -1.472      7.043
 126   -2      7.336     -6.131      1.399
 210    7      4.727     -9.801      5.432
 187   -2     -1.386     -7.692      6.104
  72    2     13.094     -3.818      3.721
 220  121     16.941     -8.301      4.403
 119  129      4.882     -9.082      3.910
  -1   61     12.137     -5.546      3.855
 143   -2      4.055     -8.004      7.998
  81   12      3.829     -3.423      8.356
  -1   33     13.129     -5.253      8.849
 123   28      8.400     -7.623      5.479
 206   -2    -12.018     -8.179     -8.436
 149   -2      8.892     -8.014      1.131
  44   -2      9.952     -3.326      6.844
   5  153      4.906     -8.074      9.971
  23   60     -2.090     -6.242      3.738
  16  168    -12.413     -7.768     -1.059
 132  194     -9.987     -9.985     -1.241
  99   54     14.010     -3.236     -3.869
   8   -2     -4.260     -9.812     -5.455
  52   18     -1.074     -6.420     -6.356
  -1   14     16.219     -3.975      3.249
  20   -2      7.995     -6.474     -5.714
  24    6     -1.098     -8.523     -6.328
  65   -2      6.010     -2.673      5.995
 111  108     18.642     -4.986     -0.193
 229   48     -4.549     -6.195      2.678
  37   -2     16.881     -3.887     -5.988
 240   -2      4.563     -7.214     -7.048
 230   40      4.669     -6.752     -5.286
 174   -2     19.474     -6.382     -5.213
 155   -2      5.925     -9.564      3.181
  -1   26     17.064     -5.402     -8.277
  48   38      5.096     -1.839     -0.524
 266   -2     18.027     -8.984     -3.249
  45   47     11.166     -4.194     -0.231
  15   98      4.700     -7.917      4.562
  -1   -2     -5.340     -6.376      9.587
  57   -2     -7.658     -6.572     -2.368
  98   37      2.599     -2.371      5.765
  -1   -2     -9.331    -10.757     -0.140
  91  114      6.232    -10.074      5.272
  40   -2      2.902     -6.276      2.294
  38   46    -11.462     -8.637     -4.968
  -1   -2      4.827    -10.215     -4.254
 139  221     -6.101     -8.679     -2.551
 150   25     17.045     -3.728      4.534
 189  205     14.791     -7.077     -2.284
 128  171     -7.730     -8.876     -1.960
  30   -2     10.966     -8.155      4.348
  -1   -2     10.776     -7.939      9.645
  -1   -2      5.830     -7.448      9.573
  -1  101     19.090     -7.737     -7.130
 231   55     -9.953     -3.805     -2.089
  -1   -2     11.490     -5.748     -6.828
  33   27      9.567     -3.055      2.929
 115   63      3.997     -5.561      7.860
  63   73     -9.792     -5.349     -9.976
 211  276     -5.979     -9.327     -7.376
  -1   -2      5.273     -9.954      2.678
 270   -2     17.241    -10.571     -7.517
  95  192    -12.701    -10.639     -6.026
  -1   -2     13.360     -8.243     -8.407
  83  172     15.156     -7.941      8.989
 291   69     -9.529     -8.546     -1.956
  -1  199     -6.338     -9.156      2.110
  -1    8      9.896     -7.933      1.236
 122   70     -6.115     -7.998      4.962
  -1  186      2.326     -3.893      2.106
 213   -2      4.167     -8.213     -6.763
 199  165     19.190     -3.428     -7.887
  78   82     -1.272     -9.333      3.865
  64   -2     -1.793     -8.137      0.386
  -1   42      4.659     -7.268      8.537
  -1   -2      4.501     -1.929      5.189
  -1   -2      1.924     -6.839      8.856
  76  118     13.648     -2.098     -2.744
 136  115      4.679     -8.466      7.572
  85  275     -0.367      0.979      7.564
 237   -2     -0.114     -9.585      8.296
  -1   -2      9.172     -6.345      3.881
  -1   84      5.692     -6.602      4.940
  -1   29      6.981     -4.197      8.201
  28   59     17.514    -11.121     -8.283
  -1   50      1.476     -6.150      4.388
  -1   -2      0.564     -9.706     -6.484
 103   90     13.618    -11.042     -6.271
  -1  139     15.994     -5.930      2.805
  -1  150     10.823     -3.164     -6.749
  -1   96     15.117     -3.397     -2.243
 109  149     -4.547     -9.340     -1.713
  27   -2     13.613    -10.593     -4.947
  42   -2     -0.299     -3.865     10.368
 145   68     14.895     -4.167      1.115
 204    3     15.100     -8.313      7.770
 242   -2     -0.649     -6.530      8.465
  -1   77     14.918     -7.087      5.831
  -1  131     -0.581     -9.699      0.845
 277  213      7.788     -1.235      9.720
  -1  107     17.438     -9.524     -8.163
  -1  259     12.051     -0.046      1.343
  59   44     12.208     -8.801      6.799
 124  175     18.114     -2.250      1.183
 153    9     -1.612     -7.863      1.349
 114   -2    -11.462     -1.684     -9.974
   4  167      3.096     -7.821      3.608
 219   -2     -2.165    -10.036      1.974
 175   49     -3.782     -7.228     -3.726
  75   -2      5.122     -8.693     -0.994
 133   64     11.879      0.988      1.795
 159   92     14.404      3.097     -4.461
 217   -2      9.521     -3.340      9.155
 144   -2     16.886    -10.418     -3.006
  25    4      7.069     -5.889      3.366
 162  232      6.522     -5.110     10.036
  -1   -2      5.332     -9.608      7.320
  96   -2      6.942    -11.022     -3.713
  21  128    -13.220     -2.865     -2.864
  -1  185     14.619     -5.015     -5.903
  -1   -2      3.898     -7.689      8.830
  -1   -2    -10.453    -10.419     -8.230
  -1   31     -7.425     -9.106     -8.531
  -1   -2      7.742    -11.145     -5.238
 285  257      2.720     -8.678     -4.981
  -1  113     15.817     -1.770      0.782
 197   -2     -6.607     -6.912      1.957
 193   -2     11.887     -6.202     -9.451
  -1   -2     -5.370     -8.279     -4.979
  -1   -2    -12.113     -7.173     -8.933
  -1  212     -0.156     -8.728      7.787
  -1   97     -7.339     -5.280      7.465
  -1   51      1.104     -6.820      1.145
  -1   -2     15.726    -10.297     -1.422
  -1  102     10.119     -8.364     -6.751
 195   88     14.523     -1.197     -4.854
   9   -2     13.254     -8.586     -3.205
 170  163      5.442     -5.479     -5.523
 263   -2    -12.032     -1.023     -7.720
  -1   -2      0.036     -5.967      7.747
  -1   -2     19.397     -1.851     -4.659
  71   -2     14.773     -6.337      5.848
  -1   -2    -10.488     -9.568     -5.718
 158  226     -7.657     -3.873     -1.639
  66   23      5.511     -6.090      4.730
 117   -2     18.776     -5.287     -7.003
 194   -2      3.773     -5.657      1.011
 160  106    -12.211     -1.651     -9.797
  84  233      0.127     -7.347      2.060
 191  252     17.604     -0.817      5.973
  -1   -2      3.048     -9.700    -10.225
  -1   80     -2.770     -6.226      8.267
  -1  218     -5.600     -5.480     -8.767
 169  203     -7.418     -3.146     -5.190
  69  147     18.280     -4.650     -8.050
 209   -2     13.091     -6.811      2.971
  -1   -2     15.776    -10.063      2.364
  -1   -2     -9.751     -0.653     -7.685
  -1   95     -2.465     -9.954      4.977
  -1   71     -4.597     -9.220      2.374
 221  161    -12.339     -2.905    -10.436
 261  219      1.558     -4.656      4.346
 269   -2      6.974      1.959     -5.285
  -1   -2     -6.965     -6.553     -5.196
  -1   -2     11.352     -7.391      3.976
 100   -2     17.000    -10.425     -9.273
  -1   56      4.880     -2.528      9.927
  -1   -2     13.653    -10.330     -2.787
  -1  190      5.817     -6.987      6.827
   7  105      5.324     -7.937      8.840
 157   83     16.118     -2.332      3.789
  -1   -2     -3.294    -10.588     -1.592
  92  281     -5.987     -6.107      8.717
 225   -2     -4.716     -1.996     -2.220
  -1   24     14.233     -6.558     -2.998
 207  216     20.235     -0.284     -3.826
  -1  179     17.394     -3.257      3.635
  -1   65     13.071     -1.353      2.597
 200  261    -12.973     -6.402     -7.527
 168  202     16.336     -4.619      6.036
 134   43     -8.485     -7.404     -7.305
  -1   -2    -13.382     -9.603     -5.513
  26   32     -2.455     -7.568     -0.386
 202   -2     18.549     -4.025     -7.447
  -1   58      1.420     -9.706      7.082
  31   57     -9.658     -9.875     -7.843
 178  151     -4.669     -5.936     -3.982
 112  137     -7.305     -9.917      3.473
 118   17      4.034     -9.445      8.489
 196  104     -7.214     -8.988      2.460
  -1   -2     -3.020     -6.960      8.766
  -1   -2     19.995      1.354     -0.352
 161  193     13.008     -6.088     -0.206
 238  210     11.933     -8.347      1.245
  -1   -2      1.014     -3.173     10.251
  -1  155      7.802     -8.302     -2.152
 205   -2     17.525     -6.285     -6.348
 234  198      0.451     -3.568     -8.052
 152  183     13.356     -9.755     -4.739
 281   34     10.824     -7.213      5.481
  17  223     -0.784     -8.838      0.187
   3   -2     -1.910     -6.512      1.125
 171   -2     14.854     -8.523      7.534
 223  264      0.097     -5.570      5.719
  -1  191     21.010     -6.685     -4.597
 258  206    -11.829     -6.106     -0.131
 120   79     14.206     -7.436      2.796
  73  214     -9.407    -10.425      0.085
  -1   -2      4.866     -9.878     -6.747
 233  204     15.381    -10.044     -8.485
  60   87    -10.177    -10.648     -8.262
 215   78    -12.089     -9.874     -3.926
  -1   72      5.033     -8.717     -7.238
  -1   -2     -8.006     -3.193      2.646
 131   -2     16.886     -1.594     -2.574
 163  134    -11.359     -8.477     -0.059
  -1   -2     13.493     -5.698     -0.743
 252  152     -8.712     -8.438      3.336
  -1   -2     17.587     -1.258      1.362
  -1   -2      3.722     -9.856     -3.080
 203   -2      3.226     -5.573     -3.886
 271   -2     20.266     -2.454     -6.595
  51   -2    -11.867     -3.287     -4.429
 208   -2      3.281     -4.756      6.715
  86   -2     17.299     -5.221      1.873
 247   -2     -6.822     -3.350     -2.758
 260    1     -2.996     -9.025      4.027
  61   -2     -2.470     -8.375     -3.506
  -1   -2      0.538     -9.764      7.553
  -1  164     -9.656     -3.313     -0.271
 180  224     -9.574     -9.290     -1.194
  41  189      9.711     -8.127      7.632
 243   -2    -12.675     -1.928     -8.795
 289   -2     12.799     -0.442     -1.310
  -1  112      1.439    -10.800     -8.113
  -1   15     14.909    -10.105      3.232
  -1   -2      0.746     -2.079     -7.867
  -1  154    -12.043     -4.830     -9.032
  -1   -2    -10.498     -3.736      1.146
 141  166    -11.905     -7.210     -4.913
  -1   74     -8.974     -1.261      4.081
  -1   -2     22.045     -7.498      7.001
 186  173     -5.651     -4.550     -5.183
 278  228     10.628      1.307      1.374
 267  176      8.548      3.887     -0.089
 166   -2     21.461     -1.457    -10.241
 192  120     -1.756     -9.906      8.215
  -1  110     13.124     -2.274     -2.321
 288   -2     13.529      4.272     -5.976
  -1   -2    -12.643     -1.335      7.785
  -1   10     -0.833     -2.977     11.239
  -1  265     18.223      2.624     -5.434
  -1  227    -11.736      1.866     -7.835
 212  196     15.568      3.646     -0.929
  -1  244     20.031      2.565     -1.392
 251  239      4.969      2.844     -6.575
  -1   -2      1.271      5.633      0.610
 262    0      7.346      1.929      9.688
 280  234     19.223      0.629      0.461
  -1   -2    -12.799     -1.457     -8.168
  -1   -2      0.753      2.067     -8.077
  -1   35      7.882     -6.765     -7.845
  -1   -2     -4.669     -1.372     -9.515
 282   62     15.485      1.059     -7.228
 274   -2     18.735      1.428     -6.106
  -1  230      5.943      3.185      9.467
  -1   -2    -10.499     -0.788     -5.153
 116   -2      6.065     -7.501      3.757
  -1   -2      4.594     -1.939      4.934
  -1   -2      9.195     -6.333      3.827
  -1   -2     -7.379     -5.265      7.597
  -1   -2      6.181     -7.800      8.777
  -1   -2      1.271      5.633      0.610
 264   -2     19.965      1.359     -0.288
 298  284      4.594     -1.939      4.934
 293  280      9.172     -6.345      3.881
 294   -2     -7.339     -5.280      7.465
  -1   -2      2.197     -3.905      3.341
  -1   -2      3.215     -6.434      9.230
 302  287      2.197     -3.905      3.341
  -1   -2      3.215     -6.434      9.230
  -1   -2      3.215     -6.434      9.230
  -1   -2      3.215     -6.434      9.230
 306   -2      3.215     -6.434      9.230
 305  290      5.137     -1.889      0.055
