36
   5   16      9.993    -10.091     -2.600
   2   -2     -3.283    -10.745      1.697
  14   14      9.762    -10.748     -1.638
  22   13      6.132     -7.139     -5.511
  11    0     -1.917    -10.960      6.360
   4    5     -6.209     -4.000      2.350
  30   -2     11.876    -10.409     -1.624
  26   -2      9.968     -3.354      6.425
  -1   37     10.666     -8.488     -6.992
   9   11      5.717     -6.947     10.017
  21   31      3.680     -9.525      3.925
  -1    2     10.716    -10.677     -5.157
  37    4     11.548     -1.644      2.514
  -1   12     -5.771     -0.145      2.748
  29   -2     10.692     -0.399      4.736
   0   -2      8.093     -8.713      5.094
  -1   17      4.256    -10.783     -1.439
  12   -2      8.482     -8.852    -11.616
  19   20     -5.198    -10.722     -2.356
  -1   19     -0.653    -10.673     -7.808
  -1   -2    -10.348     -5.493     -9.571
  -1    9      5.548     -7.334    -10.312
   1   -2      6.826    -10.410     -0.877
   8   -2      8.392     -7.587     -7.516
  13   15     14.279     -3.765     -4.289
  -1   -2      5.642     -2.497      6.939
  -1   -2     10.452     -6.798      7.390
  42   -2     10.522    -10.904      2.262
  -1   29     13.212     -5.629      8.889
  -1   -2      0.471    -10.808      5.588
   3    8     12.217     -3.487      0.836
  20   -2     -5.013     -8.252     -6.115
  -1   25     15.190    -10.454    -11.151
  32   23     -4.413     -7.636     -9.086
  18   -2     21.159     -2.129    -11.196
  43   41      5.642     -2.497      6.939
