158
   8   -2      9.753     -7.894      1.420
 134   -2      4.557    -10.182      1.294
  -1    7     -4.474     -6.942      6.450
  -1    2     12.670     -8.645     -7.156
  -1  155      9.173     -6.347      3.879
  -1    5     16.358     -4.573     -9.598
  50    6     13.212     -3.829      4.323
  11   -2     17.351     -5.963     -0.647
  -1   -2     19.432     -6.423     -4.881
  19   -2      4.705     -7.729      4.365
  13   61     12.098     -5.521      3.554
  -1   16     -4.554     -6.094     -5.098
 131   -2     14.619     -5.015     -5.906
 112   -2     14.607      0.498     -5.056
  71   12      6.976     -5.303      5.869
  17   -2     10.980     -2.662      3.924
  20   19     20.046    -10.455     -6.943
  33   -2     18.060     -9.873     -4.210
  22   43     14.129     -7.188      7.840
  83   23      7.980     -5.851      9.695
  24   20      4.315     -5.504      8.253
  29   -2     13.989      1.379     -3.412
  38   27     -0.535     -8.765     -7.004
  25   22      4.580     -7.454      9.723
  12   37     -5.785     -6.900    -10.185
 152   -2     12.544     -3.848     -4.919
  81   -2     -3.119     -9.893     -0.661
 103   -2     -6.117     -9.161     -7.570
  55   -2     19.207     -7.948    -10.198
  18   -2     12.757     -8.262     -6.941
  32   28     -0.116     -3.690     -9.663
   5   34     18.062     -9.122     -2.979
  -1   49     -0.847    -10.239     -4.704
  95   77     19.831     -0.123     -4.575
  98   -2     16.641    -10.461      1.618
 104    8     15.352     -7.131      5.792
  -1   -2      3.026     -8.841      4.879
   1   40    -11.553     -9.726     -7.916
  34   -2     -0.317     -6.856      5.286
  -1   80     -7.419     -3.918      7.016
  45   78     16.874     -8.271      3.944
  96   52     -8.913     -8.425      3.106
 147   -2      3.909    -10.483     -8.516
  77   15     -3.681     -7.011      3.154
  53   53     15.804     -3.868     -9.085
   4   51     14.577     -4.274      7.785
   0   -2      9.425    -10.058      3.234
  61   36     -7.677    -10.900     -5.925
 115   -2     -9.622     -9.433      0.634
  -1    3      3.325    -10.573      1.710
 128   68     -6.865     -7.835     -0.353
  52  120      0.837      1.116     -9.207
  -1   -2     10.810     -3.147     -6.812
  -1   -2     -9.508     -0.709     -7.591
  -1   25     14.075      3.087     -3.650
  -1   -2     13.637      1.940     -6.225
  -1  123     -4.268     -3.276     11.464
  -1   -2      0.369      2.410    -10.302
  15   17     12.933     -0.489     -0.851
  -1   -2      8.958      0.880     -9.743
  -1    1     19.809     -4.865     -2.295
  -1   -2      3.468     -1.159      1.214
  -1   -2     -5.694     -8.861     -2.177
  63   -2     12.335     -0.396     -6.672
  -1   -2     13.028     -8.913      9.997
  -1   42      4.561     -7.656     10.661
  -1   -2     -8.606    -10.923     -8.336
  -1   67     23.830     -2.968    -11.881
  -1   -2     19.733      2.433     -2.585
  -1   -2     18.726     -6.926    -11.943
  67   90     14.476    -10.491     -7.148
  -1   39     -7.422    -10.094     -9.847
  -1   86     -4.009     -5.128      2.146
  -1   -2      2.017     -0.859     -9.072
  -1   -2      7.465     -3.235      8.369
  -1   99     13.082    -10.463     11.960
  44   -2      6.148     -8.166      7.252
  76   21     17.613    -10.259     -4.576
  -1   -2     18.627    -11.257     -2.252
  75   71     -1.833      1.233     -8.136
  48   50     -7.081     -5.922      5.775
  -1   -2     22.006     -9.589      8.731
  -1   41      6.082     -8.909      9.847
  89  126     10.254     -9.371      9.286
  85   -2    -10.079    -10.555     -4.978
  78   85     13.529      4.274     -5.973
  23   18      9.396     -7.139      7.671
  -1   -2     -0.755     -2.748      5.790
  79   -2     21.442     -1.458    -10.200
 110   -2     -4.511     -5.164      5.276
  87   -2     17.236     -1.084     -2.483
 123   83     18.913     -6.102     -3.651
  92   75      8.455     -9.726     11.417
  -1   -2      0.430    -10.761     -3.595
  -1   -2     16.920     -1.424     -3.701
  88   89      6.062     -2.411     -3.163
  -1   98     18.729      1.426     -6.134
  93   92     -2.527     -0.959    -11.378
  -1   -2     10.743     -6.557      0.428
  97   91     11.392     -9.162      1.287
  -1   44     -6.786    -10.462    -10.031
  -1  112    -11.407      3.281    -10.019
  -1  109    -13.021     -9.511     -4.826
 100   97      8.011     -3.500     -3.491
 101  107      9.353      0.281      9.915
  -1   -2     -9.352     -8.485     -5.652
  86   -2     12.558     -4.909      7.768
  30  106      4.654     -6.277      2.321
  65  101     14.656     -8.119      9.460
 102  104    -11.855     -1.959     -8.135
 105  102    -10.253     -6.091     -3.831
  -1   -2     19.307     -7.750     -7.065
  57   29     -8.419     -4.494     -8.500
 109   -2     16.520     -4.577     -9.997
  -1    0      9.202     -6.334      3.810
  -1   96     -9.508     -0.709     -7.591
  -1  156     10.810     -3.147     -6.812
  -1    9     13.637      1.940     -6.225
  -1   62      8.958      0.880     -9.743
  -1   95      3.468     -1.159      1.214
  -1   30     19.733      2.433     -2.585
  -1   14      7.465     -3.235      8.369
  -1   -2     -4.009     -5.128      2.146
  82  124     22.006     -9.589      8.731
  -1  134     -0.755     -2.748      5.790
  69   13     16.920     -1.424     -3.701
  91  127     -5.694     -8.861     -2.177
  -1   -2      9.202     -6.334      3.810
  -1   -2     -4.503     -6.930      6.543
 111  129     19.477     -6.424     -4.924
  -1   -2     10.810     -3.147     -6.812
  -1   -2     13.637      1.940     -6.225
  -1   -2      3.468     -1.159      1.214
  -1   -2     19.733      2.433     -2.585
  -1   -2     -4.009     -5.128      2.146
 119   32     -0.755     -2.748      5.790
  -1   -2      9.202     -6.334      3.810
  -1   -2     -4.503     -6.930      6.543
  -1   -2     10.810     -3.147     -6.812
  -1  114     13.637      1.940     -6.225
 126  140      3.468     -1.159      1.214
  -1   -2     19.733      2.433     -2.585
  -1   -2     -4.009     -5.128      2.146
  -1   -2      9.202     -6.334      3.810
  -1   -2     -4.503     -6.930      6.543
  -1   -2     10.810     -3.147     -6.812
  -1   -2     19.733      2.433     -2.585
  80  122     -4.009     -5.128      2.146
  -1   -2      9.202     -6.334      3.810
  -1   -2     10.810     -3.147     -6.812
  -1   -2     19.733      2.433     -2.585
  -1   -2      9.202     -6.334      3.810
  -1   -2     10.810     -3.147     -6.812
 150   63     19.733      2.433     -2.585
  -1   -2      9.202     -6.334      3.810
  -1   31     10.810     -3.147     -6.812
  -1   -2      9.202     -6.334      3.810
 151   -2      9.202     -6.334      3.810
