19
  -1    0     16.872    -10.970     -3.503
  -1    3     17.535    -11.249     -2.462
   0   -2     16.777    -10.428     -0.241
   3    5     15.096     -3.669     -6.374
  19    2     13.981     -8.794      1.422
  11    4      9.976     -3.355      6.402
  -1   -2     20.421    -10.987     -2.773
   1    9     17.541     -8.577     -2.955
  -1   -2      9.271    -11.826     -5.327
   2    1     18.137    -10.871     -4.003
  -1   12     20.539     -8.514     -1.299
  -1   14      3.154     -8.821     -3.150
  -1    6     19.690     -8.025     -2.731
  10   -2     11.752     -8.799      1.803
  -1   11     -4.478     -7.645     -8.866
   9   16     11.738     -5.357      2.688
  -1   10      8.321     -6.771     10.433
   6   15     15.742     -9.728      4.555
  15    8      6.279     -7.156     -2.589
