244
 138   -2     -4.709     -6.884      6.615
  32   13     -9.057     -9.267     -2.331
  -1   -2     18.348     -5.171     -1.157
   1    0      9.755     -7.894      1.407
  -1   82      8.067     -8.074      9.902
   5    3      3.918     -8.582      3.500
  -1    6     11.646     -8.227     -4.385
  -1   41      9.170     -6.347      3.885
  11    8     13.208     -3.831      4.313
  -1    7     -7.278    -10.053     -9.897
   9   10     17.351     -5.963     -0.652
  13   14      4.704     -7.724      4.368
  17   12     12.100     -5.521      3.554
  60   -2      4.775     -7.406      8.227
  20   18     14.616     -5.014     -5.913
 110   -2     19.446     -6.422     -4.863
  18   -2     14.609      0.498     -5.058
  19   15     16.573     -4.520    -10.145
  44   -2      6.981     -5.302      5.882
  -1   19     10.977     -2.664      3.932
  -1   -2     13.987      1.381     -3.405
  88   -2     18.056     -9.871     -4.187
  27   30      4.308     -5.504      8.230
  30   25     20.051    -10.455     -6.946
  -1   -2     14.132     -7.186      7.827
  15   -2      7.977     -5.851      9.690
  42   40     -4.465     -9.840     -3.970
 107   -2     10.250     -1.603      6.756
 103   16     -2.867     -9.783      0.031
   0   94     17.795     -4.229     -0.669
 119   32     12.549     -3.850     -4.929
  37   -2     -5.793     -6.899    -10.207
  48   20      6.750     -9.119      8.089
  92   -2     -0.630     -6.006      5.984
  40   35     -0.107     -3.695     -9.623
  14   -2     -3.482     -8.448     -0.431
  -1   -2      5.085     -7.954      9.889
  -1   -2     12.480    -10.311      6.502
  -1   22     18.065     -9.121     -2.984
 115   -2      9.161     -7.488      2.746
  -1  105      7.167      1.895     10.085
  38    9     -1.316     -8.727     -6.573
 108   42     16.645    -10.459      1.614
  -1    2     -0.426     -8.180      6.328
  52   -2     -8.222     -9.923     -6.866
  33   -2     11.537     -8.739      7.508
  39   -2      5.801     -5.890      5.414
  -1   43      7.899    -10.420     -9.168
  55   -2     -3.760     -8.658     -9.561
 137   45     -1.832     -4.690      1.616
  62   -2     16.872     -8.269      3.922
  -1   39     -0.282    -10.508     -8.033
  -1   -2     -0.309     -6.856      5.297
  59   50     -7.419     -3.921      7.010
  35   -2      3.032     -8.840      4.862
  16    1     18.560     -6.178     -2.924
  -1   36     13.644     -9.014     -5.389
  43   47     -3.545    -10.330     -4.371
  97   99      9.715    -10.020      5.581
  54  118      3.776     -4.854      7.950
  31   54      3.667     -7.609      7.843
   6   -2      5.844    -10.317     -1.415
  -1  103     -1.526     -9.193     -6.078
  57   27     15.467     -7.175      5.535
  65  101     -8.927     -8.323      3.961
  67   69     17.827     -6.147     -6.514
  10   26     -6.383     -7.860     -1.954
  -1   49     -0.091     -9.052      8.970
  -1   -2      5.220    -10.403      8.715
  -1   -2     10.810     -3.147     -6.811
  80   -2    -13.177    -10.680     -2.785
  -1   -2     13.636      1.937     -6.222
  -1   -2     -9.508     -0.709     -7.589
  -1   -2     11.716     -5.204     -5.308
  75   -2     18.671    -11.007     -4.734
  -1   -2      8.959      0.881     -9.743
  -1   -2      3.471     -1.162      1.216
  -1   -2    -12.645     -5.596      9.800
  77   55     12.339     -0.395     -6.685
  -1   -2     19.733      2.431     -2.581
  -1   53     14.479    -10.496     -7.149
  74   21    -10.720    -11.250    -10.368
  -1  148      8.427     -2.492     10.295
  84   92    -11.418     -9.749     -7.156
  -1   52     -2.849    -10.485    -10.107
  56   37     12.056     -8.028      6.251
  -1   24      7.465     -3.238      8.371
  -1   -2     17.580      3.851    -12.352
  89   74     -1.832      1.233     -8.138
  -1   -2     -7.090     -5.922      5.749
  -1   33     -8.856     -6.149    -10.333
  -1   76     18.047    -10.020     -2.829
  -1   -2     21.468    -10.232     -5.829
  -1   34    -10.067    -10.652     -7.177
  83   -2     13.531      4.277     -5.976
  -1   61    -13.941    -10.019      2.842
  -1   31     -0.759     -2.747      5.784
  86   44     -4.514     -5.164      5.271
  91   81     21.438     -1.458    -10.187
 109   66     11.493    -10.531     -1.843
  81   -2     16.923     -1.423     -3.700
  70   88    -11.077     -5.652     -6.835
  -1   -2     14.182     -8.181      7.925
  98   86      6.062     -2.410     -3.159
 226   -2     17.236     -1.090     -2.485
  -1   96     -2.515     -0.964    -11.344
  -1   -2      7.936     -7.303      8.921
 104   95      8.019     -3.500     -3.456
 118   -2     -8.419     -4.491     -8.475
  47   -2     13.885     -9.473     -1.706
  -1   -2      9.351      0.285      9.920
  -1  108     19.307     -7.753     -7.050
  -1   -2      9.981     -9.581     -0.283
  -1   -2    -10.928     -3.872     -8.548
  -1   87     19.310     -6.290      1.465
 100   -2     15.605     -2.708      0.798
  -1  109     11.896      2.329     -1.874
  -1  133     -4.501     -6.928      6.531
  -1   -2     19.305     -6.437     -4.727
  -1   -2     13.789      1.390     -2.917
  -1   -2     10.810     -3.147     -6.811
  -1   -2     -9.508     -0.709     -7.589
  -1   -2     11.716     -5.204     -5.308
  -1  146      3.471     -1.162      1.216
  -1  163      8.959      0.881     -9.743
  -1   85     19.733      2.431     -2.581
 147  149     12.071    -10.304      7.470
  -1   -2      7.465     -3.238      8.371
  90  119     -7.090     -5.922      5.749
  94   -2     14.182     -8.181      7.925
  -1   38     -4.501     -6.928      6.531
  25  141     13.789      1.390     -2.917
  -1   -2     10.810     -3.147     -6.811
  -1   -2     -9.508     -0.709     -7.589
  -1   17     13.636      1.937     -6.222
 113   -2     11.716     -5.204     -5.308
  -1   -2      8.959      0.881     -9.743
  -1   -2      3.471     -1.162      1.216
  -1   -2     19.733      2.431     -2.581
  -1   -2     12.071    -10.304      7.470
  -1   -2      7.465     -3.238      8.371
  -1   -2     -4.501     -6.928      6.531
  -1   -2     10.810     -3.147     -6.811
  -1   -2     -9.508     -0.709     -7.589
  -1   -2     13.636      1.937     -6.222
 144   64      3.471     -1.162      1.216
  -1   -2      8.959      0.881     -9.743
  -1   -2     19.733      2.431     -2.581
  82   -2      7.465     -3.238      8.371
  -1   -2     -4.501     -6.928      6.531
  -1   -2     10.810     -3.147     -6.811
  -1   -2     -9.508     -0.709     -7.589
  -1   -2     13.636      1.937     -6.222
  -1   -2      8.959      0.881     -9.743
  -1   -2     19.733      2.431     -2.581
 124   -2     12.071    -10.304      7.470
 114   -2     -4.501     -6.928      6.531
  -1   -2     10.810     -3.147     -6.811
  -1   -2     13.636      1.937     -6.222
  -1   -2     -9.508     -0.709     -7.589
  -1   -2      8.959      0.881     -9.743
  -1   -2     19.733      2.431     -2.581
  -1   -2     10.810     -3.147     -6.811
  -1   -2     -9.508     -0.709     -7.589
  -1   -2     13.636      1.937     -6.222
  -1   -2      8.959      0.881     -9.743
  -1   -2     19.733      2.431     -2.581
  -1   -2     -9.508     -0.709     -7.589
  -1   -2     10.810     -3.147     -6.811
  -1   -2     13.636      1.937     -6.222
  -1   -2     19.733      2.431     -2.581
  -1   -2     10.810     -3.147     -6.811
  -1   -2     -9.508     -0.709     -7.589
  -1   -2     13.636      1.937     -6.222
  -1   -2     19.733      2.431     -2.581
  -1   -2     10.810     -3.147     -6.811
  -1   -2     -9.508     -0.709     -7.589
  -1   -2     13.636      1.937     -6.222
  -1   -2     19.733      2.431     -2.581
  -1   -2     10.810     -3.147     -6.811
  69  177     -9.508     -0.709     -7.589
  -1   -2     13.636      1.937     -6.222
  -1   -2     19.733      2.431     -2.581
  -1   -2     10.810     -3.147     -6.811
  -1   -2     13.636      1.937     -6.222
  -1   -2     19.733      2.431     -2.581
  -1   -2     10.810     -3.147     -6.811
  -1   -2     13.636      1.937     -6.222
  -1   -2     19.733      2.431     -2.581
  -1   -2     10.810     -3.147     -6.811
  -1   -2     13.636      1.937     -6.222
  -1   -2     19.733      2.431     -2.581
  -1   -2     10.810     -3.147     -6.811
  -1   -2     13.636      1.937     -6.222
  -1   -2     19.733      2.431     -2.581
  -1   -2     10.810     -3.147     -6.811
  -1   -2     13.636      1.937     -6.222
  -1   -2     19.733      2.431     -2.581
  -1   -2     10.810     -3.147     -6.811
  -1   -2     13.636      1.937     -6.222
  -1   -2     19.733      2.431     -2.581
  -1   -2     10.810     -3.147     -6.811
  -1   -2     13.636      1.937     -6.222
  -1   -2     19.733      2.431     -2.581
  -1   -2     10.810     -3.147     -6.811
  -1   -2     13.636      1.937     -6.222
  -1   -2     19.733      2.431     -2.581
  68  202     10.810     -3.147     -6.811
  -1   -2     13.636      1.937     -6.222
  -1   -2     19.733      2.431     -2.581
  -1   -2     13.636      1.937     -6.222
  -1   -2     19.733      2.431     -2.581
  -1   -2     13.636      1.937     -6.222
  -1   -2     19.733      2.431     -2.581
  -1   -2     13.636      1.937     -6.222
  -1   -2     19.733      2.431     -2.581
  -1   -2     13.636      1.937     -6.222
  -1   -2     19.733      2.431     -2.581
  -1   -2     13.636      1.937     -6.222
  -1   -2     19.733      2.431     -2.581
  -1   -2     13.636      1.937     -6.222
  -1   -2     19.733      2.431     -2.581
  -1   -2     13.636      1.937     -6.222
  -1   -2     19.733      2.431     -2.581
  -1   -2     13.636      1.937     -6.222
  -1   -2     19.733      2.431     -2.581
  -1   -2     13.636      1.937     -6.222
  -1   -2     13.636      1.937     -6.222
  -1   -2     13.636      1.937     -6.222
  -1   -2     13.636      1.937     -6.222
  -1   -2     13.636      1.937     -6.222
  -1   -2     13.636      1.937     -6.222
  -1   -2     13.636      1.937     -6.222
  -1   -2     13.636      1.937     -6.222
  -1   -2     13.636      1.937     -6.222
  -1   -2     13.636      1.937     -6.222
  -1   -2     13.636      1.937     -6.222
  -1   -2     13.636      1.937     -6.222
  -1   -2     13.636      1.937     -6.222
  -1   -2     13.636      1.937     -6.222
  -1   -2     13.636      1.937     -6.222
  -1   -2     13.636      1.937     -6.222
  -1   -2     13.636      1.937     -6.222
 242  238     13.636      1.937     -6.222
