372
   4    0     -1.843     -7.753      3.785
   0    1     -0.461     -6.935      6.211
  -1    3     -1.801     -7.372      8.635
   2    4      8.012     -8.975     -0.697
   3    6      9.346     -5.788      9.434
 126  165     -1.130     -9.238     -6.917
 135  142      1.475     -7.669      7.674
  28   -2      4.286     -9.002     -3.060
 133   -2     -1.110     -8.451      4.155
  -1   -2      1.157     -7.808      3.035
   5   12      8.504     -7.575      5.686
  -1   45      3.701     -9.301      3.615
  -1   -2      1.908     -8.057      3.381
 111  123      1.503     -9.312     -7.407
  -1  156     -3.803     -8.734      3.646
 172   -2     -4.577     -7.907      6.564
  -1   -2      8.342     -6.024      3.648
 124   -2      4.182     -9.971     -7.761
  -1  151     -2.376     -8.328     10.272
  10   -2     -0.022     -8.641     -0.554
  -1    2      0.808     -8.246      4.916
  -1   -2      5.873     -9.814      0.418
  21   20      9.504     -9.678     -1.196
  -1   77      0.018     -7.233      5.757
  68  148     -2.255     -6.784     -6.299
 152  181     -0.615     -8.695      6.340
  17   -2      0.252     -6.776      6.314
  -1   -2      0.951     -8.459      9.363
  -1  180      4.559     -8.851      8.697
  39  311      3.043     -9.357     -1.258
 159   96      7.489     -8.626     -9.907
  16   46     11.260     -6.940      7.075
 164  222      3.159     -9.473      6.269
  -1   -2     -7.288     -8.788     -2.493
 116  208      0.362     -9.241     -6.375
  57   -2     -0.640    -10.252     -7.874
  -1   -2      1.764     -7.452      4.801
 256   -2     -0.393     -8.630     -4.904
  63   -2     -4.291     -8.542     -6.608
 249   -2     16.759     -5.255      4.186
  -1   15      1.292     -8.010      6.722
 194    9     -5.109     -7.134     -6.405
  -1  149      5.829     -9.849      2.582
  -1  286      2.705     -7.054      8.391
 100   -2      2.904     -7.457      4.649
  20  122      0.981     -6.640      7.493
  73   -2      1.945     -8.739     10.352
 119  113      1.259     -9.092      1.783
  -1   29      4.904     -8.588     -7.490
 170   -2     12.755     -7.336      8.800
 258   -2      2.031     -8.853     -3.256
  -1  272     -3.746     -7.222     -9.435
 148   -2     -2.824     -7.494      4.660
  -1   -2     -2.867     -9.666     -7.654
  96   98    -11.344    -10.008     -9.557
  49   99      4.873     -8.708     -4.662
  -1   -2      0.874     -8.415      2.733
 130   -2     -7.496     -7.097     -0.878
  -1   69      0.686     -7.417      8.512
  -1   -2     -5.169    -10.631     -5.269
  -1  126     -4.750     -8.786     -9.493
  34   -2     -1.536     -8.678     -5.057
  -1  210      0.770     -9.474     -4.931
 235   95     11.102     -8.191     -0.844
  62   63      7.355     -6.349     -6.876
 196   -2      1.909     -8.672      1.896
  37  306     14.734     -7.154      6.042
  42   -2     -5.145    -10.159     -9.310
  -1  109      2.942     -7.239      7.338
 146   -2     -4.196     -9.960     -0.998
  99  194     -5.510     -8.107     -2.999
  -1   -2      1.869     -8.390      4.378
 117   -2      7.185     -9.401     -4.553
 218  282     15.046     -8.398      5.294
  -1   -2     -5.826    -10.632     -5.158
 165   -2     -4.754     -7.100     -4.329
  78   75      7.786     -6.439      8.383
 122   -2     -5.202     -9.803     -2.423
  27   -2     -3.261     -7.878      5.602
  -1   -2      2.244     -5.440     -2.404
 232   31      2.033     -7.837      3.138
 114  230     -1.137     -8.784      6.903
 115   -2     -0.955     -9.578     -5.871
 252  172     -5.875    -10.156     -2.026
  -1   -2      1.275     -7.809      1.037
 255   -2      5.387     -5.781      6.608
  22  153     -2.205     -7.056      0.927
  -1   -2      7.253     -7.769    -10.744
 176   47     -7.060     -9.043      6.269
 202  279      3.382     -5.795      1.582
  -1  143     -7.801    -10.565      2.326
  -1   62     -7.446    -10.172    -10.047
  65   52     -2.834     -9.750     -6.208
 287   -2     -6.473     -4.084     -4.220
 129  154     16.718     -8.347      3.758
 212  159      2.553     -8.394     -5.598
  56  214     -2.834     -8.162      7.316
 188  238     -4.407     -9.736     -6.313
 136   -2      1.565     -6.531      3.962
  83  110      9.804     -3.349      9.695
 189  264     -5.376     -7.185     -9.166
  76  106     -0.149     -6.076     -7.732
  55  287     -8.079     -8.030     -2.952
  -1  385     15.848     -6.071     -9.086
 108  136     -2.626     -4.211     -7.172
  -1  229      4.345     -9.819      3.690
  85  115      6.327     -0.765      1.645
 205  232      6.521     -8.366      7.054
  -1   -2     14.566     -6.997      8.319
  82  183     -9.120     -9.394     -6.185
  93  146     -1.101     -4.672     -5.453
 175   21      3.697     -5.164      3.307
  84  211     15.415     -4.401      3.676
  -1   66      5.081     -6.285     -8.862
 285   -2      0.217     -4.338     -6.893
  -1   51      3.390     -7.208      3.633
  47   28     -4.278     -9.993     -3.925
 268  315     -6.394     -4.325     -7.019
 261  162      3.615     -4.184      1.377
  44  233     -4.644    -10.319     -0.683
  -1  356     -3.644     -5.819     -1.516
  -1   38      0.778     -6.350      5.363
 211   83      7.233     -7.554     -4.136
 177   68     -7.214    -10.181     -1.881
  -1  245     14.459     -8.391      9.771
  -1   -2     15.116     -7.355      6.622
  41  137     -3.567     -6.347     -5.422
 198   -2     12.184     -5.336      1.958
 242   -2     -6.906     -7.216     -6.836
 109  119     -6.943     -8.116      5.002
 243   -2     19.585     -0.487     -0.953
  91  164      3.851     -4.897      0.919
  -1  281     -7.252     -6.464    -10.257
  -1   57      3.044     -7.988      5.396
 231  161     -4.076     -2.850     -5.616
 246  295     19.030     -4.494     -4.650
 102  235     11.907     -1.624     -0.508
 169  276      2.919     -7.388     -5.887
   9   -2      2.098     -8.309      1.535
  38   80     -8.584     -9.949     -6.761
 132  100     -6.248     -6.554     -7.799
  -1   -2      3.649    -10.072      5.009
 178    5     -0.178     -9.213      5.396
  -1  200      0.207     -9.445      9.642
  -1   18     -3.543     -8.505      9.846
  -1  171     -0.834     -9.826      4.777
  -1  141     -7.931     -5.768     -6.153
  -1  362     -0.507     -9.448      5.850
  -1   -2     -0.432     -9.261      6.854
  -1  196      2.101     -9.501      6.144
 147  302     13.640     -2.093     -2.727
  -1   -2      2.046     -8.660     -0.322
  -1   72     -1.334     -9.070      7.562
 292   -2    -10.820    -10.229     -2.076
  -1   -2     -5.302     -9.638      1.537
  -1   -2      4.769     -8.407     -1.105
   6   -2      8.809     -9.488     -1.133
  -1   32      1.600     -8.960     10.469
  -1  177     -3.367     -9.042      9.555
 128   -2     16.194     -6.445     -6.290
 105  167     -0.714     -5.606     -6.230
  -1  236     -0.458     -9.833      9.654
 137  169      1.133     -9.725      1.432
 120  253     18.938     -9.029     -4.041
  25   -2     -0.090     -8.950      8.622
 248   22      3.889     -9.947     -3.012
  -1  346     -7.432     -8.671      2.324
 214  299      9.171     -6.347      3.884
  54  166     10.270     -7.854      8.151
  -1   -2     12.129     -3.041      1.059
  -1  182      3.765    -10.309      7.226
  -1  209     -0.976     -9.547      8.789
  66  134     16.390     -4.584     -9.682
  -1  150      1.535     -8.255     -1.663
 253   97      1.331     -4.672      7.720
 305   -2      8.221     -6.695      6.826
 157   73     -3.373     -7.577      7.944
 142   -2     12.341     -7.207      1.005
  -1   -2     -3.169     -4.822     -1.520
 290  323      8.680    -10.533     -7.624
  -1  185      1.045    -10.618     -0.539
  -1   -2     -2.800     -9.502      7.554
  -1  219      2.222     -9.803     -2.157
  -1   10      5.871    -10.274      5.174
 127   17      1.635     -7.600      6.384
 141  326      1.297     -5.791     -0.295
  81   58      8.897     -7.334     -5.382
  -1   37     -0.684     -7.227      9.753
  -1  104     -9.302     -7.370     -2.938
  -1  189     -2.248     -9.894     -2.301
  -1  191      0.245    -10.192      8.261
  -1   64     -6.204     -6.845     -0.196
 221   -2      9.655     -8.055      2.554
 138  117     -4.000     -5.705     -7.965
  -1   78     -7.060    -10.829     -0.192
 230  112     -5.358     -5.808     -5.875
  -1  152     -2.700     -8.332     -2.479
 153  178      4.685    -10.197      0.351
 270   85     -6.800     -7.834      3.581
 161  120     19.436     -6.420     -4.899
  12  226      0.659     -5.909      7.872
  -1   -2      6.280     -8.910     -7.189
 275   -2     12.832     -1.444     -3.443
  -1   -2     10.976     -5.388      1.898
 167  224     15.896     -4.001      3.868
  -1  242     -1.995     -2.561     -3.270
  -1  329     -6.792     -9.143     -0.313
 173   -2     -8.513     -3.468      5.331
 180   -2     -4.070    -10.279      0.062
  -1   -2     -0.046     -7.781      5.250
 168   -2     13.996     -7.410      8.643
  -1  265     -1.617     -9.306      6.489
  -1  317      5.453    -10.256      1.045
  -1   -2     -3.515     -9.703      4.674
  -1   -2      9.338     -9.394     -5.846
  -1   -2      2.135     -8.735      8.094
  30  249     -3.005     -9.552      0.752
  31  175     -0.386    -10.644     -5.484
 203   70      2.612    -10.355     -2.874
  69  218     15.188     -7.976     -0.341
  -1   -2      3.457    -10.829      2.880
  -1   -2      8.886     -5.015      9.959
  -1   -2      2.528    -10.464      3.556
 283   -2      9.709      0.588      7.217
  19  333      8.365    -10.370     -9.341
  -1  344    -11.742    -10.553     -9.831
  -1  217      3.004     -8.951     -0.903
 267  353      5.857     -7.168      7.890
 187  363      6.367     -0.756     -0.609
  77  168     -0.191     -7.604      7.535
 140  140      4.270     -6.616      1.356
  -1   92     -0.197     -7.045      2.780
  -1   44     -3.109     -8.817     -7.358
 163   48     -6.601     -7.737     -3.885
  61  391     -0.954     -3.201      6.612
 288   79     -6.459     -6.460     -4.620
  -1   -2     -2.056    -10.354     -9.756
  50  111      6.429     -7.581      8.157
 149   -2     -5.203     -4.569     -3.105
 225  382      9.504      2.019      7.743
   7  135     -0.867     -8.087      7.662
 259   -2      1.518     -7.470     -4.261
  -1  206     -4.924     -8.714     -4.966
  -1   -2     -7.851    -11.021     -9.273
 294   55     -7.960     -4.918     -8.394
 197  288     14.505     -2.318      6.365
  92  263      5.290     -1.516      8.635
  -1  273     -8.447     -7.528      7.635
  -1   -2     -5.976     -6.823      3.928
  86   -2      7.513     -8.980      6.123
 182   36      3.075     -8.738     -1.682
 284   -2     15.704      0.529     -7.769
  -1   26      1.975     -7.872      9.688
  -1   -2     -2.936    -10.238      6.093
 234  301     -6.435     -3.528     -4.070
 229   -2     -8.563     -6.330     -2.888
  -1   -2     -2.055     -9.378      7.143
  -1   88     13.317     -5.791      7.680
 145  327     18.339     -9.162     -3.859
 291  212     16.170    -10.235     -3.168
  -1  186      9.208     -3.056      3.719
  -1   43     -2.298     -8.015      0.165
 200  292      7.021      1.173     -7.787
  -1   40      4.768     -8.179      8.640
 303   -2      7.452     -5.903      7.127
 174   -2     -0.033     -3.021      2.997
  -1   -2     17.825     -6.494    -10.923
 110  195     -6.957     -9.385     -1.822
  -1  354     -6.750     -4.944    -10.044
 260   -2     -4.771     -7.736     -2.830
  -1   35     -6.061     -7.861      3.336
 219  393     -3.160     -9.384      4.180
 125   94     16.002     -7.471     -9.755
  -1   71     -5.024     -7.252      6.951
  -1   25     -0.301     -9.307      5.900
  -1   -2      0.255     -9.663      8.553
  40  176      3.267     -9.809      1.269
  -1   74      3.556     -3.871      0.943
  -1   -2      3.701     -8.033     -7.244
 210   -2     17.088     -2.044     -0.292
  -1   -2      9.903     -3.581      6.570
  -1  313     -1.214    -10.006      1.427
 215   -2     -5.725     -7.629      3.976
  98   -2     -5.389     -9.557     -1.189
  33  358     14.994     -6.651      5.763
  -1  202      2.239    -10.987      1.171
  -1   49      8.016     -9.108     -6.555
  -1  108     -5.820     -3.819     -0.645
  -1   -2     12.664     -8.485     -3.293
  58   -2     -6.363     -7.938     -1.772
  -1   -2     17.317     -7.792      4.702
  -1   56     -2.894     -7.105     -3.631
  -1  322     -9.571    -10.651     -4.952
 209  291     -7.336    -10.574     -5.162
  -1   19      1.217     -8.839      6.908
  -1  283     11.551     -8.988     -0.315
  -1   -2     10.317     -7.173      2.160
 257   -2     15.421     -9.323      0.218
 279  318     -0.258     -3.263     -8.282
 131   -2      4.909     -7.908      9.680
  -1   -2      9.099     -4.156     10.135
  -1   -2     -6.204     -6.403     -8.603
  51  187     -2.500     -9.567      7.180
 101  310     13.001     -9.357     -9.304
  -1  298      5.082     -3.559      9.603
 150   -2     -4.882     -2.399    -10.379
 276   -2     15.216     -2.119      2.479
 217   -2     17.795     -1.026      1.161
 274  144      9.327     -7.868      0.558
  43   -2      4.742     -6.122     -7.097
 134   61     -7.133     -8.579     -9.464
 224   24      2.583     -7.095      0.340
  -1   -2     15.808     -7.119      6.631
  -1  158     -8.631     -7.926     -5.920
 222  103      0.959     -5.696     -9.227
  -1   -2     -8.158     -5.207      9.648
  18  314      1.567     -6.871      7.979
  -1   33      0.421     -7.619      1.752
  -1   -2      4.381     -7.712     10.129
 282   -2     -9.006     -6.026     -6.665
 199  278      9.769     -8.125      5.588
 236   -2      6.420     -3.179      7.536
 204   -2     20.286     -6.326     -4.315
  32   93      0.785     -8.490      4.677
 266  371     11.772     -1.864      2.352
 301   -2     15.563     -0.489      3.432
 308  348      5.317     -2.700      5.614
  -1   -2     -6.278    -10.353     -3.831
  -1  215     15.639     -4.817     -1.805
  -1  116      2.051    -10.049     -3.615
  -1  155     -9.252     -9.325      0.265
  -1   -2     10.300     -8.663     -7.983
  -1   -2     -0.327     -2.814      5.905
  -1  261      2.598     -0.661      6.361
 307  296    -10.261     -3.223     -6.743
  -1   -2      2.978     -1.261      2.613
  -1  383     21.594     -8.366      9.255
 162   -2     12.653     -3.608      5.694
  -1  351    -12.110     -3.177     -6.327
 143  244     -7.083     -5.923      5.766
  -1   -2     20.798     -3.640      5.925
  -1  335     11.690     -5.565     -7.583
  -1  284     10.093     -3.376    -11.287
  -1  337    -11.273    -10.875      1.112
 190  345     -5.431     -5.023      3.184
  -1   -2     19.851    -10.539     -8.385
 295  259     14.506     -0.308      1.371
  -1  376     -9.699     -0.771     -8.018
  -1   -2     11.549     -3.422      7.340
  -1  247     19.247     -3.584     -7.745
  -1  392      7.059      0.300      3.730
  -1  330      0.302     -2.533     -0.295
  -1  386     22.232     -8.330      4.698
  -1  381      7.221     -3.541    -12.132
  -1  368     21.833     -1.117     11.496
 244   -2     18.142     -0.920     -4.576
  -1  334     18.417      0.631     -6.758
  -1  320     21.723     -1.588     -8.980
  -1  270      8.751      0.999      9.593
 245   -2      9.551     -0.443      7.552
  -1   -2     14.637     -2.815     -7.274
  -1  369     10.373      3.367      5.626
  -1   -2      8.517     -7.616      5.823
  94   -2     11.259     -6.919      7.189
  13  390      8.342     -6.024      3.648
  -1  101      2.279     -5.417     -2.348
   8   -2     -0.282     -8.382      1.426
 298  343      6.560     -0.773     -1.137
  -1   -2    -12.110     -3.177     -6.327
  -1   -2      2.060     -5.444     -2.896
  -1   -2    -12.110     -3.177     -6.327
  48   -2      2.298     -5.420     -2.306
