153
  -1   17      4.621     -9.767     -8.399
  -1   93      6.725     -8.313     -3.180
  -1   67      5.285     -9.197     -6.971
  -1   10      9.101     -6.363      4.420
  -1   78      6.683     -8.919      5.896
  -1   -2     11.971     -8.068      7.435
  46   29     10.876     -6.731      9.816
  -1   15      4.601     -6.842      3.586
  68   43      4.148     -7.974      2.220
  70   -2      5.260     -7.968      2.194
   6   11      3.962     -5.176      2.041
  78  160     11.813     -8.331     -8.812
  22   13      8.077     -8.888      3.639
  31   -2     12.074     -8.207     -8.797
   8    9      2.842     -7.763      3.374
  69   -2     12.708     -7.804     -8.801
  -1  139     11.339     -7.128      9.374
  -1    0     10.091     -9.710     -4.010
  -1    6      8.380     -7.687     -1.860
   1   64     10.076     -7.394      7.906
  28   -2     14.335     -8.300      1.081
 113  128      4.591     -6.848     -1.355
 104   30     13.315     -6.911      9.095
   3   -2      5.716     -5.844      5.324
  12   40     11.524     -9.830     -8.615
  66   61     15.813     -8.842     -5.630
  18   35      7.945     -7.365      2.803
  55   32      9.729     -9.285     -6.311
  67  133      1.511     -9.039     -2.466
  -1  107     10.391     -7.225      5.723
  98  180      9.737     -0.395      7.920
  20   46      4.919     -6.566      0.697
  -1   38      6.414     -6.867     -5.061
  -1  102     13.963     -7.895      0.974
  -1   96      5.875     -9.910      4.480
  -1   28      2.394     -9.528      0.725
  -1   83     14.861     -9.421     -6.191
  -1   -2      7.157    -10.295      2.465
  42    4      5.861     -9.274      1.229
  -1   71      5.379     -8.888      0.854
  -1   52     -5.986     -4.182      9.511
  21  149     10.648     -3.269      9.391
  14   -2     11.022     -7.592      4.431
  -1   -2     -0.225     -8.314      3.143
  -1   -2      3.395     -7.703      8.476
  -1  101     17.980     -9.393      1.568
  32   95      7.088     -7.971     -8.066
  37   62      7.029     -3.815      2.221
  -1   -2      7.205     -9.591      2.533
  -1   68      6.621    -10.179      3.189
  -1   53     19.560     -6.455     -5.190
  27   -2      7.169     -9.154      9.364
  -1  114     10.172     -2.682      5.916
  -1   44      1.665     -8.808     -7.838
  -1   -2     12.802     -7.417     10.660
  51  118    -11.078    -10.349     -4.088
  -1  122     15.891     -5.684      2.690
  -1   27      7.164     -9.771      0.821
  -1    2      6.638     -8.407     -5.141
  -1   -2      7.225     -9.763      4.077
  53  109      8.851     -7.539     -4.247
  -1   -2     -4.853     -6.245    -10.614
  -1   87     -1.233     -9.909     -9.668
 109  115     12.808     -9.148      3.685
  41  125     -0.240     -7.423      0.432
  -1   89     -0.260     -5.616     -2.382
  86   33      9.502     -5.338      5.517
  58   -2      5.911     -6.969      5.066
  57   -2     -2.312     -9.914      5.076
  -1   41     11.712     -9.642    -10.106
  -1  108     -2.046     -9.799     -4.009
 108  148     11.800     -1.703      1.898
  65   56     10.427     -3.314      5.270
  17  154      7.816     -8.788     -3.694
   5    5      3.582     -9.198     -5.830
  -1   -2      5.163     -6.752      3.320
  -1   92      2.623      2.479      8.072
  -1   -2      7.201     -9.998      4.229
  -1   -2      8.495     -7.660      4.494
  -1   -2      5.388     -7.624      0.609
  11   -2     -3.085    -10.430     -0.226
  39   -2      8.821     -9.289      6.959
  -1   54      9.304     -8.230     -1.395
  15   72     -4.802    -10.240     -0.045
  -1   20      9.131     -8.530      0.549
  73  113      4.541     -6.322      2.239
  -1   -2      7.247     -9.043      4.455
  10   -2      1.958     -9.426      0.685
  62   23     12.088     -5.497      3.574
  93   -2     11.305      1.025      3.224
  -1   58     -1.265     -9.389     -6.554
  -1   -2     10.980     -8.535      1.445
  25   -2     18.470     -7.732      0.427
  -1   -2     12.121     -8.236      7.272
  74  106     -5.699     -9.608     -5.433
   9  158      1.688     -9.182     -6.892
   2   24     14.907     -9.501     -8.168
  29   12      2.882     -6.732      4.322
  64   80     -0.841     -6.008      5.693
  -1   84      6.972     -5.211      9.967
 118   -2     -7.469    -10.553      1.384
  -1  132      0.054     -6.476     -3.621
  -1  129      9.761     -6.840     -2.772
  75   97      0.915     -8.032      1.092
  -1   -2      4.422     -8.878      4.022
  -1   -2      4.371     -5.245     -0.831
   0   74      6.657     -9.033      1.443
  47  120      6.909    -10.323      1.446
 102   -2     19.293     -1.974     -4.488
  -1  147      6.580     -4.042      7.206
  81   -2     -4.535    -10.013     -7.725
  23   34     10.033     -6.951     -0.530
  83   -2     13.765     -3.755      9.884
  16   55      5.750     -9.974     -2.873
  82  127     -4.626     -8.056      8.429
  19  124     -2.211     -8.374     -1.145
  -1   -2     10.813     -3.148     -6.797
  -1  182     14.058      3.085     -3.606
  -1  155     11.146      1.692      1.410
  -1   -2     19.917     -7.884     -4.071
  -1   18     11.199     -5.884      4.069
  44    1     16.845     -9.156      0.152
  -1   -2      4.395     -2.260      1.723
  91  168    -10.105     -4.932     -2.242
  85   -2     -4.837     -6.277     -6.335
  -1   -2     -7.076     -5.922      5.781
  92  166     16.836      1.241      0.340
  -1   42     11.658     -2.322      5.034
  84  183     15.278    -10.961    -10.060
  -1   -2     18.966     -4.229     -5.499
 107   -2    -10.972     -5.531     -7.209
  -1  179     -4.519     -5.164      5.275
  76   81     -7.691     -8.298      0.102
  -1   -2     12.510     -7.752    -11.525
  -1   -2      4.785     -1.510     -3.128
  54  151      9.791     -8.674    -10.250
  -1  156     -9.700     -0.771     -8.018
  96   -2      9.801     -2.087     -5.138
  48   -2     -7.859     -6.614     -2.147
  88  111     -7.933     -7.436      3.720
  -1   -2     -0.274     -3.658    -10.127
  -1   45     -3.843    -10.180      6.236
  -1   -2      5.016     -0.853     -3.125
  -1   47      9.049    -10.839      3.970
 106   -2     13.578     -4.078      5.539
 105   -2     -3.745     -7.209      3.758
  -1   -2     -3.393     -5.388     -8.911
 111   -2     -8.528    -10.723     -3.257
  -1   -2     12.095     -0.519      5.748
  61  134     12.003     -3.878      3.341
  26   -2     -6.003     -4.189      9.403
  59   -2      2.485      2.496      8.457
 110  138     10.813     -3.148     -6.797
