103
  11   16      9.117     -8.556      3.165
  41   91      8.980     -7.551      9.650
  27   17      9.829     -7.593      9.827
   2    6      4.748     -5.585      3.966
  -1    8      7.686     -8.895     -3.048
  -1   -2     -3.932     -8.763    -10.513
  32   76     11.945     -3.539      1.226
  16   -2      7.481     -7.855     -0.981
   3   27     11.179     -7.132     10.352
  44   25      8.270     -5.980      6.294
  42    2      4.495     -9.127     -1.380
  10    0      5.365     -6.505      0.190
  -1  104    -11.058    -10.388      3.716
   9  102     -3.603     -3.881      9.906
  35   23     -0.737    -10.583      5.367
  -1    9      5.875     -7.639      0.956
  -1   -2      8.081     -9.103      3.208
  -1   -2      5.396     -8.373     -0.149
  -1   -2     -4.884    -10.726     -1.701
  -1   21      5.596     -6.804      1.923
   0   -2      8.342     -8.631     -2.191
  72   -2      9.016     -9.163      8.060
  -1   59     -0.656    -10.817     -3.869
  -1   36      4.768     -9.659     -3.798
  -1    4     -6.044    -10.750     -8.640
  -1   78     20.181     -8.587     -3.335
  20   -2      6.853     -5.835      3.907
  69   81     11.806     -8.019     -3.640
  24   -2     -3.826     -8.460     -4.942
  36   56      0.217     -9.661     -0.120
   7   -2     -0.294    -10.763      3.983
  18   54      9.807     -8.321     -7.240
  -1   43      9.982      1.274      6.546
  -1   30     16.519     -8.755      3.176
  39   50      7.656     -6.197      0.114
  -1   34      8.467     -9.561      1.125
  -1    1      8.544     -7.292      9.718
  78   95     -0.885     -5.382      4.847
   4   18      5.199     -9.632     -1.372
  33  103      4.116      4.270      8.646
  -1   29     10.426     -9.007      9.568
  56   65     18.416     -8.608     -7.351
  57   -2     12.080     -5.495      3.569
  70   55     -9.561     -9.209     -3.439
  -1   28     11.285     -3.200     -5.228
  74   42     10.959     -1.838      4.361
  38   19      4.554     -8.292    -10.382
  30   53      2.521    -10.666     -7.308
  -1   10     -0.135     -9.522     -9.497
  -1   -2      7.124     -7.042    -10.420
  19   64      8.247     -9.447      3.199
  13   11      1.239    -10.061      0.314
  68   -2     10.471     -1.150      2.270
  46   49      7.453     -9.056      9.518
  -1   61    -11.121    -10.291      1.569
  43   -2      9.340     -8.576      9.607
  -1   -2     -3.843     -9.908     -5.941
  52   -2     -1.575    -11.051      0.401
  14   32      0.240     -9.720      6.804
  -1   40     -0.258    -11.118      0.991
  -1   75     -1.897     -6.343      8.862
  85   66     -4.705     -8.555      5.311
  61   93     15.611     -7.191      7.390
  -1   39     12.760     -7.736      8.825
  54   -2    -14.919    -10.361      5.306
  -1   -2    -15.805    -10.476      5.682
  60    3     12.595     -7.373      9.821
  -1   44     14.829     -7.898      8.870
  55   -2     -7.239     -4.015     -4.077
  81   -2     14.017     -8.176      9.667
  65   -2    -10.501     -8.044     -2.513
  58  100     -7.352     -4.710     -1.404
  45   -2      4.712     -4.988     -0.588
  -1   -2     -5.704    -10.705      5.670
  -1   62     14.456     -2.995     10.670
  -1   90     -4.896     -6.916     11.399
  -1   -2     16.513     -7.397      3.413
  34   98     13.117     -5.150      4.914
  48   92     13.433     -0.241      8.705
  -1   -2    -14.042     -8.847     -2.882
  -1   79     -9.819    -10.863     -1.472
  31   -2     -7.586    -12.628     -9.816
  63   -2     -7.875     -4.723      0.944
  73   -2     21.308     -5.824     -9.357
  76   68      8.880     -4.519      9.083
  -1   -2     16.516     -8.275      5.920
  -1   82      6.995     -9.819     10.658
  88   -2     -9.700     -0.771     -8.022
  -1   -2    -10.033    -10.872      6.119
  62   -2     -8.440     -5.850     -5.000
  86   22      7.319     -3.379      8.718
  83   69    -13.400    -10.560      4.802
  -1   58      2.542     -3.830     -5.295
  21   87     -6.065     -6.310      8.020
  79   97     -7.138     -6.533     -4.651
  -1   -2      0.399     -3.076     11.799
  -1   70    -11.515     -3.161     -4.943
  -1   37     -6.460     -7.027    -11.979
  66   31      5.557     -3.541      4.347
  -1   -2     13.038     -6.486      8.601
  -1   99      1.858     -1.922      5.891
  91   -2    -11.034    -10.384      3.632
  17   -2    -11.768    -10.162      3.891
