340
  37    0      9.729     -7.900      1.447
  -1   -2     16.662     -8.312      4.232
  42    2      2.695     -9.458      9.514
  -1   24     -2.404    -10.603     -0.127
  -1   -2      9.171     -6.345      3.881
  16   -2     11.642     -8.226     -4.375
  -1    4     16.374     -4.573     -9.638
  -1    8     13.206     -3.831      4.304
 102   -2     17.351     -5.963     -0.654
  -1   -2     -4.457     -6.942      6.462
  -1   18     20.768    -10.125     -5.665
  87  102      6.667     -9.085      8.295
  -1   11      4.706     -7.728      4.367
  90   -2     12.100     -5.523      3.546
  14   13     14.609      0.499     -5.059
  28   -2     14.622     -5.017     -5.897
  -1   44     19.442     -6.420     -4.859
  17   16     10.984     -2.662      3.912
   3   43     -4.455     -9.851     -3.957
  33   -2     19.454    -11.161     -2.485
  15   -2      6.981     -5.302      5.871
   9   76     14.132     -7.186      7.821
  -1   19      4.307     -5.503      8.232
  20   21     -0.543     -8.770     -7.048
  24   -2     18.058     -9.869     -4.201
  26   29      4.661    -10.165      1.472
  21   25      7.981     -5.851      9.693
   2   -2      4.423     -7.590     10.298
  18   22     13.964      1.388     -3.346
  84   32     17.987    -10.024     -2.495
  -1  144     12.317     -9.469     10.495
  46   -2      5.200     -6.085      3.801
  -1   30     12.548     -3.847     -4.927
  89   35     -5.795     -6.900    -10.220
  32   26     -0.106     -3.695     -9.635
  -1   -2     -1.163     -8.563      3.814
 100   42      2.956     -8.843      5.048
   5   -2      9.157     -7.489      2.753
  -1   91      3.394    -10.541      6.943
  95   41    -11.553     -9.724     -7.929
  13    9     18.557     -6.171     -2.920
  55   99      2.029    -10.186      9.010
  94   -2     -6.324     -9.127     -8.111
  43   47      6.451     -7.356      9.576
  31   95     -0.314     -6.855      5.284
 103   53     14.865    -10.014     -7.205
   6   -2     10.960     -8.064     -1.089
  48   93      4.206     -8.287      8.235
  40    3     -6.950     -9.943     -4.063
  49   51     14.576     -4.275      7.781
  50   -2     15.806     -3.868     -9.086
  -1   -2      9.261     -9.825      9.428
  -1   48     17.102     -9.599      2.996
  -1   -2      2.371    -10.828     -0.361
  -1   -2     -4.012     -7.509    -10.440
  -1   -2     -9.507     -0.709     -7.585
  -1   -2     13.633      1.937     -6.217
  -1   -2     10.806     -3.146     -6.811
  -1   -2      8.959      0.880     -9.746
  -1  299      3.468     -1.159      1.208
 185  310     12.333     -0.399     -6.671
  -1   -2     13.029     -8.917      9.982
  -1   -2     19.732      2.432     -2.585
  -1   66      8.429     -2.491     10.295
  -1   78    -11.437    -10.722     -1.579
  -1   -2      4.519      1.486      1.250
  -1   -2      7.465     -3.238      8.369
  66   69     17.578      3.846    -12.345
  68   75     -1.834      1.234     -8.137
  70  117     -7.080     -5.923      5.771
  72  100    -10.073    -10.557     -5.011
  56   23     20.043     -2.506     -4.345
  -1   -2     12.017    -10.307      7.593
  74   31     14.750     -9.103      1.435
  73   80     21.444     -1.457    -10.205
  -1   -2     -4.008     -5.127      2.141
  44   -2     15.430     -7.975      7.966
  76   -2      9.395     -7.139      7.673
  79   84     13.529      4.274     -5.975
  -1   83     -4.513     -5.165      5.268
 113   14     16.921     -1.424     -3.699
  -1   -2     17.895     -8.209      5.289
  83   85      6.061     -2.412     -3.165
  78   62     18.735     -8.177      2.073
  -1   86     19.815     -7.957     -4.408
  -1   -2     11.495    -10.532     -1.859
  86   88     10.744     -6.557      0.424
  -1   60     18.735      1.428     -6.103
   1   79     13.929     -8.051      6.975
  -1   12      4.536     -9.705      9.716
  85   -2     -2.536     -0.959    -11.426
 101   45     -5.390    -10.795     -1.720
  99   98      8.008     -3.501     -3.493
  98   40      0.882     -9.777      8.464
 119   -2      0.862     -4.221      8.529
 107   -2     -8.420     -4.500     -8.474
  96   97      9.358      0.288      9.934
  -1  153     -0.699     -8.133      7.113
  -1   -2     -7.029    -11.683     -5.641
  -1   49      9.570     -9.315     11.220
  -1   -2     17.906     -6.204     -6.701
  93   -2      9.068     -9.345      5.752
  -1   39      9.171     -6.345      3.881
   4   -2     16.265     -4.548     -9.462
  -1   -2     -4.457     -6.942      6.462
  -1   -2     19.364     -6.438     -4.686
  -1   -2     10.806     -3.146     -6.811
  -1   -2      2.371    -10.828     -0.362
  -1   -2     13.633      1.937     -6.217
  -1   -2     -9.507     -0.709     -7.585
  -1   -2      8.959      0.880     -9.746
  -1   -2      3.468     -1.159      1.208
  -1   -2     13.029     -8.917      9.982
  -1   89     19.732      2.432     -2.585
  -1   -2     12.333     -0.399     -6.671
  -1   -2      4.519      1.486      1.250
  -1   -2      7.465     -3.238      8.369
  -1   -2    -11.437    -10.722     -1.579
 161  162     -4.008     -5.127      2.141
  -1   -2     12.017    -10.307      7.593
  -1   -2     11.495    -10.532     -1.859
  -1  138     -1.389     -8.567      3.218
  -1   -2      9.171     -6.345      3.881
  -1   -2     -4.457     -6.942      6.462
  -1   -2      2.371    -10.828     -0.362
  -1   -2     10.806     -3.146     -6.811
  -1   -2     -9.507     -0.709     -7.585
  -1   -2     13.633      1.937     -6.217
  -1   -2      3.468     -1.159      1.208
  57  131      8.959      0.880     -9.746
  30   27     13.029     -8.917      9.982
  -1   -2     19.732      2.432     -2.585
  -1   -2      4.519      1.486      1.250
  -1   -2      7.465     -3.238      8.369
  -1   -2     12.017    -10.307      7.593
  -1   -2     11.495    -10.532     -1.859
 138   -2    -11.437    -10.722     -1.579
  -1   -2      9.171     -6.345      3.881
  -1   -2     -4.457     -6.942      6.462
 123   -2     -1.389     -8.567      3.218
  -1   -2      2.371    -10.828     -0.362
  -1   -2     -9.507     -0.709     -7.585
  -1   -2     10.806     -3.146     -6.811
  -1   -2     13.633      1.937     -6.217
  -1   -2      3.468     -1.159      1.208
  -1   -2     19.732      2.432     -2.585
  -1   -2      7.465     -3.238      8.369
  -1   -2      4.519      1.486      1.250
  75  163     12.017    -10.307      7.593
  -1   -2     11.495    -10.532     -1.859
  -1   -2      9.171     -6.345      3.881
 105  104     -4.457     -6.942      6.462
  -1   -2     10.806     -3.146     -6.811
  -1   -2     -9.507     -0.709     -7.585
  -1   -2      2.371    -10.828     -0.362
  -1   -2     13.633      1.937     -6.217
  -1   -2      3.468     -1.159      1.208
  -1   -2     19.732      2.432     -2.585
  -1   -2      4.519      1.486      1.250
  -1   -2      7.465     -3.238      8.369
  -1   -2     11.495    -10.532     -1.859
  -1   -2      9.171     -6.345      3.881
  -1   -2     10.806     -3.146     -6.811
  -1   -2     -9.507     -0.709     -7.585
  53  169      2.371    -10.828     -0.362
  -1   -2     13.633      1.937     -6.217
  -1   -2      3.468     -1.159      1.208
  -1   -2     19.732      2.432     -2.585
  -1   -2      4.519      1.486      1.250
  -1   -2      7.465     -3.238      8.369
  -1   -2     11.495    -10.532     -1.859
  -1   -2      9.171     -6.345      3.881
  -1   -2     10.806     -3.146     -6.811
  -1   -2     13.633      1.937     -6.217
  -1   -2     -9.507     -0.709     -7.585
  -1   -2      3.468     -1.159      1.208
  -1   -2     19.732      2.432     -2.585
  -1   -2      4.519      1.486      1.250
  -1   -2      7.465     -3.238      8.369
  -1   -2     11.495    -10.532     -1.859
  -1   -2      9.171     -6.345      3.881
  -1   -2     10.806     -3.146     -6.811
  -1   -2     -9.507     -0.709     -7.585
  -1   -2     13.633      1.937     -6.217
  -1   -2      3.468     -1.159      1.208
  -1   -2     19.732      2.432     -2.585
  -1   -2      7.465     -3.238      8.369
  -1   -2      4.519      1.486      1.250
  64   38     11.495    -10.532     -1.859
  -1   -2      9.171     -6.345      3.881
 108   57     10.806     -3.146     -6.811
  -1   -2     13.633      1.937     -6.217
  -1   -2     -9.507     -0.709     -7.585
  -1   -2      3.468     -1.159      1.208
  -1   -2     19.732      2.432     -2.585
  -1   -2      4.519      1.486      1.250
  -1   -2      7.465     -3.238      8.369
  -1   -2      9.171     -6.345      3.881
  -1   -2     -9.507     -0.709     -7.585
  -1   -2     13.633      1.937     -6.217
  -1   -2      3.468     -1.159      1.208
  -1   -2     19.732      2.432     -2.585
  -1   -2      4.519      1.486      1.250
  -1   -2      7.465     -3.238      8.369
  -1   -2      9.171     -6.345      3.881
  -1   -2     -9.507     -0.709     -7.585
  -1   -2     13.633      1.937     -6.217
  -1   -2      3.468     -1.159      1.208
  -1   -2     19.732      2.432     -2.585
  -1   -2      4.519      1.486      1.250
  -1   -2      7.465     -3.238      8.369
  -1   -2      9.171     -6.345      3.881
  -1   -2     -9.507     -0.709     -7.585
  -1   -2     13.633      1.937     -6.217
  -1   -2      3.468     -1.159      1.208
  -1   -2     19.732      2.432     -2.585
  -1   -2      4.519      1.486      1.250
  -1   -2      7.465     -3.238      8.369
  -1   -2      9.171     -6.345      3.881
  -1   -2     -9.507     -0.709     -7.585
  -1   -2     13.633      1.937     -6.217
  -1   -2      3.468     -1.159      1.208
  -1   -2     19.732      2.432     -2.585
  -1   -2      4.519      1.486      1.250
  -1   -2      7.465     -3.238      8.369
  -1   -2      9.171     -6.345      3.881
  -1   -2     -9.507     -0.709     -7.585
  -1   -2     13.633      1.937     -6.217
  -1   -2      3.468     -1.159      1.208
  -1   -2     19.732      2.432     -2.585
  -1   -2      7.465     -3.238      8.369
  63  228      4.519      1.486      1.250
  -1   -2      9.171     -6.345      3.881
  -1   -2     -9.507     -0.709     -7.585
  -1   -2     13.633      1.937     -6.217
  -1   -2      3.468     -1.159      1.208
  -1   -2     19.732      2.432     -2.585
  -1   -2      7.465     -3.238      8.369
  -1   -2      9.171     -6.345      3.881
  -1   -2     13.633      1.937     -6.217
  -1   -2     -9.507     -0.709     -7.585
  -1   -2      3.468     -1.159      1.208
  -1   -2     19.732      2.432     -2.585
  -1   -2      7.465     -3.238      8.369
  -1   -2      9.171     -6.345      3.881
  -1   -2     -9.507     -0.709     -7.585
  -1   -2     13.633      1.937     -6.217
  -1   -2      3.468     -1.159      1.208
  -1   -2     19.732      2.432     -2.585
  -1   -2      7.465     -3.238      8.369
  -1   -2      9.171     -6.345      3.881
  -1   -2     -9.507     -0.709     -7.585
  -1   -2     13.633      1.937     -6.217
  -1   -2      3.468     -1.159      1.208
  -1   -2     19.732      2.432     -2.585
  -1   -2      7.465     -3.238      8.369
  -1   -2      9.171     -6.345      3.881
  -1   -2     -9.507     -0.709     -7.585
  -1   -2     13.633      1.937     -6.217
  -1   -2      3.468     -1.159      1.208
  -1   -2     19.732      2.432     -2.585
  -1   -2      7.465     -3.238      8.369
  -1   -2      9.171     -6.345      3.881
  -1   -2     -9.507     -0.709     -7.585
  -1   -2     13.633      1.937     -6.217
  -1   -2      3.468     -1.159      1.208
  -1   -2     19.732      2.432     -2.585
  -1   -2      7.465     -3.238      8.369
  -1   -2      9.171     -6.345      3.881
  -1   -2     13.633      1.937     -6.217
  -1   -2     -9.507     -0.709     -7.585
  -1   -2      3.468     -1.159      1.208
  -1   -2     19.732      2.432     -2.585
  -1   -2      7.465     -3.238      8.369
  -1   -2      9.171     -6.345      3.881
  -1   -2     -9.507     -0.709     -7.585
  -1   -2     13.633      1.937     -6.217
  -1   -2      3.468     -1.159      1.208
  -1   -2     19.732      2.432     -2.585
  -1   -2      7.465     -3.238      8.369
  -1   -2      9.171     -6.345      3.881
  -1   -2     -9.507     -0.709     -7.585
  -1   -2     13.633      1.937     -6.217
  -1   -2      3.468     -1.159      1.208
  -1   -2     19.732      2.432     -2.585
  -1   -2      7.465     -3.238      8.369
  -1   -2      9.171     -6.345      3.881
  -1   -2     -9.507     -0.709     -7.585
  -1   -2     13.633      1.937     -6.217
  -1   -2      3.468     -1.159      1.208
  -1   -2     19.732      2.432     -2.585
  -1   -2      7.465     -3.238      8.369
  -1   -2      9.171     -6.345      3.881
 286  297     -9.507     -0.709     -7.585
  61   -2     13.633      1.937     -6.217
  -1   -2     19.732      2.432     -2.585
  -1   -2      7.465     -3.238      8.369
  -1   -2      9.171     -6.345      3.881
  -1   -2     19.732      2.432     -2.585
  -1   -2      7.465     -3.238      8.369
  -1   -2      9.171     -6.345      3.881
  -1   -2     19.732      2.432     -2.585
  -1   -2      7.465     -3.238      8.369
  -1   -2      9.171     -6.345      3.881
  -1   -2     19.732      2.432     -2.585
  -1   -2      7.465     -3.238      8.369
  -1   -2      9.171     -6.345      3.881
  -1   -2     19.732      2.432     -2.585
  -1   -2      7.465     -3.238      8.369
  -1   -2      9.171     -6.345      3.881
  -1   -2     19.732      2.432     -2.585
  59   17      7.465     -3.238      8.369
  -1   -2      9.171     -6.345      3.881
  -1   -2     19.732      2.432     -2.585
  -1   -2      9.171     -6.345      3.881
  -1   -2     19.732      2.432     -2.585
  -1   -2      9.171     -6.345      3.881
  -1   -2     19.732      2.432     -2.585
  -1   -2      9.171     -6.345      3.881
  -1   -2     19.732      2.432     -2.585
  -1   -2      9.171     -6.345      3.881
  -1   -2     19.732      2.432     -2.585
  -1   -2     19.732      2.432     -2.585
  -1   -2      9.171     -6.345      3.881
  -1   -2     19.732      2.432     -2.585
  -1   -2      9.171     -6.345      3.881
  -1   -2     19.732      2.432     -2.585
  -1   -2      9.171     -6.345      3.881
  -1   -2     19.732      2.432     -2.585
  -1   -2      9.171     -6.345      3.881
  -1   -2     19.732      2.432     -2.585
  -1   -2     19.732      2.432     -2.585
  -1   -2     19.732      2.432     -2.585
  -1   -2     19.732      2.432     -2.585
  -1   -2     19.732      2.432     -2.585
  -1   -2     19.732      2.432     -2.585
  -1   -2     19.732      2.432     -2.585
  -1   -2     19.732      2.432     -2.585
  -1   -2     19.732      2.432     -2.585
 336   90     19.732      2.432     -2.585
