278
  -1   -2     -5.454    -10.037     -2.769
   0    0     -4.451     -7.345     -0.940
  33    3      9.750     -7.894      1.413
  -1   -2      9.170     -6.346      3.882
   6   10     11.639     -8.226     -4.371
  -1   -2     -4.460     -6.943      6.473
  -1   -2     16.373     -4.573     -9.635
   7   14     13.206     -3.832      4.306
   8   -2     17.354     -5.964     -0.658
  25   21     12.046     -0.049      1.351
  -1   -2     12.100     -5.523      3.547
  10   16      4.702     -7.726      4.348
  11   15      6.663     -9.084      8.301
  18   11     10.977     -2.663      3.932
 126    1      2.338    -10.788      4.329
  -1  153     19.445     -6.422     -4.863
  78   -2     14.620     -5.017     -5.913
  46    6     -1.959     -9.218      2.733
  17   -2      6.984     -5.302      5.883
  21   23     14.130     -7.186      7.827
  -1   34     13.973      1.383     -3.373
  26  271      4.312     -5.504      8.244
  -1   -2      9.599      1.305      7.502
  50   28     -0.540     -8.768     -7.036
  -1   27     18.057     -9.868     -4.197
  23   24      7.981     -5.850      9.688
  -1   45      4.424     -7.589     10.293
  28   61     20.049    -10.454     -6.954
  29   -2     12.544     -3.848     -4.915
  -1   39     -5.785     -6.904    -10.184
  45   36     -4.369     -9.322     -1.523
  -1   -2     -0.109     -3.695     -9.635
  38   -2    -11.469     -9.928    -10.211
   5   38      9.154     -7.489      2.759
  36   -2      8.950    -10.196      5.979
   4   42     -6.323     -9.128     -8.111
  -1   -2     18.255     -9.186     -3.342
 146   12     18.559     -6.164     -2.920
  60   75     -9.158     -9.983     -3.694
  39   -2      6.449     -7.356      9.569
  95   -2      3.019     -8.840      4.861
 110   51      9.199     -9.315      5.945
  63   43     -9.527     -9.185     -3.214
  -1   37      4.760     -6.205      2.505
  -1   -2     16.872     -8.269      3.920
  -1    4     -1.434    -10.863     -5.748
  24   -2     -0.318     -6.856      5.270
  -1   -2     15.802     -3.872     -9.113
  68  125     -1.886    -10.250      1.700
  35   -2     14.861    -10.014     -7.201
  -1  100     -2.220     -8.765     -8.822
  51   52     14.577     -4.274      7.778
  48    5      2.028    -10.188      9.012
  20   60      2.605    -10.679     -0.090
  -1   46      4.694     -7.388     10.048
  53   87      2.933     -9.404     10.149
  -1   -2     10.833     -3.152     -6.741
  -1   30     15.289     -9.212      3.344
  -1  254     13.636      1.938     -6.229
  77   59     17.408     -1.515     -1.873
  -1   -2     -9.507     -0.709     -7.589
  -1   -2      3.469     -1.160      1.209
  -1   -2     12.334     -0.400     -6.671
  -1   -2     19.733      2.433     -2.585
  62   49     11.432     -8.715      4.817
  -1   -2      4.521      1.485      1.258
  -1   -2      7.465     -3.236      8.367
  66   74     -1.832      1.233     -8.140
  76   33      1.997     -0.855     -9.132
  93   71     17.568      3.843    -12.317
  -1   41    -10.077    -10.557     -4.995
  -1   -2     18.050    -10.019     -2.848
  94   -2     -4.012     -5.128      2.147
  72   76      9.395     -7.138      7.672
  71   77     21.456     -1.457    -10.231
  74   79     13.529      4.275     -5.977
  32   -2     -6.748     -7.482    -10.279
  -1   -2     -0.755     -2.748      5.789
  -1   81     -4.514     -5.165      5.269
  -1   -2     11.506    -10.535     -1.881
  -1   94      6.062     -2.410     -3.162
  84   -2     -2.536     -0.959    -11.408
  61   96     18.734      1.427     -6.122
  80   85     19.813     -7.959     -4.411
  -1   -2     10.744     -6.557      0.427
  87   25     17.235     -1.085     -2.484
  -1   92      6.971     -4.265     -2.291
  -1   -2     -8.111    -11.006    -10.051
 112   22      0.866     -4.228      8.517
  86   93      9.362      0.285      9.943
  89   -2      7.994     -3.501     -3.541
  -1   68     14.656     -8.119      9.454
  91   97    -11.465     -5.565     -5.324
  96   -2     -8.417     -4.495     -8.482
  -1   -2     17.918     -6.204     -6.720
  -1   -2     12.923    -10.095    -11.039
  98    2     -5.413    -10.003     -2.631
   2  101     -4.463     -6.943      6.394
  -1   -2      9.170     -6.346      3.882
  -1   -2     13.753      1.394     -2.832
  -1   -2     10.833     -3.152     -6.741
  -1   -2     -9.507     -0.709     -7.589
  -1   -2     13.636      1.938     -6.229
  -1   -2      3.469     -1.160      1.209
  56   13     12.334     -0.400     -6.671
  -1   -2     19.733      2.433     -2.585
  -1   -2      7.465     -3.236      8.367
  -1  166      4.521      1.485      1.258
  -1   47     -0.755     -2.748      5.789
 127  135     11.506    -10.535     -1.881
  -1   -2     16.267     -4.548     -9.465
  -1   -2      9.170     -6.346      3.882
  -1   -2     19.465     -6.405     -5.010
 103   35     10.833     -3.152     -6.741
  -1   -2     13.636      1.938     -6.229
  -1   -2     -9.507     -0.709     -7.589
  -1   -2      3.469     -1.160      1.209
  -1   -2     19.733      2.433     -2.585
  -1   -2      4.521      1.485      1.258
  -1   -2      7.465     -3.236      8.367
  -1   -2     -0.755     -2.748      5.789
  79   -2     11.506    -10.535     -1.881
  -1   -2      9.170     -6.346      3.882
  -1   -2     16.267     -4.548     -9.465
  -1   -2     -9.507     -0.709     -7.589
  -1   -2     13.636      1.938     -6.229
  -1   -2      3.469     -1.160      1.209
  -1   -2     19.733      2.433     -2.585
  -1   -2      4.521      1.485      1.258
  -1   -2      7.465     -3.236      8.367
  70  123     -0.755     -2.748      5.789
  -1   -2      9.170     -6.346      3.882
 100  102     16.267     -4.548     -9.465
  -1   -2     -9.507     -0.709     -7.589
  -1   -2     13.636      1.938     -6.229
 118  156     15.289     -9.212      3.344
  -1   -2      3.469     -1.160      1.209
  -1   -2     19.733      2.433     -2.585
  -1   -2      4.521      1.485      1.258
  -1   -2      7.465     -3.236      8.367
  -1   -2      9.170     -6.346      3.882
  -1   -2     -9.507     -0.709     -7.589
  -1   -2     13.636      1.938     -6.229
  -1   -2      3.469     -1.160      1.209
  -1   -2     19.733      2.433     -2.585
  -1   -2      4.521      1.485      1.258
  -1   -2      7.465     -3.236      8.367
  -1   -2      9.170     -6.346      3.882
  -1   -2     19.465     -6.405     -5.010
  -1   -2     -9.507     -0.709     -7.589
  -1   -2     13.636      1.938     -6.229
  -1   -2      3.469     -1.160      1.209
  -1   -2     19.733      2.433     -2.585
  -1   -2      4.521      1.485      1.258
  -1   -2      7.465     -3.236      8.367
  -1   -2      9.170     -6.346      3.882
  -1   -2     -9.507     -0.709     -7.589
  -1   -2     13.636      1.938     -6.229
  -1   -2      3.469     -1.160      1.209
  -1   -2     19.733      2.433     -2.585
  -1   -2      7.465     -3.236      8.367
  -1   -2      4.521      1.485      1.258
  -1   -2      9.170     -6.346      3.882
  -1   -2     -9.507     -0.709     -7.589
  -1   -2     13.636      1.938     -6.229
  -1   -2      3.469     -1.160      1.209
  -1   -2     19.733      2.433     -2.585
  -1   -2      7.465     -3.236      8.367
  -1   -2      9.170     -6.346      3.882
  -1   -2     13.636      1.938     -6.229
  -1   -2     -9.507     -0.709     -7.589
  -1   -2      3.469     -1.160      1.209
  -1   -2     19.733      2.433     -2.585
  -1   -2      7.465     -3.236      8.367
  -1   -2      9.170     -6.346      3.882
  -1   -2     -9.507     -0.709     -7.589
  -1   -2     13.636      1.938     -6.229
  -1   -2      3.469     -1.160      1.209
  -1   -2     19.733      2.433     -2.585
  -1   -2      7.465     -3.236      8.367
  -1   -2      9.170     -6.346      3.882
  -1   -2     -9.507     -0.709     -7.589
  -1   -2     13.636      1.938     -6.229
  -1   -2      3.469     -1.160      1.209
  -1   -2     19.733      2.433     -2.585
  -1   -2      7.465     -3.236      8.367
  -1   -2      9.170     -6.346      3.882
  -1   -2     -9.507     -0.709     -7.589
  -1   -2     13.636      1.938     -6.229
  -1   -2      3.469     -1.160      1.209
  -1   -2     19.733      2.433     -2.585
  -1   -2      7.465     -3.236      8.367
  -1   -2      9.170     -6.346      3.882
  -1   -2     -9.507     -0.709     -7.589
  -1   -2     13.636      1.938     -6.229
  -1   -2      3.469     -1.160      1.209
  -1   -2     19.733      2.433     -2.585
  -1   -2      7.465     -3.236      8.367
  -1   -2      9.170     -6.346      3.882
  -1   -2     13.636      1.938     -6.229
  -1   -2     -9.507     -0.709     -7.589
  -1   -2      3.469     -1.160      1.209
  -1   -2     19.733      2.433     -2.585
  -1   -2      7.465     -3.236      8.367
  -1   -2      9.170     -6.346      3.882
  -1   -2     -9.507     -0.709     -7.589
  -1   -2     13.636      1.938     -6.229
  -1   -2      3.469     -1.160      1.209
  -1   -2     19.733      2.433     -2.585
  -1   -2      7.465     -3.236      8.367
  -1   -2      9.170     -6.346      3.882
  -1   -2     -9.507     -0.709     -7.589
  -1   -2     13.636      1.938     -6.229
  -1   -2      3.469     -1.160      1.209
  -1   -2     19.733      2.433     -2.585
  -1   -2      7.465     -3.236      8.367
  -1   -2      9.170     -6.346      3.882
  -1   -2     -9.507     -0.709     -7.589
  -1   -2     13.636      1.938     -6.229
  -1   -2      3.469     -1.160      1.209
  -1   -2     19.733      2.433     -2.585
  -1   -2      7.465     -3.236      8.367
  -1   -2      9.170     -6.346      3.882
  54  229     -9.507     -0.709     -7.589
  -1   -2     13.636      1.938     -6.229
  -1   -2      3.469     -1.160      1.209
  -1   -2     19.733      2.433     -2.585
  -1   -2      7.465     -3.236      8.367
  -1   -2      9.170     -6.346      3.882
 106   -2     13.636      1.938     -6.229
  57  231      3.469     -1.160      1.209
  -1   -2     19.733      2.433     -2.585
  -1   -2      7.465     -3.236      8.367
  -1   -2      9.170     -6.346      3.882
  -1   -2     19.733      2.433     -2.585
  -1   -2      7.465     -3.236      8.367
  -1   -2      9.170     -6.346      3.882
  -1   -2     19.733      2.433     -2.585
  -1   -2      7.465     -3.236      8.367
  -1   -2      9.170     -6.346      3.882
  -1   -2     19.733      2.433     -2.585
  -1   -2      7.465     -3.236      8.367
  -1   -2      9.170     -6.346      3.882
  -1   -2     19.733      2.433     -2.585
  -1   -2      7.465     -3.236      8.367
  -1   -2      9.170     -6.346      3.882
  -1   -2     19.733      2.433     -2.585
  -1   -2      7.465     -3.236      8.367
  -1   -2      9.170     -6.346      3.882
  -1   -2     19.733      2.433     -2.585
  59   -2      7.465     -3.236      8.367
  -1   -2      9.170     -6.346      3.882
  -1   -2     19.733      2.433     -2.585
  -1   -2      9.170     -6.346      3.882
  -1   -2     19.733      2.433     -2.585
  -1   -2      9.170     -6.346      3.882
  -1   -2     19.733      2.433     -2.585
  -1   -2     19.733      2.433     -2.585
  -1   -2      9.170     -6.346      3.882
  -1   -2     19.733      2.433     -2.585
  -1   -2      9.170     -6.346      3.882
  -1   -2     19.733      2.433     -2.585
  -1   -2      9.170     -6.346      3.882
  -1   -2     19.733      2.433     -2.585
  -1   -2      9.170     -6.346      3.882
  -1   -2     19.733      2.433     -2.585
  -1   -2      9.170     -6.346      3.882
  -1   -2     19.733      2.433     -2.585
  -1   -2      9.170     -6.346      3.882
  -1   -2     19.733      2.433     -2.585
  82   19      9.170     -6.346      3.882
  -1   -2     19.733      2.433     -2.585
  -1   -2     19.733      2.433     -2.585
  -1   -2     19.733      2.433     -2.585
  -1   -2     19.733      2.433     -2.585
  -1   -2     19.733      2.433     -2.585
  -1   -2     19.733      2.433     -2.585
  -1   -2     19.733      2.433     -2.585
