215
  31   58      7.588     -5.961      8.178
   1   46     18.350     -5.169     -1.148
  47    2      9.730     -7.900      1.447
  21   -2     16.123     -3.836     -8.215
  77   52      4.548     -7.837      4.293
  87   -2    -11.229     -9.698     -7.892
  62   -2     -0.051     -6.508     -3.752
  20   12     -1.965    -10.047      2.448
  -1   -2     -4.474     -6.941      6.447
  -1   -2     17.811     -9.754     -3.436
  18   -2     -3.777     -9.708     -2.120
 115   55     11.647     -8.227     -4.387
   3   -2     16.305     -6.457     -6.467
  -1   -2      8.194     -7.129     10.364
  23   -2     13.344     -2.053     -2.000
  -1   18     13.209     -3.830      4.314
  50   73     14.607      0.499     -5.056
  15   59      4.776     -7.405      8.222
  16  119     19.162     -6.382     -5.273
  -1   22     16.576     -4.515    -10.151
  22   62     14.615     -5.015     -5.918
  86   -2      6.972     -5.304      5.863
  61   -2      7.492     -7.753      7.909
  11   14     -8.571     -9.166     -2.951
  25   33     20.051    -10.455     -6.947
  -1   31     14.129     -7.186      7.830
  -1   48      5.780     -9.931     -3.168
  41   -2      6.188     -8.986      9.552
  -1   20      3.889     -7.691      8.784
  37   40     -0.107     -3.695     -9.622
  59  107     12.989     -9.410      8.771
  36   -2      5.200     -6.083      3.809
  -1   72     12.552     -3.845     -4.937
  -1   -2     12.220    -10.277      7.126
  -1    7     -5.787    -10.585     -8.396
  65   -2     -0.635     -6.001      5.964
  38    1     18.599     -6.156     -2.829
  29  123     13.959      1.392     -3.332
  34   41     -5.784     -6.903    -10.190
  27   15     14.325     -6.209      6.661
   6   -2     -0.169     -9.619      8.254
  40   -2     -2.998     -8.524      0.828
  46   45     16.643    -10.459      1.619
  -1   -2     18.254     -9.188     -3.330
  -1    0     -1.290     -8.686     -6.216
  75   -2     -9.058     -9.296      0.167
 112    4     11.472     -9.144      1.138
  24   56     -0.433     -8.177      6.356
  54   16     16.881     -8.263      3.962
  93   -2     13.645     -9.012     -5.390
  -1   47     16.729     -7.227      2.616
  -1   -2     -0.316     -6.855      5.285
  58   -2     -7.420     -3.920      7.011
  12  104     11.646     -5.024      0.224
  30   49      4.698     -7.386     10.058
  -1   44     18.815     -7.775     -0.355
  48   42     -6.383     -7.862     -1.952
  28   26      6.950     -6.632      7.952
  -1   -2      4.579    -10.305     -8.131
  -1   69     -1.834     -6.439      6.811
  69   63     17.756     -6.115     -6.349
 113   -2     -4.470     -3.766      1.334
  -1   24     -4.741    -10.253     -8.032
  -1    3    -12.365    -11.437    -10.100
  -1   -2     10.824     -3.150     -6.763
  97   37     -1.114     -5.362      6.862
  -1   -2     -9.509     -0.709     -7.592
  -1   19     13.636      1.939     -6.222
  76   75     21.684     -8.593     11.256
 124   98      3.470     -1.160      1.212
  -1   -2      8.959      0.881     -9.746
 123   -2     12.335     -0.396     -6.670
  -1   99     19.732      2.430     -2.580
  -1   -2     11.434     -8.714      4.824
  -1   -2      2.013     -0.859     -9.090
  -1   27      7.467     -3.235      8.364
 148  160      4.519      1.485      1.253
  -1  116      9.222      4.303      7.617
 104   85     -1.833      1.233     -8.135
  -1   -2     -4.010     -5.125      2.137
  64   54     -7.080     -5.921      5.769
 108  102     14.190     -8.182      7.904
  -1   94     -4.514     -5.165      5.272
 128   43     -0.757     -2.752      5.797
  98   91     21.445     -1.457    -10.202
  -1   -2     13.531      4.274     -5.978
  84   -2    -17.197     -8.936      9.547
  -1  105     17.240     -1.085     -2.472
 114   93     -1.386     -9.944      9.142
  -1   39     10.935     -7.786     10.378
  -1    5      6.485     -6.842     10.969
  -1   -2      6.061     -2.410     -3.159
 125   23     16.920     -1.423     -3.701
  80  118    -11.078     -5.648     -6.837
 106   30      7.738     -5.685     -2.094
  -1   61     11.490    -10.530     -1.838
  -1   -2    -11.892     -7.521     -9.814
  -1  101     -2.515     -0.963    -11.346
 111    9      6.969     -4.265     -2.295
 109   -2      9.357      0.283      9.934
 102   -2     15.382     -5.110     -4.807
  -1  233     17.511      3.792    -11.713
  66   -2     -9.195     -8.247      4.881
  -1  113      8.028     -3.498     -3.418
  -1   -2     17.629     -4.628     -7.269
  -1   11      9.745    -10.094     -3.185
 116   17     19.315     -7.754     -7.015
  -1  103      9.428    -11.043      2.165
  -1   -2     -4.474     -6.941      6.447
   4  135     17.718     -9.752     -3.216
  -1   -2      6.213     -9.977     -4.369
  -1   38     10.824     -3.150     -6.763
 160  169     -9.509     -0.709     -7.592
  -1   -2     13.636      1.939     -6.222
  -1  153      8.959      0.881     -9.746
  -1   -2     19.732      2.430     -2.580
  -1  143      2.013     -0.859     -9.090
  96   86     -4.010     -5.125      2.137
  -1   -2      4.519      1.485      1.253
  88  132     12.092    -10.302      7.422
  -1   -2     -0.757     -2.752      5.797
  -1   -2     -4.474     -6.941      6.447
  -1   -2     10.824     -3.150     -6.763
  -1   -2     13.636      1.939     -6.222
  -1   -2     -9.509     -0.709     -7.592
  -1   -2      8.959      0.881     -9.746
  -1   -2     19.732      2.430     -2.580
  -1   -2      4.519      1.485      1.253
  10  122     -4.474     -6.941      6.447
  -1   -2     10.824     -3.150     -6.763
  -1   -2     -9.509     -0.709     -7.592
  -1   -2     13.636      1.939     -6.222
 140   -2      8.959      0.881     -9.746
  -1   -2     19.732      2.430     -2.580
  -1   -2      4.519      1.485      1.253
  -1   -2     -9.509     -0.709     -7.592
  -1   -2     10.824     -3.150     -6.763
  -1   -2     13.636      1.939     -6.222
  -1   -2     19.732      2.430     -2.580
  89  140      4.519      1.485      1.253
  -1   -2     10.824     -3.150     -6.763
  -1   -2     -9.509     -0.709     -7.592
  -1   -2     13.636      1.939     -6.222
  -1   -2     19.732      2.430     -2.580
  -1   -2     10.824     -3.150     -6.763
  -1   -2     -9.509     -0.709     -7.592
  -1   -2     13.636      1.939     -6.222
  -1   -2     19.732      2.430     -2.580
  -1   -2     10.824     -3.150     -6.763
  72  125     -9.509     -0.709     -7.592
  -1   -2     13.636      1.939     -6.222
  -1   -2     19.732      2.430     -2.580
  -1   -2     10.824     -3.150     -6.763
  -1   -2     13.636      1.939     -6.222
  -1   -2     19.732      2.430     -2.580
  -1   -2     10.824     -3.150     -6.763
  -1   -2     13.636      1.939     -6.222
  -1   -2     19.732      2.430     -2.580
  -1   -2     10.824     -3.150     -6.763
  -1   -2     13.636      1.939     -6.222
  -1   -2     19.732      2.430     -2.580
  -1   -2     10.824     -3.150     -6.763
  -1   -2     13.636      1.939     -6.222
  -1   -2     19.732      2.430     -2.580
  -1   -2     10.824     -3.150     -6.763
  -1   -2     13.636      1.939     -6.222
  -1   -2     19.732      2.430     -2.580
  -1   -2     10.824     -3.150     -6.763
  -1   -2     13.636      1.939     -6.222
  -1   -2     19.732      2.430     -2.580
  -1   -2     10.824     -3.150     -6.763
  -1   -2     13.636      1.939     -6.222
  -1   -2     19.732      2.430     -2.580
  -1   -2     10.824     -3.150     -6.763
  -1   -2     13.636      1.939     -6.222
  -1   -2     19.732      2.430     -2.580
  71  197     10.824     -3.150     -6.763
  -1   -2     13.636      1.939     -6.222
  -1   -2     19.732      2.430     -2.580
  -1   -2     13.636      1.939     -6.222
  -1   -2     19.732      2.430     -2.580
  -1   -2     13.636      1.939     -6.222
  -1   -2     19.732      2.430     -2.580
  -1   -2     13.636      1.939     -6.222
  -1   -2     19.732      2.430     -2.580
  -1   -2     13.636      1.939     -6.222
  -1   -2     19.732      2.430     -2.580
  -1   -2     13.636      1.939     -6.222
  -1   -2     19.732      2.430     -2.580
  -1   -2     13.636      1.939     -6.222
  -1   -2     19.732      2.430     -2.580
  -1   -2     13.636      1.939     -6.222
  -1   -2     19.732      2.430     -2.580
  -1   -2     13.636      1.939     -6.222
  -1  215     19.732      2.430     -2.580
  -1   -2     13.636      1.939     -6.222
  -1   -2     13.636      1.939     -6.222
  -1   -2     13.636      1.939     -6.222
  -1   -2     13.636      1.939     -6.222
  -1   -2     13.636      1.939     -6.222
  -1   -2     13.636      1.939     -6.222
  -1   -2     13.636      1.939     -6.222
  -1   -2     13.636      1.939     -6.222
  -1   -2     13.636      1.939     -6.222
  -1   -2     13.636      1.939     -6.222
  -1   -2     13.636      1.939     -6.222
  -1   -2     13.636      1.939     -6.222
  -1   -2     13.636      1.939     -6.222
  -1   -2     13.636      1.939     -6.222
  -1   -2     13.636      1.939     -6.222
  -1   -2     13.636      1.939     -6.222
  -1   -2     13.636      1.939     -6.222
  -1   -2     13.636      1.939     -6.222
  -1   -2     13.636      1.939     -6.222
 259   -2     13.636      1.939     -6.222
