436
 441  438     -0.542     -6.784      5.383
  -1    1      0.695     -6.715      8.007
   2    3     -3.100     -8.250      2.232
 306   82      3.534     -8.672      9.086
   6    9      7.878     -6.483      7.037
 232   -2      0.928    -10.035     -5.816
  36  289      4.514     -8.366      8.031
  -1   44     -1.129     -8.378     -2.496
 393   36      2.235     -8.589      8.166
  24   -2      1.660     -7.558      4.553
 231   22      2.343     -8.681      2.961
   5   72      1.467     -7.615      6.378
 226  302     -1.965     -9.120      1.506
 308  275     -6.910     -9.052     -9.119
 360   67     -2.506     -9.549     -7.814
 184   -2      1.216     -7.287      5.132
  70   -2      2.249     -8.332      0.782
  51   -2     -0.234     -7.261      3.221
  -1   10     -6.448     -6.207     -5.691
  64  243      3.275     -9.154      8.069
  17   -2      6.989     -8.801      2.335
 286  284      6.103     -9.560      7.021
  35  125     -4.755     -9.888     -6.935
  -1  234     -5.725     -6.607     -2.516
  13   16      1.597     -9.213      7.496
  -1   75      1.690     -8.394      6.515
   3   23      2.466     -7.818      1.614
  -1   -2      7.451    -10.332     -9.989
 195    0     -1.764     -6.532      4.472
 118  144     -1.170     -7.514     -3.609
  -1   -2      1.307     -7.476      7.849
 202  217     -0.438     -8.322      6.441
  40   18      3.487     -6.464      7.368
   8   -2      1.404     -7.928      1.433
  -1   -2     -6.462     -6.258      7.152
 116   -2      8.015     -9.609     -0.297
 147   -2      6.242     -5.789      6.906
  31   19      1.574     -6.161      6.641
 370   35      5.111     -9.730     -5.896
 331  298     -4.547     -9.224     -2.499
 100   92      2.699     -8.912      7.681
 236  244      0.547     -8.844      9.289
 162  114    -10.841     -5.699     -7.918
  47   61      3.328     -8.000      2.711
  27  259      5.321     -8.890     -1.377
 171   -2      2.931     -7.307      5.156
 270   -2     -6.448     -7.848      4.736
 197   17      1.932     -6.646      6.304
 293   -2     -3.768     -6.143      3.665
  72  307     -8.151     -6.713     -1.430
 328  301      3.013     -6.812      3.675
 256   -2     -4.584     -7.698     -7.623
 125   -2     -5.950     -5.322      2.685
  -1  103     -2.876     -5.329      7.565
  38   60      7.337     -6.572      0.140
  18    7     -1.043     -7.523      6.757
  -1   -2     -4.083     -8.122     -5.893
  -1   53     -6.143     -1.788    -10.393
  89   -2     -2.951     -7.435      5.064
  46  205     -7.899     -6.230      6.896
  -1   -2     -5.947     -9.100     -7.973
  -1   -2      6.395     -7.541     -9.691
 341   -2     -8.932     -9.222     -0.912
  43   -2      0.657     -8.283     -5.416
 133   -2      5.518     -9.453      0.839
  -1   11      2.488     -7.981      8.364
  -1   -2     -4.429     -7.299      5.456
 357  347     -1.242     -9.159     -6.072
 160   -2     -9.175     -7.725     -5.579
 129  164     -0.375     -7.771      3.691
  -1   58    -11.575     -6.910     -5.394
  -1   33      7.386     -5.339      4.635
  -1   -2      7.681    -10.182     -9.340
  -1   47     -7.977     -6.944      1.737
  -1   -2     -1.373     -7.645      3.312
  83   74     -9.419     -5.282     -8.300
 191   54     -9.137     -6.376      4.238
 268  201     -7.508    -10.523     -2.647
  -1   37      6.546     -5.689     -7.092
 157  173     -9.367     -9.441     -4.629
  -1   66      3.580     -5.413      3.037
 378  127     -1.666     -5.295      5.314
  61   -2    -11.653     -7.221     -0.370
  -1   -2      0.486     -6.965      7.383
 111   -2     -7.093     -7.451      7.008
 137   -2      4.757     -5.565      8.086
 281   86     -3.517     -5.020      3.427
  -1   -2      1.041     -8.911      9.753
 113  433      5.973     -0.160      1.075
 407  280      7.796     -9.227     -8.172
  84  428     -2.185     -6.319      5.139
 120  116    -12.399     -8.523     -5.866
 126  333      3.582     -9.598     -0.089
  54   -2     -2.767     -6.609      3.288
 392   -2     -6.734    -10.411     -3.872
 215   -2      0.375     -6.593      8.114
  77   91     11.018     -7.753      4.510
 290   -2    -10.108     -7.978    -10.177
 102  218      5.624     -9.781      3.338
 196   90     -3.514     -7.218      3.819
   4   -2     -1.791     -8.286      0.682
  62  310      3.864     -7.761      6.848
 353   -2      6.610     -7.220      9.940
 122   65     10.081     -2.649      6.507
  82   -2    -12.320     -8.122     -6.073
  76   73      9.377     -7.723      8.164
  52   -2     -1.268     -6.961     -7.341
 180   -2     13.138     -8.687     -4.233
 150  265      3.771     -8.985     -3.410
 381   -2     -0.414     -8.435      4.421
 143  219     15.062     -6.988      6.404
 318   -2      1.630     -8.254      4.833
 170   -2      7.974     -5.796      9.529
 332   -2      5.189     -7.303      9.877
 104  129      7.049     -7.464     -4.648
  58   -2     -6.582     -6.362      3.625
 244  276      9.474     -7.888      2.413
  -1   -2     -6.129     -6.227      9.044
  60  365     -0.446     -6.912     -2.840
  49  123     -7.131     -7.744     -2.005
 241   -2     13.317     -8.599      6.787
  -1   -2     -8.460    -10.396     -8.127
 278   -2      1.036     -5.311      8.354
 295   -2      4.365     -5.268      8.863
  41  300     -0.378     -6.214     -1.314
 260  283      1.060     -9.695     -7.502
  30   -2     -2.997     -7.733      6.983
 284   14     -4.733     -8.258     -8.577
  -1   56     -9.858     -9.377     -3.950
  16   -2      3.136     -8.629      6.682
 288  122      5.103     -7.853     -8.420
  -1   -2     -4.069     -6.541      2.263
 279  370     17.013     -8.258      5.075
  -1   57     -0.503     -7.763      3.675
  92  175      2.341     -5.649     -4.423
 199   -2     -3.674     -3.502     -7.212
 426  295     18.204     -9.749     -2.644
  -1   99     -4.157     -7.325      3.819
 154   46      2.379     -9.175     -1.715
 398   50     -3.461     -4.997      2.424
  -1  197     -6.891     -8.325     -7.727
  25   -2      3.002     -8.066      8.497
 214   -2     -4.922     -7.837      3.817
 374  325     -4.302     -3.326     -6.626
 391  177      2.894     -7.241      5.825
  -1   39      0.604     -6.934     -1.887
 327  167     -4.479     -4.371     -8.633
  -1  134      9.146     -7.155      0.987
  87   -2      4.282     -9.301     -1.607
 385   -2     -1.695     -5.424      6.584
  80  150     -4.936     -7.201      7.952
 372   -2     10.227     -9.551      0.114
 300   34      3.384     -9.147      1.680
 177   -2      5.906     -5.889      7.109
  44  195     -7.614     -5.755     -1.493
  63  113     -4.840     -6.812      1.370
 181   80      1.405     -6.828     -2.782
 131   -2      2.815     -5.274      4.064
 313  162     -5.176     -3.119     -9.768
 316   -2     18.945     -9.240     -2.884
 228  202     -9.492    -10.009     -2.655
 114   -2     -4.903     -7.954      5.508
  85   -2      1.317     -7.855      0.022
 367   81      6.410     -4.812      9.378
 183  382     -2.968     -7.759      4.980
  -1  358     -5.232     -7.661      9.051
  -1   26      0.336     -7.118      9.135
 151  260     -3.232     -4.054     -8.361
 443   -2      4.111     -6.677     -8.848
  42   -2     -5.510     -8.834      0.188
  -1   64     -8.791     -7.528      0.467
 155  282     16.368     -8.667      5.042
 425  161     -0.920     -2.621     -6.054
 148   85     -3.409     -6.235      0.215
 178   -2      1.464     -8.988      9.909
 434   -2     -9.783     -9.888     -0.242
  74  138     -4.421     -6.945      6.844
 189   -2     -5.842     -9.319     -7.486
  -1  105      4.094     -6.399      7.401
 163  130     -1.941     -5.426      2.978
 418   94      9.117      0.468      8.489
 255  369      8.266     -3.090     -4.218
 179  352      9.260     -7.641     10.094
  67   -2     -8.075     -8.212     -1.796
  -1  174      4.364     -7.870     -9.171
 346  165     12.900     -6.929     -2.831
  -1   -2     13.978     -7.866     -2.702
 169  107     -1.005     -8.005      3.895
 427  163     -2.233     -3.145     -9.102
 352  108     -6.738     -6.550     -8.226
 375   -2      3.495     -5.616     -7.996
 419   43      7.009     -4.042      6.813
  -1   -2      0.092     -3.689     -9.913
 283   -2    -11.018     -3.321     -4.469
   1  120     -2.886     -8.037      4.191
  -1   -2      3.877     -6.418      2.988
  -1   96      1.384     -6.442     -1.340
  -1   -2     -3.863     -8.905     10.195
 109  101      8.558    -10.183      0.313
 229   -2     -2.767    -10.677      1.184
  -1   -2     -2.548     -9.089      1.124
 379    2     -4.878     -9.833     -2.546
  -1  230      3.484    -10.752     -0.303
 406  249     -4.993     -9.461      5.512
 207  335      1.746    -10.615      3.759
  -1  351    -10.809     -8.696     -7.261
  -1   28      5.912     -9.061     -8.138
  -1   97     -5.839     -9.218     -2.710
 239   -2      2.897    -10.587      1.698
 212  186      0.142    -10.276      8.458
  -1  198      0.072     -8.973      6.298
  -1   -2     -5.339    -10.014      6.173
  26   -2     -5.018     -5.758     -3.655
 238   -2     -8.705    -10.896     -7.781
  -1  183     -8.882     -8.269      0.451
  -1  288     -0.600     -9.593     -4.401
  -1   13      1.380     -7.388      3.987
 117   71      2.471     -6.393     -1.262
 204  188     -3.577     -9.811     -0.531
  -1   -2     16.371     -4.567     -9.630
 224   -2     -0.470    -10.591      1.711
  -1   -2      3.788     -9.990     -2.264
 213   -2      1.412     -9.899      8.524
 323  237     10.151     -8.523      0.952
  -1   32     -8.447     -5.789      8.527
 366   -2     -3.193    -10.781     -1.022
  -1   -2     -5.266     -7.420     -3.976
 208   -2     -2.873    -10.454      4.433
  -1  194     -5.527    -10.763     -5.654
 266   78     10.091     -5.766      8.009
  -1   -2    -10.280     -5.947     -2.290
 250  151     19.428     -6.418     -4.881
  57   48     -5.620    -10.458    -10.515
 107    6      1.004     -9.054      0.497
  -1  247      2.207     -1.209      6.776
 230  146      4.593     -6.258     -1.555
 146  294     -7.629     -6.013      1.628
 423   -2      2.890     -4.300      8.606
  -1  132      2.589     -7.053     10.444
 395   -2      7.649     -6.202     -5.732
  -1  292    -12.644     -9.793     -2.781
  -1   49      4.894     -9.739      6.808
 242  343     -1.690     -9.640      6.574
 248  393     18.861     -9.964     -6.082
 342  192      7.553     -9.050      6.314
  -1  296     14.891    -10.400     -7.628
 287  286     -7.171     -1.135     -7.608
  32  308     -8.700     -8.137      2.731
  -1   -2     -1.759     -8.944      0.519
  -1  227     -2.721    -10.000      9.259
  -1   40     -7.003     -9.412     -7.057
 339   -2     -7.149     -4.866      2.815
 210   -2     -1.853    -10.613     -3.561
  -1   84      7.290     -7.667      7.186
 432  147      2.726     -5.402     -8.525
  -1   -2      1.300     -7.669      8.126
 174   95    -11.705     -6.147      0.991
 310  350      4.346     -2.244      1.610
  -1   24      2.462     -7.921     -0.938
 246  171    -11.629     -9.070     -2.803
  -1   -2     -2.622    -10.024      6.038
 227   -2     -0.858     -9.445      4.310
 276  112     16.024     -7.922      6.261
 282  133     -8.382     -1.436     -1.647
 251   -2    -11.156     -7.051     -6.784
 128  263     -4.525     -2.579     -6.773
  -1   -2     -8.826     -9.452     -7.308
  -1  268     19.576    -10.135     -3.523
  -1  257     -3.715     -5.029     10.634
  -1  261     13.285     -7.235      8.297
  98   -2      6.525     -8.408      8.916
  -1   -2     -9.636     -6.331     -0.186
 188  104     -2.432     -8.189     -9.703
 274  271     -4.241    -10.178      0.414
  -1   88    -10.566     -5.145     -1.874
  -1  212     -1.469     -8.658      9.520
 135  154    -11.956     -7.749     -8.727
 330  209    -13.079     -6.063     -5.174
 389   -2     20.823     -2.859     -1.313
 408   -2     17.005     -7.908     -0.944
 186  180     -0.438    -10.101     -8.897
  -1   -2      1.371     -8.844     -0.831
  -1   -2      2.695     -8.511     -4.216
 254  269     17.803     -5.403     -3.233
  -1  415      9.417      1.281      7.942
  -1  251     -9.113     -3.967      5.392
  55  148      1.679     -7.172      8.390
  -1   -2     19.873     -6.916     -2.082
  -1  437      9.574     -0.388      7.501
  -1   -2     -2.901     -9.921      8.183
  73  178     -0.192     -7.306      2.689
  -1   -2    -10.465     -7.621     -9.395
 384  331     -2.991    -10.383      0.270
  29  106      4.541     -9.099     -6.793
 176   -2      7.767     -3.334      9.178
 315   -2     18.891     -6.343     -4.652
  -1   -2     -4.307     -9.220     -6.293
 219  236     -3.299     -9.499      9.631
  -1   -2     -2.628     -8.686      8.780
 420   52      7.929     -8.631     -9.597
 220   -2     15.303     -5.978     -7.505
  -1   -2     -0.235     -5.263      0.932
  37   -2      0.523     -9.380      7.471
 263  357     11.468    -10.609     -4.467
  -1  142     -6.610     -7.138     -5.874
  -1  378      3.839     -5.068     10.020
 448   63      9.423     -6.449      3.504
  -1   -2     17.434     -7.996      4.007
 221  327     20.711     -7.199     -2.026
 440   -2     -6.165     -1.465      0.712
  -1  416     19.190     -9.077     -5.418
  -1  266     15.831     -4.346     -3.172
  81   -2      6.410     -7.399     -8.326
 175  336     17.164     -7.089      1.648
  -1  242      0.228    -10.286      9.304
  -1   70     -8.228     -3.787     -2.282
 303  157      0.016     -9.615      4.119
 235   76     -3.923     -9.486      0.184
  -1   -2     -0.106     -3.068     -8.254
  -1   -2      9.493     -3.063      2.990
 394  313     13.700     -1.341     -3.240
  -1   -2     -2.414     -9.472      8.545
  -1   -2      7.289     -7.535     -1.110
  -1   -2     -2.568     -8.469      8.098
  -1   -2     -4.455     -3.108     -7.674
 399   -2      1.396     -9.479      8.599
  -1  226     -4.652    -10.413      1.864
  -1  319     -0.874     -9.704      1.073
 363  309     11.262     -8.465      0.823
 338   -2     16.501     -2.473     -9.829
 223   -2    -12.049    -10.576     -6.759
 324  254      0.954     -9.997      3.439
 325   -2     10.190     -7.374      9.318
 404  246     15.643     -9.382     -8.182
  -1  131     -8.751    -10.993     -9.636
  -1   -2     -4.527     -7.457     -0.969
  -1   -2     -3.806     -9.109     -6.631
 305   -2     10.763     -3.082     -6.964
 362  353     -5.851     -4.441     -9.347
  -1   -2    -10.341     -7.500     -7.521
  -1   -2     14.623     -6.888      8.699
  -1   -2      6.136     -3.657      2.129
 134  184     17.404     -7.048     -7.676
 285  404     15.732     -1.606     -5.069
 185  155     14.366     -7.644      9.374
 159   -2      3.982     -5.938     -6.418
  -1  389     14.204     -3.304     -3.405
 365   -2     -4.132     -8.634    -10.212
 110  200      3.541     -9.504      6.608
  -1  367    -10.538     -3.935     -9.274
  -1   -2     16.062     -4.751      2.711
 410  431    -13.199     -8.946     -1.192
  -1   83     -1.808     -8.375      1.733
  -1   -2      2.387    -10.006     -1.451
  -1   15     -6.808     -6.033     -4.212
  -1   12     -7.417     -8.259      7.489
 312  341     15.429     -2.655     -3.399
  -1   -2     -2.654     -4.592     -8.918
 258   -2     12.330     -9.758     -8.733
  78   -2    -11.300     -5.517     -2.445
  -1  140     -5.379     -3.621     -6.518
  -1   -2     13.900     -5.151     -9.554
 326   25      4.183     -5.111      5.673
  -1   -2      0.998     -5.758      6.163
 376  168     -2.689     -3.731      0.753
 296   -2     18.060     -9.110      2.564
  -1  348     13.213     -2.778      9.242
 416  210     15.152     -0.496      4.540
  -1   -2     -2.047     -7.772      8.494
  -1  176     -3.501     -7.713     -0.559
 382   -2      6.194     -4.236      4.142
 105  190      0.452     -6.340     -2.198
 149  334     -1.031     -7.879      4.803
 380   -2     -9.741     -6.543     -9.574
  -1  248      0.015     -1.938      7.853
 136   20      1.187     -9.042      2.298
 243  267      2.967     -6.943      8.076
 264  152      1.318     -9.958     -2.736
 198   -2      6.076     -4.200     -3.443
 428  240     11.050     -3.838      5.794
 403  181      3.535     -5.087      9.956
  -1  214     -7.556     -8.847     -0.678
  -1   29     -3.199     -5.851     -0.608
 383  185     -5.478     -9.812      8.689
 361  386     17.590     -3.536      2.261
 152  172      6.798     -8.787     -1.026
  -1   -2      1.924     -8.662     -3.899
  -1   38    -12.666     -5.954     -0.996
 253   -2      4.062     -7.422      4.405
 237  429      2.787    -10.808      0.539
 412  390     16.570     -0.594     -5.860
  -1   -2     -4.981      0.660      6.157
  -1  145     -4.509     -7.321     -9.942
  48  135     -6.456     -9.371     -8.811
  21   -2     -4.080     -7.525      7.256
 158   -2     -2.642    -10.208     -5.243
 413   -2      1.621     -0.648      6.193
 417  397    -12.373     -2.023     -7.615
  -1  410     -5.347      2.052      1.390
  -1   -2     19.268      0.698     -8.098
 388  394    -10.826     -1.931     -3.352
  -1  231     20.283    -10.577     -4.660
  -1   -2     21.906    -10.733    -10.468
  -1   -2     20.227    -11.315     -3.339
  -1  399      4.676      0.551     10.416
  -1  342     14.346     -3.825     -4.440
 265   -2     -7.767     -1.880    -10.876
  -1  100    -11.497     -7.860    -12.101
 299   -2      9.946     -0.915      9.086
  -1  380     16.830      3.078      0.046
 414   -2     22.992     -6.175    -12.086
  -1   -2    -11.863    -10.344     -0.648
  -1  128    -10.412    -10.688      4.175
 386   -2     18.698      1.544     -6.100
 433  255    -11.755     -2.381     -2.317
  -1   -2     -8.826     -1.625    -10.123
 172  322      3.505     -1.828      1.874
  -1  362     11.074      0.602      9.588
  -1  340     19.153    -10.246     -0.505
  -1   -2     13.771     -8.057      6.231
 422  119     -3.125     -2.294    -11.562
 405   -2     18.466     -0.423     -3.850
 437  377     10.210     -1.747      6.553
  -1  375     17.497      3.791    -11.680
 387   -2     16.513     -7.219     10.100
  -1   -2      9.610      5.325      5.981
 298  245      2.320    -10.874      6.355
  -1  407     20.994     -0.749      2.974
  -1  361     14.869    -10.773     -8.203
  -1   -2     -1.232      2.121     -5.246
 451  179     -2.161     -5.484      5.471
  68   -2      1.525     -7.537      4.159
  -1   68      5.919     -0.150      1.086
 311   -2     -5.643     -7.963     -4.143
 273  435      8.169     -3.042     -3.894
 424   -2     16.830      3.078      0.046
