149
   2    2      9.752     -7.893      1.410
  43   -2    -11.913    -10.227     -6.359
   7  106     -4.482     -7.490      5.106
  50   52     -4.165     -7.725     -5.571
 134   91     12.641    -10.568     -5.098
  -1   31     -2.150     -9.633     -0.835
  70   21     13.321     -3.868      4.707
  -1    6     20.314     -2.698     -3.243
  28   57     12.656     -8.619     -7.087
  -1   -2     17.807     -9.753     -3.428
  81   51     17.903     -5.380     -3.287
 137  148      9.172     -6.347      3.880
  -1   80     -1.309     -7.900     -2.973
  31  146     16.352     -4.576     -9.580
  -1   56     -2.048     -7.031     -1.751
  -1   -2     10.816     -3.173     -6.782
   9   84     11.344     -6.002     -4.964
  71   18     17.351     -5.964     -0.652
  24   -2     12.097     -5.521      3.555
  13   -2    -10.499    -10.699     -5.112
  21   -2      4.709     -7.725      4.372
  -1   74      5.046     -6.122      3.367
  -1  132     -0.412     -0.647      2.368
  91  110     14.611      0.498     -5.064
  93   -2      4.162     -8.557      3.970
  -1   19      3.423     -8.697     -7.536
 100   41      6.981     -5.303      5.880
  -1   24     10.980     -2.663      3.922
  75   -2     -6.859    -10.268     -5.829
  57   -2     14.621     -5.018     -5.895
  -1   -2      2.620     -5.129      4.730
  -1   -2     19.439     -6.419     -4.846
 103   16      5.773     -6.393     -2.487
  26   28     18.346     -1.865     -9.761
  41   -2     12.184     -0.180      2.865
  66   -2      6.429     -7.756      9.885
  -1   50      4.454     -8.686     -3.257
  37   -2      4.317     -5.505      8.262
  -1    1     14.131     -7.189      7.836
  33   47      7.982     -5.850      9.696
  -1   36     17.899    -10.265     -1.596
 106  141     17.991    -10.027     -2.492
 126   -2    -11.043    -10.262    -10.831
  -1   -2      4.303     -7.520      9.621
 122    4     -0.081     -5.996      7.430
  27   -2     13.972      1.391     -3.371
 118   -2      9.784     -3.984      1.729
  53   -2     -0.098     -3.697     -9.607
 127   26      3.189     -8.891      5.295
  83   -2     -4.846     -7.416      2.873
  51   39     12.547     -3.847     -4.928
  44   -2     10.086     -8.717      4.614
  -1   -2     -5.801     -6.896    -10.225
  80   -2     18.660     -3.678     -0.195
  11    3      8.064     -9.511      4.628
  10   -2     -5.329     -9.064     -5.487
  64   -2      4.966     -7.267      9.165
  85   61      4.111    -10.345      3.041
  55   -2     18.064     -9.122     -2.982
  72   79    -11.089     -9.694     -6.776
  -1   75      3.210     -9.424      6.284
  23   32      7.421     -5.693      9.249
  74  131    -13.462     -6.313     -3.730
  -1   -2      0.632     -7.415     -8.013
  -1   -2     20.297    -10.987     -2.330
  -1   48      6.235     -7.477      8.852
  48   -2     18.557     -6.162     -2.915
   6   -2     -0.632     -9.655      1.467
 131   33    -11.328     -8.342     -4.891
   5   90     11.004     -9.259      9.567
 121   62     16.872     -8.270      3.923
 108   -2     -4.219     -6.177     -4.227
 101   44    -10.416    -10.424     -8.413
  -1   -2     -7.407     -3.917      7.032
  76   -2     11.260     -8.722      3.225
  86   -2     -8.179     -7.159      4.359
  61   -2      3.614     -8.318      7.951
   1  127     14.188     -4.618      1.213
  -1   42    -12.085    -10.639     -7.257
  18   78     15.814     -3.867     -9.065
  -1   77     -8.934     -8.327      3.985
  -1   -2      1.212     -7.993     -9.614
  12   71     -3.441    -10.803     -8.612
  -1   68     -5.602     -8.378      0.439
  -1   -2      0.257     -1.669     -8.147
  -1   22     13.634      1.938     -6.221
  46   43     -4.376     -4.017      6.228
  45   15     12.929     -0.497     -0.846
  -1   93     20.127      2.414     -3.510
  69   -2     14.758     -7.908      3.943
  -1   -2     16.820    -10.424     -0.260
  -1  145      8.427     -2.488     10.291
  -1    5    -10.616     -9.322     -4.122
  -1   -2     12.333     -0.397     -6.670
  -1   -2      4.048    -10.139      7.715
  -1   60      4.256     -1.061     -0.984
  67   -2      8.880     -0.071     -1.231
  68   -2      2.717     -4.692      3.278
  97  117    -10.610     -9.062    -11.786
 133  128     -7.023     -4.093     -4.827
  -1  121      4.520      1.485      1.258
  -1   -2     20.157    -10.387     -7.020
  -1   23     19.923     -6.954     -1.288
  -1   -2     -8.857     -6.150    -10.329
  92  115     19.640     -1.196     -6.012
 130   -2     19.463     -0.843     -7.690
  -1   34      7.465     -3.236      8.367
  -1   -2     -1.470      1.422     -1.242
  -1   65     19.398     -8.591     11.004
  -1   82    -12.965     -9.955     -0.650
 111   86     13.531      4.273     -5.976
  -1  107     16.919     -1.423     -3.701
  87   -2     -9.084     -4.565     -5.962
  -1  101     -2.937      1.565     -6.458
  35   73     -4.133     -1.968      3.768
 140  143      6.061     -2.410     -3.161
  52  137     19.817     -7.957     -4.410
  -1   -2     10.742     -6.558      0.429
 120   -2     19.498     -0.090     -3.377
 115   54     -2.546     -0.955    -11.438
  -1   -2     18.731      1.431     -6.125
  -1   59     13.525     -4.225     10.217
  -1   -2     11.916    -11.138      0.100
  -1   -2    -12.505     -7.007     -7.537
 123  123     -1.184     -3.319     11.361
  49   45     13.876     -9.471     -1.689
 105   99     17.505      3.789    -11.699
  -1   -2    -11.469     -5.563     -5.330
  -1  130      5.733      6.099      8.978
  -1   72     -7.974     -7.993    -11.645
 128   76    -10.251     -6.088     -3.829
  -1  139      9.994    -10.018      2.819
  -1   85    -11.375     -2.335    -10.179
  -1   -2     10.387     -9.532      9.860
  -1   92    -11.744     -8.643     -9.379
  -1  116     10.138     -8.085      6.477
  15   -2     17.712     -9.750     -3.201
  -1   -2      9.172     -6.347      3.880
 135   -2     16.498     -4.580     -9.942
  -1   58     19.490     -6.420     -4.860
  95  105     -0.317     -0.652      2.085
  -1   -2     13.634      1.938     -6.221
  -1   -2      3.469     -1.159      1.212
  -1   81     12.333     -0.397     -6.670
  99   -2      4.520      1.485      1.258
  -1   -2      9.172     -6.347      3.880
  -1   -2     13.634      1.938     -6.221
  32   13      9.172     -6.347      3.880
 139  150      2.468     -5.087      5.163
