271
  -1  119     14.440     -7.940      6.821
   1  134      7.620     -6.999      5.106
  50   13      5.669     -7.936      7.756
  33    3     18.348     -5.169     -1.138
   3   -2      9.733     -7.900      1.443
 106    6      0.584    -10.831     -3.873
  40   -2     15.290     -9.283      3.510
  42   79      1.848    -10.583     -9.707
  51   -2    -11.267     -9.732     -7.545
  54   -2      2.091     -7.883      0.583
  -1   -2     -4.477     -6.942      6.443
  -1   -2      9.218     -6.361      3.808
  48   55     11.648     -8.228     -4.384
  -1   34     -2.026     -8.720      4.037
  14  122     17.817     -9.752     -3.449
  13   10     13.209     -3.830      4.314
  10   12     17.350     -5.963     -0.648
   9  264     12.100     -5.520      3.551
  37    5      2.764    -10.503     -3.472
  -1   -2     19.443     -6.420     -4.858
  96   -2     14.611      0.500     -5.065
  18   24     16.564     -4.518    -10.120
 105   -2      4.012    -10.153      8.884
  -1   -2      1.118     -8.689     10.073
  90    7     14.617     -5.014     -5.920
  26   29      4.311     -5.503      8.240
  19   27     10.979     -2.663      3.925
  27   28     14.132     -7.186      7.825
  24   -2      6.977     -5.304      5.872
  28   33      7.979     -5.849      9.691
  71   32      6.666     -9.083      8.294
  -1   -2      3.884     -7.692      8.784
  20    9      2.392     -8.857      3.070
  23   26     -2.277    -10.185      2.162
  81   56     -9.846    -10.573     -5.851
  -1   -2      4.582     -7.451      9.716
  25   37     13.978      1.383     -3.383
  36   39     12.547     -3.847     -4.924
  59   -2      5.199     -6.084      3.802
  32   41     -5.778     -6.905    -10.173
 112  100     -0.104     -3.694     -9.630
 129   -2     -0.633     -6.006      5.973
  82   -2     16.648    -10.458      1.604
  -1   44      9.654     -7.206      8.452
  -1   19     -3.925     -9.407     -5.516
  -1   -2     10.671    -10.482     -6.960
  -1   17      6.253     -7.288      9.084
 109   48     18.066     -9.121     -2.978
  74   92     16.173     -0.962     -8.687
  53   54     -1.295     -8.680     -6.209
   7    2      9.161     -7.489      2.747
  35   53     12.106     -9.546     -4.913
  67   31      2.032    -10.184      9.024
  46   -2     18.551     -6.147     -2.894
  43   62     -6.317     -9.130     -8.087
  -1   -2     -0.343    -10.641     -8.000
  60  147     -2.293     -8.857      6.655
  57   -2     16.942     -8.317      4.182
  -1   -2      6.415     -8.284      6.501
  47  117     10.152     -8.736      4.798
  65   46      5.064     -8.608     -1.300
  61   90     -7.422     -3.922      7.002
  64   58     -0.318     -6.858      5.274
  -1   -2      7.603     -3.326      9.173
  -1   25     21.021    -10.130     -4.823
  58   -2     -6.394     -8.067     -4.524
  -1   60     15.459     -7.176      5.553
  -1   49     -1.651    -10.031      8.446
  -1   -2     15.805     -3.867     -9.091
  -1   -2     14.081      3.088     -3.665
  -1  139     11.712     -5.200     -5.298
  -1   -2     10.822     -3.151     -6.758
  -1   -2     12.672    -10.867     -4.974
  -1   -2     13.635      1.940     -6.223
  -1  127      8.958      0.880     -9.742
  -1   -2      3.470     -1.159      1.212
 235   -2     12.334     -0.397     -6.671
  -1   -2     19.733      2.431     -2.583
  -1   16     19.922     -6.951     -1.296
  -1   47      2.026     -0.861     -9.039
  -1  105     -8.687     -9.516      0.605
  -1   -2      4.520      1.485      1.255
  98   -2     -1.833      1.233     -8.140
  -1   43     -4.011     -5.129      2.151
 142   -2      2.212    -10.494      8.149
  -1   -2     -0.172     -2.988     -5.342
  83   -2     21.446     -1.457    -10.209
  -1   -2     -0.752     -2.751      5.799
  -1  159     -4.514     -5.166      5.266
  -1    4      6.496     -6.844     10.936
 101   96      6.061     -2.411     -3.166
  -1  115     -9.701     -0.771     -8.023
  -1  247     13.527      4.276     -5.970
  -1   -2     -2.541     -0.959    -11.419
  92  103     17.244     -1.083     -2.460
  -1   87      1.271      5.627      0.609
  -1   -2     12.132     -8.811      7.060
 124   -2     16.413     -3.113     -3.423
  22   63     17.894    -10.295     -5.210
  -1   40     16.272     -9.661      4.904
  -1  108      6.972     -4.265     -2.288
 104  107      9.363      0.279      9.916
  97   -2      8.010     -3.499     -3.488
 103   35      9.544      4.349      6.807
  -1   89    -10.476    -10.121     -9.645
  94   -2     -8.422     -4.493     -8.472
  -1   61     -9.424     -4.382     10.406
 102   -2    -11.470     -5.567     -5.334
 108  114     17.915     -6.203     -6.720
  -1  112    -10.931     -3.868     -8.566
  -1   65    -10.252     -6.089     -3.838
  -1  111      0.854     -9.779      8.390
  -1  104     -9.275    -11.846     -5.297
  -1   -2     19.302     -7.750     -7.085
 110   -2      8.708     -9.532      2.580
  95   14     13.024     -9.274      8.762
  34   -2     -6.852     -7.792     -0.381
   0    0     14.452     -7.941      6.775
  -1   -2      7.604     -7.000      5.186
  -1   -2      9.218     -6.361      3.808
  -1   -2     -4.477     -6.942      6.443
  -1   52     19.492     -6.420     -4.864
 116   22     16.292     -4.590     -9.341
  -1   71     -6.206    -10.856      2.477
  -1   -2     13.635      1.940     -6.223
  -1   -2     11.712     -5.200     -5.298
  -1   -2     10.822     -3.151     -6.758
  -1   -2      3.470     -1.159      1.212
  -1   74     19.733      2.431     -2.583
  -1   -2     -4.011     -5.129      2.151
  -1   -2      4.520      1.485      1.256
  73   23      7.465     -3.237      8.368
  78   -2     -8.687     -9.516      0.605
  -1   -2     -0.752     -2.751      5.799
  93  133     -0.172     -2.988     -5.342
 113    1      7.649     -7.002      5.014
  44   69      7.613     -7.005      5.222
  -1   -2      9.218     -6.361      3.808
  -1   -2     -4.477     -6.942      6.443
 118   64     -6.206    -10.856      2.477
  -1   -2     10.822     -3.151     -6.758
  -1   -2     13.635      1.940     -6.223
  -1   -2      3.470     -1.159      1.212
  -1   -2     19.733      2.431     -2.583
 127  143      4.520      1.485      1.256
  -1   -2     -4.011     -5.129      2.151
  -1   -2     -0.752     -2.751      5.799
  -1   -2     -4.477     -6.942      6.443
  -1   -2      9.218     -6.361      3.808
  -1   -2     10.822     -3.151     -6.758
  -1   -2     13.635      1.940     -6.223
  77  157      3.470     -1.159      1.212
  -1   -2     19.733      2.431     -2.583
  -1   -2     -4.011     -5.129      2.151
  -1   -2     -0.752     -2.751      5.799
  -1   -2      9.218     -6.361      3.808
  -1   -2     -4.477     -6.942      6.443
  -1   -2     10.822     -3.151     -6.758
  -1   -2     13.635      1.940     -6.223
  -1   -2     19.733      2.431     -2.583
 145   -2     -4.011     -5.129      2.151
 146  160     -0.752     -2.751      5.799
  -1   -2      9.218     -6.361      3.808
 131   -2     -4.477     -6.942      6.443
  -1   -2     10.822     -3.151     -6.758
  -1   -2     13.635      1.940     -6.223
  -1   -2     19.733      2.431     -2.583
  -1   -2      9.218     -6.361      3.808
  -1   -2     10.822     -3.151     -6.758
  -1   -2     13.635      1.940     -6.223
  -1   -2     19.733      2.431     -2.583
  -1   -2      9.218     -6.361      3.808
  -1   -2     10.822     -3.151     -6.758
  -1   -2     13.635      1.940     -6.223
  -1   -2     19.733      2.431     -2.583
  -1   -2      9.218     -6.361      3.808
  -1   -2     10.822     -3.151     -6.758
  -1   -2     13.635      1.940     -6.223
  -1   -2     19.733      2.431     -2.583
  -1   -2      9.218     -6.361      3.808
  -1   -2     13.635      1.940     -6.223
 169   80     10.822     -3.151     -6.758
  -1   -2     19.733      2.431     -2.583
  -1   -2      9.218     -6.361      3.808
  -1   -2     13.635      1.940     -6.223
  -1   -2     19.733      2.431     -2.583
  -1   -2      9.218     -6.361      3.808
  -1   -2     13.635      1.940     -6.223
  -1   -2     19.733      2.431     -2.583
  -1   -2      9.218     -6.361      3.808
  -1   -2     13.635      1.940     -6.223
  -1   -2     19.733      2.431     -2.583
  -1   -2      9.218     -6.361      3.808
  -1   -2     13.635      1.940     -6.223
  -1   -2     19.733      2.431     -2.583
  -1   -2      9.218     -6.361      3.808
  -1   -2     13.635      1.940     -6.223
  -1   -2     19.733      2.431     -2.583
  -1   -2      9.218     -6.361      3.808
  -1   -2     13.635      1.940     -6.223
  -1   -2     19.733      2.431     -2.583
  -1   -2      9.218     -6.361      3.808
  -1   -2     13.635      1.940     -6.223
  -1   -2     19.733      2.431     -2.583
  -1   -2      9.218     -6.361      3.808
  -1   -2     13.635      1.940     -6.223
  -1   -2     19.733      2.431     -2.583
  -1   -2      9.218     -6.361      3.808
  -1   -2     13.635      1.940     -6.223
  -1   -2      9.218     -6.361      3.808
  -1   -2     13.635      1.940     -6.223
  -1   -2      9.218     -6.361      3.808
  -1   -2     13.635      1.940     -6.223
  -1   -2      9.218     -6.361      3.808
  -1   -2     13.635      1.940     -6.223
  -1   -2      9.218     -6.361      3.808
  -1   -2     13.635      1.940     -6.223
  -1   -2      9.218     -6.361      3.808
  -1   -2     13.635      1.940     -6.223
  -1   -2      9.218     -6.361      3.808
  -1   -2     13.635      1.940     -6.223
  -1   -2      9.218     -6.361      3.808
  -1   -2     13.635      1.940     -6.223
  -1   -2      9.218     -6.361      3.808
  -1   -2     13.635      1.940     -6.223
  -1   -2      9.218     -6.361      3.808
  -1   -2     13.635      1.940     -6.223
  -1   -2      9.218     -6.361      3.808
  -1   -2     13.635      1.940     -6.223
  -1   -2      9.218     -6.361      3.808
  -1   -2     13.635      1.940     -6.223
  -1   -2      9.218     -6.361      3.808
  -1   -2     13.635      1.940     -6.223
  -1   -2      9.218     -6.361      3.808
  -1   -2     13.635      1.940     -6.223
  -1   -2      9.218     -6.361      3.808
  -1   -2     13.635      1.940     -6.223
  -1   -2      9.218     -6.361      3.808
  -1   -2     13.635      1.940     -6.223
  -1   -2      9.218     -6.361      3.808
  -1   -2     13.635      1.940     -6.223
  -1   -2      9.218     -6.361      3.808
  -1   -2     13.635      1.940     -6.223
  -1   -2      9.218     -6.361      3.808
  -1   -2     13.635      1.940     -6.223
  -1   -2      9.218     -6.361      3.808
  -1   -2     13.635      1.940     -6.223
  -1   -2      9.218     -6.361      3.808
  -1   -2     13.635      1.940     -6.223
  -1   -2      9.218     -6.361      3.808
  88   -2     13.635      1.940     -6.223
  -1   -2      9.218     -6.361      3.808
  -1   -2      9.218     -6.361      3.808
  -1   -2      9.218     -6.361      3.808
  -1   -2      9.218     -6.361      3.808
  -1   -2      9.218     -6.361      3.808
  -1   -2      9.218     -6.361      3.808
  -1   -2      9.218     -6.361      3.808
  -1   -2      9.218     -6.361      3.808
  -1   -2      9.218     -6.361      3.808
  -1   -2      9.218     -6.361      3.808
  -1   -2      9.218     -6.361      3.808
  -1   -2      9.218     -6.361      3.808
  -1   -2      9.218     -6.361      3.808
  -1   -2      9.218     -6.361      3.808
  -1   -2      9.218     -6.361      3.808
  -1   -2      9.218     -6.361      3.808
  -1   -2      9.218     -6.361      3.808
  -1   -2      9.218     -6.361      3.808
  -1   -2      9.218     -6.361      3.808
 252   -2      9.218     -6.361      3.808
