345
  -1   -2     11.601     -8.172     -4.118
  37    1      9.733     -7.902      1.461
   3   -2      2.697     -9.458      9.516
  -1   -2     -4.471     -6.942      6.450
   4   31     -2.397    -10.607     -0.150
  -1    6     17.609     -1.760     -8.153
  -1   -2      9.170     -6.346      3.884
  -1    5     16.357     -4.574     -9.593
  41   -2     17.813     -9.752     -3.443
  -1   21     20.712    -10.342     -8.125
  -1   14     13.206     -3.831      4.301
  44   11     17.351     -5.964     -0.657
  15    9     12.041     -0.050      1.364
  14   16      6.662     -9.082      8.306
  29   -2      4.701     -7.726      4.349
  10   -2     12.098     -5.522      3.548
  11   -2     10.984     -2.662      3.913
  80    7     14.621     -5.018     -5.912
  -1   45     19.435     -6.421     -4.839
 335   -2      6.978     -5.304      5.864
   9   -2     14.131     -7.185      7.824
  -1   23      4.310     -5.505      8.237
  27   29      7.981     -5.851      9.696
  25   28     -0.540     -8.767     -7.026
  -1   26      9.597      1.304      7.506
  26   27      4.422     -7.588     10.292
  -1   15      4.662    -10.166      1.469
  30   33     -5.786     -6.903    -10.195
  48   -2     19.383    -10.325     -5.349
  97   20     10.247     -1.605      6.767
 199   -2     12.550     -3.847     -4.932
  31   -2     -2.277    -10.185      2.147
  34   70     -0.107     -3.695     -9.633
  18   -2      5.199     -6.086      3.800
  90   35      9.159     -7.489      2.746
  40   36      8.946    -10.195      5.984
  -1    2     16.471    -10.326     -1.662
  39   34     -1.263     -9.573      5.420
  12   -2      3.026     -8.842      4.880
  82   13     18.258     -9.187     -3.356
  -1   17     17.384    -10.132     -2.685
  42   40    -11.554     -9.727     -7.926
  -1    3      2.032    -10.188      9.013
  45   41      6.452     -7.356      9.582
  16   -2     18.559     -6.165     -2.924
  96   -2     -6.579     -8.921    -10.622
  60   -2     16.868     -8.269      3.911
  23   99      9.147      0.612      8.614
  -1   47     -6.494     -9.254     -9.095
   7   -2     10.958     -8.062     -1.087
 157   -2     -0.319     -6.856      5.275
  53   -2     -8.929     -8.325      3.970
  52   50     14.577     -4.274      7.783
  21   -2      4.699     -7.387     10.056
   2    0     15.034     -8.266      7.955
  93   -2     18.981     -1.748     -5.607
  -1   -2     15.289     -9.222      3.344
  -1   -2     20.495     -8.410     -2.916
  -1   -2     -9.507     -0.708     -7.590
  -1   37      2.357    -10.828     -0.396
  -1   -2     13.636      1.940     -6.228
  -1  131     -8.794    -10.482    -10.239
  56   -2      2.433    -10.768      4.597
  -1   -2      3.470     -1.161      1.213
  -1  313     12.336     -0.397     -6.679
  -1   87     19.731      2.431     -2.580
  -1   -2     13.030     -8.916      9.984
  62   49     14.474    -10.497     -7.147
  28   -2     11.662     -4.362     -0.493
  -1  301      4.520      1.485      1.252
  -1   32      2.028     -0.863     -9.047
  -1   -2     -4.010     -5.126      2.148
  -1   -2     -7.421    -10.094     -9.855
  -1   -2      7.465     -3.239      8.369
  68   67     -1.831      1.233     -8.138
  70   -2     -8.683     -9.516      0.606
  -1   -2     21.113    -10.475     -2.983
  74   80     21.456     -1.456    -10.230
  17   63     13.777     -3.256     -5.941
  -1   -2      9.396     -7.140      7.671
  -1   -2     18.075    -11.235      0.584
 116  132     -0.757     -2.751      5.792
   0   -2     22.662     -3.036     -7.376
  -1   82     -4.514     -5.165      5.268
  57   83     13.529      4.273     -5.973
 348   -2     17.241     -1.079     -2.468
 110   19     16.921     -1.424     -3.698
  -1   -2      6.061     -2.411     -3.165
  -1   69     20.102      1.473     -0.583
  -1   -2     11.516    -10.537     -1.905
  -1   -2     10.744     -6.559      0.424
  98   73     -8.194    -10.838      7.851
  89   92      4.536     -9.703      9.721
  88   44     11.395     -9.159      1.281
  86   91     -2.544     -0.957    -11.429
  87   94      8.441     -9.727     11.439
  -1   93     10.673     -4.173      4.662
  95   98      6.969     -4.265     -2.294
  -1   -2      9.354      0.283      9.921
  81    4     -7.027    -11.682     -5.634
  -1   89     17.509      3.791    -11.712
  -1   38      9.597     -9.315     11.289
  -1   78     -0.690     -8.136      7.088
  -1   60      1.128    -11.181     -0.332
  -1  102    -11.463     -5.568     -5.318
  58   -2     -8.412     -4.498     -8.473
  99  117    -10.249     -6.090     -3.837
 100  101     17.930     -6.207     -6.746
  -1   -2      9.170     -6.346      3.884
  -1   -2     16.512     -4.576     -9.975
  -1   -2     -4.471     -6.942      6.450
  -1   -2     19.363     -6.436     -4.675
  -1   -2     -9.507     -0.708     -7.590
  -1   -2     13.636      1.940     -6.228
  -1   -2      2.357    -10.828     -0.396
  -1   -2      3.470     -1.161      1.213
  -1   -2     19.731      2.431     -2.580
  -1   22      7.465     -3.239      8.369
  -1   -2      4.520      1.485      1.252
 114   -2     -7.421    -10.094     -9.855
 166   46     -4.010     -5.126      2.148
  51  209     11.516    -10.537     -1.905
  -1   -2      9.170     -6.346      3.884
 101   -2     16.512     -4.576     -9.975
  -1   -2     -4.471     -6.942      6.450
  -1   -2     19.363     -6.436     -4.675
  -1   -2      2.357    -10.828     -0.396
  -1   -2     -9.507     -0.708     -7.590
  -1   -2     13.636      1.940     -6.228
  -1   -2      3.470     -1.161      1.213
  -1   -2     19.731      2.431     -2.580
  -1   -2      4.520      1.485      1.252
  -1   -2      7.465     -3.239      8.369
  -1   -2     -4.010     -5.126      2.148
  -1   -2     11.516    -10.537     -1.905
  -1   -2      9.170     -6.346      3.884
  -1   -2     -4.471     -6.942      6.450
  -1   -2      2.357    -10.828     -0.396
  -1   -2     13.636      1.940     -6.228
  -1   -2     -9.507     -0.708     -7.590
  -1   -2      3.470     -1.161      1.213
  -1   -2     19.731      2.431     -2.580
  -1   -2      4.520      1.485      1.252
  -1   -2      7.465     -3.239      8.369
  -1   74     -4.010     -5.126      2.148
  -1   -2     11.516    -10.537     -1.905
  -1   -2      9.170     -6.346      3.884
  -1   -2     -4.471     -6.942      6.450
  -1   -2      2.357    -10.828     -0.396
  -1   -2     -9.507     -0.708     -7.590
  -1   -2     13.636      1.940     -6.228
  -1   -2      3.470     -1.161      1.213
  -1   -2     19.731      2.431     -2.580
  -1   -2      4.520      1.485      1.252
  -1   -2      7.465     -3.239      8.369
  -1   -2     11.516    -10.537     -1.905
  -1   -2      9.170     -6.346      3.884
  -1   -2     -4.471     -6.942      6.450
  -1   -2      2.357    -10.828     -0.396
  -1   -2     -9.507     -0.708     -7.590
  -1   -2     13.636      1.940     -6.228
  -1   -2      3.470     -1.161      1.213
  -1   -2     19.731      2.431     -2.580
  -1   -2      7.465     -3.239      8.369
  -1   -2      4.520      1.485      1.252
  -1   -2     11.516    -10.537     -1.905
  -1   -2      9.170     -6.346      3.884
   8  158     -4.471     -6.942      6.450
  -1   -2     -9.507     -0.708     -7.590
  -1   -2      2.357    -10.828     -0.396
  -1   -2     13.636      1.940     -6.228
  -1   -2      3.470     -1.161      1.213
  -1   -2     19.731      2.431     -2.580
  -1   -2      4.520      1.485      1.252
  -1   -2      7.465     -3.239      8.369
  -1   -2     11.516    -10.537     -1.905
  -1   -2      9.170     -6.346      3.884
  -1   -2     -9.507     -0.708     -7.590
 172   25      2.357    -10.828     -0.396
  -1   -2     13.636      1.940     -6.228
  -1   -2      3.470     -1.161      1.213
  -1   -2     19.731      2.431     -2.580
  -1   -2      4.520      1.485      1.252
  -1   -2      7.465     -3.239      8.369
  -1   -2     11.516    -10.537     -1.905
  -1   -2      9.170     -6.346      3.884
  -1   -2     13.636      1.940     -6.228
  -1   -2     -9.507     -0.708     -7.590
  -1   -2      3.470     -1.161      1.213
  -1   -2     19.731      2.431     -2.580
  -1   -2      4.520      1.485      1.252
  -1   -2      7.465     -3.239      8.369
  -1   90     11.516    -10.537     -1.905
  -1   -2      9.170     -6.346      3.884
  -1   -2     -9.507     -0.708     -7.590
  -1   -2     13.636      1.940     -6.228
  -1   -2      3.470     -1.161      1.213
  -1   -2     19.731      2.431     -2.580
  -1   -2      7.465     -3.239      8.369
  -1   -2      4.520      1.485      1.252
  -1   -2      9.170     -6.346      3.884
  -1   -2     13.636      1.940     -6.228
  -1   -2     -9.507     -0.708     -7.590
  -1   -2      3.470     -1.161      1.213
  -1   -2     19.731      2.431     -2.580
  -1   -2      4.520      1.485      1.252
  -1   -2      7.465     -3.239      8.369
  -1   -2      9.170     -6.346      3.884
  -1   -2     -9.507     -0.708     -7.590
  -1   -2     13.636      1.940     -6.228
  -1   -2      3.470     -1.161      1.213
  -1   -2     19.731      2.431     -2.580
  -1   -2      4.520      1.485      1.252
  -1   -2      7.465     -3.239      8.369
  -1   -2      9.170     -6.346      3.884
  -1   -2     -9.507     -0.708     -7.590
  -1   -2     13.636      1.940     -6.228
  -1   -2      3.470     -1.161      1.213
  -1   -2     19.731      2.431     -2.580
  -1   -2      4.520      1.485      1.252
  -1   -2      7.465     -3.239      8.369
  -1   -2      9.170     -6.346      3.884
  -1   -2     -9.507     -0.708     -7.590
  -1   -2     13.636      1.940     -6.228
  -1   -2      3.470     -1.161      1.213
  -1   -2     19.731      2.431     -2.580
  -1   -2      4.520      1.485      1.252
  -1   -2      7.465     -3.239      8.369
  -1   -2      9.170     -6.346      3.884
  -1   -2     -9.507     -0.708     -7.590
  -1   -2     13.636      1.940     -6.228
  -1   -2      3.470     -1.161      1.213
  -1   -2     19.731      2.431     -2.580
  -1   -2      4.520      1.485      1.252
  -1   -2      7.465     -3.239      8.369
  -1   -2      9.170     -6.346      3.884
  -1   -2     -9.507     -0.708     -7.590
  -1   -2     13.636      1.940     -6.228
  -1   -2      3.470     -1.161      1.213
  -1   -2     19.731      2.431     -2.580
  -1   -2      7.465     -3.239      8.369
 231  236      4.520      1.485      1.252
  -1   -2      9.170     -6.346      3.884
  -1   -2     -9.507     -0.708     -7.590
  -1   -2     13.636      1.940     -6.228
  -1   -2      3.470     -1.161      1.213
  -1   -2     19.731      2.431     -2.580
  -1   -2      7.465     -3.239      8.369
  -1   -2      9.170     -6.346      3.884
  -1   -2     13.636      1.940     -6.228
  -1   -2     -9.507     -0.708     -7.590
  -1   -2      3.470     -1.161      1.213
  -1   -2     19.731      2.431     -2.580
  -1   -2      7.465     -3.239      8.369
  -1   -2      9.170     -6.346      3.884
  -1   -2     -9.507     -0.708     -7.590
  -1   -2     13.636      1.940     -6.228
  -1   -2      3.470     -1.161      1.213
  -1   -2     19.731      2.431     -2.580
  -1   -2      7.465     -3.239      8.369
  -1   -2      9.170     -6.346      3.884
  -1   -2     -9.507     -0.708     -7.590
  -1   -2     13.636      1.940     -6.228
  -1   -2      3.470     -1.161      1.213
  -1   -2     19.731      2.431     -2.580
  -1   -2      7.465     -3.239      8.369
  -1   -2      9.170     -6.346      3.884
  -1   -2     -9.507     -0.708     -7.590
  -1   -2     13.636      1.940     -6.228
  -1   -2      3.470     -1.161      1.213
  -1   -2     19.731      2.431     -2.580
  -1   -2      7.465     -3.239      8.369
  -1   -2      9.170     -6.346      3.884
  -1   -2     -9.507     -0.708     -7.590
  -1   -2     13.636      1.940     -6.228
  -1   -2      3.470     -1.161      1.213
  -1   -2     19.731      2.431     -2.580
  -1   -2      7.465     -3.239      8.369
  -1   -2      9.170     -6.346      3.884
  -1   -2     13.636      1.940     -6.228
  -1   -2     -9.507     -0.708     -7.590
  -1   -2      3.470     -1.161      1.213
  -1   -2     19.731      2.431     -2.580
  -1   -2      7.465     -3.239      8.369
  -1   -2      9.170     -6.346      3.884
  -1   -2     -9.507     -0.708     -7.590
  -1   -2     13.636      1.940     -6.228
  -1   -2      3.470     -1.161      1.213
  -1   -2     19.731      2.431     -2.580
  -1   -2      7.465     -3.239      8.369
  -1   -2      9.170     -6.346      3.884
  -1   -2     -9.507     -0.708     -7.590
  76   -2     13.636      1.940     -6.228
 302   -2      3.470     -1.161      1.213
  -1   -2     19.731      2.431     -2.580
  -1   -2      7.465     -3.239      8.369
  -1   -2      9.170     -6.346      3.884
  -1   -2     -9.507     -0.708     -7.590
  -1   -2     19.731      2.431     -2.580
  -1   -2      7.465     -3.239      8.369
  -1   -2      9.170     -6.346      3.884
 300   57     -9.507     -0.708     -7.590
  -1   -2     19.731      2.431     -2.580
  -1   -2      7.465     -3.239      8.369
  -1   -2      9.170     -6.346      3.884
  -1   -2     19.731      2.431     -2.580
  -1   -2      7.465     -3.239      8.369
  -1   -2      9.170     -6.346      3.884
  -1   -2     19.731      2.431     -2.580
  -1   -2      7.465     -3.239      8.369
  -1   -2      9.170     -6.346      3.884
  -1   -2     19.731      2.431     -2.580
  -1  336      7.465     -3.239      8.369
  -1   -2      9.170     -6.346      3.884
  -1   -2     19.731      2.431     -2.580
  -1   -2      9.170     -6.346      3.884
  -1   -2     19.731      2.431     -2.580
  -1   -2      9.170     -6.346      3.884
  -1   -2     19.731      2.431     -2.580
  -1   -2      9.170     -6.346      3.884
  -1   -2     19.731      2.431     -2.580
  -1   -2      9.170     -6.346      3.884
  -1   -2     19.731      2.431     -2.580
  -1   -2      9.170     -6.346      3.884
  -1   -2     19.731      2.431     -2.580
  -1   -2      9.170     -6.346      3.884
  -1   -2     19.731      2.431     -2.580
  -1   -2     19.731      2.431     -2.580
  -1   -2      9.170     -6.346      3.884
  -1   -2     19.731      2.431     -2.580
  -1   -2      9.170     -6.346      3.884
  -1   -2     19.731      2.431     -2.580
  -1   -2      9.170     -6.346      3.884
  -1   -2     19.731      2.431     -2.580
   6  349      9.170     -6.346      3.884
  -1   -2     19.731      2.431     -2.580
  -1   -2     19.731      2.431     -2.580
  -1   -2     19.731      2.431     -2.580
  -1   -2     19.731      2.431     -2.580
  -1   -2     19.731      2.431     -2.580
  -1   -2     19.731      2.431     -2.580
  -1   -2     19.731      2.431     -2.580
  -1   -2     19.731      2.431     -2.580
  -1   -2     19.731      2.431     -2.580
  85  111     19.731      2.431     -2.580
