206
  10   -2     10.397     -6.811      9.816
  65   -2     10.593     -7.830      9.503
  51  118     11.778     -8.546      5.049
  84   79      5.260     -8.934    -10.262
 163   -2     11.542     -6.714     10.219
  -1   10      6.287     -8.796      7.076
  29   -2      7.975     -8.971      5.445
   4    3      9.684     -6.167      8.004
  21   -2      1.300     -8.310     -4.078
  59   -2      7.237     -8.522     -6.777
  92   25      3.601     -8.479     -7.954
  32   11      7.717     -9.429     -9.042
  26   76      4.758     -9.324     -9.828
   6   86      4.026     -7.507     -9.515
 175  144     12.538     -9.164     -9.729
  -1   72      2.865     -8.480     -0.444
  -1   -2      3.242     -5.080      0.229
  70   18      0.685     -7.924     -2.269
  96  133      5.215     -8.616      5.367
   7   -2      4.877     -8.970     -8.508
  94   29      8.752     -9.528     -1.692
  -1   -2      2.942     -7.377     -5.475
  12   -2      7.268     -6.400      4.603
  28   68      9.926     -7.993      3.855
  57  193      8.138     -7.250      0.622
  18    9     12.083     -8.414     -0.047
  48   12      2.277     -6.222      8.974
  74   -2     11.512     -5.240      2.230
  40    5      1.346     -6.939      0.743
  -1    8      7.747     -9.006     -8.462
 201   -2     10.254     -3.391      8.145
 114  191     12.876     -4.929      9.662
 109   -2      7.517     -5.910      8.661
  42   -2      9.886     -8.877      3.236
  61    2      6.842     -8.331     -4.459
  -1   -2      0.712     -8.927     -2.018
 162  176     14.464     -6.733     -4.163
  -1   58      8.824     -2.297      8.999
  -1   63      2.873     -7.489     -9.174
  24   21      1.413     -7.213     -3.462
 143   37      8.657     -7.194     -3.406
  -1   -2      2.465     -8.089     -8.054
  45   35      5.053     -6.009      4.504
  23   41      6.689     -3.857     -5.200
 186   24      3.117     -6.674     -3.362
  -1   92     -0.895     -8.552      4.108
  -1   61     11.598     -6.860      2.922
 164   33     11.719     -3.389     -2.828
 106   -2      7.479     -8.770     -0.626
  43   22      2.631     -8.406     -4.096
  80   -2      3.643     -7.219     -5.399
  -1   13     11.212     -9.493     -8.332
 154   69      7.828     -4.819      3.672
  33  167     10.765     -5.026      1.904
  -1   43     -4.858     -9.191     -4.743
 145   -2     -4.046     -8.214      6.971
  47  137      9.677     -4.176      8.899
 190  169     -2.105     -9.821     -3.275
  71   -2      4.288     -6.611      2.580
  -1   -2      1.763     -9.495      5.628
  53   -2      2.078     -9.070     -5.078
  -1   51      5.106     -9.480      8.659
 138   97      7.977     -9.279     -3.497
  86   -2     10.022     -7.726     -1.213
 197  130     -0.189     -8.519     -4.327
 103   23      2.954     -8.662     -9.837
 105   93      3.304    -10.319      1.731
  56  198     -8.314     -4.767      9.126
  87  148      0.498    -10.318      7.361
  68   82      6.710     -2.327      1.900
 122   -2      7.682     -6.701      5.153
  73   90     -9.544     -5.616    -10.414
  19  142     14.942     -8.725     -2.535
 117   -2     -0.504     -6.086      2.444
  52  146     14.774     -9.628     -9.294
  76   38      3.523     -6.961      5.111
 198   78     12.235     -8.544     -4.623
  -1  150      4.509     -7.084     -1.682
  -1   54      9.225     -7.518      9.810
 113   14     12.644     -5.559      2.214
  55   88      4.809     -9.933      6.875
  -1  101      1.615     -9.618     -6.803
   3   -2      6.837     -7.356     -0.701
 100    4     12.121     -5.920     10.029
  77   -2      0.976    -10.727     -7.402
  81  164      4.085     -3.987      7.258
 131   31     -2.955    -10.626     -4.840
 146  140     14.193     -6.362      0.417
  -1  120     11.468     -6.397      1.352
  -1  134     11.592     -7.236     10.230
  95   -2      5.557     -7.133      8.083
  -1   -2     10.552     -6.452      0.911
  46  100     10.297     -6.999      7.778
  44  160     -7.498     -8.860     -3.742
  50   85     19.187     -6.444     -4.326
  -1  109     20.135     -7.922     -2.669
  -1  107     -1.527     -4.880      9.537
  20   45     13.644     -6.525      8.633
 150   52     -5.402     -8.846     -2.755
  -1   -2     -3.728     -5.975      1.474
  -1   -2     -1.533     -6.582      4.226
  25   57     -9.231     -9.601     -9.846
  30  114     -9.271    -10.056      2.813
 111   -2     20.225     -9.003     -5.661
  -1  184     10.934     -4.596      9.582
 130  111     10.591     -7.108      1.916
  98  222      1.207      0.493      7.523
 118   77     -0.511     -9.708     -0.045
  -1   -2     16.400     -8.524      4.042
   9    7      9.593     -8.618     -8.095
  -1  138      5.576     -4.368     -4.722
  -1   50     12.383     -4.951     -1.220
  -1   -2      1.739     -8.335     -2.130
  -1   34     -4.379     -8.805      0.979
 179   -2     -7.533     -5.945      4.680
  -1  113      6.576     -8.533     -7.417
  13   -2      3.343     -9.171     -9.752
  58   -2     -5.234     -9.329      3.078
  -1  127      9.905     -3.306      6.566
 183   -2     14.189     -4.258      2.942
 110   59     -6.372    -10.735      1.903
 177   75      9.214     -9.820     -1.097
 112   -2      4.069     -9.576     -9.476
   2   -2     12.669     -8.566     10.359
  -1   15      8.202     -8.041      8.414
  64   -2      7.770     -7.231      6.899
  -1  135     -6.575     -6.602     -9.358
  -1   98      1.954     -5.128     10.255
  82   -2      5.411     -8.763     -7.068
 128   17      6.421     -5.592      5.724
   0   -2     13.404     -8.483      0.184
  -1   -2     -7.942    -10.099    -10.282
 140  205      9.492     -3.062      2.997
  -1   62      9.837     -4.765     -2.055
 108   99     -1.975     -8.075      0.393
  -1   -2      7.196     -7.020     -8.416
 125   89     15.619     -7.278      7.974
 189   -2     12.951     -3.743      2.426
  11   36      7.701     -7.560     -8.342
  83   32      4.120     -7.122     -3.170
  -1   -2     18.393     -7.332     -8.482
 116   -2     -2.113     -6.077     -0.867
  -1   -2     11.740     -2.991     -3.387
  88   -2     -2.127     -7.211     -7.489
 168   91     -8.126     -9.923      3.406
 124   -2     10.776     -3.815      2.037
  -1   -2     -4.366     -9.763      3.103
 184   -2      2.740     -2.625      0.854
 136   -2    -11.538     -9.724     -7.906
  22  123      7.463     -6.629      7.584
  -1   30     -2.349     -6.755      4.653
  36  173      5.307     -4.285      0.924
 195   64     10.417     -2.458      7.768
  49   65      8.318     -6.030      1.002
 155  131     -5.856     -9.817      3.336
  31  163      8.618     -6.944     10.348
 135  174      9.145      1.252      8.614
  99  157     -0.368     -7.992      0.388
  -1   46      3.764     -3.782     -8.648
  -1  136     -5.701     -7.527      9.252
 157   48     10.072     -4.982     -3.972
 119  128     -8.960     -9.326     -0.425
  -1   -2     -2.551     -6.051      3.443
   5   -2     13.483     -9.341    -10.143
 137   -2     10.258      0.562      5.852
  -1   -2     -0.435     -8.756     -4.098
 139   -2     -8.039     -7.656      3.161
 133   -2      3.930     -9.060     -5.863
  -1   -2     -6.369     -7.890     -2.020
 192  108     14.417     -1.989      2.760
 191   -2      5.238      0.043     -1.576
  -1  208    -12.733     -1.546     -8.006
  -1  151      5.668    -10.663      4.156
  -1   -2      3.591     -2.914      0.935
  -1  209     11.500      4.026      1.316
  -1   -2    -14.133    -10.899      2.630
  -1  192     20.035     -7.222     -2.192
  60  212     18.708     -9.743     -0.553
  -1   20      9.493     -9.961    -11.763
  -1  181     15.439    -10.329    -10.489
 200   -2    -12.107     -3.179     -6.318
  -1  119     18.967    -10.130     -0.413
  -1   -2     -1.818    -10.965     -6.467
 166  202    -15.221    -10.495      3.256
 172   -2     20.558     -4.701     -9.979
  -1  218     13.294     -0.217      9.032
 171  216     -2.087      0.556     -2.916
 153  182    -12.184    -10.555     -6.673
  -1   94      2.267    -11.172     -5.892
 159   -2     -3.487     -7.336     -5.560
 178   -2     -4.516     -5.164      5.274
  -1   -2     -5.423    -12.415     -7.701
 185  183     -9.700     -0.771     -8.021
 180  147     -4.660     -4.813     -6.765
  -1   -2      3.952      1.750      5.061
  -1   -2     19.458     -1.923     -6.745
  -1   -2      4.270    -10.543     -2.364
 193   -2     17.516      3.792    -11.726
  -1  179    -12.335     -5.623     -2.153
  -1   -2     18.468     -3.578      0.083
 182  194      9.808     -1.640      7.503
  -1   40     -3.959     -5.133     -4.007
  -1   -2      3.242     -5.080      0.229
 167  223     11.500      4.026      1.316
  -1   -2    -14.134    -10.899      2.630
  15  221      3.261     -5.087      0.229
