347
   0   -2      9.752     -7.894      1.404
  -1   47     -1.386    -10.249     -7.127
   2   -2      2.696     -9.459      9.515
  48   -2     -2.403    -10.604     -0.138
   6  107     16.330     -4.562     -9.524
  -1   -2      9.174     -6.348      3.871
  -1    8     11.644     -8.226     -4.379
  -1   -2     -4.461     -6.942      6.472
   7   10     13.207     -3.832      4.309
  40   11     17.351     -5.963     -0.655
  -1   14     12.097     -5.522      3.554
  12   15      4.704     -7.727      4.360
  89  100      6.667     -9.085      8.292
  14   12     14.607      0.499     -5.056
  80   -2     14.622     -5.016     -5.898
  -1   53     19.441     -6.421     -4.853
  17   20     10.983     -2.663      3.917
 311    5      6.974     -5.304      5.860
  10    4     20.070    -10.266     -6.451
  22   57      4.311     -5.504      8.242
  -1   23     14.131     -7.186      7.823
  23   24     -0.546     -8.770     -7.049
  28  110     13.961      1.387     -3.339
  71   35     20.060     -2.437     -6.566
   3   -2     -2.277    -10.184      2.146
  26   22      7.982     -5.850      9.695
  34   41     -0.096     -3.700     -9.604
 130   39     14.161     -8.322      9.491
  -1   -2      4.422     -7.589     10.291
  25   27      4.663    -10.166      1.466
  32   36     12.546     -3.846     -4.923
  73   51     17.987    -10.023     -2.495
  29   -2     18.060     -9.871     -4.206
  -1   -2     14.761    -10.342     -5.783
  -1   -2     -1.135     -8.737      3.858
  33   33     -5.781     -6.904    -10.190
  -1  105     20.326    -11.093     -4.418
  -1   -2     12.322     -9.467     10.484
 188   43      8.946    -10.196      5.986
 102    0      9.154     -7.490      2.759
  93    2      2.030    -10.187      9.016
  39   48    -11.558     -9.726     -7.939
  36   44      3.026     -8.841      4.877
  18   -2     -6.318     -9.132     -8.102
  16   -2     18.557     -6.165     -2.917
  91   -2     -4.716    -10.949      0.211
  -1   -2     16.774     -3.866      4.386
  43   -2      6.450     -7.357      9.576
  52   30     18.317    -10.438     -2.606
  99   -2     11.262     -8.722      3.220
  -1   -2     14.168     -8.589     10.277
  49   56     14.577     -4.273      7.776
  -1   37     -6.036    -10.238     -1.486
  45   55     14.859    -10.012     -7.189
  -1   80     -8.931     -8.327      3.967
  -1   -2     15.800     -3.869     -9.109
  -1   -2      2.466     -8.024      3.835
 190  200     10.800     -3.144     -6.852
  -1   -2     -4.011     -7.506    -10.435
  -1  303     -9.512     -0.710     -7.595
  87   -2     17.408     -1.517     -1.869
  -1   -2     13.634      1.937     -6.222
  83    6     17.457     -8.169      3.710
  -1  175      2.378    -10.826     -0.335
  -1   -2      3.469     -1.161      1.213
  -1   -2      8.958      0.880     -9.745
  63  317      8.428     -2.488     10.291
  -1  347     19.733      2.432     -2.582
  -1  298     12.336     -0.400     -6.678
  67   68     17.540      3.838    -12.248
  -1   54     -4.013     -5.125      2.149
  -1   -2      7.464     -3.239      8.369
  -1  299      4.519      1.487      1.251
  -1   -2     -7.021     -4.094     -4.827
  -1   45     -7.423    -10.096     -9.859
  68   70     -1.833      1.233     -8.139
  21    1     15.848     -9.359      5.349
  -1   82     -7.102     -5.922      5.720
  64   -2    -10.070    -10.558     -5.029
  88   52      9.395     -7.137      7.670
  74   78     21.454     -1.457    -10.228
  -1   -2     12.019    -10.307      7.585
  -1   -2     -0.757     -2.748      5.791
  79   -2     -4.505     -5.166      5.288
  78   -2     13.532      4.273     -5.985
  82   85      6.060     -2.411     -3.164
  84  125     19.810     -7.956     -4.403
  -1  190     11.509    -10.533     -1.881
  86   -2     10.744     -6.558      0.421
 113   17     17.231     -1.085     -2.493
 339   -2     18.729      1.420     -6.137
  38   28      4.539     -9.704      9.718
  -1   -2     13.928     -8.054      6.981
  47   -2      8.450     -9.727     11.428
  -1   -2      6.969     -4.265     -2.294
  44   93      0.860     -4.223      8.525
  -1   90     -2.513     -0.961    -11.358
  96   99      9.359      0.282      9.940
  92   95      7.989     -3.503     -3.539
  41  101      0.880     -9.775      8.470
  70   -2    -10.004     -9.280     -2.690
  -1   34      4.653     -6.276      2.314
  11   67      9.064     -9.341      5.739
  -1  337      9.174     -6.348      3.871
 151  162     -4.461     -6.942      6.472
  -1   -2     19.364     -6.437     -4.679
  -1   -2     10.800     -3.144     -6.852
  -1   -2     -9.512     -0.710     -7.595
  -1   -2      2.378    -10.826     -0.335
  -1  104     13.634      1.937     -6.222
  -1  132      8.958      0.880     -9.745
  -1   -2      3.469     -1.161      1.213
  -1   -2     19.733      2.432     -2.582
  -1   -2     12.336     -0.400     -6.678
  -1   -2     13.031     -8.915      9.979
  -1   -2      4.519      1.487      1.251
  -1   18      7.464     -3.239      8.369
  69   -2     -7.102     -5.922      5.720
  -1   -2     -4.013     -5.125      2.149
  -1   -2     12.019    -10.307      7.585
  -1   -2     11.509    -10.533     -1.881
  -1   -2      9.174     -6.348      3.871
  -1   -2     -4.461     -6.942      6.472
  -1   88     19.364     -6.437     -4.679
  -1   -2     -9.512     -0.710     -7.595
  -1   -2     10.800     -3.144     -6.852
  -1   -2     13.634      1.937     -6.222
  -1   -2     13.031     -8.915      9.979
  -1   -2      8.958      0.880     -9.745
  -1   -2      3.469     -1.161      1.213
  -1   -2     19.733      2.432     -2.582
 129   -2     12.336     -0.400     -6.678
  -1   -2      7.464     -3.239      8.369
  -1   -2      4.519      1.487      1.251
  -1   -2     -4.013     -5.125      2.149
  -1   -2     12.019    -10.307      7.585
  -1   -2     11.509    -10.533     -1.881
  -1   -2      9.174     -6.348      3.871
 121  151     -1.407     -8.743      3.138
  -1   -2     -4.461     -6.942      6.472
  -1   -2     10.800     -3.144     -6.852
  -1   -2     -9.512     -0.710     -7.595
  -1   -2     13.634      1.937     -6.222
  -1   -2      8.958      0.880     -9.745
  30   -2     13.031     -8.915      9.979
  -1   -2      3.469     -1.161      1.213
  -1   -2     19.733      2.432     -2.582
  -1   -2      7.464     -3.239      8.369
  -1   -2      4.519      1.487      1.251
  -1   -2     -4.013     -5.125      2.149
  -1   -2     12.019    -10.307      7.585
  -1   -2     11.509    -10.533     -1.881
  -1   -2      9.174     -6.348      3.871
  97  120     -4.461     -6.942      6.472
  -1   -2     10.800     -3.144     -6.852
  -1   -2     -9.512     -0.710     -7.595
  -1   -2      2.378    -10.826     -0.335
  -1   -2     13.634      1.937     -6.222
  -1   -2      3.469     -1.161      1.213
  -1   -2     19.733      2.432     -2.582
  -1   -2      4.519      1.487      1.251
  -1   -2      7.464     -3.239      8.369
 118  135     -4.013     -5.125      2.149
 148   -2     12.019    -10.307      7.585
  -1   -2     11.509    -10.533     -1.881
  -1   -2      9.174     -6.348      3.871
  -1   -2     10.800     -3.144     -6.852
  -1   -2     -9.512     -0.710     -7.595
  -1   -2     13.634      1.937     -6.222
 164   62      2.378    -10.826     -0.335
  -1   -2      3.469     -1.161      1.213
  -1   -2     19.733      2.432     -2.582
  -1   -2      4.519      1.487      1.251
  -1   -2      7.464     -3.239      8.369
  -1   -2     11.509    -10.533     -1.881
  -1   -2      9.174     -6.348      3.871
  -1   -2     10.800     -3.144     -6.852
  -1   -2     -9.512     -0.710     -7.595
  -1   -2     13.634      1.937     -6.222
  -1   -2      3.469     -1.161      1.213
  -1   -2     19.733      2.432     -2.582
  -1   -2      4.519      1.487      1.251
  -1   -2      7.464     -3.239      8.369
  -1   -2     11.509    -10.533     -1.881
  -1   -2      9.174     -6.348      3.871
  -1   -2     10.800     -3.144     -6.852
  -1   -2     -9.512     -0.710     -7.595
  -1   -2     13.634      1.937     -6.222
  -1   -2      3.469     -1.161      1.213
  -1   -2     19.733      2.432     -2.582
  -1   -2      4.519      1.487      1.251
  -1   -2      7.464     -3.239      8.369
  -1   -2     11.509    -10.533     -1.881
  -1   -2      9.174     -6.348      3.871
  -1   -2     13.634      1.937     -6.222
  -1   -2     -9.512     -0.710     -7.595
  -1   -2     10.800     -3.144     -6.852
  -1   -2      3.469     -1.161      1.213
  -1   -2     19.733      2.432     -2.582
  -1   -2      4.519      1.487      1.251
  -1   -2      7.464     -3.239      8.369
  -1   -2     11.509    -10.533     -1.881
  -1   -2      9.174     -6.348      3.871
  -1   -2     -9.512     -0.710     -7.595
  -1   -2     13.634      1.937     -6.222
  -1   -2      3.469     -1.161      1.213
  -1   -2     19.733      2.432     -2.582
  -1   -2      4.519      1.487      1.251
  -1   -2      7.464     -3.239      8.369
  -1   -2      9.174     -6.348      3.871
  -1   -2     -9.512     -0.710     -7.595
  -1   -2     13.634      1.937     -6.222
  -1   -2      3.469     -1.161      1.213
  -1   -2     19.733      2.432     -2.582
  -1   -2      4.519      1.487      1.251
  -1   -2      7.464     -3.239      8.369
  -1   -2      9.174     -6.348      3.871
  -1   -2     -9.512     -0.710     -7.595
  -1   -2     13.634      1.937     -6.222
  -1   -2      3.469     -1.161      1.213
  -1   -2     19.733      2.432     -2.582
  -1   -2      4.519      1.487      1.251
  -1   -2      7.464     -3.239      8.369
  -1   -2      9.174     -6.348      3.871
  -1   -2     -9.512     -0.710     -7.595
  -1   -2     13.634      1.937     -6.222
  -1   -2      3.469     -1.161      1.213
  -1   -2     19.733      2.432     -2.582
 231  241      4.519      1.487      1.251
  -1   -2      7.464     -3.239      8.369
  -1   -2      9.174     -6.348      3.871
  -1   -2     -9.512     -0.710     -7.595
  -1   -2     13.634      1.937     -6.222
  -1   -2      3.469     -1.161      1.213
  -1   -2     19.733      2.432     -2.582
  -1   -2      7.464     -3.239      8.369
  -1   -2      9.174     -6.348      3.871
  -1   -2     -9.512     -0.710     -7.595
  -1   -2     13.634      1.937     -6.222
  -1   -2      3.469     -1.161      1.213
  -1   -2     19.733      2.432     -2.582
  -1   -2      7.464     -3.239      8.369
  -1   -2      9.174     -6.348      3.871
  -1   -2     -9.512     -0.710     -7.595
  -1   -2     13.634      1.937     -6.222
  -1   -2      3.469     -1.161      1.213
  -1   -2     19.733      2.432     -2.582
  -1   -2      7.464     -3.239      8.369
  -1   -2      9.174     -6.348      3.871
  -1   -2     -9.512     -0.710     -7.595
  -1   -2     13.634      1.937     -6.222
  -1   -2      3.469     -1.161      1.213
  -1   -2     19.733      2.432     -2.582
  -1   -2      7.464     -3.239      8.369
  -1   -2      9.174     -6.348      3.871
  -1   -2     -9.512     -0.710     -7.595
  -1   -2     13.634      1.937     -6.222
  -1   -2      3.469     -1.161      1.213
  -1   -2     19.733      2.432     -2.582
  -1   -2      7.464     -3.239      8.369
  -1   -2      9.174     -6.348      3.871
  -1   -2     -9.512     -0.710     -7.595
  -1   -2     13.634      1.937     -6.222
  -1   -2      3.469     -1.161      1.213
  -1   -2     19.733      2.432     -2.582
  -1   -2      7.464     -3.239      8.369
  -1   -2      9.174     -6.348      3.871
  -1   -2     13.634      1.937     -6.222
  -1   -2     -9.512     -0.710     -7.595
  -1   -2      3.469     -1.161      1.213
  -1   -2     19.733      2.432     -2.582
  -1   -2      7.464     -3.239      8.369
  -1   -2      9.174     -6.348      3.871
  -1   -2     -9.512     -0.710     -7.595
  -1   -2     13.634      1.937     -6.222
  -1   -2      3.469     -1.161      1.213
  -1   -2     19.733      2.432     -2.582
  -1   -2      7.464     -3.239      8.369
  -1   -2      9.174     -6.348      3.871
  -1   -2     -9.512     -0.710     -7.595
  -1   -2     13.634      1.937     -6.222
  -1   -2      3.469     -1.161      1.213
  -1   -2     19.733      2.432     -2.582
  -1   -2      7.464     -3.239      8.369
  -1   -2      9.174     -6.348      3.871
  -1   -2     -9.512     -0.710     -7.595
  -1   -2     13.634      1.937     -6.222
  -1   -2      3.469     -1.161      1.213
  -1   -2     19.733      2.432     -2.582
  -1   -2      7.464     -3.239      8.369
  -1   -2      9.174     -6.348      3.871
  -1   -2     -9.512     -0.710     -7.595
  -1   -2     13.634      1.937     -6.222
  -1   -2      3.469     -1.161      1.213
  -1   -2     19.733      2.432     -2.582
  -1   -2      7.464     -3.239      8.369
  -1   -2      9.174     -6.348      3.871
 293   -2     -9.512     -0.710     -7.595
  -1   -2     13.634      1.937     -6.222
  59   -2      3.469     -1.161      1.213
  -1   -2     19.733      2.432     -2.582
  -1   -2      7.464     -3.239      8.369
  -1   -2      9.174     -6.348      3.871
  -1   -2     13.634      1.937     -6.222
  -1   -2     19.733      2.432     -2.582
  -1   -2      9.174     -6.348      3.871
  -1   -2     13.634      1.937     -6.222
  -1   -2     19.733      2.432     -2.582
  -1   -2      7.464     -3.239      8.369
  -1   -2      9.174     -6.348      3.871
  60   -2     13.634      1.937     -6.222
  -1   -2     19.733      2.432     -2.582
  -1   -2      7.464     -3.239      8.369
  -1   -2      9.174     -6.348      3.871
  -1   -2     19.733      2.432     -2.582
  -1   -2      7.464     -3.239      8.369
  -1   -2      9.174     -6.348      3.871
  -1   -2     19.733      2.432     -2.582
  -1   -2      7.464     -3.239      8.369
  -1   -2      9.174     -6.348      3.871
  -1   -2     19.733      2.432     -2.582
  -1   -2      7.464     -3.239      8.369
  -1   -2      9.174     -6.348      3.871
  -1   -2     19.733      2.432     -2.582
  -1   -2      7.464     -3.239      8.369
  -1   -2      9.174     -6.348      3.871
  -1   -2     19.733      2.432     -2.582
  -1   -2      7.464     -3.239      8.369
  -1   -2      9.174     -6.348      3.871
  -1   -2     19.733      2.432     -2.582
  -1   -2      7.464     -3.239      8.369
  -1   -2      9.174     -6.348      3.871
  -1   -2     19.733      2.432     -2.582
  -1   -2      7.464     -3.239      8.369
  -1   -2      9.174     -6.348      3.871
  -1   -2     19.733      2.432     -2.582
  -1   -2      9.174     -6.348      3.871
  -1   -2     19.733      2.432     -2.582
  -1   -2      9.174     -6.348      3.871
  -1   -2     19.733      2.432     -2.582
  -1   -2      9.174     -6.348      3.871
  -1   -2     19.733      2.432     -2.582
  -1   -2      9.174     -6.348      3.871
  -1   -2     19.733      2.432     -2.582
  -1   -2      9.174     -6.348      3.871
  -1   -2     19.733      2.432     -2.582
  -1   -2     19.733      2.432     -2.582
