182
   0    0      9.748     -7.893      1.405
   1    9     -6.521     -9.142     -8.389
  44   74      2.698     -9.458      9.521
   2    5     12.679     -8.657     -7.185
  71   32     17.812     -9.753     -3.437
   7  104     16.364     -4.573     -9.611
  -1   -2      9.170     -6.347      3.884
  -1   78     -4.458     -6.943      6.471
  50    7     13.211     -3.830      4.319
   9    8     17.353     -5.964     -0.654
 107   -2     14.605      0.498     -5.048
  11   11     12.099     -5.522      3.550
  -1   10      4.706     -7.728      4.372
  -1   42     19.441     -6.421     -4.852
   5   -2     14.619     -5.015     -5.903
 174  103      6.978     -5.303      5.871
  16   -2     10.977     -2.662      3.934
  19   -2     14.131     -7.188      7.833
  23   26      4.312     -5.503      8.244
  27   24     -2.277    -10.184      2.158
  -1   18     20.048    -10.455     -6.948
 100   -2     17.803     -4.232     -0.679
  25   22      4.422     -7.588     10.292
  -1   19     -0.534     -8.765     -7.007
  26   25     13.997      1.377     -3.432
  21   21      7.982     -5.851      9.703
  28   23     -2.864     -9.778      0.023
  18   27      4.664    -10.167      1.471
  84   -2     20.837     -2.768     -3.260
  33   35     -5.778     -6.903    -10.185
  97   16      5.201     -6.085      3.807
  29   -2     12.546     -3.847     -4.920
  70   29     -0.106     -3.695     -9.627
  98   -2     -4.862     -8.441     -6.505
 190   33      9.156     -7.489      2.758
  35   -2     18.062     -9.121     -2.976
  64   -2      3.026     -8.842      4.876
  37   -2     -1.606     -8.710      5.123
  63   -2     16.179     -0.965     -8.696
  95   37     14.900     -6.905      7.415
  38   41    -11.557     -9.724     -7.932
  42   38      6.450     -7.356      9.576
  43   40     16.640    -10.459      1.620
  14   -2     18.556     -6.174     -2.918
  72   43     -7.416     -3.922      7.018
  41   34     16.978     -6.916      0.121
   3   -2      4.583     -9.520     10.585
  96   49     16.872     -8.269      3.927
  10  164     -0.318     -6.857      5.279
  67   47     -2.005     -6.477      2.001
  -1   -2      0.924     -9.737      8.284
  34   53      4.468     -7.264      8.842
  22   39     -2.242     -8.765     -8.867
   4   -2     -5.398     -7.247      2.677
  74   -2      7.803     -9.609      5.324
  -1   50     14.579     -4.273      7.780
  51   52     -8.920     -8.324      3.945
  -1   -2     10.830     -3.152     -6.730
  -1   -2     -9.507     -0.710     -7.584
 118   13     13.636      1.938     -6.221
  -1  109      8.957      0.880     -9.743
  -1  171      3.469     -1.161      1.212
  61   98     13.031     -8.915      9.992
  59   -2     12.336     -0.397     -6.677
  -1   -2     19.731      2.431     -2.579
  20  118     17.618    -10.262     -4.586
  -1  175      8.426     -2.489     10.293
  -1   -2     14.478    -10.490     -7.159
  77    1     -4.009     -5.125      2.151
  -1   -2      4.519      1.486      1.252
  -1   -2      7.462     -3.238      8.375
  90  116     -7.022     -4.096     -4.826
  87   71     -1.831      1.235     -8.140
  73   -2    -10.079    -10.556     -4.981
  75   -2     16.969    -10.258    -11.050
  -1   95     -8.284    -10.488     -0.365
 106   -2     -6.549     -4.647     -4.574
  79   36      1.627    -10.593      2.413
  76   77     21.439     -1.458    -10.196
  -1   -2      0.874     -9.943      5.790
  80   58     13.530      4.273     -5.973
 102   -2    -10.929     -8.156     -3.493
  82   85     17.233     -1.084     -2.490
  -1   -2      6.061     -2.411     -3.158
  -1   46     11.501    -10.532     -1.865
  -1   -2     -9.084     -4.565     -5.967
  -1   -2      0.429    -10.772     -3.598
  89  111     12.015    -10.305      7.603
  -1   89     -2.537     -0.959    -11.416
  -1   48     10.743     -6.558      0.429
  -1   54      8.394     -9.730     11.565
 103   75      1.973     -3.939     11.371
  -1   -2     11.393     -9.162      1.287
  -1   -2     19.623    -11.441     -4.606
  -1   83      0.638    -10.547     -9.259
  53   -2      9.056     -9.317      5.720
  -1   -2     18.731      1.427     -6.140
  91   92      6.970     -4.264     -2.292
  -1  131     17.533      3.791    -11.764
  92  100      9.357      0.283      9.935
  94   81      8.014     -3.500     -3.475
  -1   82      9.614     -9.316     11.346
  -1   90      9.609     -8.884      6.569
  85   97    -11.470     -5.565     -5.328
 120   17     14.654     -8.115      9.462
  -1   99     19.284     -7.747     -7.138
  -1   -2     20.737     -0.926    -12.433
  -1   -2      9.170     -6.347      3.884
  -1   -2     10.830     -3.152     -6.730
  -1   -2     -9.507     -0.710     -7.584
  57  107     19.544    -11.405     -4.940
  -1   -2     13.636      1.938     -6.221
  -1   -2      3.469     -1.161      1.212
  -1   86     19.731      2.431     -2.579
  66  115     14.478    -10.490     -7.159
  -1   -2      4.519      1.486      1.252
  -1   -2      7.462     -3.238      8.375
  -1   -2      9.170     -6.347      3.884
  -1   -2     10.830     -3.152     -6.730
  -1   -2     -9.507     -0.710     -7.584
  -1   -2     13.636      1.938     -6.221
  -1   -2      3.469     -1.161      1.212
  -1   -2     19.731      2.431     -2.579
  -1   -2      4.519      1.486      1.252
  -1   -2      7.462     -3.238      8.375
  -1   -2      9.170     -6.347      3.884
  -1   -2     10.830     -3.152     -6.730
  -1   -2     -9.507     -0.710     -7.584
  -1   -2     13.636      1.938     -6.221
 137   60      3.469     -1.161      1.212
  -1   -2     19.731      2.431     -2.579
  -1   -2      4.519      1.486      1.252
  -1   -2      7.462     -3.238      8.375
  -1   -2      9.170     -6.347      3.884
  -1  102     -4.464     -6.944      6.393
  99   -2     19.462     -6.402     -5.002
  -1   -2     -9.507     -0.710     -7.584
  -1   -2     10.830     -3.152     -6.730
  -1   -2     19.731      2.431     -2.579
  -1   -2      4.519      1.486      1.252
  -1   -2      7.462     -3.238      8.375
  -1   -2      9.170     -6.347      3.884
  -1   -2     10.830     -3.152     -6.730
  -1   -2     -9.507     -0.710     -7.584
  -1   -2     19.731      2.431     -2.579
  -1   -2      4.519      1.486      1.252
  -1   -2      7.462     -3.238      8.375
  -1   -2      9.170     -6.347      3.884
  -1   -2     10.830     -3.152     -6.730
  -1   -2     -9.507     -0.710     -7.584
  -1   -2     19.731      2.431     -2.579
  -1   -2      4.519      1.486      1.252
  -1   -2      7.462     -3.238      8.375
  -1   -2      9.170     -6.347      3.884
  -1   -2     10.830     -3.152     -6.730
  -1   -2     -9.507     -0.710     -7.584
  -1   -2     19.731      2.431     -2.579
  -1   -2      4.519      1.486      1.252
  -1   -2      7.462     -3.238      8.375
  -1   -2      9.170     -6.347      3.884
 105   28     10.830     -3.152     -6.730
  -1   -2     -9.507     -0.710     -7.584
  -1   -2     19.731      2.431     -2.579
  -1   -2      4.519      1.486      1.252
  -1   -2      7.462     -3.238      8.375
  -1   -2      9.170     -6.347      3.884
  -1   -2     -9.507     -0.710     -7.584
  -1   -2     19.731      2.431     -2.579
  -1   -2      7.462     -3.238      8.375
  -1   -2      4.519      1.486      1.252
  -1   -2      9.170     -6.347      3.884
  -1   -2     -9.507     -0.710     -7.584
  -1   -2     19.731      2.431     -2.579
  -1   -2      7.462     -3.238      8.375
  -1   -2      9.170     -6.347      3.884
  -1   -2     19.731      2.431     -2.579
  -1   -2      9.170     -6.347      3.884
  -1   -2      9.170     -6.347      3.884
  -1   -2     19.731      2.431     -2.579
  -1   -2      9.170     -6.347      3.884
 187  189     19.731      2.431     -2.579
   6  192      9.170     -6.347      3.884
