258
  10   -2      6.047     -8.840     -9.869
  22   38      4.705     -7.694      4.307
  28   -2     18.343     -5.168     -1.135
  44   10     11.235     -7.774     -1.798
  45   31      3.740     -8.521      3.020
  56   26      2.277     -6.799      8.196
   4    0      6.978     -8.200     -8.152
   6  115     -2.400    -10.607     -0.150
   9   52     11.635     -8.228     -4.360
  -1   -2      9.170     -6.345      3.884
  57   -2      2.790    -10.697      5.603
  65   -2      3.131     -7.791      3.700
  -1   -2     -4.460     -6.943      6.467
  -1    1     17.350     -5.963     -0.644
  18   17     13.205     -3.832      4.308
  19   11     10.638     -2.647      4.774
   2   -2     16.838     -4.239      2.479
  14  271     12.095     -5.522      3.562
 116  131     19.438     -6.420     -4.842
  -1   -2      8.835     -7.605      4.224
  63   -2     14.609      0.499     -5.059
  -1   20      3.646     -8.977     -1.385
  24   57     16.532     -4.506    -10.029
  -1   12      0.978     -6.948      9.673
  20   32     13.995      1.381     -3.426
 132   -2      6.980     -5.303      5.881
  29   29      4.311     -5.504      8.242
  30   35      7.979     -5.852      9.692
  -1   36     12.545     -3.847     -4.920
  66   60     10.248     -1.607      6.764
  13   51     10.521     -8.777      4.332
  -1    5      4.427     -7.589     10.297
   1  113     19.978     -7.901     -4.194
  39   -2     -2.278    -10.185      2.141
 113   -2      1.000     -9.910      6.117
  37   40     -0.113     -3.697     -9.646
  60   25      1.386     -8.878      0.425
  36   -2      5.201     -6.084      3.811
  32   -2     -5.778     -6.908    -10.165
 125   56     -0.639     -6.002      5.961
  46   88      8.030     -7.730      9.520
  34   39     -2.867     -9.781      0.010
  40   -2     18.547     -6.136     -2.886
  49   47     16.944     -8.317      4.182
  48   46    -11.561     -9.726     -7.949
  71    4     -1.284     -8.683     -6.219
  62   24      7.645     -7.882     -7.452
  -1   45      6.453     -7.355      9.580
  59   -2     17.781     -9.047     -2.321
 104   -2     -6.317     -9.132     -8.110
  41   -2     -0.440     -8.178      6.358
  64   58     12.343     -9.391      1.688
  -1   22     10.953     -8.060     -1.072
  -1   91     -7.419     -3.922      7.011
  -1   14     -0.685     -5.996     -6.852
  33   -2      4.201     -8.284      8.230
  -1   -2     15.808     -3.865     -9.069
  38   -2      7.913    -11.074     -5.250
  -1   -2     10.816     -3.148     -6.788
  -1   48      2.922     -9.406     10.117
  23   -2     11.713     -5.200     -5.302
  -1   67     15.137    -10.206      0.025
  -1   -2     13.636      1.939     -6.222
 112   -2     14.824    -10.338     -5.835
  -1   -2      8.959      0.880     -9.745
  68  133      3.470     -1.160      1.216
  -1   -2     12.334     -0.396     -6.673
  -1   -2     19.733      2.432     -2.582
  -1   -2     -3.242     -6.944    -11.837
  -1  135      8.425     -2.492     10.297
  -1   -2     -7.421    -10.095     -9.855
  55  106     12.008     -9.000      3.361
  -1   -2      8.884     -0.090     -1.126
  -1   -2      4.519      1.486      1.253
  -1   -2      7.464     -3.237      8.367
  -1   -2     21.499     -7.375      4.846
  76   80     -1.833      1.232     -8.139
  53  126     -7.086     -5.921      5.756
  -1   -2     16.815     -8.033      1.376
  -1   -2     -8.860     -6.153    -10.347
 111   84    -10.071    -10.559     -5.027
 123  138     -8.681     -9.517      0.607
  83   90     21.453     -1.456    -10.223
 135  149     -0.758     -2.749      5.787
  84   -2      9.396     -7.143      7.674
  -1   -2     -4.515     -5.165      5.263
  -1   28      0.424    -10.801     -3.603
  -1   89     13.529      4.275     -5.973
  77   -2      8.002      0.061      8.865
 118  112      6.059     -2.411     -3.158
  92   85     15.321     -9.311      3.487
  -1   98     -9.701     -0.772     -8.021
  95   95     16.919     -1.424     -3.699
  -1   -2     17.912     -5.847      5.344
   0   -2     -1.381     -9.949      9.143
  47   37     -5.229     -7.976     -8.217
  11    2     10.744     -6.559      0.432
  -1  158      1.276      5.630      0.624
 101  103     -2.532     -0.960    -11.400
  96    6     17.248     -1.081     -2.448
 107  101     21.819    -10.190    -10.443
 100   74     17.514      3.792    -11.723
 106   33      9.356      0.282      9.925
  94   -2     -8.420     -4.495     -8.476
  91   64      8.005     -3.498     -3.513
   8   23      5.706     -8.379     -0.755
  51    8      0.853     -9.784      8.387
  -1   54      9.582     -9.315     11.246
 110  110    -10.251     -6.091     -3.842
  -1   15     17.940     -6.209     -6.768
  -1   53      9.170     -6.345      3.884
  -1   -2     -4.465     -6.945      6.389
  31   62     10.816     -3.148     -6.788
  -1  253     13.636      1.939     -6.222
  -1   71      8.959      0.880     -9.745
  -1   -2     19.733      2.432     -2.582
  67   -2     12.334     -0.396     -6.673
  -1   -2      4.519      1.486      1.253
  -1   27      7.464     -3.237      8.367
  -1  198     -4.012     -5.129      2.139
  -1   55     -7.421    -10.095     -9.855
  -1   -2     -8.681     -9.517      0.607
  -1   -2     -0.758     -2.749      5.787
  -1   -2      1.276      5.630      0.624
  88   18      8.884     -0.090     -1.126
  -1   -2     -4.465     -6.945      6.389
  -1   -2      9.170     -6.345      3.884
  -1   -2     13.636      1.939     -6.222
  -1   -2     19.733      2.432     -2.582
  -1   -2      4.519      1.486      1.253
  -1   -2     -7.421    -10.095     -9.855
  82   -2     -8.681     -9.517      0.607
  -1   -2     -0.758     -2.749      5.787
  -1   -2      1.276      5.630      0.624
  -1  184      2.392    -10.784      4.482
  -1   -2      9.170     -6.345      3.884
 115   -2     -4.465     -6.945      6.389
  -1   -2     13.636      1.939     -6.222
  -1   -2     19.733      2.432     -2.582
  -1   -2      4.519      1.486      1.253
  -1   -2      7.464     -3.237      8.367
  -1   -2     -4.012     -5.129      2.139
  -1   -2     -7.421    -10.095     -9.855
  -1   -2      9.170     -6.345      3.884
  -1   -2     13.636      1.939     -6.222
  -1   -2     19.733      2.432     -2.582
  -1   -2      4.519      1.486      1.253
  -1   -2      7.464     -3.237      8.367
  -1   -2     -7.421    -10.095     -9.855
  -1   -2     -4.012     -5.129      2.139
  -1   -2      9.170     -6.345      3.884
  -1   -2     13.636      1.939     -6.222
  -1   -2     19.733      2.432     -2.582
  -1   -2      4.519      1.486      1.253
  -1   -2     -4.012     -5.129      2.139
  -1   -2     -7.421    -10.095     -9.855
  -1   -2      9.170     -6.345      3.884
  -1   -2     13.636      1.939     -6.222
 170   -2      2.392    -10.784      4.482
  -1   -2     19.733      2.432     -2.582
  -1   -2      4.519      1.486      1.253
  -1   -2     -4.012     -5.129      2.139
  -1   -2     -7.421    -10.095     -9.855
  -1   -2      9.170     -6.345      3.884
  -1   -2     13.636      1.939     -6.222
 119  167     19.733      2.432     -2.582
  -1   -2      4.519      1.486      1.253
  -1   -2     -4.012     -5.129      2.139
  -1   -2      9.170     -6.345      3.884
  -1   -2     13.636      1.939     -6.222
  -1   -2      4.519      1.486      1.253
  -1   -2     -4.012     -5.129      2.139
  -1   -2      9.170     -6.345      3.884
  -1   -2     13.636      1.939     -6.222
  -1   -2      4.519      1.486      1.253
  -1   -2     -4.012     -5.129      2.139
  -1   -2      9.170     -6.345      3.884
  -1   -2     13.636      1.939     -6.222
  -1   -2      4.519      1.486      1.253
  -1   -2     -4.012     -5.129      2.139
  -1   -2      9.170     -6.345      3.884
  -1   -2     13.636      1.939     -6.222
  -1   -2      4.519      1.486      1.253
  -1   -2     -4.012     -5.129      2.139
  -1   -2      9.170     -6.345      3.884
  -1   -2     13.636      1.939     -6.222
  -1   -2      4.519      1.486      1.253
  -1   -2     -4.012     -5.129      2.139
  -1   -2      9.170     -6.345      3.884
  -1   -2     13.636      1.939     -6.222
  -1   -2     -4.012     -5.129      2.139
  -1   -2      4.519      1.486      1.253
  -1   -2      9.170     -6.345      3.884
  -1   -2     13.636      1.939     -6.222
  -1   -2      4.519      1.486      1.253
 184   81     -4.012     -5.129      2.139
  -1   -2      9.170     -6.345      3.884
  -1   -2     13.636      1.939     -6.222
  -1   -2      4.519      1.486      1.253
  -1   -2      9.170     -6.345      3.884
  -1   -2     13.636      1.939     -6.222
  -1   -2      4.519      1.486      1.253
  -1   -2      9.170     -6.345      3.884
  -1   -2     13.636      1.939     -6.222
  -1   -2      4.519      1.486      1.253
  -1   -2      9.170     -6.345      3.884
  -1   -2     13.636      1.939     -6.222
  -1   -2      4.519      1.486      1.253
  -1   -2      9.170     -6.345      3.884
  -1   -2     13.636      1.939     -6.222
  -1   -2      4.519      1.486      1.253
  -1   -2      9.170     -6.345      3.884
  -1   -2     13.636      1.939     -6.222
  -1   -2      4.519      1.486      1.253
  -1   -2      9.170     -6.345      3.884
  -1   -2     13.636      1.939     -6.222
  -1   -2      4.519      1.486      1.253
  -1   -2      9.170     -6.345      3.884
  -1   -2     13.636      1.939     -6.222
  -1   -2      4.519      1.486      1.253
  -1   -2      9.170     -6.345      3.884
  -1   -2     13.636      1.939     -6.222
 229  243      4.519      1.486      1.253
  -1   -2      9.170     -6.345      3.884
  -1   -2     13.636      1.939     -6.222
  -1   -2      9.170     -6.345      3.884
  -1   -2     13.636      1.939     -6.222
  -1   -2      9.170     -6.345      3.884
  -1   -2     13.636      1.939     -6.222
  -1   -2      9.170     -6.345      3.884
  -1   -2     13.636      1.939     -6.222
  -1   -2      9.170     -6.345      3.884
  -1   -2     13.636      1.939     -6.222
  -1   -2      9.170     -6.345      3.884
  -1   -2     13.636      1.939     -6.222
  -1   -2      9.170     -6.345      3.884
  -1   -2     13.636      1.939     -6.222
  -1   -2      9.170     -6.345      3.884
  -1   66     13.636      1.939     -6.222
  -1   -2      9.170     -6.345      3.884
  -1   -2      9.170     -6.345      3.884
  -1   -2      9.170     -6.345      3.884
  -1   -2      9.170     -6.345      3.884
  -1   -2      9.170     -6.345      3.884
  -1   -2      9.170     -6.345      3.884
  -1   -2      9.170     -6.345      3.884
  -1   -2      9.170     -6.345      3.884
  -1   -2      9.170     -6.345      3.884
  -1   -2      9.170     -6.345      3.884
  -1   -2      9.170     -6.345      3.884
  -1   -2      9.170     -6.345      3.884
  -1   -2      9.170     -6.345      3.884
  -1   -2      9.170     -6.345      3.884
  -1   -2      9.170     -6.345      3.884
  -1   -2      9.170     -6.345      3.884
  -1   -2      9.170     -6.345      3.884
  -1   -2      9.170     -6.345      3.884
 257  116      9.170     -6.345      3.884
