213
   0   -2      9.732     -7.900      1.444
  -1   -2      2.699     -9.458      9.524
  -1   22     -2.409    -10.602     -0.114
   2   -2     12.682     -8.666     -7.197
  -1   -2      9.169     -6.347      3.887
   3  157     16.363     -4.577     -9.609
  -1   81     -4.461     -6.941      6.479
   8   -2     17.352     -5.964     -0.653
   7   11     13.207     -3.832      4.304
  25   12     14.603      0.499     -5.044
  -1   -2     12.100     -5.521      3.547
  26   17      4.706     -7.727      4.366
  89    4     14.627     -5.014     -5.881
  31   13      6.980     -5.304      5.877
  16   15     10.979     -2.663      3.928
  -1  190     19.441     -6.422     -4.855
  -1   20      4.316     -5.504      8.255
  17   18     14.132     -7.187      7.824
  20   -2      4.419     -7.586     10.286
  -1   -2     13.965      1.388     -3.352
  81   -2      7.978     -5.851      9.683
  53   16     -0.539     -8.768     -7.034
  21   31     -2.277    -10.184      2.150
  24   19     20.050    -10.455     -6.957
  75   23     18.057     -9.870     -4.195
  30   -2     -2.868     -9.780      0.009
  90   21      4.665    -10.166      1.467
  32   28     -0.099     -3.697     -9.614
 100   -2     12.552     -3.846     -4.936
  52   30     -5.785     -6.903    -10.183
  -1    9      5.200     -6.086      3.806
  51   32      7.367     -4.946     10.389
  64  112     20.372     -8.504     -0.679
  36    0      9.155     -7.492      2.759
  80   -2     14.301    -10.137      5.936
 103   62     18.063     -9.120     -2.982
  42   -2      2.932     -7.558      8.450
  43   41      3.021     -8.840      4.871
  45   39     16.642    -10.459      1.613
  38   40    -11.563     -9.725     -7.952
 140    8     18.557     -6.167     -2.915
  -1   -2      8.950    -10.196      5.986
  15   69      6.451     -7.356      9.571
  66   46     -6.320     -9.128     -8.098
  44   42     15.352     -7.129      5.788
  49   44     16.943     -8.317      4.156
  -1   -2     -0.317     -6.856      5.277
  37  124     -8.471     -4.696     -4.777
  54   49     14.578     -4.274      7.783
  -1   50      4.696     -7.386     10.060
   1   -2      1.460    -10.111      9.302
  -1   -2     10.820     -3.150     -6.776
  -1   99     -9.509     -0.711     -7.594
  -1   -2     13.637      1.940     -6.224
  -1  110      8.960      0.881     -9.747
  -1   -2     13.032     -8.915      9.991
  -1   -2      3.470     -1.160      1.213
  23  228      8.426     -2.488     10.292
  59   -2     12.333     -0.397     -6.668
  -1   84     19.734      2.431     -2.583
  -1   95     17.629      3.858    -12.469
  65   67     13.082    -10.463     11.963
  -1   34     -7.420    -10.095     -9.846
  -1   -2      7.464     -3.237      8.366
  -1  162      4.520      1.485      1.253
  -1   -2     -7.020     -4.096     -4.831
 110   72     -4.010     -5.126      2.145
  69   66     -1.832      1.233     -8.141
  73  116     -7.076     -5.922      5.779
  -1   43      6.085     -8.912      9.840
  72   63     -8.829    -10.653      5.748
  74   70    -10.074    -10.556     -4.996
  -1   73      0.845     -9.939      5.701
  78   75     10.754     -6.544      0.471
  83   76     21.447     -1.457    -10.212
 107   79     -0.753     -2.749      5.800
  41   78      9.396     -7.145      7.674
  -1   -2    -14.132     -9.185      5.675
  -1   48     12.020    -10.306      7.591
  84   82     13.530      4.275     -5.976
  62   14     16.921     -1.425     -3.701
  85   -2      0.427    -10.781     -3.598
  71   94      6.063     -2.409     -3.157
  -1  117      1.629    -10.604      2.412
  93   93     -2.531     -0.958    -11.382
  -1   -2      4.537     -9.703      9.722
  86    1      3.303    -10.240      8.469
  -1   -2     11.501    -10.532     -1.865
  50   -2     11.395     -9.160      1.282
  40   36      9.057     -9.319      5.712
  98   37     -9.139    -10.746     -6.389
  -1   88     18.725      1.423     -6.155
  87   -2      6.971     -4.263     -2.287
  97   80      8.442     -9.727     11.444
  -1    7     10.674     -4.176      4.655
 104   98     14.655     -8.118      9.458
  -1   89    -10.251     -6.090     -3.836
  -1   -2     -9.191     -8.247      4.873
  -1   -2      0.886     -9.776      8.469
 101   92      9.359      0.279      9.949
 105   -2    -10.937     -3.865     -8.574
  -1   38     19.292     -7.748     -7.113
  -1    3     -2.223    -10.649     -0.685
 227  236      9.169     -6.347      3.887
  -1   -2     -4.488     -6.930      6.567
  -1  133     13.730      1.397     -2.772
  58  123     10.820     -3.150     -6.776
  -1   -2     -9.509     -0.711     -7.594
  -1   -2     13.637      1.940     -6.224
  -1   -2      3.470     -1.160      1.213
  -1   -2     19.734      2.431     -2.583
  -1   -2      7.464     -3.237      8.366
  -1   -2      4.520      1.485      1.253
  77   -2      0.845     -9.939      5.701
  79   -2     -0.753     -2.749      5.800
  -1   -2     11.501    -10.532     -1.865
  -1   -2      9.169     -6.347      3.887
  -1   -2     -4.488     -6.930      6.567
  -1   -2     13.637      1.940     -6.224
  -1   -2      3.470     -1.160      1.213
  -1   -2     19.734      2.431     -2.583
  -1   -2      7.464     -3.237      8.366
  -1   -2      4.520      1.485      1.253
  91   35     11.501    -10.532     -1.865
  -1   -2     -4.488     -6.930      6.567
  -1   -2      9.169     -6.347      3.887
 122   -2     13.730      1.397     -2.772
  -1   -2     13.637      1.940     -6.224
  -1   -2      3.470     -1.160      1.213
  -1   -2     19.734      2.431     -2.583
  -1   -2      4.520      1.485      1.253
  -1   -2      7.464     -3.237      8.366
  -1   -2      9.169     -6.347      3.887
 147  158     -4.488     -6.930      6.567
  -1   -2     13.637      1.940     -6.224
 151   85      3.470     -1.160      1.213
  -1   -2     19.734      2.431     -2.583
  -1   -2      7.464     -3.237      8.366
  -1   -2      4.520      1.485      1.253
  -1   -2      9.169     -6.347      3.887
  -1   -2     13.637      1.940     -6.224
  -1   -2     19.734      2.431     -2.583
  -1   -2      4.520      1.485      1.253
  -1   -2      7.464     -3.237      8.366
  -1   -2      9.169     -6.347      3.887
  -1   -2     13.637      1.940     -6.224
  -1   -2     19.734      2.431     -2.583
  -1   -2      7.464     -3.237      8.366
  -1   -2      4.520      1.485      1.253
  -1   -2      9.169     -6.347      3.887
  -1   -2     13.637      1.940     -6.224
  -1   -2     19.734      2.431     -2.583
  -1   -2      4.520      1.485      1.253
  -1   -2      7.464     -3.237      8.366
  -1   -2      9.169     -6.347      3.887
  61   -2     13.637      1.940     -6.224
  -1   -2     19.734      2.431     -2.583
  -1   -2      7.464     -3.237      8.366
  -1   -2      4.520      1.485      1.253
  -1   -2      9.169     -6.347      3.887
  -1   -2     19.734      2.431     -2.583
  -1   -2      7.464     -3.237      8.366
  -1   -2      4.520      1.485      1.253
  -1   -2      9.169     -6.347      3.887
  -1   -2     19.734      2.431     -2.583
  -1   -2      4.520      1.485      1.253
  -1   -2      7.464     -3.237      8.366
  -1   -2      9.169     -6.347      3.887
  -1   -2     19.461     -6.404     -5.003
  -1   -2     19.734      2.431     -2.583
  -1   -2      4.520      1.485      1.253
  -1   -2      7.464     -3.237      8.366
  -1   -2     19.734      2.431     -2.583
  -1   -2      7.464     -3.237      8.366
  -1   -2      4.520      1.485      1.253
  -1   -2      9.169     -6.347      3.887
  -1   -2     19.734      2.431     -2.583
  -1   -2      7.464     -3.237      8.366
  -1   -2      4.520      1.485      1.253
  -1   -2      9.169     -6.347      3.887
  -1   -2     19.734      2.431     -2.583
  -1   -2      4.520      1.485      1.253
  -1   -2      7.464     -3.237      8.366
  -1   -2      9.169     -6.347      3.887
  -1   -2     19.734      2.431     -2.583
  -1   -2      4.520      1.485      1.253
  -1   -2      7.464     -3.237      8.366
  -1   -2      9.169     -6.347      3.887
  -1   -2     19.734      2.431     -2.583
  -1   -2      7.464     -3.237      8.366
  -1   -2      4.520      1.485      1.253
  -1   -2      9.169     -6.347      3.887
  -1   -2     19.734      2.431     -2.583
  -1   -2      4.520      1.485      1.253
  -1   -2      9.169     -6.347      3.887
  -1   -2     19.734      2.431     -2.583
 222   58      4.520      1.485      1.253
  -1   -2      9.169     -6.347      3.887
  -1   -2     19.734      2.431     -2.583
  -1   -2      9.169     -6.347      3.887
  -1   -2     19.734      2.431     -2.583
  -1   -2      9.169     -6.347      3.887
  -1   -2     19.734      2.431     -2.583
  -1   -2      9.169     -6.347      3.887
  -1   -2     19.734      2.431     -2.583
  -1   -2      9.169     -6.347      3.887
  -1   -2     19.734      2.431     -2.583
  -1   -2      9.169     -6.347      3.887
  -1   -2     19.734      2.431     -2.583
  -1   -2      9.169     -6.347      3.887
  -1   -2     19.734      2.431     -2.583
  -1  103      9.169     -6.347      3.887
  -1   -2     19.734      2.431     -2.583
