185
  -1  173      9.142     -6.315      3.610
   0   -2      9.751     -7.893      1.412
  71    2     -5.118     -6.270      2.860
  37   65     14.837    -10.055     -7.012
  -1   -2     -4.469     -6.942      6.437
   3   -2      2.697     -9.457      9.519
   4    4     12.678     -8.655     -7.185
  -1   -2     16.349     -4.575     -9.574
  29  101     17.909     -5.382     -3.254
   9   11     13.210     -3.829      4.314
   8    9     17.351     -5.963     -0.653
  33   39      4.704     -7.725      4.360
  12   -2     12.099     -5.521      3.551
  13   27     14.606      0.498     -5.055
  40   -2     14.622     -5.014     -5.889
  -1   40     19.441     -6.421     -4.852
 109   -2      6.981     -5.303      5.882
  -1   16     10.984     -2.660      3.914
  18   20     -0.544     -8.768     -7.036
  19   -2     14.128     -7.187      7.833
  16   -2      4.311     -5.504      8.240
  -1   36     20.046    -10.454     -6.946
  63   51     13.976      1.383     -3.379
  80   18     18.055     -9.868     -4.190
  30   22     -2.863     -9.779      0.026
  23   26      4.426     -7.587     10.300
  28   29     12.548     -3.847     -4.931
  58   25      7.982     -5.847      9.697
   2   -2     17.800     -4.230     -0.671
  55   58     -2.274    -10.184      2.160
  -1   -2      4.662    -10.164      1.476
  31   33     -0.107     -3.694     -9.629
 110    1     12.058    -10.486     -3.561
  -1   30     -5.796     -6.900    -10.229
  41   37     -6.321     -9.130     -8.104
  46   -2     18.067     -9.121     -2.986
 101    0      9.157     -7.489      2.753
  -1   50     16.163     -0.964     -8.686
  42   47      3.025     -8.842      4.878
  50   -2      4.283     -9.614      8.392
  47   19     14.895     -6.903      7.419
  10   -2     18.559     -6.164     -2.925
  43   38    -11.556     -9.724     -7.931
  -1   -2     -3.762     -8.659     -9.567
  51   45     -7.419     -3.919      7.015
  32   75      7.985     -9.488      4.828
  -1   -2     -9.286     -8.263      3.478
  48   46     16.872     -8.271      3.921
  97   28     -0.316     -6.855      5.285
  44   52      5.334     -7.799      9.695
  -1   -2     -0.705    -10.488     -4.533
  -1  100     19.241     -7.839     -7.333
 105   -2      3.898     -3.958      2.146
  87   -2     13.698     -9.595      5.178
  56   49     14.577     -4.273      7.781
  59   -2      4.696     -7.388     10.049
  -1   -2     10.793     -3.141     -6.886
  -1   -2     -9.510     -0.709     -7.597
  91   -2     19.542    -11.407     -4.941
  -1  118     13.633      1.938     -6.222
  -1   -2     13.030     -8.915      9.989
  -1   -2      8.959      0.879     -9.749
 118  119      3.468     -1.160      1.212
  65   -2     12.335     -0.397     -6.674
  -1  166      8.427     -2.487     10.295
  -1   -2     19.733      2.431     -2.585
  49   67     -7.420    -10.094     -9.848
   1   31     -4.012     -5.128      2.143
  -1   -2      7.463     -3.235      8.368
  -1   -2      4.520      1.484      1.253
  -1   -2     17.617    -10.259     -4.585
  -1   -2     -7.084     -5.923      5.763
  76   -2     -1.833      1.232     -8.139
  -1   -2     19.386     -8.591     10.962
  -1   71    -10.081    -10.555     -4.977
  67   54     10.727     -9.444     10.827
  -1   74     21.450     -1.457    -10.222
  -1   85      9.395     -7.141      7.673
  90   59     17.242     -1.089     -2.464
  85   79     13.530      4.274     -5.983
  -1   -2     -0.760     -2.748      5.785
 107   96      6.061     -2.411     -3.164
  -1   60     12.016    -10.306      7.601
  86   78      0.427    -10.771     -3.595
  -1   -2     10.744     -6.556      0.427
  92   70     -2.531     -0.958    -11.393
 103   -2     -9.087     -4.563     -5.976
  -1   48     18.747      1.427     -6.075
  78   -2    -11.459     -3.433     -9.245
  -1   -2      4.637     -5.450      0.001
  96   24      9.358      0.286      9.937
  -1   -2     10.138     -9.567      7.121
  95   93      8.017     -3.501     -3.455
  -1   -2     17.503      3.791    -11.695
  -1  103      4.625     -9.948      9.429
  88   44     -4.645     -5.903     -0.511
  69    8     16.223     -0.436      0.696
  -1   32      4.654     -6.275      2.315
  38   -2     -8.100    -10.365     -0.330
  73   99     -9.205     -8.247      4.907
  39   17     17.927     -6.208     -6.736
  27   43     -4.379     -7.661     -9.129
  -1   35      9.170     -6.346      3.882
   7    7     16.486     -4.576     -9.912
  -1   -2     -4.469     -6.942      6.437
  -1   -2     19.441     -6.421     -4.852
  -1   86     -9.510     -0.709     -7.597
  -1  150     10.793     -3.141     -6.886
  -1   -2     13.633      1.938     -6.222
  -1   -2      8.959      0.879     -9.749
  -1   -2      3.468     -1.160      1.212
  -1   -2     13.030     -8.915      9.989
 162  171     19.733      2.431     -2.585
  -1   14      7.463     -3.235      8.368
  -1   -2      4.520      1.484      1.253
  77   -2     -7.084     -5.923      5.763
  34   -2     12.016    -10.306      7.601
  -1   -2      9.170     -6.346      3.882
  -1   -2     -4.469     -6.942      6.437
  -1   -2     10.793     -3.141     -6.886
  -1   -2     -9.510     -0.709     -7.597
  -1   -2      3.468     -1.160      1.212
  -1   -2     19.733      2.431     -2.585
  -1   -2      4.520      1.484      1.253
  -1   -2      7.463     -3.235      8.368
  -1   -2      9.170     -6.346      3.882
  -1   -2     -4.469     -6.942      6.437
 114  125     19.462     -6.403     -5.003
  -1   -2     10.793     -3.141     -6.886
  -1   -2     -9.510     -0.709     -7.597
  -1   -2      3.468     -1.160      1.212
  -1   -2     19.733      2.431     -2.585
  -1   -2      4.520      1.484      1.253
  -1   -2      7.463     -3.235      8.368
  82  113     -0.760     -2.748      5.785
  -1   -2      9.170     -6.346      3.882
  -1   -2     -4.469     -6.942      6.437
  -1   -2     -9.510     -0.709     -7.597
  -1   -2     10.793     -3.141     -6.886
  -1   -2     19.733      2.431     -2.585
  -1   -2      7.463     -3.235      8.368
  -1   -2      4.520      1.484      1.253
  -1   -2      9.170     -6.346      3.882
  -1   -2     -4.469     -6.942      6.437
  -1   -2     -9.510     -0.709     -7.597
  -1   -2     10.793     -3.141     -6.886
  -1   -2     19.733      2.431     -2.585
  -1   -2      4.520      1.484      1.253
  -1   -2      7.463     -3.235      8.368
  -1   -2      9.170     -6.346      3.882
 113  124     -4.469     -6.942      6.437
 141   -2     10.793     -3.141     -6.886
  -1   -2     -9.510     -0.709     -7.597
  -1   -2     19.733      2.431     -2.585
  -1   -2      7.463     -3.235      8.368
  -1   -2      4.520      1.484      1.253
  -1   -2      9.170     -6.346      3.882
  -1   -2     -9.510     -0.709     -7.597
  -1   -2     19.733      2.431     -2.585
  72  159      4.520      1.484      1.253
  -1   -2      7.463     -3.235      8.368
  -1   -2      9.170     -6.346      3.882
  -1   -2     -9.510     -0.709     -7.597
  -1   -2     19.733      2.431     -2.585
  -1   -2      7.463     -3.235      8.368
  -1   -2      9.170     -6.346      3.882
  -1   -2     -9.510     -0.709     -7.597
  -1   -2     19.733      2.431     -2.585
  -1   -2      7.463     -3.235      8.368
  -1   -2      9.170     -6.346      3.882
 152  161     -9.510     -0.709     -7.597
  -1   -2     19.733      2.431     -2.585
  -1   -2      9.170     -6.346      3.882
  -1   -2     19.733      2.431     -2.585
  -1   -2      9.170     -6.346      3.882
  -1   -2     19.733      2.431     -2.585
  -1   -2      9.170     -6.346      3.882
  -1   -2     19.733      2.431     -2.585
  -1   -2      9.170     -6.346      3.882
  -1   -2     19.733      2.431     -2.585
  -1   -2      9.170     -6.346      3.882
  -1   -2     19.733      2.431     -2.585
  -1   -2      9.170     -6.346      3.882
  -1   -2      9.170     -6.346      3.882
  -1   -2      9.170     -6.346      3.882
