151
  -1   -2      6.003     -8.651      9.486
  38   54     14.161     -7.217      7.379
   0   22      9.750     -7.892      1.415
  54    1      8.726     -9.681      2.760
  44   -2     -2.333     -7.391      0.116
  92    8    -10.438     -9.579     -5.011
   7    9     20.091     -3.303     -3.668
  -1   81     10.728     -6.885     -6.576
  -1   -2     17.900     -5.381     -3.281
  -1   -2     17.809     -9.753     -3.431
  -1   11     12.681     -8.631     -7.164
  -1   61      3.914     -6.149     -3.531
  -1  129     16.331     -4.562     -9.524
 147   66      9.173     -6.348      3.878
  -1  108     -8.822    -10.484    -10.245
  87   -2     13.212     -3.830      4.320
  32   -2      7.262     -7.307     -2.351
  -1   63     -3.371     -9.334     -0.188
  17   -2     17.351     -5.963     -0.650
  25    0      4.641     -9.382     -4.129
  -1   32      2.772     -7.839      2.680
   6   -2     12.098     -5.520      3.553
  85  133     14.607      0.497     -5.055
 102   58     19.440     -6.422     -4.853
  27   -2     10.982     -2.660      3.918
  -1   56     14.620     -5.016     -5.903
  48   -2      3.131     -8.895      5.454
  -1   -2      2.202     -5.870      4.897
  33   -2     18.006     -2.434    -10.033
  -1   34      6.555     -6.623     -0.756
  -1   45     -5.486     -7.552      3.829
   5   62     -4.913     -9.875     -5.163
  61   -2      4.311     -5.504      8.246
  68   49    -13.012    -10.474     -5.826
 106   50      7.980     -5.851      9.691
  -1   38     16.503     -3.947      3.712
  40   97     17.987    -10.026     -2.486
  -1   27     13.977      1.389     -3.384
  -1   44      9.265    -10.295     -5.983
  50   -2     12.552     -3.849     -4.939
  -1   35     -3.558     -2.693      8.444
  26   18      5.201     -6.083      3.802
  78   30    -11.645    -10.577     -8.879
  86   -2     -5.674     -4.286     10.094
  72   -2    -10.726    -10.440     -7.272
 125   -2     17.783     -9.048     -2.336
  -1  116     12.428     -9.264     -1.619
  39  122      7.269     -6.282      9.629
  65    5      5.796     -7.976      7.507
  -1   -2      0.347     -4.953      9.336
  36   -2      2.993     -8.496     -0.859
  10   -2     16.785     -5.867     -3.880
   3   43     -4.866     -8.404     -5.797
  -1   55      6.252     -7.287      9.101
 119   -2     -2.281     -6.458     -9.822
  -1   52     -1.318     -8.727     -6.579
  14   -2     -3.913     -7.970      2.250
   8   -2     13.830     -9.460     -1.568
 139   20     18.554     -6.151     -2.909
 121   51     11.622     -4.176      7.304
  95   68      2.468     -0.929     -7.709
  57   -2      5.794    -10.202     -1.311
  70   33     15.358     -7.128      5.778
  -1   -2     17.602    -10.430      2.988
  -1  119    -12.733     -6.249     -2.015
 108   -2     16.869     -8.268      3.914
  -1   -2     -3.522     -2.122      7.209
  -1   -2     -6.141     -8.999      1.990
  83   96     -6.034     -8.902     -0.537
  -1   -2     -2.141     -7.708     -1.209
  -1  126     -1.910     -9.887     -3.519
  82   36     -6.221    -10.621     -9.025
 129   47     -6.497     -9.254     -9.088
 114    7     -7.396     -3.913      7.053
  21   -2      5.388     -6.706      6.052
  60    3      3.664     -7.604      7.846
 130  124     -7.854     -6.593     -1.777
  80   72     -8.931     -8.326      3.975
  79   -2     15.812     -3.866     -9.081
  59   -2    -10.762    -10.199    -10.186
  12   15      0.519     -8.914     -0.947
 143   40     13.968     -0.182     -3.451
 109   -2    -11.716     -9.828     -5.216
  -1   -2      5.896     -8.826      1.390
  16   77     10.819     -3.149     -6.774
 132  115    -14.100     -6.483     -2.098
 110   84     13.635      1.939     -6.225
  -1   -2      8.959      0.881     -9.748
  -1   -2      3.471     -1.160      1.210
  -1   -2     15.335     -7.305      9.154
  69   16     13.030     -8.914      9.994
   4   -2     14.478    -10.491     -7.154
 134   -2    -11.922     -9.187     -7.322
  88   88     19.733      2.433     -2.584
  -1   39     -4.010     -5.123      2.149
  -1   -2      7.463     -3.235      8.367
  -1   -2      2.016     -0.224      9.313
  -1  137      4.519      1.485      1.257
  -1   37     20.157    -10.389     -7.019
 126  120     17.520      3.831    -12.197
  -1   -2     21.891      0.419     -9.889
 113   91     -1.831      1.234     -8.145
  -1   -2     -6.925     -4.750     -3.232
  -1   -2     16.918    -10.245    -10.924
  -1  139     13.528      4.275     -5.978
 140   -2     -0.757     -2.749      5.795
   2   75     -4.512     -5.164      5.278
 111   99     21.445     -1.457    -10.208
  -1   95      6.063     -2.410     -3.161
  -1   90     20.369      1.414     -1.143
  23   -2     16.920     -1.423     -3.695
  -1  117    -11.646     -1.795     -5.337
  -1   -2      6.128    -10.618      8.979
  -1   -2     14.984     -5.163      4.674
  -1   59     19.127    -11.357     -3.954
 104   -2     19.961     -1.690     -3.669
 135   28     11.619     -7.055     -0.125
  98   57    -10.918     -9.100    -11.400
  -1  110     -2.532     -0.962    -11.385
  -1   -2      0.283     -4.337      6.943
  -1    2      1.532     -0.863      8.848
 100   -2      6.161     -1.422      4.687
  -1  121     19.299     -7.748     -7.094
 124   -2     -3.359     -3.281      6.075
  -1  118      9.358      0.285      9.953
  -1   -2     19.408      4.728     -5.666
  -1   60     18.740      1.430     -6.099
  77   -2     15.395     -4.853     -0.516
  99   -2     -8.421     -4.494     -8.475
  -1   -2    -10.253     -6.091     -3.842
 128   98      7.289      3.684      3.197
  62   -2    -11.472     -5.564     -5.339
  22   94     -2.995     -2.976      1.551
  -1    6     -9.596     -3.875    -12.118
  -1   -2     19.294     -4.966    -11.370
  -1   -2    -13.081     -8.635      3.244
  -1   -2      1.010     -3.624      8.662
 116   -2     19.075     -9.302     -5.320
  -1  102    -10.596     -9.441     -7.843
 131   74      9.068     -9.344      5.750
  -1   -2     17.900     -5.381     -3.281
  41   -2     17.716     -9.751     -3.209
  -1   -2      9.173     -6.348      3.878
 115   82      3.471     -1.160      1.210
  -1   -2      4.519      1.485      1.257
  91   29      7.463     -3.235      8.367
  13   12     16.432     -4.554     -9.771
  -1   -2      9.173     -6.348      3.878
  11  138      9.173     -6.348      3.878
  -1  140      2.044     -5.823      5.351
 148   -2      2.044     -5.823      5.351
