246
 186   94     -9.620     -8.463     -7.291
  -1   46      8.498     -2.920     10.123
 189   -2     -7.525     -7.857     -0.784
   3  225      3.968     -2.516      5.547
   8    5      4.876     -0.697      2.211
  -1    6      5.143     -1.372      7.189
  14   63     -0.802     -6.558      9.569
  57  174      5.825     -5.709      6.187
  20   -2     16.152     -8.534      3.304
 109   -2      4.547     -9.444      7.223
  31  226      2.458     -1.511      2.930
  16   -2      9.742     -7.905      1.447
   5  123     -2.873     -7.869     -5.138
  24   50     -4.751     -8.041     -9.668
  54   73     13.269     -3.910      3.316
 187   97      7.503     -5.889      7.873
  64  135      1.072     -6.567      4.867
  32  119     14.022     -7.568      9.850
  80   -2     12.730     -5.065     -0.617
  -1   21     15.998     -7.050      2.123
   2   -2     16.738     -5.742      1.744
  27   57     -1.372     -7.905      4.364
 197  158      0.869     -8.557     -0.676
 138    8     -1.080     -4.318      9.566
  91   58      6.783     -8.868     -0.150
 220   29      8.729     -9.026      0.173
 224   -2      4.039     -4.047      1.678
 221  153     -4.347     -7.911      8.888
 202   53     12.025     -6.453      1.160
  -1   28     -7.013     -8.596      0.718
  95    2     15.525     -4.728     -1.775
  84   10     -7.560    -10.169     -9.578
  -1   -2     17.714     -5.665     -3.687
 135   54      0.415     -5.836      8.415
  45   -2     15.345     -7.800      2.381
  62   -2     -0.203     -2.763      7.203
  -1   76      4.179     -8.593     -4.616
 175  219    -10.107     -9.711     -7.834
  -1  118     11.623     -2.762     -2.284
  -1   -2      3.459     -6.629      0.538
 178   -2      0.844     -6.988     -0.271
  52   -2     17.659     -3.847     -1.240
 206   15      3.273     -8.460     -7.978
 110   39      2.432     -7.804      2.532
 229   40     -8.849     -4.207     -7.092
  29   -2     14.596     -6.711      6.260
  -1  168     -0.059     -6.509     -3.732
 173   -2     17.209     -8.529     -6.324
  33  176     -4.764     -5.579     -1.146
  15   95     10.155     -8.238     -5.190
  48  128      1.575     -8.675      3.922
 104   79     19.632     -0.726     -7.549
 144   27      4.823     -9.713      6.933
  -1   -2    -11.069     -8.349     -9.008
  -1  154     11.230    -10.164     -0.172
  86  106      4.277     -7.618      6.476
  -1   -2     -9.493     -9.876     -2.838
  69   61     16.014    -10.243     -2.042
  -1   75     17.912     -5.384     -3.237
  -1   -2      7.947     -6.564     -4.778
 100  117     19.971     -7.936     -3.766
  -1   16     16.701     -8.109      0.951
  60   47      4.069     -9.103     10.251
  92   -2      8.004     -7.704     -2.535
 128   -2      5.904     -7.952      7.793
  36   -2     -5.750    -10.118     -7.328
 165   74      1.590     -9.576      4.617
  70  227     15.966     -6.000      0.955
 219   -2      7.297     -9.809      7.153
  38    4     17.357     -5.970     -0.634
  28   -2     -7.039     -7.180      4.207
 162   -2     -4.375     -6.834      3.559
  68  150      5.613     -8.897      8.759
  34   -2     11.916     -4.659     -3.017
 130   52     13.454     -8.789     -3.453
  12   90      9.698     -3.475     -4.319
 127   20      6.715     -7.215     -2.785
   0    3     -5.905     -9.322     -5.378
  -1   -2      6.784     -6.961     10.019
  -1  133     12.102     -5.518      3.545
  78   -2     -1.006     -8.961      6.647
   4   -2      7.913     -2.822      9.596
  -1   62     -3.108     -9.896     -0.626
 157   65      7.534     -6.644     10.632
  -1   -2     -8.962    -10.462     -9.285
  -1   25     -9.365    -10.653     -5.480
 190   -2     20.854     -7.469     -4.517
  97   31     17.316     -5.361     -8.022
  94   67      2.029     -9.322     -5.139
 225   42     14.609      0.499     -5.060
  -1   -2     -2.186     -8.794     -3.292
  -1  108      5.006    -10.052     -3.442
 108   49     18.248     -4.815     -8.277
  -1  126      2.434     -3.370     -3.460
  -1   30     12.874     -2.606      2.940
 113   -2      1.288     -5.573      5.440
  39   -2     13.896     -8.051      6.914
  -1   -2     -7.531     -9.239     -5.528
 177  220    -11.504     -6.241     -7.219
  -1   -2     -0.999     -9.413      8.520
 217   -2     -5.347     -4.840      5.183
 230  112     15.135     -9.306     -9.333
 209   -2     -4.461     -5.160      5.409
  40   12     12.659     -3.751      1.467
 129   22     12.894      3.701     -0.083
 170    9      8.362     -5.535      5.549
   1   17      2.124     -9.700      1.324
  82  125     -4.125     -7.169     -5.982
  56   -2    -12.386     -1.765     -5.749
 151   -2     -7.246     -5.313     -6.376
 222   -2     11.953     -4.013     -4.714
  -1   99      8.717     -7.256     -2.525
 194  114      7.430     -6.382      5.419
 174   -2     -4.284     -9.521     -3.860
 199   36     -1.224     -8.508      1.548
  -1   -2     12.532     -6.122     -4.518
  81   19      3.124     -8.504      7.674
  -1  171     19.405    -10.800     -4.102
 122   -2     14.010     -2.462      0.873
 136   -2     16.327    -10.899     -4.437
  -1  183     -1.252     -2.308     10.564
 150   -2    -12.242    -10.586     -6.771
  -1   -2      2.405     -9.023      2.711
 203   84     -3.862     -7.138      3.661
 161  156     11.954     -8.537      1.769
 227  187     20.266      0.117     -6.184
  -1   -2      4.048     -2.156      0.298
  -1  121     -0.401     -3.431     -6.088
  -1  138      1.334     -4.440      7.466
  -1  132      5.200     -6.364      0.913
  -1   -2      2.915      1.315     -3.539
  -1  100     -0.983    -10.080     -0.424
 218   56     20.324     -3.061     -2.000
  -1   -2      3.682     -4.759      6.899
 234   -2     17.432     -1.586     -1.287
  -1   68     16.460     -9.041      0.963
  -1   -2     13.568     -4.179      0.145
   9  127     -5.244     -6.083     -5.427
  43   35    -12.593     -4.713     -3.459
  -1  186      5.273     -5.604     -8.413
 111   44     10.524    -10.069      3.896
  -1   -2      6.646     -2.318      9.670
  -1   48     11.006     -1.679      3.868
  -1   -2     -0.798    -10.199     -1.351
  -1  110      8.241      0.894     10.900
  -1   82      4.094     -5.534      7.801
  99  188      8.841     -7.529      3.728
 195   72      8.358     -6.739      7.038
  -1  170     -3.685     -9.246     -1.208
  -1  104     16.350     -6.709      2.125
  -1   -2      1.858     -5.994     -6.109
 112   41     -5.934    -10.068     -1.786
 137   -2     11.019     -8.591      3.537
 143   -2     -0.467     -9.879      2.089
  -1  162      6.663     -7.496     -5.894
 232   -2      4.250      2.694      4.004
  98   -2     -6.203     -8.839      1.201
 160  102    -10.273     -9.300     -5.395
 125   86    -12.693    -10.334     -5.329
  79   -2      7.477     -8.508      7.021
  -1  177    -12.524     -7.245     -1.548
  -1   -2     18.381     -5.166     -1.034
 231  199     17.726     -0.983     -1.602
  89   85    -10.976    -10.609     -8.456
 149  163     -8.339    -10.896     -4.077
  -1   -2     20.165     -6.650     -6.046
 214   -2    -12.975     -9.858     -4.550
  -1   -2      4.242    -10.413     -6.652
  26   -2     -8.373     -8.960     -5.817
 142   87     16.474     -4.282      4.809
 140   -2    -11.284     -3.227     -5.503
  -1   -2     -7.084    -10.501    -10.377
 185   -2     16.556     -2.834     -9.584
 101   -2     13.006     -7.883     -0.332
  -1   88      9.787     -6.542     -7.904
  -1  113     10.402     -4.768     -2.919
  -1   89     -6.076     -9.932      7.074
  -1   69      4.558     -8.056      0.217
 118   -2     -6.386     -7.861     -1.946
 106   -2      3.004     -5.714     -5.385
  -1   70     10.083     -7.059      3.476
 240   -2    -10.614     -3.249     -3.189
  76   -2     -2.268     -8.797     -9.214
  -1  182      0.768     -4.224      8.976
 146   -2      0.444     -3.970     -7.276
  -1   -2     13.203     -4.887     -5.417
  -1  221    -10.406     -3.108     -0.460
 132   -2    -10.586     -4.789     -4.358
  -1  201     18.888     -0.507     -0.594
  85   37     19.189     -9.037     -5.189
  -1  146      8.828      0.310     -8.840
 216  203     13.635      1.940     -6.218
  -1   -2     20.943     -6.616     10.150
 213   -2    -11.244     -0.506     -2.400
  -1  230     12.189      3.326      1.080
 244   34      5.984      1.896     -1.799
  -1    1     -4.164     -2.040      3.866
 243  206     -9.521      4.362     -8.724
  -1   93      4.925     -5.420      8.862
 207   -2      9.581      4.865      0.337
  -1   -2      4.420     -3.683      2.100
  -1  209     16.059     -2.215      3.778
  -1    7     -7.475     -6.942      9.215
  -1   -2    -11.432     -2.977      5.167
  -1   -2     19.209     -5.057      4.667
  -1  159    -12.717     -2.229     -3.785
  88   23     14.121     -4.595     -0.980
 228   -2    -13.678     -9.236     -5.096
  -1  194     20.104      1.480     -0.583
 208  236     10.022     -0.497      6.376
  -1   -2     -1.393     -9.850     -6.346
  -1   -2     16.119     -4.548    -12.256
  58   -2      1.546      0.919      9.476
  -1  231     16.774     -6.663    -11.271
  -1  208      1.272      5.630      0.610
 182   64     14.364     -0.094      0.502
 148   14      0.110     -8.379     -7.904
  -1  141     15.590    -10.547     -3.896
  -1   -2     10.998     -2.471    -10.041
 233  214     14.284      4.200     -3.234
  -1  161     22.728     -3.356      6.178
  -1   -2    -11.466     -5.563     -5.323
  -1   43     -2.762      0.985      2.826
  93   98     10.338     -9.607    -11.407
 236   -2     -8.423     -4.493     -8.479
  -1   38     -2.618     -6.445     -0.737
  -1  157    -12.647     -8.832     -9.102
 183  164      7.994     -3.501     -3.530
  -1  137    -10.008     -6.108     -3.232
  -1   -2     -0.239     -0.731     -5.069
 133   -2     11.150     -0.112      5.704
  -1  181     14.994      2.882      8.385
 237   60    -11.752     -7.408     -6.027
  -1  131     -4.506      1.042      4.995
 245  109     -4.691     -5.559     -1.318
  66   -2     16.267     -4.550     -9.459
  13   -2      5.138     -1.340      6.951
  87   -2      2.490     -1.486      2.660
 246   -2     12.838     -2.590      3.032
  96  229      4.420     -3.683      2.100
  74  228     19.339     -6.436     -4.680
  37   26      2.049     -8.840     -3.282
  -1   -2      4.938     -0.655      1.727
  -1   -2      4.938     -0.655      1.727
 250  240      9.170     -6.346      3.886
 254  239      4.938     -0.655      1.727
