439
  28  115     -0.588     -6.790      5.373
   1    1      0.857     -6.782      8.201
 201   -2     -6.155    -10.165     -5.855
   2   19     -3.404     -8.410      2.023
  -1    5      3.376     -8.305      2.108
  -1   -2     -8.005     -9.439      2.774
 233   50      2.161     -8.649      4.790
  55   16     -1.394     -7.582      7.403
  -1  119      2.488     -9.044      7.096
   4    2      7.523     -6.746      6.454
  18   11     -7.082     -6.206     -6.613
  65  301      1.496     -7.651      6.553
 355   -2     -7.674     -7.937      6.643
 216   -2      1.165     -7.258      5.134
 127  266     -4.994     -7.224     -8.966
 354   -2     -8.980     -5.813      2.586
  24    4      1.497     -9.252      6.928
  47   12      2.153     -6.553      6.624
  32   10      3.922     -6.318      7.905
  37    9      1.755     -5.982      6.957
 375  147      2.552     -9.047      5.667
  -1   -2      1.704     -7.572      4.474
  10   40      3.511     -8.561      5.352
  26   18      2.869     -7.936      0.678
 258  184      1.508     -7.911      3.315
 362    7      2.679     -6.485      6.002
 166   28      0.602     -7.221      8.863
  -1  117     -4.010     -7.688      5.207
 206   25      4.261     -8.544     -2.570
 382   -2     -4.428     -5.937      2.289
  -1   -2      0.645     -9.318     -7.553
  -1   15      5.087     -8.688      7.804
 224   -2     -7.019     -5.960      6.238
  71   -2      6.263     -5.148      7.453
 152   -2      4.995     -9.470      5.053
  38   -2      3.427     -8.732     -7.206
   8    6      2.866     -9.011      9.423
  78   38      6.353     -5.616     -7.068
 387   61    -12.986     -5.451     -5.030
 145   -2     -0.615     -7.262      2.916
 250  245     -6.996     -9.077     -8.676
  -1   -2     -7.017     -8.055     -9.829
  -1   58      7.045     -5.490      7.572
 191   64      8.418     -4.943      4.695
   7   39     -0.864     -8.511     -5.923
  -1   -2     -3.115     -6.709      5.123
 138   -2      3.801     -8.114      2.349
  73   -2     -8.797     -6.678      0.471
 232   -2     -3.688    -10.062    -10.379
 241   90      6.085     -9.211      3.278
 139   -2     -0.903     -6.169      5.752
  -1   35      3.260     -7.319      5.186
 299   -2      7.648     -8.836     -8.143
  57   52     -7.307     -1.572     -9.575
  76   -2     -8.098     -7.451      6.701
  -1   44     -3.756     -6.349    -10.126
 128  242     -8.734     -9.713     -5.736
 133   63      0.067     -8.039      0.692
  70   70    -11.917     -7.391     -8.342
  -1   -2     -3.393     -5.926      6.920
  54   62      7.092     -6.801     -0.718
  43   98      3.517     -8.008     -0.192
  -1   57      1.513     -7.766      9.018
 306   -2      9.750     -6.406      1.999
 170   -2     -9.713     -7.590     -0.207
 103  100     10.202     -2.614      6.068
  80  125      3.040     -5.432      3.439
  14  107     -1.602     -9.542     -7.490
 432  400      5.897     -0.106      0.939
  -1  137     -8.763     -5.432      7.514
 315   36     -6.739     -4.972      0.659
 217  350      3.548     -4.616      2.289
  11  127     -3.212     -7.345      6.495
 105   81     10.029     -7.860      8.058
  75  372    -10.673     -5.199     -8.198
  25  238      1.298     -8.477      6.041
 317   17     -4.606    -10.103     -5.218
  -1  149     -6.086     -8.196     -2.064
 229   -2      8.498     -5.672      7.637
  -1   66     -4.695     -4.566      2.851
 156  313      0.589     -6.236     -4.888
 163  293      5.240     -4.956      8.873
   3   -2      3.258     -8.297      8.068
 352  250     -2.191     -8.355      0.032
 253   -2      9.953     -8.403     -0.045
 173   -2     -5.490     -5.744      1.733
  86   -2     -5.395     -7.345      8.741
  -1  156      1.880     -7.715     -0.356
 274   -2    -10.470     -6.437     -1.355
  -1   78      1.737     -8.927      5.863
  99   -2     -4.274     -7.238      2.209
  96  323     10.965     -8.048      3.872
  40   54      4.596     -9.267      9.196
  -1   -2     -6.359     -8.955    -10.323
 180   -2      8.274     -4.208      8.196
 256   31    -10.557     -7.111      2.475
 196   -2      2.905     -6.574      0.429
 207   73     -5.589     -9.054     -1.432
  -1   -2     -5.205     -6.303      1.267
 137   -2     -5.099     -7.399      2.150
 407  286    -10.285     -7.126     -8.817
 198   -2      8.678     -9.939     -1.722
  -1  318      7.692     -7.846      9.087
  53   85     -3.647     -4.868      8.386
 272   53     -4.231     -7.141     -4.666
 178   -2      4.968     -6.318      7.673
 293   -2      5.049     -9.424     -9.457
 187  230     -0.336     -7.962      2.990
 189   -2     -6.641     -5.425     -9.514
  -1   60     -8.467     -4.799      2.616
  -1   -2     -9.232     -6.259     -0.597
  -1  192      0.758     -6.588     -2.628
 262   -2     17.186     -6.669      3.588
 155  177     -6.576     -7.764      4.497
  42   -2    -10.074     -7.794     -5.945
  -1   21     -3.140     -8.698     -1.009
  91   -2    -13.710     -8.754     -6.371
  -1   -2     -3.638     -6.915      0.912
  -1  283    -13.456     -6.023     -4.384
 420   -2     -3.848     -2.173     -9.903
 194   -2     -3.478     -7.204      8.675
  -1   -2     14.564     -7.928      9.203
 130  270      4.545     -7.069     -8.311
 119  390    -10.326     -8.455     -1.517
  -1  104     -3.674     -7.699     -1.943
  22   83     -4.546     -8.954     -3.998
  -1   -2      6.645     -5.621      7.616
  81   -2     -2.546     -6.362      5.601
 412   24     -7.532    -10.948     -4.704
 114   -2      7.041     -7.549     -4.841
 179   -2     -0.976     -5.966     -0.333
 334   -2     -9.192    -10.724     -8.924
 238   -2      3.228     -7.280      5.976
 263   -2     -9.628     -1.176     -0.573
 147  150     10.376     -7.026      0.580
 393  102     -7.626    -10.200     -8.009
  -1  206      9.182     -4.652      4.376
  -1  110      1.467     -4.980      8.340
 176  329     -4.125     -7.201      5.169
  -1   -2     -6.789     -7.458      9.813
 360   -2     -4.803     -3.059     -7.828
  -1   55     -4.013     -6.021     -2.528
 304   -2     -8.160     -6.994     -2.211
  -1  312     13.131     -8.594     -2.400
  29  138     -0.681     -7.728     -5.415
 392   65     -4.815     -8.344     -9.525
 235   72      3.574     -6.687     -7.026
 254  223      3.281     -5.970     -7.654
 286   -2      1.470     -7.035      8.847
  -1   -2     16.349    -10.294     -9.578
 150   82     -6.762     -7.369      6.854
 231  285     18.406     -6.097     -2.499
 377   14      0.965     -9.454     -6.709
  -1  121      1.977     -6.686      0.959
 276   -2    -12.133     -8.907    -10.047
 344  143     14.278     -7.370      9.778
  -1   27      9.690     -3.334      7.184
 316   -2      0.449     -8.313      5.204
  -1   -2     -3.126     -8.249      1.251
  -1   -2     -5.148     -5.726      2.271
  -1  120      1.332     -6.362     -4.636
 172   -2     -0.809     -7.113     -7.795
 158  139     -6.052     -2.742    -10.278
 188  235     -2.815     -2.928     -9.887
  69  199     -1.258     -7.846      2.637
 185  239     12.446     -8.113     -3.546
  -1  124     -4.208     -7.183     -2.505
 146   -2     -4.878     -4.371     -9.865
 364  114     -3.214     -3.003     -1.337
  -1  163     16.214     -7.312      3.737
  -1  212      5.298     -3.210     10.006
 259   79    -10.109     -8.217      0.856
 385   -2      7.696     -8.465      2.708
  79  300    -10.604     -9.626     -6.351
 184   -2      4.857     -8.968     -6.501
 134   69      2.544     -5.413     -6.898
 369  262     -4.513     -7.782      3.305
 144  224      3.906     -7.612      8.079
 290   -2     -1.831     -7.543      2.463
 430  339     -1.822     -5.226      6.669
 280  232      0.560    -10.059     -6.388
 380   -2      3.931     -4.805      9.648
  -1   -2     -2.057     -7.546     -1.748
 214   -2     -8.489     -7.621     -1.826
 342  276     16.079     -8.529     -6.933
 383  265     -4.464     -9.065     10.216
 209  205     -0.028     -9.959      8.960
  -1  273      2.851     -9.497     -4.066
 218  215     -2.251    -10.269      1.795
  -1  179     -1.175     -9.981      9.921
 371  307     -1.448     -6.332     -5.174
  -1   68     -3.800     -9.543     -2.071
 244   -2      7.452     -9.024      6.159
  -1  194    -11.080    -10.095    -10.731
 228   -2     -5.342    -10.435     -5.531
 154   -2     -6.982     -4.086     -4.674
  -1   -2      1.458     -9.559      4.451
 140  218     -7.530     -8.544     -7.538
 210   -2     -0.233     -8.964      5.137
  -1  202      1.503    -10.518     -0.131
 348   -2      3.571     -9.853      7.089
  77   -2    -12.657    -10.078     -8.208
 160   -2     -8.614     -9.415     -0.795
  -1  182      1.353    -10.598     -1.707
  -1   -2     -0.991    -10.863      2.341
  59  254     -8.810     -6.000      6.650
  -1  109     -5.940     -8.135     -6.986
  -1   33     -8.280     -7.148     -7.514
  -1   -2      2.609     -9.532      5.494
 277   -2    -13.553     -7.200     -5.849
 367   -2     15.635     -2.004      7.602
  -1   -2     -5.880    -10.361      5.907
 275   -2     -1.503     -8.731      8.907
  -1   -2      2.153    -10.761      2.114
 381   49     -9.350     -9.299     -4.757
  -1   97     -4.207     -5.158      7.465
  -1  161     -0.250    -10.414      8.611
  31  164     -1.054     -8.389      6.995
  98  157      3.730    -10.399      1.881
 110   -2     14.517     -7.210      5.886
  -1  315      8.950     -2.776      9.487
  -1   -2     -5.008     -6.134      8.592
  -1  170      4.802     -5.918     -3.989
  -1  311     -6.214    -10.217      2.324
  -1  196     -5.634    -10.874     -3.550
  -1  169      0.843    -10.131      9.522
 326   -2     -3.034    -10.243      5.857
 249   -2     -2.924     -9.759      8.607
  -1   -2     -0.612     -8.554      5.253
  -1   -2     -7.057    -10.323     -5.959
 202   -2      2.747    -10.579      0.932
 401  261     19.948    -10.194     -6.340
  -1  320      5.282     -7.202      8.676
  -1   -2     -1.836     -9.744      7.170
  23  152     -5.281     -6.713     -0.901
  -1  225     -2.209    -10.363      5.542
 297   -2     -2.786     -9.262      9.812
 223  298     12.513     -8.534     -4.829
  -1   -2      7.927     -2.939     -2.435
  -1  309     19.159     -6.383     -5.265
 379  144     12.098     -5.517      3.553
  -1   -2      3.356     -3.889      9.294
 314  166     -0.215    -10.338      7.610
  19   -2      3.887     -9.234      5.326
  41   -2      2.025     -8.925      9.617
 426  173      2.197    -10.786      5.736
 333   -2     14.774     -7.808     -6.169
 234  231      1.885     -0.601      7.868
 374   -2     -2.816     -2.370      0.229
 203   43     -5.462     -9.712      1.720
  -1  167     -3.722     -4.630      0.802
 285   -2     -8.818     -4.398      2.142
  -1   -2     -1.987     -7.972      8.184
  -1  331     15.785      0.562     -7.958
 331  181      0.301    -10.041      1.778
 414   -2     -9.848     -3.664      0.538
  -1  226      2.373     -7.158      1.865
 268   93     -4.510     -5.114     10.007
  -1  128      7.151     -5.843      6.960
  44   -2      7.658     -7.749     -4.601
 167   -2     -3.783     -3.704     -8.574
 269  241     14.899     -6.798      5.636
  -1  321     -4.322    -10.584      1.600
 265  240     -5.299     -2.314     -7.079
  -1   71     -0.884     -5.057      3.036
 108   -2      4.136     -9.701     -1.562
 311  385     18.182     -3.333      2.144
 376  348      2.578     -6.872      7.692
 267  373     18.795     -9.872     -7.066
 283   -2     18.522     -5.160     -0.852
  -1  354     13.869     -6.171     -7.512
 273   -2     -1.302    -10.043      6.498
  -1  393      6.689      1.617      0.047
  -1   -2     -4.287     -9.918      3.833
  -1  259      4.205    -10.199      7.001
  13   -2     -5.299     -9.009     -9.783
 116  106      7.869     -8.630      4.669
  -1   -2    -13.376     -8.126     -5.219
  -1   -2     -1.260     -3.580     -2.930
  -1   80      6.060     -4.590     10.452
  89  171      8.204     -9.474     -4.211
  -1   -2     -3.948    -10.751     -3.916
 171   -2     15.464     -8.278      6.194
 125   -2     -0.143     -9.109     -9.139
  21   94      5.889     -9.644      5.252
  -1  101      4.517     -6.952      7.953
 246  277     -8.265     -0.477     -7.745
  -1   -2     -2.248     -7.003     -2.199
 215   23      1.189     -9.295      0.189
   6  116      4.789     -8.280      9.964
  -1  375     11.621     -6.784      0.767
  -1  258      0.842     -9.503      6.246
 240   -2    -12.218    -10.299     -5.252
  -1   -2      8.878    -10.037     -6.666
 236  328     -8.187     -6.177      2.726
 136   -2     16.932     -9.132     -0.390
 245  227     15.337     -9.269     -9.882
  -1  280     -2.784    -10.052      9.195
  39  211     -5.188     -9.906      0.235
  -1   37     -5.844     -4.583     -2.389
 124   -2     -2.033     -6.281     -2.128
  50  325      3.120     -6.817      3.437
  12   -2     -1.613     -9.150     -2.412
  -1   -2     -3.632    -11.104      3.430
  -1   -2      0.598    -10.827      4.883
  -1   -2     12.145     -2.881     -1.916
  -1  145    -13.213     -7.119     -4.249
  49  349     -8.738     -6.023     -4.563
 247   -2     -9.928     -7.098      4.691
 328  133     12.522     -8.431      3.729
 101  243      3.919     -8.096      1.446
  -1  292     14.141     -4.116     10.379
  -1   -2      7.769     -3.272      7.750
 320  252     14.573     -1.249     -4.979
  -1  341     -1.429     -6.393      8.613
  -1  132     19.192     -5.779      3.142
  -1  108      3.205     -7.675      8.753
  -1   -2      0.017     -8.085      9.069
  -1  272     -9.636     -6.880      0.603
 327   -2     -0.541    -10.061      3.270
  -1  134     -5.319     -2.657     -7.613
  -1   26      4.354     -6.337      2.034
 416  310      3.493     -2.021     -0.882
  -1   42      3.609     -8.474      0.076
  -1  113     -1.361     -3.743     -2.135
 143  353     -5.653     -3.373     -5.056
  -1  153     -5.498     -5.531     -4.723
 308  220     20.286     -7.127     -3.910
  -1  135      7.253     -4.030     -1.491
  -1  178     14.978      1.376     10.251
  -1  158     -5.990    -10.023      7.546
 292  165     -3.397     -9.848      2.888
  -1   -2      2.497     -5.384      3.166
  92  160      4.712     -9.647      0.329
 372  260     -1.000     -8.472      5.353
 204  203      2.024    -10.509      2.510
 313  374     16.783     -4.356      2.585
  -1  317      3.807     -1.947      3.288
  -1   -2     -8.171     -9.502      3.401
  -1   -2     -4.746     -3.876      1.944
 418  151     17.974     -9.116      2.509
 356   -2     14.445     -2.434     -3.314
 405   -2     14.049     -3.186     -3.459
 242   13     -2.021     -9.118      5.527
  -1   56      4.200     -5.253     10.189
  -1  306    -12.264     -7.398    -10.032
  -1   -2    -11.159     -1.860     -5.370
  67   95     -1.829     -9.551     -6.161
 366   34     12.047     -3.549      7.049
  -1  195     17.129     -5.877     -9.905
 257  336      4.842     -2.642      4.482
 205  287     -9.857     -8.845     -6.791
 182  279      8.512     -6.586     10.573
 338  229     -6.876     -4.124     -7.848
  -1  360     13.286     -0.943      1.866
  -1   -2      6.913     -6.480     -0.042
  -1   86     -1.200     -8.579      3.379
 303   -2     13.685     -9.160     -0.901
 165  136     -7.232     -7.461      4.967
  -1   -2     -1.653     -8.736     -7.506
  -1   -2      7.813     -5.537      9.888
 428   -2     14.864    -10.013     -7.200
 417  337     10.429     -0.799     10.752
  -1  392     16.734     -0.632      2.080
  -1   -2     13.379     -7.888      4.966
 118   30     -0.021     -6.783     -2.265
  -1   -2    -11.465     -5.590     -6.715
 349   -2    -11.135     -3.108     -8.747
  -1   -2     -5.236     -8.539     -4.047
 181  111      4.071     -4.845     -7.717
 132   -2     15.683     -8.430      2.444
  -1   46     -3.908     -8.762    -10.098
  -1   47      3.633     -7.190      4.080
  -1  278     -5.855     -9.830     -9.114
  -1   -2      1.800     -7.123      4.694
 423  314     15.398      1.283     -6.946
  -1   -2     -0.598     -8.551     -9.718
 422   -2      9.791     -3.177      2.144
 305  324      4.378     -4.756     10.413
  -1   -2    -11.521     -7.721     -2.892
 409  382     16.485      0.212     -1.301
  -1  304     13.290     -9.405     -0.251
 164  267     -2.943     -7.965      5.363
  -1   -2     -1.112     -8.285      2.414
  -1   20    -10.731     -4.107      3.073
  -1   88     -9.153     -8.547     -4.804
 384  237     14.776      0.013      2.284
  -1   -2     12.926     -6.481     -7.503
  -1  326     20.670     -5.836     -6.866
 346  282     11.346     -3.526      0.743
 390  299     19.375     -4.091     -6.926
  -1   74     -3.662     -5.443     -2.600
  -1   -2     -8.099     -3.836    -11.989
 243   -2     17.559    -10.093     -5.591
 400   -2    -12.322     -2.862     -1.823
  -1  140    -12.214     -2.404     -4.523
  -1   -2     13.065     -2.753     10.244
 397   -2    -12.575     -1.953     -5.516
  -1  342     18.399    -10.881     -6.250
 404  365      4.493      0.937     10.953
  -1  370    -14.719     -2.833      1.262
  -1   -2     19.428    -11.348     -4.223
  -1   -2    -15.635    -10.478      4.471
  -1  333      8.603      0.858      6.503
 343   -2     13.344     -2.010      0.615
  -1   -2     15.234     -0.114     -6.552
  -1   -2      9.109      0.941      0.641
 427  357     20.138     -2.514     -1.200
  -1   -2      9.863      4.722      3.409
  -1   -2     -9.700     -0.770     -8.021
 398   -2     -3.988      0.894      6.490
  -1  383     -7.739     -0.935     -8.193
  -1  316     -3.503     -1.277     -2.454
  -1  207     -3.751     -2.688    -11.442
  -1   -2    -14.973    -10.075      6.377
 284   -2     10.071      1.290      6.333
 310   -2     19.294     -7.748     -7.121
  -1  355     15.984      0.387     -5.734
  -1  379     20.816      1.590     -4.429
  -1  330     -3.724     -3.406     -7.143
  -1   -2     17.518      3.794    -11.732
  -1  361      6.208      1.355     -1.157
  -1  334    -12.688    -10.515     -4.656
  -1   -2     15.489     -9.651    -10.512
  -1   -2      0.209      1.189     -7.883
  -1  377     14.632    -11.088      9.597
  -1  352     16.268      0.964      8.219
  -1  308     20.364     -0.442      3.499
  90   -2     -2.470     -6.700      3.885
 389  118      4.952     -9.498      4.972
  -1  396      1.703     -7.576      4.457
 351   -2    -13.255     -8.115     -4.933
  -1  129      7.035     -7.518     -4.656
  88   32      5.870     -0.093      0.913
  -1   67     -2.573     -7.468      8.337
 434  401      8.024     -2.939     -2.694
  -1  263     -9.455     -1.206     -0.846
 288   -2      9.795     -0.398      6.949
   0  395     -0.534     -6.802      5.189
