166
  -1    1    -12.287    -10.636     -6.936
  77   -2     -2.364     -5.414      1.858
  10   -2     -4.073     -9.952     -3.600
  38   -2      9.746     -7.892      1.419
   6   -2      6.163     -3.808     -8.594
  -1   -2      9.089     -6.285      3.460
   3   -2      4.179     -7.012     -2.225
   7   77     -5.297     -6.678      0.998
  -1    8     -0.772     -6.013      5.633
  -1   74     -7.838    -10.138     -8.234
  91   17     -9.269    -10.427     -8.495
  20   59      6.034     -8.056      8.062
  28   -2     11.717     -8.215     -4.505
  53    7     17.814     -9.756     -3.446
  52   -2     17.899     -5.378     -3.278
  -1   -2     -6.575     -8.642      6.350
  -1   44     18.191    -10.315     -2.279
  -1  121     -8.977     -6.966      2.120
  19   33      2.339     -9.432      8.010
  21   13     16.354     -4.571     -9.583
  34   -2     13.277     -3.207     -1.817
  -1   -2     -1.301     -7.908     -2.963
  47   -2      7.636     -6.440      5.794
 135   -2      7.758     -9.048      5.789
  89   64      1.052     -9.161     -0.059
  -1   42     19.954     -7.949     -3.829
  -1   31     13.213     -3.828      4.327
 124   -2    -10.748     -9.346     -4.441
  25   -2     17.351     -5.964     -0.649
  42   -2     14.041     -2.053     -3.729
 129   19     19.432     -6.421     -4.881
  96   -2     14.605      0.499     -5.049
  -1   18     12.097     -5.521      3.556
  -1   -2      3.897     -3.069      4.213
  82   93      0.885    -10.835    -10.820
  -1   29     14.617     -5.016     -5.906
  93   -2      6.332     -4.926      0.724
 119   32     18.973     -0.369     -7.954
  72   -2     -9.164    -10.611     -3.492
  -1   -2     20.677    -10.146     -5.038
  32   -2     12.162     -7.723      0.779
  -1   55      0.258     -3.332     -8.155
  15   -2    -10.003    -10.156     -8.498
  -1   -2     -1.252     -8.810     -1.355
  46   30      6.984     -5.303      5.882
  36   -2      4.120     -7.579      6.233
  -1   36      0.180     -1.550      0.923
 118   -2     17.182     -1.443     -1.442
  30    5    -10.743    -10.175    -10.025
  45   40      4.312     -5.503      8.250
 104  123     11.172     -8.637      3.737
 156    4      5.311     -6.431      0.104
  -1   -2      7.689     -4.228      5.593
  55   -2     -1.981     -9.724     -2.014
  -1   46      4.306     -7.519      9.630
 110   -2     17.987    -10.025     -2.482
  75   81     14.847    -10.104     -7.229
  88   10      8.624     -9.652      3.203
  58   -2     -0.103     -3.693     -9.616
  13   -2     12.550     -3.847     -4.931
  39  134     -1.616     -0.401      7.379
  60   56     -5.784     -6.904    -10.185
  -1   -2      1.670     -9.983     -4.325
  81   -2     -0.258     -6.103    -10.148
  50   35      3.808     -4.244     -1.871
  66   -2     18.063     -9.123     -2.980
 113   -2     15.260    -10.325     -6.852
  35   -2      3.913     -8.428      2.018
  40   -2     14.568     -7.269      6.832
  78   63     -4.554     -4.698     -2.247
  -1    3      7.386     -3.842      9.329
  74   -2     13.985     -9.507     -1.963
  43   61     -6.326     -9.129     -8.110
  -1   25      7.777     -6.739      8.353
 132   78      8.945      0.403      9.130
   4   26    -12.099    -10.204     -4.428
   1   -2      6.643     -5.767     -8.211
  61   58      2.158     -8.769     -4.477
  99   -2     10.204     -3.102     10.635
 137   37     16.944     -8.317      4.173
  54    0    -11.374     -9.734     -7.493
  -1   76     -3.742    -10.325     -5.544
  -1   62      3.559     -9.160      4.236
  86   -2     13.035     -5.835      9.721
  -1   66     15.059     -6.839      7.025
  -1  109     -7.441     -3.927      6.976
  22   65     -0.318     -6.857      5.288
 151   -2    -13.164     -6.479     -2.665
  -1   72     16.479     -5.742     -2.998
   8   -2     -1.082     -8.494     -4.900
  83   -2     -1.742     -9.300      1.183
  -1   68     10.815     -9.472      8.576
  71   -2      2.276     -6.706      9.156
  -1   79     -9.182     -8.230      4.834
  94  127     -9.887     -4.184     -7.602
  62    9     18.651     -6.169     -2.695
   2    6     15.810     -3.866     -9.068
  85   -2     14.578     -4.272      7.781
 125   -2     12.846    -10.598     -5.563
  84   -2     -6.384     -7.861     -1.947
  -1   -2     -1.396     -2.429      9.849
  -1  139     10.798     -3.142     -6.835
  -1   23     14.066      3.089     -3.629
 112   -2     13.634      1.938     -6.216
  -1   -2      4.830    -10.413     -6.772
  -1  108      8.958      0.880     -9.741
  97   70     12.332     -0.394     -6.669
  -1   -2     19.732      2.433     -2.581
  98   -2      4.259     -1.062     -0.975
  -1   -2      2.012     -0.857     -9.082
  70   -2      7.463     -3.235      8.369
 105  100    -10.163     -9.224    -11.983
  -1   47     15.894     -4.948      5.840
 101  114     20.372      0.157     -6.401
 111  105     -1.832      1.234     -8.135
  -1   -2     -8.853     -6.148    -10.322
  -1  122     15.578     -1.327      8.320
  48   89      8.467     -9.995     -4.137
   0   41     14.815     -9.026      1.786
  -1   -2     18.949    -10.856     -3.564
  -1   -2     21.446     -1.458    -10.206
  -1   -2    -13.961     -7.672     11.429
 114   90     13.530      4.274     -5.974
 115    2     11.490     -9.097     -5.400
  -1  117      6.061     -2.411     -3.158
  -1  102     20.073      1.484     -0.720
  -1   -2      8.065    -10.393     -9.812
  -1  110     19.715     -2.548     -5.624
  31   82     -3.730     -7.883      9.246
  -1  107     -8.069     -3.760    -11.349
  -1   -2    -11.505     -6.025      0.713
  -1  128      7.346      1.930      9.685
 146   -2     17.243     -1.092     -2.457
 123   -2     -2.540     -0.958    -11.424
  65   -2     17.625    -10.295      1.433
  57  138     12.188     -6.988     -2.120
  -1   80     15.478     -9.643    -10.499
  73   -2     -8.417     -4.496     -8.469
 108  125    -11.468     -5.566     -5.335
  11   22     -6.686     -8.601      6.717
  -1   27      9.173     -6.348      3.873
  64   67      7.212     -3.814      9.775
  -1   -2     10.798     -3.142     -6.835
  -1  115     19.732      2.433     -2.581
  -1   -2    -13.412     -6.270     -3.607
  -1   -2      9.173     -6.348      3.873
 148   98     10.798     -3.142     -6.835
  -1   -2     19.732      2.433     -2.581
 144   75    -13.412     -6.270     -3.607
  -1   -2     19.732      2.433     -2.581
  -1   -2      3.767     -3.034      4.581
  -1  130      4.510     -6.976     -2.417
 157  140      3.767     -3.034      4.581
  -1   -2      4.510     -6.976     -2.417
  -1   -2      4.510     -6.976     -2.417
 165  147      6.076     -3.755     -8.394
  -1   -2      6.076     -3.755     -8.394
  -1   -2      6.076     -3.755     -8.394
  -1   -2      6.076     -3.755     -8.394
  -1   -2      6.076     -3.755     -8.394
  -1   -2      6.076     -3.755     -8.394
  -1   -2      6.076     -3.755     -8.394
  -1   -2      6.076     -3.755     -8.394
  -1   -2      6.076     -3.755     -8.394
  -1   -2      6.076     -3.755     -8.394
 159   -2      6.076     -3.755     -8.394
