200
 117    0      9.731     -7.899      1.450
   3    1      2.698     -9.456      9.521
  55   -2     12.678     -8.659     -7.186
  19   35      9.174     -6.345      3.872
  14    5     16.359     -4.574     -9.600
  -1   79     -4.459     -6.941      6.466
   8   -2     13.211     -3.831      4.313
   9   -2     17.351     -5.963     -0.651
  -1   10      4.708     -7.727      4.372
  -1    6     12.101     -5.521      3.545
  63   15     14.611      0.500     -5.067
  65   -2     12.836     -9.335      9.127
  -1   -2     19.447     -6.422     -4.869
   4   13     14.616     -5.020     -5.912
  15   -2      6.974     -5.305      5.864
  -1   16     10.975     -2.664      3.938
  26    9     -4.480    -10.589     -4.535
  20   21     -0.539     -8.766     -7.018
  18   22      4.311     -5.504      8.241
  17   -2     14.130     -7.187      7.832
  21   -2     18.055     -9.869     -4.188
  16   12      7.978     -5.851      9.690
  95   20     20.048    -10.454     -6.948
  -1   23     -2.274    -10.184      2.163
  23   24     -2.863     -9.780      0.023
  -1   -2      4.663    -10.166      1.470
  -1   -2     17.795     -4.232     -0.658
  -1   39      4.426     -7.588     10.303
  -1   32     -0.107     -3.695     -9.629
  30   30     12.549     -3.848     -4.930
  -1   -2      1.582    -10.584      2.100
  34   -2      5.197     -6.086      3.796
  -1   -2     -5.780     -6.901    -10.179
  80   70     -9.760    -10.645     -6.127
  36   33     -6.319     -9.130     -8.100
  89   48     16.179     -0.962     -8.692
  98   -2      3.023     -8.838      4.871
  44   17     14.893     -6.902      7.422
  78   36    -11.554     -9.726     -7.935
  79   19      6.456     -7.356      9.585
  39   -2     17.104     -6.908     -0.171
 100   -2     16.639    -10.459      1.619
 142    7     18.558     -6.172     -2.927
  -1   -2     -2.009     -6.479      1.983
  31   -2     -2.238     -8.765     -8.853
  99   -2     -0.313     -6.859      5.290
   2   42     16.877     -8.269      3.920
  49   31      6.934     -6.519      5.762
  68   -2     13.099     -0.306      3.309
  56   47     14.576     -4.275      7.784
  -1   49     -8.927     -8.324      3.953
  54   52     -1.143     -7.840     -4.249
 185  173     10.811     -3.147     -6.798
  -1   94     -9.509     -0.709     -7.596
  -1   -2     13.631      1.938     -6.216
  -1   -2     -3.430     -2.217      4.741
  -1   -2     -8.908     -7.564     -7.617
  64  179      8.427     -2.487     10.293
  -1   -2     13.029     -8.914      9.991
  66   61      3.471     -1.160      1.214
 150   -2     12.334     -0.398     -6.671
  -1   81     19.732      2.431     -2.583
  -1   -2    -15.865     -9.152      4.313
  -1   -2     -0.724     -1.655     11.935
  -1   -2     12.936     -0.495     -0.858
  -1   29     14.476    -10.488     -7.154
  -1   -2      4.520      1.485      1.251
  -1   -2      7.464     -3.235      8.366
  74   68     -1.832      1.233     -8.139
 115   50      6.084     -8.911      9.845
  -1   18     17.611    -10.258     -4.583
 130  116     -0.755     -2.752      5.793
  -1   -2     -4.015     -5.129      2.156
  41   -2     21.463     -1.455    -10.250
 111   72      0.876     -9.936      5.790
  -1  138     13.530      4.274     -5.972
 116   -2     -4.508     -5.165      5.282
  -1   74     19.412    -10.606     -1.701
  -1   80      6.485     -6.843     10.964
  87   -2      6.061     -2.409     -3.158
  33  128     12.024    -10.306      7.584
  -1  195     20.102      1.478     -0.583
  -1    2     13.127    -10.126    -11.282
   0   92     11.394     -9.160      1.285
  86   -2     17.234     -1.086     -2.495
  -1   -2     13.927     -8.051      6.985
  -1   41      8.456     -9.728     11.412
   1   37     -8.506     -9.276     -9.072
 104   98     17.506      3.792    -11.701
 120   28     -8.413     -4.496     -8.460
  90   90     -2.532     -0.960    -11.391
  -1   -2      6.970     -4.265     -2.290
 101   97      8.024     -3.497     -3.436
  93   91     19.623    -11.441     -4.605
  -1   44      0.861     -4.222      8.527
  -1   96    -11.471     -5.564     -5.336
  -1   -2     -9.121    -10.544    -10.116
  -1   -2      9.603     -9.315     11.313
 107  101      9.357      0.284      9.933
 110   25      4.538     -9.701      9.722
  -1  102    -10.252     -6.090     -3.831
  -1   95     17.896     -6.202     -6.676
 109   34     19.301     -7.754     -7.063
  -1   73      8.020     -9.782      8.639
  -1   -2     -4.481     -6.929      6.539
  -1   -2     16.518     -4.577     -9.993
  -1   -2      9.174     -6.345      3.872
  -1   43     19.463     -6.404     -5.011
  -1   -2     -9.509     -0.709     -7.596
  -1   -2     10.811     -3.147     -6.798
  85    8     12.936     -0.495     -0.858
  -1   11     13.631      1.938     -6.216
 131   93     13.029     -8.914      9.991
  -1   -2     19.732      2.431     -2.583
  88   -2     14.476    -10.488     -7.154
  -1   -2    -12.295     -7.927      4.676
  -1   -2      4.520      1.485      1.251
  -1   -2      7.464     -3.235      8.366
  -1   -2     -4.015     -5.129      2.156
  81   -2     -0.755     -2.752      5.793
  96   40     12.024    -10.306      7.584
  -1   -2     -4.459     -6.941      6.466
  -1   -2     16.518     -4.577     -9.993
  -1   -2      9.174     -6.345      3.872
  -1   -2     19.463     -6.404     -5.011
  -1   -2     10.811     -3.147     -6.798
  -1  106     -9.509     -0.709     -7.596
  -1   -2     13.631      1.938     -6.216
  -1   -2     13.029     -8.914      9.991
  -1   -2     19.732      2.431     -2.583
 127  125    -12.295     -7.927      4.676
  -1   -2      4.520      1.485      1.251
  -1   -2      7.464     -3.235      8.366
  94   46     -4.015     -5.129      2.156
 118   -2     16.518     -4.577     -9.993
  -1   -2      9.174     -6.345      3.872
  -1   -2     -4.459     -6.941      6.466
  -1   -2     19.463     -6.404     -5.011
  -1   -2     10.811     -3.147     -6.798
  -1   -2     13.631      1.938     -6.216
  -1   -2     13.029     -8.914      9.991
  -1   -2     19.732      2.431     -2.583
  -1   -2      4.520      1.485      1.251
  -1   -2      7.464     -3.235      8.366
  -1   -2      9.174     -6.345      3.872
  -1   -2     10.811     -3.147     -6.798
  -1   -2     13.631      1.938     -6.216
  -1   -2     19.732      2.431     -2.583
  -1   -2      4.520      1.485      1.251
  -1   -2      7.464     -3.235      8.366
  -1   -2      9.174     -6.345      3.872
  -1   -2     10.811     -3.147     -6.798
  -1   -2     13.631      1.938     -6.216
  -1   -2     19.732      2.431     -2.583
  -1   -2      4.520      1.485      1.251
  -1   -2      7.464     -3.235      8.366
  -1   -2      9.174     -6.345      3.872
  -1   -2     10.811     -3.147     -6.798
  67   -2     13.631      1.938     -6.216
  -1   -2     19.732      2.431     -2.583
  -1   -2      4.520      1.485      1.251
  -1   -2      7.464     -3.235      8.366
  -1   -2      9.174     -6.345      3.872
 174  105     -4.432     -6.952      6.466
  -1   -2     10.811     -3.147     -6.798
  -1   -2     19.732      2.431     -2.583
  -1   -2      4.520      1.485      1.251
  -1   -2      7.464     -3.235      8.366
  -1   -2      9.174     -6.345      3.872
  -1   -2     10.811     -3.147     -6.798
  -1   -2     19.732      2.431     -2.583
  -1   -2      4.520      1.485      1.251
  -1   -2      7.464     -3.235      8.366
  -1   -2      9.174     -6.345      3.872
  -1   -2     10.811     -3.147     -6.798
  -1   -2     19.732      2.431     -2.583
  -1   -2      4.520      1.485      1.251
  -1   -2      7.464     -3.235      8.366
  -1   -2      9.174     -6.345      3.872
  -1   -2     10.811     -3.147     -6.798
  -1   -2     19.732      2.431     -2.583
  -1   -2      4.520      1.485      1.251
  -1   -2      7.464     -3.235      8.366
  -1   -2      9.174     -6.345      3.872
  -1   -2     10.811     -3.147     -6.798
  -1   -2     19.732      2.431     -2.583
  -1   -2      4.520      1.485      1.251
  -1   -2      7.464     -3.235      8.366
  -1   -2      9.174     -6.345      3.872
  -1   -2     19.732      2.431     -2.583
 191   -2      7.464     -3.235      8.366
 129   -2      4.520      1.485      1.251
  -1   -2      9.174     -6.345      3.872
  -1   -2     19.732      2.431     -2.583
  -1   -2      9.174     -6.345      3.872
  -1   -2     19.732      2.431     -2.583
  -1   -2      9.174     -6.345      3.872
 210   -2      9.174     -6.345      3.872
  -1   -2     19.732      2.431     -2.583
  -1   -2     19.732      2.431     -2.583
