73
  36   47      5.887     -6.878      7.475
  37   -2      5.923     -9.218      7.420
  -1    2     -8.514    -11.026      5.066
  23   10     -0.891    -10.418     -3.807
   3    3    -10.084    -11.017      5.405
  -1   -2      0.884    -10.990     -1.099
  -1   19     -7.578    -10.909      5.789
   0    5      0.724     -4.098      9.964
   7   23      8.564     -7.834      1.787
  33   -2    -10.087    -10.180     -0.539
  49   -2      4.505     -8.955      3.630
  -1   -2     10.435     -6.512    -10.429
  -1   -2      6.099     -7.504      9.759
  11   -2      9.969     -3.354      6.420
   2   -2    -11.249    -10.689      3.310
  -1   -2      6.686     -7.032      8.984
  -1   -2     -9.040    -10.637      6.501
  34    1      5.974     -9.847     -4.587
   6   -2     -9.769    -10.916      0.306
  27   -2      9.963     -5.151      3.768
   4   -2     -3.424    -10.639      1.788
  15   24      2.868     -8.365      6.183
  52   18      1.226    -10.193     10.087
  18   17     13.048     -3.172     -1.256
  19   -2     -3.694    -11.051      0.048
  14   -2      2.480     -7.849      5.923
  50   -2     -5.744    -10.728     -3.452
  13   -2      1.142     -5.027      9.549
  48   -2      7.515     -8.437      6.167
   5   30      9.967     -8.311      5.663
  24   -2     -6.456     -7.792     -1.716
  16   -2      4.021    -10.425     -9.048
  47   52      0.568     -6.639     10.137
  29   -2     10.317     -7.949      4.112
  -1   12      7.883     -9.739     10.367
  -1   -2    -13.357    -10.602      4.858
  22   26    -10.946    -10.064    -10.483
  -1   44      8.508     -4.569     -8.036
  -1   -2      1.166     -6.040      8.813
  -1    0      9.958    -10.365     -9.181
  30   -2      8.200      6.228     10.875
  -1   48      9.062     -6.300      7.319
  25   50     18.653     -7.371     -3.102
  -1   49     -7.909     -7.541     -7.913
  -1   -2     -4.398     -8.621      0.402
  -1   36     14.155     -6.973      7.364
  45   -2      8.530     -7.058      0.303
  -1   20     -3.954     -5.438      1.916
  -1   14     -4.042    -10.413     -2.401
   9   28    -12.422    -10.642      5.223
  -1    6      5.138     -5.045     10.158
  -1   -2    -15.670     -3.583      2.384
  -1   34      0.334     -4.014     10.516
  -1   -2     17.246     -6.627      1.987
  -1   11      5.985    -10.116     10.362
  -1   -2      4.618    -10.701     10.272
  -1   29    -10.640     -5.414     -8.496
  -1   -2     -6.547     -8.076      0.610
  -1   33      8.015      6.682      6.757
  -1   37    -10.114     -0.907     -6.679
  -1   -2     15.971     -1.362      0.746
  20   -2      7.702     -9.292     -0.636
  -1   -2      6.043     -8.363      9.126
  -1   27     12.873      4.229     10.276
  -1   -2      6.108      6.277     10.089
  -1   -2    -10.700     -9.457      0.542
  10    4    -11.401    -10.849     -2.920
  -1   25      7.723    -10.950     -3.118
  -1   -2     16.987     -8.816     -0.204
  -1   21     15.154     -7.757      1.739
  -1   -2    -15.670     -3.583      2.384
  -1   -2    -15.670     -3.583      2.384
  55   -2    -15.670     -3.583      2.384
