56
  28   -2      6.843     -8.213      5.611
  -1   -2      5.022     -8.246      8.781
   1   -2      2.595    -10.847      1.464
  -1   20      9.298    -10.051    -10.304
  -1   -2      5.646     -8.636      7.595
   3   10     -9.403    -11.084      0.756
  27    0      2.419     -4.420     10.237
  35   34      9.221    -10.380     -6.237
   7   -2      6.984     -5.997     10.147
  16   -2      1.578     -9.578     -2.246
  20   -2    -10.797     -9.946     -9.597
  -1   36      3.656     -7.669     10.115
  -1    8      7.289     -7.192      7.763
  11   -2      9.963     -3.356      6.435
  15   54      8.606     -5.058     -3.208
  37   -2     13.319     -3.202     -1.922
  31   19     -4.575    -10.947     -2.737
  18   -2      2.491     -8.804      3.345
  -1   12      6.291     -6.802      8.808
  10   -2      5.962     -7.959     10.666
  -1   39      1.713    -10.430     -1.924
  -1   41      6.594    -11.037      9.753
   6   38     12.071     -6.447      1.736
  -1   18     14.086      3.088     -3.680
  -1    4      5.706    -11.180     -0.997
  -1   -2     -4.153    -10.734      8.856
   9   16     -5.199    -10.724     -2.360
  23   21     -5.273     -7.673     -6.147
  42   11     11.741     -5.303      2.679
  29   30      8.193      6.226     10.893
   4   28     -4.594    -10.071     10.206
  22   40     19.397     -6.444     -4.764
  -1   -2     -9.533    -10.160     -2.319
  -1   -2      7.695     -7.916     11.538
  -1   -2     -0.906    -11.155     -7.225
  -1   -2     14.043     -5.503    -10.065
  -1   -2      2.031    -11.276     -2.225
  -1   -2    -14.411     -3.475      2.396
  -1   32      7.328     -5.668      9.513
  -1    7     12.058     -9.223     -6.716
  -1   -2     -5.912    -10.138     -8.222
  -1   45      9.092     -8.568     -9.971
  33   -2     -0.157     -5.373      9.530
  -1    2     -9.787     -9.406     -2.068
  17   -2     11.337     -7.063      7.903
  -1   -2      9.086    -10.951     -7.541
  -1   25     14.126     -7.595      3.339
  -1   43     -7.266     -9.008     -8.972
   8   13      4.032     -7.191      7.288
  -1   51      6.099      6.277     10.114
  -1   -2      6.729      5.692      9.332
  -1   50     -3.732     -5.807     -1.318
  38   52      7.367     -9.655      9.414
  -1   -2      8.451     -3.499      3.784
  -1   -2    -14.411     -3.475      2.396
  45   55    -14.411     -3.475      2.396
