272
   2   -2     18.349     -5.170     -1.139
  10   60      9.753     -7.894      1.413
   5    2      8.925     -7.262      7.739
   8   -2     18.995    -10.079     -6.144
  -1   39     11.780     -7.949     -3.417
   6    0     14.462     -8.216      8.670
  -1   21     -4.947    -10.703     -4.330
  -1   10     -4.472     -6.942      6.456
  42  236      9.172     -6.346      3.879
  51   -2      7.402     -9.042      6.438
   0    3     11.317     -8.189     -3.541
   3    7     -3.465    -10.005     -1.578
  13   12     17.351     -5.963     -0.649
  40   -2     19.122    -10.283     -4.718
   1   11     13.211     -3.829      4.327
 106   48     19.426     -6.419     -4.868
  -1   -2      4.261    -10.082      0.791
  -1   13     12.097     -5.519      3.560
  37   -2     -4.244     -9.335     -1.198
  11   14      4.705     -7.724      4.366
 112   18     16.571     -4.518    -10.141
  65   -2     14.606      0.498     -5.052
  58   17      4.775     -7.404      8.224
  30   90     11.125     -8.648      3.752
  52   55      1.725    -10.483      8.146
   7   26      6.976     -5.306      5.868
  -1   -2     14.614     -5.013     -5.911
  21   -2     10.980     -2.663      3.922
 105   51      4.313     -5.504      8.246
  55   -2     11.502    -10.428     -7.898
  28   31      7.981     -5.850      9.694
  79   -2     18.139     -9.101     -3.157
  49    1     17.239     -6.859     -0.464
  -1   -2     16.479    -10.313     -1.950
  61   19     12.544     -3.846     -4.918
  -1   -2     13.964      1.388     -3.352
  38   58     -5.659    -10.659      3.609
  23   57     14.566     -7.264      6.828
  -1   23      5.198     -6.085      3.804
  33   28     -0.108     -3.694     -9.622
  59   34     11.070     -8.837     -1.118
  -1   35     -5.784     -6.904    -10.185
  -1   -2      1.260    -10.728     -1.479
  76   62     -0.635     -6.006      5.977
  29   -2      3.022     -8.841      4.880
  -1    4     11.880    -10.458     -3.262
  15   45      3.759     -8.503      2.696
  -1   52      7.323     -3.172      8.052
   9   46     19.626    -10.791     -4.580
  -1   59      2.057    -10.897     -1.256
  92   -2     -6.316     -9.130     -8.095
  45   49    -11.567     -9.726     -7.953
  44   -2      6.449     -7.357      9.575
  47   -2     13.587     -9.008     -5.665
  48   42     -1.302     -8.681     -6.250
  -1   -2     20.939    -10.160     -4.628
  25   -2      9.774     -8.695      5.721
  89   -2      0.413     -5.130      8.117
  53   83     -7.421     -3.921      7.003
  -1   61     -0.312     -6.857      5.292
 101    6     16.667    -10.069     -7.996
  54   -2      0.401     -8.653      7.192
  36   -2      3.670     -7.608      7.847
  -1   37      1.211    -10.894     -8.177
  19   32     17.001     -3.845     -4.572
  32   -2     13.974     -0.181     -3.471
 103  114     17.996     -6.114     -6.889
  -1   20      2.926     -9.406     10.136
  -1   -2     10.806     -3.146     -6.827
  -1   -2     11.712     -5.201     -5.302
  -1   -2     13.635      1.940     -6.224
  66  118      2.386    -10.786      4.472
  -1    5     17.990    -10.143     -6.747
  67  119      8.959      0.880     -9.746
  68  120      3.471     -1.160      1.214
  -1   64      9.074     -9.254     10.035
  -1   -2     19.732      2.431     -2.583
  72  123      2.019     -0.861     -9.071
  -1   -2      4.521      1.484      1.253
  -1   -2     -4.013     -5.129      2.154
 121  104     -1.832      1.233     -8.136
  -1   -2     11.405     -8.190     11.737
  -1   84    -11.050    -10.686     -2.971
  75   -2    -10.075    -10.559     -5.022
  -1   -2     13.529      4.276     -5.976
  78   86     21.443     -1.456    -10.205
  -1  107    -12.181    -10.556     -6.671
  80   87     -4.514     -5.166      5.269
  -1   36     -0.756     -2.751      5.799
  99  137    -13.400     -6.269     -3.589
  -1   -2     10.936     -7.786     10.378
  -1  108      6.060     -2.410     -3.160
  -1   22      5.019    -10.628     -0.220
  -1   94     16.920     -1.421     -3.702
  -1   41     -1.382     -9.946      9.139
  -1   -2     23.772     -8.647     11.099
  -1   -2     -9.700     -0.772     -8.023
  20   74     17.238     -1.088     -2.478
  -1   97     10.742     -6.557      0.426
 129   98      1.270      5.629      0.612
  -1   -2     14.797     -9.891     -9.102
  88   -2     -2.501     -0.964    -11.319
  77   -2    -10.012     -9.279     -2.706
  95  103      6.969     -4.266     -2.296
  90  109      9.357      0.282      9.921
  86   43     -8.421     -4.491     -8.484
  -1   -2     18.733      1.437     -6.124
  85   -2      8.007     -3.503     -3.500
  94   91     17.503      3.791    -11.695
 128  111    -11.466     -5.563     -5.319
 102   65     -9.200     -8.248      4.895
  69   16     17.243      1.359     -3.667
  84   82    -10.253     -6.089     -3.842
 104   -2    -10.929     -3.868     -8.556
  -1   -2     10.386     -9.538      9.859
  -1  122      6.714     -1.479      7.772
 107   53      3.809     -5.509     -2.487
  -1   -2     19.767    -11.412     -7.072
  -1   -2      9.172     -6.346      3.879
  -1   -2     -4.505     -6.929      6.560
 113   75     13.722      1.401     -2.756
  39   -2     16.615    -10.302     -2.266
 149  152     10.806     -3.146     -6.827
  82  220     13.635      1.940     -6.224
  -1   33     11.712     -5.201     -5.302
  -1   -2     19.732      2.431     -2.583
  -1   -2     -4.013     -5.129      2.154
  -1   -2      4.521      1.484      1.253
 118   -2      7.464     -3.237      8.369
  81  125     -0.756     -2.751      5.799
  -1   -2      9.172     -6.346      3.879
  -1   -2     -4.505     -6.929      6.560
  -1   -2     10.806     -3.146     -6.827
  -1   -2     13.635      1.940     -6.224
  -1   -2     19.732      2.431     -2.583
  -1   -2      4.521      1.484      1.253
  12  131     -4.013     -5.129      2.154
 136   -2     -4.505     -6.929      6.560
  -1   -2      9.172     -6.346      3.879
  -1   -2     10.806     -3.146     -6.827
  -1   -2     13.635      1.940     -6.224
  -1   -2     19.732      2.431     -2.583
  -1   -2      4.521      1.484      1.253
  -1   -2      9.172     -6.346      3.879
  -1   -2     10.806     -3.146     -6.827
  -1   -2     13.635      1.940     -6.224
  -1   -2     19.732      2.431     -2.583
  -1   -2      4.521      1.484      1.253
  -1   -2      9.172     -6.346      3.879
  -1   -2     10.806     -3.146     -6.827
  -1   -2     13.635      1.940     -6.224
  -1   -2     19.732      2.431     -2.583
  -1   -2      4.521      1.484      1.253
  -1   -2      9.172     -6.346      3.879
  -1   -2     13.635      1.940     -6.224
  -1   -2     10.806     -3.146     -6.827
  -1   -2     19.732      2.431     -2.583
  -1   -2      4.521      1.484      1.253
  -1   -2      9.172     -6.346      3.879
  -1   -2     13.635      1.940     -6.224
  64   77     10.806     -3.146     -6.827
  -1   -2     19.732      2.431     -2.583
  -1   -2      4.521      1.484      1.253
  -1   -2      9.172     -6.346      3.879
  -1   -2     13.635      1.940     -6.224
  -1   -2     19.732      2.431     -2.583
  -1   -2      4.521      1.484      1.253
  -1   -2      9.172     -6.346      3.879
  -1   -2     13.635      1.940     -6.224
  -1   -2     19.732      2.431     -2.583
  -1   -2      4.521      1.484      1.253
  -1   -2      9.172     -6.346      3.879
  -1   -2     13.635      1.940     -6.224
  -1   -2     19.732      2.431     -2.583
  -1   -2      4.521      1.484      1.253
  -1   -2      9.172     -6.346      3.879
  -1   -2     13.635      1.940     -6.224
  -1   -2     19.732      2.431     -2.583
  -1   -2      4.521      1.484      1.253
  -1   -2      9.172     -6.346      3.879
  -1   -2     13.635      1.940     -6.224
  -1   -2     19.732      2.431     -2.583
  -1   -2      4.521      1.484      1.253
  -1   -2      9.172     -6.346      3.879
  -1   -2     13.635      1.940     -6.224
  -1   -2     19.732      2.431     -2.583
  -1   -2      4.521      1.484      1.253
  -1   -2      9.172     -6.346      3.879
  -1   -2     13.635      1.940     -6.224
  -1   -2     19.732      2.431     -2.583
  -1   -2      4.521      1.484      1.253
  -1   -2      9.172     -6.346      3.879
  -1   -2     13.635      1.940     -6.224
  -1   -2      4.521      1.484      1.253
  -1   -2      9.172     -6.346      3.879
  -1   -2     13.635      1.940     -6.224
  -1   -2      4.521      1.484      1.253
  -1   -2      9.172     -6.346      3.879
  -1   -2     13.635      1.940     -6.224
  -1   -2      4.521      1.484      1.253
  -1   -2      9.172     -6.346      3.879
  -1   -2     13.635      1.940     -6.224
  -1   -2      4.521      1.484      1.253
  -1   -2      9.172     -6.346      3.879
  -1   -2     13.635      1.940     -6.224
  -1   -2      4.521      1.484      1.253
  -1   -2      9.172     -6.346      3.879
  -1   -2     13.635      1.940     -6.224
  -1   -2      4.521      1.484      1.253
  -1   -2      9.172     -6.346      3.879
  -1   -2     13.635      1.940     -6.224
  -1   -2      4.521      1.484      1.253
  -1   -2      9.172     -6.346      3.879
  -1   -2     13.635      1.940     -6.224
  -1   -2      4.521      1.484      1.253
  -1   -2      9.172     -6.346      3.879
  -1   -2     13.635      1.940     -6.224
  -1   -2      4.521      1.484      1.253
  -1   -2      9.172     -6.346      3.879
  -1   -2     13.635      1.940     -6.224
  -1   -2      4.521      1.484      1.253
  -1   -2      9.172     -6.346      3.879
  -1   -2     13.635      1.940     -6.224
  -1   -2      4.521      1.484      1.253
  -1   -2      9.172     -6.346      3.879
  -1   -2     13.635      1.940     -6.224
  -1   -2      4.521      1.484      1.253
  -1   -2      9.172     -6.346      3.879
  -1   -2     13.635      1.940     -6.224
  -1   -2      4.521      1.484      1.253
  -1   -2      9.172     -6.346      3.879
  -1   -2     13.635      1.940     -6.224
  -1   -2      4.521      1.484      1.253
  -1   -2      9.172     -6.346      3.879
  -1   -2     13.635      1.940     -6.224
  -1   -2      4.521      1.484      1.253
  -1   -2      9.172     -6.346      3.879
  -1   -2     13.635      1.940     -6.224
 117   -2      4.521      1.484      1.253
  -1   -2      9.172     -6.346      3.879
  -1   -2     13.635      1.940     -6.224
  -1   -2      9.172     -6.346      3.879
  -1   -2     13.635      1.940     -6.224
  -1   -2      9.172     -6.346      3.879
  -1   -2     13.635      1.940     -6.224
  -1   -2      9.172     -6.346      3.879
  -1   -2     13.635      1.940     -6.224
  -1   -2      9.172     -6.346      3.879
  -1   -2     13.635      1.940     -6.224
  -1   -2      9.172     -6.346      3.879
  -1   -2     13.635      1.940     -6.224
  -1   -2      9.172     -6.346      3.879
  -1  117     13.635      1.940     -6.224
  -1   -2      9.172     -6.346      3.879
  -1   -2      9.172     -6.346      3.879
  -1   -2      9.172     -6.346      3.879
  -1   -2      9.172     -6.346      3.879
  -1   -2      9.172     -6.346      3.879
  -1   -2      9.172     -6.346      3.879
  -1   -2      9.172     -6.346      3.879
  -1   -2      9.172     -6.346      3.879
  -1   -2      9.172     -6.346      3.879
  -1   -2      9.172     -6.346      3.879
  -1   -2      9.172     -6.346      3.879
  -1   -2      9.172     -6.346      3.879
  -1   -2      9.172     -6.346      3.879
  -1   -2      9.172     -6.346      3.879
  -1   -2      9.172     -6.346      3.879
  -1   -2      9.172     -6.346      3.879
  -1   -2      9.172     -6.346      3.879
  -1   -2      9.172     -6.346      3.879
 260    9      9.172     -6.346      3.879
