148
  37    1      9.732     -7.901      1.454
  -1   47      5.272     -5.869     -0.527
   1    4      5.036    -10.327      0.482
  -1   10     17.905     -5.382     -3.274
  -1    6     12.673     -8.644     -7.166
  -1    5     16.358     -4.570     -9.594
  56   -2     10.964     -3.281      9.808
  -1  133      9.172     -6.348      3.878
  -1   -2     -4.461     -6.943      6.475
   9   39     17.352     -5.963     -0.653
  10   -2     13.075     -3.829      3.862
  27   45      7.442     -6.273      9.702
  12   14      4.708     -7.727      4.377
 105   11     19.150    -10.784     -2.415
   8   -2     12.098     -5.521      3.556
  -1   -2     19.428     -6.420     -4.873
  39   58    -10.273    -10.605     -4.815
 115   13     14.609      0.498     -5.062
   6   -2     10.980     -2.659      3.925
  84   12     -3.300     -1.393      9.287
  15   19     14.617     -5.017     -5.902
  52   -2     -4.119     -8.790    -10.998
  -1   36     20.048    -10.454     -6.947
  20   -2      4.313     -5.504      8.251
 104   -2     14.132     -7.188      7.830
  13   -2     18.057     -9.870     -4.189
  -1   15      7.982     -5.851      9.695
  -1   -2     13.977      1.386     -3.384
  -1   -2     17.801     -4.231     -0.674
  -1   46      4.430     -7.588     10.306
  -1   27     -0.539     -8.765     -7.009
  40   56     15.321    -10.067      3.387
  -1   22      3.738     -6.693      3.377
  66   -2     12.549     -3.848     -4.930
  -1   -2      5.200     -6.085      3.804
  32   26     -5.784     -6.901    -10.185
  19   -2     17.511     -8.989     -1.703
  71   29     -0.100     -3.695     -9.614
  33   31     -0.635     -6.005      5.968
  -1   34     -5.920    -10.491     -4.583
  -1   51     16.713    -10.267    -10.437
  42   -2     -6.322     -9.129     -8.100
 117    0     16.428     -0.590      1.846
  97   -2     16.639    -10.458      1.621
 109   -2      9.158     -7.489      2.750
  41   37      3.026     -8.840      4.876
  51   44     -4.810     -9.312     -2.694
  92   -2     18.017     -7.701      1.477
  35   -2      6.451     -7.356      9.579
  54   -2     15.352     -7.131      5.792
  79   42    -11.550     -9.727     -7.907
  48   50     14.462     -9.575     -3.138
  46   43     16.948     -8.320      4.176
  47   -2     -0.313     -6.856      5.299
   2   -2     10.956     -8.061     -1.074
  45   48     -7.418     -3.921      7.020
  14    3      5.358     -6.365      0.540
  -1   52     -2.249     -8.804     -9.187
  -1   53     14.577     -4.271      7.781
  99   54     -8.930     -8.325      3.971
  22   -2      4.699     -7.389     10.072
  58  101     17.991     -6.120     -6.879
  -1   -2      2.960    -10.500     -1.401
  -1   -2     10.818     -3.148     -6.792
  -1   -2     -9.508     -0.710     -7.591
  -1   35      1.673    -10.537     -9.508
  -1   97     16.556      4.518      4.980
  -1   65     13.635      1.939     -6.223
 116  107      3.466     -1.160      1.208
  -1   -2      8.958      0.881     -9.748
  -1  117     12.334     -0.396     -6.673
  29   63     14.480    -10.493     -7.156
  87   24     19.733      2.432     -2.585
 112   20     12.931     -0.492     -0.861
  -1   60    -10.046    -10.208     -0.297
  -1   33     -4.013     -5.125      2.147
  -1  109      8.425     -2.490     10.292
  -1   -2      4.518      1.486      1.253
  73   71     17.546      3.838    -12.265
  77   -2     17.380     -3.649     -3.300
  78   70     -1.832      1.234     -8.137
  85   72     -7.077     -5.920      5.779
 103   18      7.465     -3.236      8.371
  70    7     17.608    -10.257     -4.570
  -1   -2      6.083     -8.908      9.850
  82   -2      9.395     -7.137      7.673
 122   77     -4.517     -5.163      5.265
  -1  112     -0.755     -2.749      5.796
  -1   -2     16.921     -1.424     -3.703
  -1   91      6.061     -2.410     -3.159
  -1   16     22.828     -6.644     -7.716
  -1   -2     17.233     -1.092     -2.492
  49  121     11.393     -9.161      1.286
  53   83    -11.634     -1.680     -5.325
  -1   -2     10.743     -6.558      0.428
  -1   -2      9.058     -9.323      5.718
  -1   -2     11.500    -10.534     -1.865
  23   88    -10.020     -9.280     -2.727
  -1   -2     18.823     -2.089     -9.305
 100   81      8.021     -3.499     -3.453
  -1   -2     18.720      1.432     -6.170
  60   -2     -8.419     -4.495     -8.476
  21   67      9.365      0.286      9.947
 130   32     19.308     -7.750     -7.035
  -1   -2      8.330      5.442      9.218
  -1  100    -10.253     -6.089     -3.828
  -1   92     14.733    -10.463      9.388
  -1   -2     16.516     -4.573     -9.985
  -1    2      9.172     -6.348      3.878
  -1   -2     -4.461     -6.943      6.475
  -1   -2      6.353     -5.928     -3.432
 140   94     -9.508     -0.710     -7.591
  -1   -2     10.818     -3.148     -6.792
  83   -2     13.635      1.939     -6.223
  98  125      3.466     -1.160      1.208
  -1   -2     19.733      2.432     -2.585
  -1   -2      4.518      1.486      1.253
  69   -2      7.465     -3.236      8.371
  91   80     16.921     -1.424     -3.703
  -1   -2     11.500    -10.534     -1.865
  -1   -2     16.516     -4.573     -9.985
  -1   -2      9.172     -6.348      3.878
  -1   -2     19.344     -6.437     -4.684
  -1   -2     13.769      1.397     -2.873
  -1   -2     -9.508     -0.710     -7.591
  -1   -2     10.818     -3.148     -6.792
  -1   -2      4.518      1.486      1.253
  -1   -2      6.353     -5.928     -3.432
  -1   -2     11.500    -10.534     -1.865
   7  115     -4.461     -6.943      6.475
  -1   -2      9.172     -6.348      3.878
  -1   -2     19.344     -6.437     -4.684
  -1   -2     10.818     -3.148     -6.792
  -1   -2     -9.508     -0.710     -7.591
  -1   -2     19.733      2.432     -2.585
  65   -2      4.518      1.486      1.253
 128  126      6.353     -5.928     -3.432
  -1   -2      9.172     -6.348      3.878
   5   55     16.516     -4.573     -9.985
 111   -2     19.344     -6.437     -4.684
  -1   -2     10.818     -3.148     -6.792
  -1   -2     -9.508     -0.710     -7.591
 133   -2     19.733      2.432     -2.585
  -1   -2      9.172     -6.348      3.878
 135   28     10.818     -3.148     -6.792
  -1   -2     -9.508     -0.710     -7.591
  16   74      9.172     -6.348      3.878
  -1   -2     -9.508     -0.710     -7.591
