44
   8   15      9.305     -8.246      4.676
  35   22      8.283     -9.818      4.961
   4    1     -2.441    -10.469      3.048
  10   30     15.029     -3.636     -6.205
   5    5     -5.272     -4.724      2.467
  21    0     11.495    -10.516     -5.237
   7   -2      9.956     -3.358      6.452
  16   -2      6.873     -7.154     -4.655
  -1   23      8.989     -6.416      0.440
  13    9      6.726     -6.974      9.959
  18   -2     -4.865     -6.580      3.180
  31    4      1.152     -9.662      9.333
  -1   17      8.551     -8.861    -11.776
   0   24     11.839     -6.341      1.671
  -1    2     11.107    -10.752      0.677
  -1   -2      8.195    -10.810      1.531
  -1   -2      5.652    -11.271     10.178
  11   -2      8.905     -7.985     -9.540
  14   34     19.589     -7.051     -7.791
  -1   18     -5.196    -10.724     -2.369
  -1   31    -11.389     -9.952     -8.827
  -1   10      6.442     -9.076      9.096
  -1    3      6.082     -7.419    -10.971
  -1   -2      6.008     -2.434      8.014
  -1   -2     17.549      3.839    -12.270
  28   -2     11.570     -9.500      1.938
  -1    7     11.731     -5.336      2.656
  17   -2     -2.651     -5.729     -0.051
  22   -2     13.258     -7.731      1.561
  -1   14     11.500     -0.067      2.720
  32    6     17.061     -6.512      0.583
  38   -2     13.407     -0.971      7.152
  37   33     -4.980     -8.340     -6.194
   2   -2      8.607     -9.647      1.227
  -1   -2      2.573     -6.674     11.707
  -1   -2     19.137     -5.997      0.957
  -1   -2     18.565     -4.321     -4.188
  36   12     12.217     -3.490      0.838
  27   -2     11.294     -7.662      2.401
  15   -2     -6.423     -7.636     -2.344
  -1   -2     20.127     -3.334     -3.474
  39   -2     -3.720     -5.807     -1.284
  19   27      5.498     -9.356      3.934
  24   35      6.008     -2.434      8.014
