261
  -1    0     -5.226     -9.858     -1.707
   1   -2      9.753     -7.893      1.398
  -1    2     -3.915     -7.793     -0.888
   8    5      3.423     -9.735     10.015
  -1    7     11.638     -8.226     -4.368
  -1   -2     -1.309     -7.899     -2.986
  -1   -2      9.174     -6.347      3.872
  97   -2     16.376     -4.575     -9.646
  12    9     13.207     -3.833      4.303
  48   10     17.352     -5.963     -0.657
  -1   81     19.431     -6.424     -4.882
  -1   20      4.704     -7.728      4.357
   7  253     12.100     -5.523      3.548
  -1   -2      1.931    -10.817     -8.325
  98   -2     14.607      0.498     -5.058
  39   26      6.662     -9.084      8.301
 109   93      6.981     -5.304      5.885
  16   -2     14.622     -5.015     -5.892
  -1   -2     -0.597     -6.577     -5.585
  17   17     10.977     -2.662      3.930
  30   -2     -5.029    -10.667     -2.103
  24   -2      7.981     -5.851      9.695
  20   21     14.134     -7.187      7.819
 116   40      2.390    -10.710      1.740
  26   -2      4.428     -7.589     10.303
  -1   -2     -0.540     -8.766     -7.030
  70   15     -2.277    -10.185      2.153
  28   -2     18.056     -9.869     -4.196
  -1    4     20.047    -10.455     -6.950
  -1   -2     17.795     -4.232     -0.668
 102   29     12.548     -3.848     -4.929
  32   32     -5.782     -6.903    -10.195
  49   27      5.198     -6.082      3.799
  33   -2     -9.637    -10.660     -6.578
  -1   30     -0.104     -3.696     -9.628
 256   41      7.759     -6.777      7.800
  71   -2     18.254     -9.187     -3.345
   3   -2      9.154     -7.489      2.756
  -1   12      8.948    -10.195      5.989
  41   -2     -6.328     -9.129     -8.123
  86   -2      3.022     -8.840      4.866
  -1   39    -11.559     -9.724     -7.937
  42   -2     -9.115     -9.603     -6.008
  44   -2      6.454     -7.354      9.579
  50   59     11.257     -8.721      3.229
  35   22     -0.318     -6.855      5.279
  43   85     -8.670     -9.129     -2.708
  51   44     14.864    -10.015     -7.203
  52   45     14.574     -4.272      7.783
 100   -2     -8.584     -4.499     -8.543
  45   -2      3.490     -7.905      6.718
  22   -2     -2.186     -7.592      0.833
  -1   47    -12.726     -6.966      9.300
  -1   -2     -9.508     -0.710     -7.593
  -1   50      2.926     -9.405     10.131
  -1   -2     15.289     -9.208      3.347
  78   16     13.637      1.940     -6.225
  -1  100      8.958      0.879     -9.750
  -1   -2      3.469     -1.160      1.213
  -1   33    -10.163    -10.284     -2.769
  -1   -2     12.334     -0.395     -6.672
  -1   -2     19.733      2.431     -2.583
  -1   -2      4.521      1.484      1.256
  65   63     17.579      3.848    -12.345
  91   24      8.425     -2.490     10.293
  -1   91     13.970     -8.372      9.926
  -1  231      7.464     -3.238      8.368
  -1   35     -7.422    -10.092     -9.850
  -1   65     -4.008     -5.131      2.135
  68   67     -1.832      1.234     -8.141
  53   88     -7.086     -5.922      5.755
  -1   -2     14.473    -10.490     -7.145
  57   76      0.872     -9.933      5.774
  -1   -2     18.048    -10.022     -2.839
  -1   -2      9.395     -7.137      7.673
  75   74     21.453     -1.456    -10.229
  61   18     13.772     -3.257     -5.941
  -1   57     13.527      4.274     -5.971
  -1  105     -0.759     -2.747      5.787
   6   77     -4.513     -5.164      5.271
  -1    1     11.496    -10.531     -1.853
 124   28     18.913     -6.105     -3.656
  80   89      6.061     -2.411     -3.161
  83   -2     19.815     -7.956     -4.407
  79   36     16.920     -1.424     -3.703
  76   84     17.245     -1.089     -2.448
  -1   -2     20.101      1.481     -0.588
  82   83     -2.515     -0.963    -11.344
  -1   -2      6.966     -4.266     -2.304
  -1   86      9.363      0.282      9.964
  -1   42      0.861     -4.222      8.540
  29   78      8.005     -3.499     -3.506
  92   -2     14.651     -8.121      9.467
  90   -2     13.877     -9.470     -1.690
  -1   -2     -4.381     -7.665     -9.132
  93   48     -6.699    -11.776     -6.790
   0   -2     -5.237     -9.843     -1.840
  -1   34      9.174     -6.347      3.872
  13  108      1.931    -10.817     -8.325
 204   87     -9.508     -0.710     -7.593
  -1   -2     15.289     -9.208      3.347
  -1   -2     13.637      1.940     -6.225
  -1   -2      3.469     -1.160      1.213
  -1   -2     12.334     -0.395     -6.672
  -1   -2     19.733      2.431     -2.583
  -1   -2      4.521      1.484      1.256
  -1   -2     14.473    -10.490     -7.145
  -1   -2      7.464     -3.238      8.368
  -1   38     18.048    -10.022     -2.839
  77   -2     -0.759     -2.747      5.787
  -1   -2      9.174     -6.347      3.872
  -1   -2     -9.508     -0.710     -7.593
  -1   -2     13.637      1.940     -6.225
  -1   -2      3.469     -1.160      1.213
  -1   -2     12.334     -0.395     -6.672
  -1   -2     19.733      2.431     -2.583
  -1   -2     14.473    -10.490     -7.145
  -1   -2      4.521      1.484      1.256
  -1   -2      7.464     -3.238      8.368
  -1   -2      9.174     -6.347      3.872
  -1  127     19.464     -6.407     -5.012
  -1   -2     -9.508     -0.710     -7.593
  -1   -2     13.637      1.940     -6.225
 103  111     15.289     -9.208      3.347
  -1   -2      3.469     -1.160      1.213
  58   -2     12.334     -0.395     -6.672
  -1   -2     19.733      2.431     -2.583
  -1   -2     14.473    -10.490     -7.145
  -1   -2      4.521      1.484      1.256
  -1   -2      7.464     -3.238      8.368
  -1   -2      9.174     -6.347      3.872
  -1   -2     -9.508     -0.710     -7.593
  -1   -2     13.637      1.940     -6.225
  -1   -2      3.469     -1.160      1.213
  -1   -2     19.733      2.431     -2.583
 146  102      4.521      1.484      1.256
  -1   -2      7.464     -3.238      8.368
  -1   -2      9.174     -6.347      3.872
  -1   -2     -9.508     -0.710     -7.593
  -1   -2     13.637      1.940     -6.225
  -1   -2      3.469     -1.160      1.213
  -1   -2     19.733      2.431     -2.583
  -1   -2      7.464     -3.238      8.368
  -1   -2      9.174     -6.347      3.872
  -1   -2     -9.508     -0.710     -7.593
  -1   -2     13.637      1.940     -6.225
  -1   -2      3.469     -1.160      1.213
  -1   -2     19.733      2.431     -2.583
  -1   -2      7.464     -3.238      8.368
  -1   -2      9.174     -6.347      3.872
  -1   -2     -9.508     -0.710     -7.593
  -1   -2     13.637      1.940     -6.225
  -1   -2      3.469     -1.160      1.213
  -1   -2     19.733      2.431     -2.583
  -1   -2      7.464     -3.238      8.368
  -1   -2      9.174     -6.347      3.872
  -1   -2     -9.508     -0.710     -7.593
  -1   -2     13.637      1.940     -6.225
  -1   -2      3.469     -1.160      1.213
  -1   -2     19.733      2.431     -2.583
  -1   -2      7.464     -3.238      8.368
  -1   -2      9.174     -6.347      3.872
  -1   -2     -9.508     -0.710     -7.593
  -1   -2     13.637      1.940     -6.225
  -1   -2      3.469     -1.160      1.213
  -1   -2     19.733      2.431     -2.583
  -1   -2      7.464     -3.238      8.368
  -1   -2      9.174     -6.347      3.872
  -1   -2     13.637      1.940     -6.225
  -1   -2     -9.508     -0.710     -7.593
  -1   -2      3.469     -1.160      1.213
  -1   -2     19.733      2.431     -2.583
  -1   -2      7.464     -3.238      8.368
  -1   -2      9.174     -6.347      3.872
  -1   -2     -9.508     -0.710     -7.593
  -1   -2     13.637      1.940     -6.225
  -1   -2      3.469     -1.160      1.213
  -1   -2     19.733      2.431     -2.583
  -1   -2      7.464     -3.238      8.368
  -1   -2      9.174     -6.347      3.872
  -1   -2     -9.508     -0.710     -7.593
  -1   -2     13.637      1.940     -6.225
  -1   -2      3.469     -1.160      1.213
  -1   -2     19.733      2.431     -2.583
  -1   -2      7.464     -3.238      8.368
  -1   -2      9.174     -6.347      3.872
  -1   -2     -9.508     -0.710     -7.593
  -1   -2     13.637      1.940     -6.225
  -1   -2      3.469     -1.160      1.213
  -1   -2     19.733      2.431     -2.583
  -1   -2      7.464     -3.238      8.368
  -1   -2      9.174     -6.347      3.872
  -1   -2     -9.508     -0.710     -7.593
  -1   -2     13.637      1.940     -6.225
  -1   -2      3.469     -1.160      1.213
  -1   -2     19.733      2.431     -2.583
  -1   -2      7.464     -3.238      8.368
  -1   -2      9.174     -6.347      3.872
  -1  203     -9.508     -0.710     -7.593
  -1   -2     13.637      1.940     -6.225
  -1   -2      3.469     -1.160      1.213
  -1   -2     19.733      2.431     -2.583
  -1   -2      7.464     -3.238      8.368
  -1   -2      9.174     -6.347      3.872
  -1   -2     13.637      1.940     -6.225
  -1   -2      3.469     -1.160      1.213
  -1   -2     19.733      2.431     -2.583
  -1   -2      9.174     -6.347      3.872
  -1   -2     13.637      1.940     -6.225
  -1   -2      3.469     -1.160      1.213
  -1   -2     19.733      2.431     -2.583
  -1   -2      7.464     -3.238      8.368
  -1   -2      9.174     -6.347      3.872
  -1   -2     13.637      1.940     -6.225
 107  210      3.469     -1.160      1.213
  -1   -2     19.733      2.431     -2.583
  -1   -2      7.464     -3.238      8.368
  -1   -2      9.174     -6.347      3.872
  -1   -2     13.637      1.940     -6.225
  -1   -2     19.733      2.431     -2.583
  -1   -2      7.464     -3.238      8.368
  -1   -2      9.174     -6.347      3.872
  -1   -2     13.637      1.940     -6.225
  -1   -2     19.733      2.431     -2.583
  -1   -2      7.464     -3.238      8.368
  -1   -2      9.174     -6.347      3.872
 215  214     13.637      1.940     -6.225
  -1   -2     19.733      2.431     -2.583
  -1   -2      7.464     -3.238      8.368
  -1   -2      9.174     -6.347      3.872
  -1   -2     19.733      2.431     -2.583
  -1   -2      7.464     -3.238      8.368
  -1   -2      9.174     -6.347      3.872
  -1   -2     19.733      2.431     -2.583
  -1   -2      7.464     -3.238      8.368
  -1   -2      9.174     -6.347      3.872
  -1   -2     19.733      2.431     -2.583
  -1   -2      7.464     -3.238      8.368
  -1   -2      9.174     -6.347      3.872
  -1   -2     19.733      2.431     -2.583
  -1   -2      7.464     -3.238      8.368
  -1   -2      9.174     -6.347      3.872
  -1   -2     19.733      2.431     -2.583
  -1   -2      7.464     -3.238      8.368
  -1   -2      9.174     -6.347      3.872
  -1   -2     19.733      2.431     -2.583
  -1   -2      7.464     -3.238      8.368
  -1   -2      9.174     -6.347      3.872
  -1   -2     19.733      2.431     -2.583
  63   23      7.464     -3.238      8.368
  -1   -2      9.174     -6.347      3.872
  -1   -2     19.733      2.431     -2.583
  -1   -2      9.174     -6.347      3.872
  -1   -2     19.733      2.431     -2.583
  -1   -2      9.174     -6.347      3.872
  -1   -2     19.733      2.431     -2.583
  -1   -2      9.174     -6.347      3.872
  -1   -2     19.733      2.431     -2.583
  -1   -2      9.174     -6.347      3.872
  -1   -2     19.733      2.431     -2.583
 105  259     19.733      2.431     -2.583
