150
   0   -2      9.731     -7.901      1.455
   4   34      4.370    -10.202      2.298
   2   -2     12.671     -8.645     -7.159
   6  109     16.351     -4.574     -9.577
  -1  151      9.173     -6.346      3.878
  -1   -2     -1.300     -7.902     -2.954
  10    4     13.022     -3.821      3.680
  48   -2     17.351     -5.963     -0.650
  74   35     -4.481     -6.100     -4.902
  -1   -2     12.097     -5.521      3.558
  49   14      4.708     -7.727      4.375
  -1   -2     13.349     -8.645      7.276
  60   -2     10.988     -2.661      3.905
  -1   78     14.610      0.498     -5.063
  -1   55     19.441     -6.420     -4.852
  32   -2     -0.592     -6.576     -5.567
 128    6     14.617     -5.019     -5.913
  75   -2     18.203    -10.285     -2.313
  -1   84     -3.820     -2.447     10.412
  20   20     20.048    -10.455     -6.946
 118   30      6.984     -5.302      5.882
  46   -2     14.129     -7.189      7.839
  81   29     13.988      1.383     -3.410
  23   -2     14.745    -10.348     -5.746
  34   -2     -0.535     -8.767     -7.015
  -1    8      7.981     -5.851      9.693
  25    3     17.797     -4.228     -0.663
  58   25      4.429     -7.589     10.304
  33   24      5.201     -6.084      3.808
  -1   -2     12.549     -3.846     -4.928
  35   -2     -5.801     -6.899    -10.216
 119   -2     17.636     -0.989     -3.252
  51   45     17.068     -8.299      4.603
  28   32     -0.105     -3.693     -9.625
  77   38      2.797     -8.884      4.234
  37   -2     -0.634     -6.005      5.975
  76   -2     -4.436     -9.943     -3.880
 101   37     18.252     -9.188     -3.332
  -1   -2      4.197     -8.592     -9.633
   1   -2      9.157     -7.489      2.754
  -1   -2     -6.322     -9.131     -8.106
 111   11     18.556     -6.162     -2.914
  29   -2     16.023    -10.196      1.755
  88   41     -7.546     -8.960     -1.357
 100    1    -11.551     -9.726     -7.914
  -1   51     -2.407     -8.719    -10.225
  47   22     15.349     -7.129      5.799
  54   48     -7.415     -3.919      7.024
  44   -2     -7.850     -9.141     -7.770
  91   -2     12.171    -10.472     -3.836
  27   -2     -0.647     -8.899     10.048
  -1    2     -0.317     -6.857      5.282
  -1   42     14.862    -10.013     -7.197
  31   -2     11.502     -8.251     -1.898
  53   -2      2.792     -7.919      4.754
  11  147      5.179     -8.650      1.926
  57   -2     14.575     -4.273      7.786
  66  115    -10.211    -10.217      0.138
  -1  103     -9.510     -0.709     -7.592
  -1   -2     10.827     -3.150     -6.768
  -1   15     13.636      1.939     -6.224
  -1   -2     18.618     -3.273      1.491
  98   23      8.428     -2.487     10.296
  -1   -2    -11.326     -3.435     -9.350
  -1   68      8.960      0.880     -9.741
  -1   -2      3.472     -1.163      1.223
  62   27     12.337     -0.397     -6.677
  -1  131     19.731      2.431     -2.581
 106   -2     -9.724     -6.502     -0.759
  -1   97     11.434     -8.716      4.822
  -1   -2      7.464     -3.237      8.370
  -1   -2      4.519      1.484      1.257
  -1   65     13.073    -10.461     11.986
  -1   -2     21.817     -2.202    -12.479
  71   72     -3.413    -10.768     -8.285
  73   75     -1.832      1.234     -8.137
  -1   -2     -4.012     -5.130      2.144
  -1   40      6.084     -8.908      9.851
  -1   -2    -16.210     -0.963      8.424
  -1   -2     20.959      1.651     -6.381
  -1   -2      9.396     -7.145      7.672
  89   82     21.216     -9.926      5.640
  -1   79     21.455     -1.457    -10.228
  82   -2     -4.513     -5.164      5.272
  -1  106     19.064     -4.939    -11.293
  67   -2     -7.075     -3.595    -10.158
  94  128     -0.758     -2.747      5.787
  -1   -2    -10.751    -10.165    -10.308
  -1   -2     16.923     -1.423     -3.697
  -1   -2    -10.081    -10.554     -4.971
  -1   -2      6.061     -2.412     -3.165
  -1   21     -0.189    -10.026    -11.112
  59   92      8.472     -9.725     11.380
  -1   -2     -6.864    -10.044     -8.421
  -1   -2     19.713     -2.548     -5.627
  -1    0     10.743     -6.556      0.433
  -1   91     -5.580     -8.860     -2.205
  52  102    -10.015     -9.280     -2.712
  69   86     18.746      1.418     -6.055
  -1   47      0.866     -4.227      8.516
  26  101      9.359      0.282      9.932
  95   93     -2.524     -0.962    -11.373
  -1  100      6.970     -4.266     -2.293
  99   99      8.024     -3.502     -3.449
  -1   -2     14.286      4.200     -3.239
  -1  123     19.294     -7.752     -7.113
 103   28     -8.415     -4.498     -8.484
  -1   -2      6.393      3.312      5.606
  97   -2     14.746    -10.463      9.367
  93   96    -11.467     -5.563     -5.331
 105  104     14.653     -8.118      9.460
  83  105    -10.254     -6.092     -3.827
  79   89      9.639     -7.567      7.552
  -1   36      9.203     -6.334      3.805
 135  143     -4.486     -6.930      6.556
  -1   -2     19.492     -6.422     -4.864
  -1   -2     10.827     -3.150     -6.768
  -1   -2     13.636      1.939     -6.224
  -1  126      3.472     -1.163      1.223
  -1   -2     19.731      2.431     -2.581
  65   19      7.464     -3.237      8.370
  -1   -2      4.519      1.484      1.257
  -1   12     -4.012     -5.130      2.144
  80  119     -0.758     -2.747      5.787
 115   18     16.923     -1.423     -3.697
  -1   -2      9.203     -6.334      3.805
  -1   -2     -4.486     -6.930      6.556
  -1   -2     10.827     -3.150     -6.768
 113  112     13.636      1.939     -6.224
 114   -2      3.472     -1.163      1.223
  -1   -2     19.731      2.431     -2.581
  -1   -2      4.519      1.484      1.257
  -1   -2     -4.012     -5.130      2.144
  -1   -2      9.203     -6.334      3.805
  -1  110     -4.486     -6.930      6.556
  -1   -2     10.827     -3.150     -6.768
  -1   -2     19.731      2.431     -2.581
  -1   -2     -4.012     -5.130      2.144
  64  141      4.519      1.484      1.257
  -1   -2      9.203     -6.334      3.805
  -1   -2     10.827     -3.150     -6.768
  -1   -2     19.731      2.431     -2.581
 123  134      5.589     -8.684     -3.226
  -1   -2      9.203     -6.334      3.805
  -1   -2     10.827     -3.150     -6.768
  85  150     19.731      2.431     -2.581
  -1   -2      9.203     -6.334      3.805
  63  152     10.827     -3.150     -6.768
  -1   -2      9.203     -6.334      3.805
 143   -2      9.203     -6.334      3.805
