44
  21   -2     13.045     -4.848      8.386
  28   22      8.155     -6.052      9.815
  -1    2      2.841    -10.531     -5.096
  -1   31      8.820     -5.729      9.831
   2   18    -11.551     -0.622      1.632
   4    1      5.397     -9.577      3.020
   0   -2      9.947     -3.360      6.480
  25   -2     10.298     -3.173     10.467
  18   30     -1.445    -11.147      4.526
   6    8      0.171     -7.440     10.241
  -1    6     14.431     -5.679      3.076
  14   -2     -6.875     -7.705     -0.269
   9   40    -10.195     -4.119      2.203
  16   35     -1.487     -9.799     -6.771
  -1   29     11.993     -6.349      1.288
   1   -2     11.364     -7.033      2.788
  23   -2     23.340     -7.040    -11.488
  -1   -2     13.794     -7.667      6.932
  20   15      0.911     -8.357     -9.505
  37   28     13.770    -10.660    -10.712
  27   -2     13.231     -5.638      7.655
  12   -2     -7.613    -10.584      9.253
  15   -2     10.134     -6.771      7.208
  30   -2     12.443     -8.403      9.214
  -1   -2     14.363     -3.378      1.576
  -1   23     20.379     -6.561     -2.668
  24   21      5.724     -8.072      8.262
  -1   26     -6.747    -10.769      2.498
  -1   -2     15.603     -4.277      9.696
  -1   -2     18.238     -6.065     -2.401
  -1   19     14.502     -4.735      8.539
   8   -2     -6.652     -6.556     -6.351
  -1   34     -2.051     -5.597      1.530
  13   -2     -3.367     -9.294      4.153
  26    7     10.315     -9.921      9.924
  -1    9     -6.047     -5.426     -7.008
  -1   -2      7.441     -6.671     11.168
   3    0     11.850     -3.680     -0.263
  -1    4      9.270     -2.878      8.125
  -1    3     11.738     -4.422     10.356
  -1   -2     19.648     -7.453     -8.669
  -1    5      5.467     -3.939     -5.278
  -1   -2     11.088     -8.915     10.260
  -1   -2     -2.506     -8.119     -6.694
