174
  40   -2     17.855     -5.392     -3.351
  66    6      2.879     -8.489      9.701
   3    2     -5.183     -5.579      8.078
  26    0      6.960     -9.807    -10.160
   7    5      7.716     -7.211      5.875
  12   -2      5.533     -1.193     -4.872
  14   10      4.256     -3.887     -0.010
  13   11      5.835     -2.211      2.719
   8    8      6.050     -8.989      9.685
 111   13      9.749     -7.893      1.416
  -1   86     14.146     -7.255      7.162
   5   -2      4.083     -8.025      9.349
  43   -2     -8.391    -10.260     -5.977
  -1   44     17.711    -10.001     -4.551
  94   -2    -11.318     -9.732     -7.716
  38   12     -8.275     -9.802     -7.665
  17   78      6.080    -10.012     -6.333
  -1   22     18.477     -6.201     -8.142
  20   -2      2.089     -2.890     -1.895
  -1   26      4.344     -9.550      8.189
 119   83      6.714     -7.142      4.991
  88   36      9.479     -8.322      7.611
 100   -2      0.644     -8.105     -0.225
 114  105     -0.057     -6.504     -3.728
 155   59     17.381     -4.175     -7.370
  -1   -2    -12.274    -10.285    -10.530
 128    3      9.995     -2.641      6.365
  -1   -2      4.744     -7.481      9.793
  -1   58      9.174     -6.346      3.877
  31    1     16.350     -4.577     -9.573
  37   -2     18.806     -5.986     -4.028
  34   52      8.245     -8.903      5.969
  45   30     -9.473    -10.449     -7.578
  35   -2     12.092     -5.497      3.901
 106   -2     13.215     -3.828      4.330
  18   -2     18.622     -5.714      2.430
  81  114      2.624    -10.134     -1.196
 133   71    -11.539     -8.110     -3.096
  -1   20      5.656     -9.360      4.152
  29   35      3.036     -8.960     -6.978
  98   -2      4.705     -7.730      4.388
  -1    7      7.051      0.743      2.904
  39   -2     -2.067     -9.696     -2.237
   2    4      3.617     -8.339      8.934
  47   39     14.610      0.498     -5.063
  64   -2     18.663     -6.363     -4.110
  -1   -2      6.979     -5.304      5.871
 141  104     14.622     -5.006     -5.885
  -1  152     18.508     -9.191     -3.937
 103  143     -5.144    -10.194     -8.628
  68   43      4.961     -6.912     -6.524
 154   -2      3.603     -9.098      6.924
  -1   65     20.241    -10.155     -6.987
  -1   -2      0.849     -4.325      8.449
  19   28      9.845     -6.676     -4.242
  49   82     14.889     -6.370      5.580
  -1   93     -6.668    -10.075     -4.079
  62   96     -0.538     -8.767     -7.026
 107   -2     -0.059     -1.539     -4.407
  27   -2    -10.809    -10.722     -3.633
  63   42     12.198     -3.965     -4.731
  -1   66      8.722     -8.359      6.902
  -1   40      7.981     -5.851      9.692
 112   -2     17.184     -6.816      3.017
  -1  103     20.075     -7.929     -4.016
  74   -2      7.708     -9.135      7.594
  -1   68     -0.107     -3.693     -9.628
  -1   -2    -12.933    -10.515     -6.604
 139   -2      7.258    -10.864      0.710
 131   -2      2.109      2.744      5.322
  16   46    -12.371    -10.580     -6.753
  99   -2     -0.633     -6.007      5.974
  -1   37      3.901     -6.719      4.122
  -1   61      5.199     -6.083      3.804
 138   92     -7.277     -5.862      5.315
  21   -2     18.031     -9.807     -3.946
  -1   75      1.848     -5.248     -2.725
  75  135     -5.779     -6.903    -10.171
  -1  113    -13.498     -8.572     -4.964
 117   -2     16.698     -8.348      3.285
  -1   73     -6.322     -9.128     -8.106
 164   38      9.499     -3.062      2.980
  85   -2     -7.435    -10.509    -10.155
  -1   80      0.224     -9.071      3.007
  32   -2     11.249     -8.338      7.545
  -1  116     14.999    -10.378    -10.888
  72   -2     -2.202     -8.665      3.587
  79   14     15.354     -7.131      5.790
  67   -2     17.510    -10.209     -5.127
  -1   -2     18.563     -9.643      0.302
  -1   -2     13.198     -8.768     -3.521
 151   48     14.838      1.430     -5.515
 108  111     16.685     -2.684    -10.324
  89   -2     -3.551     -7.302      3.128
   1   -2      2.949     -7.926      5.204
  -1   -2     -0.039     -6.209     -9.020
 102   -2     19.243     -7.881     -1.875
 146   -2     -0.350     -3.469     -5.717
  -1   -2     19.342     -8.097      1.081
 157   60     -0.384     -4.914      7.387
  -1   -2     14.475     -4.992     -0.908
  -1   -2     14.821     -4.169      8.786
  -1  157      3.684     -3.960      1.879
  -1   -2     -6.335     -7.884     -2.073
  -1   -2     12.319     -8.656     -0.437
 160   17     -0.314     -6.859      5.293
  -1   -2     15.910     -7.051     -5.267
 122   -2     16.017     -0.472      2.406
 135  117     -3.377     -3.270      0.066
 136   84     -3.306     -3.896      6.234
  -1  151     17.999     -4.238     -2.943
  83   51      5.348     -8.723     -1.697
  -1   95     14.573     -4.274      7.795
  59   70      0.507     -8.911     -0.982
  44   -2     -4.168     -8.176      3.994
 120  109     13.634      1.939     -6.224
  -1   -2     15.952      0.251      6.161
  -1   15     17.839     -5.455    -10.166
   0   -2    -10.313     -8.573      1.868
  -1   -2     13.766    -10.749     -9.792
  -1  156     19.732      2.433     -2.584
  -1  130     16.054      4.478      3.164
  -1   -2      4.256     -1.061     -0.979
  -1   -2      4.520      1.488      1.252
 126  131     21.829      2.055     -6.934
  -1   -2     14.550     -4.562     -4.474
  60   -2      9.701     -0.351      7.220
  -1   -2      2.009     -0.856     -9.094
  -1  122     -1.833      1.233     -8.143
  -1  139     16.225      3.538     -8.831
  28   -2     13.731     -2.044     -0.007
  -1  127    -10.568     -0.479    -10.335
  -1   -2     -1.327     -0.783     -8.162
  -1  123      2.529     -0.294    -10.109
  80   -2     12.298     -7.903      6.239
  25   69      7.030     -0.162      9.887
  -1   34      9.191     -9.929     -6.003
  -1  147    -13.420     -6.270     -3.626
  -1  129     -8.859     -6.149    -10.338
  -1   99     14.358     -5.763    -11.810
 129   -2     -4.510     -5.164      5.285
  24   -2     11.184     -9.601      4.689
  -1   49     16.916     -1.434     -3.693
  -1   56    -10.549     -1.951     -2.694
  -1  112      7.382      6.324      9.754
  -1   -2     14.526     -2.375      5.981
  -1   -2     14.725     -1.086      5.340
  -1   -2      4.575      3.099     10.274
  -1   -2     19.717     -2.550     -5.629
 118   -2     -8.397     -1.292     -5.906
  -1   16     15.604     -7.098      8.468
 148   91     17.363     -3.658     -3.375
   6   88     17.436     -4.916     -1.045
  -1   -2    -13.799     -5.065     -8.261
  -1  150      9.364      0.283      9.934
  -1   -2      3.954     -5.509     -2.037
 156  142    -11.470     -5.568     -5.331
  -1   45      3.367     -5.332    -10.747
 140   -2      9.337      1.276      8.122
  23   63     13.503     -9.795      5.150
 152   18     -1.017     -1.359     -2.795
  -1   -2     12.921    -10.097    -11.037
 162   -2      1.219     -4.374      7.403
  70   33      7.230     -5.312      6.617
  -1   -2      4.327     -3.923      0.421
 171  160      6.966      0.762      3.135
 169  162      4.327     -3.923      0.421
  -1   -2      5.635     -1.221     -4.636
  -1   -2      5.635     -1.221     -4.636
  -1   -2      5.635     -1.221     -4.636
  -1   -2      5.635     -1.221     -4.636
  -1   -2      5.635     -1.221     -4.636
  -1   -2      5.635     -1.221     -4.636
 184  173      5.635     -1.221     -4.636
