229
  31    0      9.729     -7.900      1.446
   1   -2      2.699     -9.458      9.521
  12    3     12.680     -8.669     -7.192
  -1    5     16.355     -4.577     -9.591
  44   -2     -2.402    -10.603     -0.128
  -1   -2      9.173     -6.348      3.876
  -1   -2     -4.460     -6.944      6.468
   5   10     13.208     -3.831      4.310
  57   33     17.352     -5.963     -0.653
  -1   -2     12.098     -5.522      3.552
  17   -2      4.700     -7.727      4.349
 118   37     19.435     -6.420     -4.838
  27   12     14.606      0.498     -5.052
  14    8      3.686     -9.785     10.223
  -1   -2     14.620     -5.018     -5.908
  66   -2      6.979     -5.304      5.870
  11   15     10.976     -2.663      3.935
  21   -2     -0.537     -8.766     -7.024
  91   -2     14.131     -7.187      7.826
  58   26     18.060     -9.871     -4.206
  46   -2     -1.342     -7.910     -3.077
  19   21      4.309     -5.504      8.238
  20   45      7.978     -5.850      9.685
  -1   -2     20.050    -10.455     -6.956
  -1   -2     13.969      1.386     -3.364
  -1   38      4.426     -7.589     10.297
  -1    9     -2.275    -10.186      2.155
  24   -2      4.661    -10.166      1.473
  -1   -2     -4.610    -10.569     -3.637
  -1   28     12.549     -3.849     -4.928
  29   29     -5.788     -6.902    -10.195
  30   -2     -0.112     -3.693     -9.641
  -1   11      5.200     -6.083      3.803
  -1   31     -2.869     -9.779      0.002
  69   19     -2.025     -7.016     -2.024
  -1   -2      7.045     -7.090      9.500
   4   -2      9.159     -7.491      2.750
  34   -2     -6.318     -9.128     -8.099
 102   -2     18.066     -9.120     -2.986
  37   -2    -11.560     -9.725     -7.946
  22   74     16.639    -10.460      1.618
  56   20      3.024     -8.840      4.874
  36   -2      6.452     -7.357      9.579
  18   41     14.894     -6.902      7.428
  77   -2     11.875    -10.214      7.916
  13    6     18.559     -6.169     -2.923
  39   43     16.942     -8.317      4.156
 100   49     15.805     -3.868     -9.095
  50    7     14.582     -4.272      7.767
  96   -2     -8.933     -8.327      3.974
  51   -2      9.265     -9.826      9.428
  41   50      4.697     -7.388     10.064
  -1   92     -9.505     -0.709     -7.587
  -1   -2     10.841     -3.153     -6.725
  43   30      2.386    -10.822     -0.314
  -1   -2     13.636      1.939     -6.223
  -1   59      8.958      0.879     -9.747
  40  219      3.469     -1.160      1.214
  -1   -2     13.031     -8.916      9.989
 106   -2     12.336     -0.398     -6.675
  -1   -2     19.733      2.430     -2.584
  -1   57     13.082    -10.463     11.955
  -1   40     -4.013     -5.127      2.148
  -1   -2      4.519      1.486      1.251
  -1   48    -10.491    -10.906      2.130
  -1   84     10.725     -6.655      0.320
  -1   89     17.610      3.853    -12.424
  -1   62     -7.420    -10.096     -9.851
  -1  210      7.466     -3.237      8.362
  -1   25      2.013     -0.860     -9.082
  68   68     -1.831      1.232     -8.136
  86   32      6.085     -8.914      9.839
  26   24     18.051    -10.020     -2.846
  -1    1      0.860     -9.940      5.744
  -1   63     17.017    -10.271    -11.170
  74   72     21.453     -1.456    -10.227
  45   22      9.396     -7.138      7.670
  76   -2     -4.516     -5.164      5.265
  -1   39      7.916     -7.357      8.919
 113  110     -0.756     -2.749      5.792
  -1   -2     13.530      4.272     -5.978
 108   14     16.921     -1.424     -3.696
  94   78      6.061     -2.410     -3.162
  -1  107     17.239     -1.083     -2.473
  73   97      9.186     -8.216      6.741
  -1   -2     11.502    -10.534     -1.872
 150   -2     11.394     -9.160      1.281
  72   -2      4.537     -9.705      9.719
  84   88     -2.535     -0.959    -11.406
  88   -2     19.622    -11.436     -4.606
 241   91     18.736      1.430     -6.102
  90   90      9.357      0.282      9.936
  65   -2     14.740    -10.464      9.376
  93   -2    -11.466     -5.567     -5.325
  81   93      8.023     -3.500     -3.450
  -1   46      9.603     -9.318     11.309
  52   34     -8.407     -4.494     -8.469
  -1   -2    -10.253     -6.089     -3.827
  70   35     -9.562    -10.831     -6.450
  97   98     17.915     -6.203     -6.723
  -1   -2    -12.914    -10.760      6.600
 164   -2     16.510     -4.579     -9.974
  -1   -2      9.173     -6.348      3.876
  -1  100     -4.463     -6.945      6.392
  -1   -2     -9.505     -0.709     -7.587
  -1   -2     13.636      1.939     -6.223
  28  132     10.841     -3.153     -6.725
  -1   -2      8.958      0.879     -9.747
  -1   -2      3.469     -1.160      1.214
  -1   80     19.733      2.430     -2.584
  -1   -2      7.466     -3.237      8.362
  -1   -2      4.519      1.486      1.251
  -1   -2      0.860     -9.940      5.744
  -1   -2     11.502    -10.534     -1.872
  -1   -2      9.173     -6.348      3.876
  -1   -2     10.841     -3.153     -6.725
  -1   -2     -9.505     -0.709     -7.587
  -1   -2     13.636      1.939     -6.223
 122  105      8.958      0.879     -9.747
  -1   -2      3.469     -1.160      1.214
  -1   -2     19.733      2.430     -2.584
  -1   -2      7.466     -3.237      8.362
  -1   -2      4.519      1.486      1.251
  -1   -2      0.860     -9.940      5.744
  -1   -2     11.502    -10.534     -1.872
  -1   -2      9.173     -6.348      3.876
  -1  138     13.724      1.400     -2.761
 134   -2     10.841     -3.153     -6.725
  -1  122     -9.505     -0.709     -7.587
  -1   -2     13.636      1.939     -6.223
  -1   -2      3.469     -1.160      1.214
  -1   -2     19.733      2.430     -2.584
  -1   -2      7.466     -3.237      8.362
  -1   -2      4.519      1.486      1.251
  71   -2      0.860     -9.940      5.744
  -1   -2     11.502    -10.534     -1.872
  -1   -2      9.173     -6.348      3.876
  -1   -2     13.636      1.939     -6.223
  -1   -2      3.469     -1.160      1.214
  -1   -2     19.733      2.430     -2.584
  -1   -2      7.466     -3.237      8.362
  -1   -2      4.519      1.486      1.251
  -1   -2     11.502    -10.534     -1.872
  -1   -2      9.173     -6.348      3.876
 142   -2     13.724      1.400     -2.761
  -1   -2     13.636      1.939     -6.223
  -1   -2      3.469     -1.160      1.214
  -1   -2     19.733      2.430     -2.584
  -1   -2      4.519      1.486      1.251
  -1   -2      7.466     -3.237      8.362
  -1   -2      9.173     -6.348      3.876
   6    2     -4.460     -6.944      6.468
  -1   -2     13.636      1.939     -6.223
  60  152      3.469     -1.160      1.214
  -1   -2     19.733      2.430     -2.584
  -1   -2      7.466     -3.237      8.362
  -1   -2      4.519      1.486      1.251
  -1   -2      9.173     -6.348      3.876
  -1   -2     13.636      1.939     -6.223
  -1   -2     19.733      2.430     -2.584
  -1   -2      4.519      1.486      1.251
  -1   -2      7.466     -3.237      8.362
  -1   -2      9.173     -6.348      3.876
  -1   -2     13.636      1.939     -6.223
  -1   -2     19.733      2.430     -2.584
  -1   -2      7.466     -3.237      8.362
  -1   -2      4.519      1.486      1.251
  -1   -2      9.173     -6.348      3.876
 206  187     13.636      1.939     -6.223
  -1   -2     19.733      2.430     -2.584
  -1   -2      4.519      1.486      1.251
  -1   -2      7.466     -3.237      8.362
  -1   -2      9.173     -6.348      3.876
  -1   -2     19.733      2.430     -2.584
  -1   -2      7.466     -3.237      8.362
  -1   -2      4.519      1.486      1.251
  -1   -2      9.173     -6.348      3.876
  -1   -2     19.733      2.430     -2.584
  -1   -2      7.466     -3.237      8.362
  -1   -2      4.519      1.486      1.251
  -1   -2      9.173     -6.348      3.876
  -1   -2     19.733      2.430     -2.584
  -1   -2      4.519      1.486      1.251
  -1   -2      7.466     -3.237      8.362
  -1   -2      9.173     -6.348      3.876
  -1   -2     19.733      2.430     -2.584
  -1   -2      4.519      1.486      1.251
  -1   -2      7.466     -3.237      8.362
  -1   -2     19.733      2.430     -2.584
  -1   -2      7.466     -3.237      8.362
  -1   -2      4.519      1.486      1.251
  -1   -2      9.173     -6.348      3.876
  -1   -2     19.733      2.430     -2.584
  -1   -2      7.466     -3.237      8.362
  -1   -2      4.519      1.486      1.251
  -1   -2      9.173     -6.348      3.876
  -1   -2     19.733      2.430     -2.584
  -1   -2      4.519      1.486      1.251
  -1   -2      7.466     -3.237      8.362
  -1   -2      9.173     -6.348      3.876
  -1   -2     19.733      2.430     -2.584
  -1   -2      4.519      1.486      1.251
  -1   -2      7.466     -3.237      8.362
  -1   -2      9.173     -6.348      3.876
  -1   -2     19.733      2.430     -2.584
  63   16      7.466     -3.237      8.362
  -1   -2      4.519      1.486      1.251
  -1   -2      9.173     -6.348      3.876
  -1   -2     19.733      2.430     -2.584
  -1   -2      4.519      1.486      1.251
  -1   -2      9.173     -6.348      3.876
  -1   -2     19.733      2.430     -2.584
  -1   -2      4.519      1.486      1.251
  -1   -2      9.173     -6.348      3.876
  -1   -2     19.733      2.430     -2.584
  -1   -2      9.173     -6.348      3.876
  -1   -2     19.733      2.430     -2.584
  -1   -2      9.173     -6.348      3.876
  -1   -2     19.733      2.430     -2.584
  -1   -2      9.173     -6.348      3.876
  -1   -2     19.733      2.430     -2.584
  -1   -2      9.173     -6.348      3.876
  -1   -2     19.733      2.430     -2.584
  -1   -2      9.173     -6.348      3.876
  -1   -2     19.733      2.430     -2.584
  -1   -2      9.173     -6.348      3.876
  -1   -2     19.733      2.430     -2.584
   0  224      9.173     -6.348      3.876
  -1   -2     19.733      2.430     -2.584
