244
  79    0      9.751     -7.892      1.398
   4    2     12.680     -8.675     -7.198
  -1   29      9.172     -6.348      3.878
  -1   -2     -4.463     -6.943      6.472
  89   46     16.369     -4.579     -9.628
   6    5     13.208     -3.831      4.306
   7    6     17.353     -5.964     -0.654
  -1   -2     19.428     -6.422     -4.881
  11   -2      4.701     -7.726      4.345
  -1   -2     12.099     -5.523      3.551
  23   30     14.610      0.497     -5.064
  43   12     14.620     -5.015     -5.915
  22   -2      6.973     -5.305      5.858
  57   13     10.978     -2.662      3.929
  16   15      4.310     -5.504      8.238
  83   16     14.131     -7.187      7.826
  21   18      4.419     -7.587     10.280
  44   -2     -0.538     -8.767     -7.015
  19   24     18.058     -9.870     -4.200
  13   19      7.979     -5.851      9.689
  24   68     17.990    -10.026     -2.497
  30   -2     -8.074    -10.104     -8.130
  -1   -2     17.799     -4.233     -0.675
  28   25     12.546     -3.848     -4.922
  -1    7     13.979      1.385     -3.387
  27   74     -2.276    -10.186      2.154
  29   21     -0.106     -3.696     -9.631
  48   23     -5.771     -6.908    -10.165
  66   -2      9.315     -7.695      5.316
  38   -2     -6.320     -9.131     -8.101
  37   31    -11.554     -9.724     -7.925
  34   27      8.948    -10.195      5.986
  78   -2     18.065     -9.120     -2.986
  84   28     -8.191     -6.093     -8.621
  17   38     -3.021     -5.356      0.255
  -1   79     11.965     -8.162     -4.915
  36   33      6.455     -7.357      9.587
  32   34      3.020     -8.840      4.853
  39   41     16.947     -8.319      4.188
  31   35     -8.449     -9.082     -2.753
  -1   44     -4.555     -9.271     -1.994
  -1   82     -3.497     -7.237      2.809
  -1   14     19.837     -7.987     -3.307
  60   42     14.865    -10.014     -7.206
  45   -2     14.578     -4.270      7.777
  -1   48     -8.931     -8.325      3.978
  -1   47      4.700     -7.389     10.069
  46   90     18.000     -6.133     -6.905
  -1   -2     10.810     -3.147     -6.805
  20   -2     -4.011     -7.508    -10.438
  75   -2      2.377    -10.827     -0.325
  56   -2     17.404     -1.518     -1.883
  -1   -2     -9.508     -0.710     -7.595
  -1   -2     13.635      1.938     -6.222
  -1   -2      8.959      0.880     -9.747
  -1   -2     13.030     -8.915      9.986
  -1   -2      3.472     -1.161      1.216
  53   -2     12.332     -0.399     -6.668
  -1   -2     19.733      2.432     -2.585
  -1   26     -1.984    -11.015     -4.836
  -1  208      8.427     -2.488     10.293
  62  101      4.519      1.483      1.257
  -1   -2      7.464     -3.239      8.368
  65   64     -1.834      1.233     -8.136
  -1   66      6.087     -8.914      9.837
   1   -2    -10.074    -10.557     -4.998
  51   22     20.160    -10.398     -7.016
  70   72     21.447     -1.457    -10.211
  69   69     -0.754     -2.748      5.793
  -1   -2      9.395     -7.147      7.671
  67   52     13.529      4.274     -5.977
  68   -2     -4.508     -5.166      5.285
  -1   85      6.060     -2.410     -3.162
  77   80     17.239     -1.081     -2.470
  98   -2     18.735      1.428     -6.105
  -1   -2     11.515    -10.536     -1.895
  -1  232     10.742     -6.555      0.424
  87   87      9.357      0.280      9.949
  49   -2     -8.418     -4.495     -8.477
  -1   10      0.862     -4.221      8.519
  76   84     -2.545     -0.958    -11.427
  61   70     17.520      3.793    -11.738
  80   83      6.971     -4.266     -2.292
  81   -2      8.014     -3.500     -3.484
  82   86     13.878     -9.470     -1.693
  -1   37     14.655     -8.115      9.461
  86   40      4.649     -6.275      2.315
  -1   -2    -10.922     -3.877     -8.542
  -1   -2      9.172     -6.348      3.878
  -1   -2     -4.464     -6.944      6.391
  10   39     19.428     -6.422     -4.881
  92   -2     13.767      1.401     -2.867
  -1   -2     10.810     -3.147     -6.805
 167   36     -9.508     -0.710     -7.595
  -1   -2     13.635      1.938     -6.222
 161   56      8.959      0.880     -9.747
  -1   -2      3.472     -1.161      1.216
  55   99     13.030     -8.915      9.986
  -1   -2     19.733      2.432     -2.585
  -1   -2      7.464     -3.239      8.368
  41   61     11.515    -10.536     -1.895
  -1   -2     -4.463     -6.943      6.472
  -1   -2      9.172     -6.348      3.878
  -1   -2     10.810     -3.147     -6.805
  -1   -2     -9.508     -0.710     -7.595
  -1   -2     13.635      1.938     -6.222
  -1   -2      8.959      0.880     -9.747
  -1   -2      3.472     -1.161      1.216
  -1   -2     19.733      2.432     -2.585
  -1   -2      7.464     -3.239      8.368
  -1   -2     -4.463     -6.943      6.472
  -1   -2      9.172     -6.348      3.878
  -1   -2     10.810     -3.147     -6.805
  -1   -2     -9.508     -0.710     -7.595
  -1   -2     13.635      1.938     -6.222
  -1   -2      3.472     -1.161      1.216
  -1   -2      8.959      0.880     -9.747
  -1   -2     19.733      2.432     -2.585
  -1   -2      7.464     -3.239      8.368
  -1   -2      9.172     -6.348      3.878
 100  112     -4.491     -6.930      6.563
  -1   -2     10.810     -3.147     -6.805
  -1   -2     -9.508     -0.710     -7.595
  -1   -2     13.635      1.938     -6.222
  -1   -2      3.472     -1.161      1.216
  -1   -2      8.959      0.880     -9.747
  -1   -2     19.733      2.432     -2.585
  -1   -2      7.464     -3.239      8.368
  -1   -2      9.172     -6.348      3.878
  -1   -2     10.810     -3.147     -6.805
  -1   -2     13.635      1.938     -6.222
  -1   -2     -9.508     -0.710     -7.595
  -1   -2      8.959      0.880     -9.747
  -1   -2      3.472     -1.161      1.216
  -1   -2     19.733      2.432     -2.585
  -1   -2      7.464     -3.239      8.368
  -1   -2      9.172     -6.348      3.878
  -1   -2     10.810     -3.147     -6.805
  -1   -2     -9.508     -0.710     -7.595
  -1   -2     13.635      1.938     -6.222
  -1   -2      3.472     -1.161      1.216
  -1   -2      8.959      0.880     -9.747
  -1   -2     19.733      2.432     -2.585
  -1   -2      7.464     -3.239      8.368
  -1   -2      9.172     -6.348      3.878
  -1   -2     10.810     -3.147     -6.805
  -1   -2     -9.508     -0.710     -7.595
  -1   -2     13.635      1.938     -6.222
  -1   -2      8.959      0.880     -9.747
  -1   -2      3.472     -1.161      1.216
  -1   -2     19.733      2.432     -2.585
  -1   -2      7.464     -3.239      8.368
  -1   -2      9.172     -6.348      3.878
  -1   -2     -9.508     -0.710     -7.595
  -1   -2     13.635      1.938     -6.222
  -1   -2     10.810     -3.147     -6.805
  -1   -2      8.959      0.880     -9.747
  -1   -2      3.472     -1.161      1.216
  -1   -2     19.733      2.432     -2.585
  -1   -2      7.464     -3.239      8.368
  -1   -2      9.172     -6.348      3.878
  -1   -2     10.810     -3.147     -6.805
  -1   -2     -9.508     -0.710     -7.595
  -1   -2     13.635      1.938     -6.222
  -1   -2      8.959      0.880     -9.747
  -1   -2      3.472     -1.161      1.216
  -1   -2     19.733      2.432     -2.585
  -1   -2      7.464     -3.239      8.368
  -1   -2      9.172     -6.348      3.878
  -1  171     -9.508     -0.710     -7.595
  -1   -2     13.635      1.938     -6.222
  -1   -2     10.810     -3.147     -6.805
  -1   -2      8.959      0.880     -9.747
  -1   -2      3.472     -1.161      1.216
  -1   -2     19.733      2.432     -2.585
  -1   -2      7.464     -3.239      8.368
  -1   -2      9.172     -6.348      3.878
 166   51     10.810     -3.147     -6.805
  -1   -2     13.635      1.938     -6.222
  -1   -2      3.472     -1.161      1.216
  -1   -2     19.733      2.432     -2.585
  -1   -2      9.172     -6.348      3.878
  -1   -2     13.635      1.938     -6.222
  -1   -2      3.472     -1.161      1.216
  -1   -2     19.733      2.432     -2.585
  -1   -2      7.464     -3.239      8.368
  -1   -2      9.172     -6.348      3.878
  -1   -2     13.635      1.938     -6.222
  -1   -2      3.472     -1.161      1.216
  -1   -2     19.733      2.432     -2.585
  -1   -2      7.464     -3.239      8.368
  -1   -2      9.172     -6.348      3.878
  -1   -2     13.635      1.938     -6.222
 179  183      3.472     -1.161      1.216
  -1   -2     19.733      2.432     -2.585
  -1   -2      7.464     -3.239      8.368
  -1   -2      9.172     -6.348      3.878
  -1   -2     13.635      1.938     -6.222
  -1   -2     19.733      2.432     -2.585
  -1   -2      7.464     -3.239      8.368
  -1   -2      9.172     -6.348      3.878
  -1   -2     13.635      1.938     -6.222
  -1   -2     19.733      2.432     -2.585
  -1   -2      7.464     -3.239      8.368
  -1   -2      9.172     -6.348      3.878
  -1   -2     13.635      1.938     -6.222
  -1   -2     19.733      2.432     -2.585
  -1   -2      7.464     -3.239      8.368
  -1   -2      9.172     -6.348      3.878
  -1   -2     13.635      1.938     -6.222
  -1   -2     19.733      2.432     -2.585
  -1   -2      7.464     -3.239      8.368
  -1   -2      9.172     -6.348      3.878
  50  191     13.635      1.938     -6.222
  -1   -2     19.733      2.432     -2.585
  -1   -2      7.464     -3.239      8.368
  -1   -2      9.172     -6.348      3.878
  -1   -2     19.733      2.432     -2.585
  -1   -2      7.464     -3.239      8.368
  -1   -2      9.172     -6.348      3.878
  -1   -2     19.733      2.432     -2.585
  -1   -2      7.464     -3.239      8.368
  -1   -2      9.172     -6.348      3.878
  -1   -2     19.733      2.432     -2.585
  -1   -2      7.464     -3.239      8.368
  -1   -2      9.172     -6.348      3.878
  -1   -2     19.733      2.432     -2.585
  -1   -2      7.464     -3.239      8.368
  -1   -2      9.172     -6.348      3.878
  -1   -2     19.733      2.432     -2.585
  -1   -2      7.464     -3.239      8.368
  -1   -2      9.172     -6.348      3.878
  -1   -2     19.733      2.432     -2.585
  -1   -2      7.464     -3.239      8.368
  -1   -2      9.172     -6.348      3.878
  -1   -2     19.733      2.432     -2.585
  -1   -2      9.172     -6.348      3.878
  -1   -2     19.733      2.432     -2.585
   3    1      9.172     -6.348      3.878
  -1   -2     19.733      2.432     -2.585
  -1   -2     19.733      2.432     -2.585
  -1   -2     19.733      2.432     -2.585
  -1   -2     19.733      2.432     -2.585
  72  235     19.733      2.432     -2.585
