337
   0   -2      9.751     -7.894      1.402
  62   88     16.804     -8.365      4.429
  40   27      2.698     -9.458      9.518
  -1   18     -2.402    -10.603     -0.132
   6  103     16.326     -4.562     -9.511
  17   37      9.174     -6.348      3.873
   5   46     11.638     -8.225     -4.365
  -1   -2     -4.462     -6.943      6.472
  45   -2     17.350     -5.963     -0.652
  54   21     13.206     -3.832      4.303
  39   -2      6.665     -9.083      8.296
  10   -2      4.702     -7.726      4.345
   9   -2     12.097     -5.521      3.551
  -1   40     19.442     -6.425     -4.857
 111   14     14.606      0.496     -5.053
  33   20      6.977     -5.303      5.870
  79    5     14.621     -5.016     -5.902
  21   17     10.970     -2.666      3.951
  27   28     13.975      1.385     -3.376
  22   -2     14.131     -7.186      7.822
  24   23     -0.539     -8.766     -7.024
  28   26      7.978     -5.852      9.691
  23   -2      4.310     -5.504      8.240
  -1   -2     -1.339     -7.913     -3.081
  72   24     18.055     -9.869     -4.194
  -1   -2     20.048    -10.455     -6.953
 159   25      4.663    -10.166      1.468
  43   -2      4.427     -7.590     10.307
 185   15     12.547     -3.848     -4.922
   3   -2     -2.276    -10.184      2.152
  -1  130     12.315     -9.467     10.499
  -1   44     -1.199     -8.424      3.760
  32   34     -0.107     -3.695     -9.635
  80   19     19.794    -11.185     -3.134
   1   -2     -4.772     -9.386     -2.578
  37   -2     16.924    -10.402      0.813
  30   -2     -5.792     -6.901    -10.206
   4    0      9.161     -7.488      2.742
  26   -2      8.951    -10.195      5.979
 100   -2     -6.320     -9.131     -8.109
  -1   48    -11.559     -9.725     -7.938
  46   -2      3.025     -8.841      4.876
  55    2      2.029    -10.188      9.010
  -1   43      6.453     -7.356      9.576
  -1   76     14.657     -8.103      9.730
  86   -2     18.559     -6.179     -2.927
  -1   31      4.757     -6.205      2.496
  42   -2      4.064     -8.263      8.212
  71   47     -0.316     -6.857      5.279
  48   49     14.577     -4.271      7.779
  49   50     15.806     -3.869     -9.095
  -1   -2     10.806     -3.146     -6.818
  -1   -2     -9.506     -0.711     -7.584
  -1  164      2.362    -10.828     -0.378
  -1   -2     13.636      1.940     -6.225
  51   41      2.440    -10.766      4.619
  -1   71     20.425     -2.678     -2.776
  -1  129      8.959      0.880     -9.748
  -1   -2      3.470     -1.162      1.211
  -1  311      8.427     -2.489     10.295
  -1   -2     19.733      2.431     -2.584
  -1  294     12.338     -0.399     -6.679
  -1   -2     13.030     -8.914      9.988
 226  231      4.521      1.484      1.252
  35  188     14.478    -10.491     -7.160
  -1   -2      7.464     -3.238      8.365
  -1   67     17.587      3.847    -12.366
  -1   -2    -11.498    -10.725     -1.384
  -1   68     -1.831      1.233     -8.140
  -1   -2     17.610    -10.255     -4.577
  -1   69     -7.078     -5.922      5.781
  -1   -2     -4.010     -5.131      2.146
  65   70    -10.070    -10.557     -5.020
  73   74     21.455     -1.457    -10.231
  20   73     14.836     -9.111      1.742
  -1  148     12.015    -10.306      7.600
  81   77      9.395     -7.148      7.675
  78   -2     -4.513     -5.165      5.273
  -1   83     20.681     -8.083     -0.954
  -1   78     13.530      4.275     -5.970
  70   -2      3.742    -11.068    -12.183
  -1   -2     16.919     -1.423     -3.700
  -1   -2     -0.756     -2.750      5.797
  82   82      6.060     -2.411     -3.161
  84   29     18.931    -10.319     -0.112
  91   90     -2.532     -0.960    -11.392
  -1   86     10.742     -6.558      0.429
  -1   11      4.537     -9.703      9.720
  95   -2      9.061     -9.325      5.727
  -1   33     -8.085     -5.672    -11.570
 124   13     11.394     -9.159      1.279
  -1   -2      6.970     -4.267     -2.293
  -1   -2     11.497    -10.534     -1.862
  -1  101      8.450     -9.729     11.421
 110   42     -8.416     -4.498     -8.473
 152   39     -8.317    -10.879     -9.275
 101   96      9.356      0.281      9.931
  -1   -2     18.735      1.432     -6.111
   2   93      0.889     -9.774      8.476
  93   92      8.014     -3.500     -3.485
 156   36     -0.682     -8.137      7.072
  38   91     -7.030    -11.686     -5.637
 103    8     17.899     -6.201     -6.677
  92   45     13.121     -9.314     -3.641
  -1   -2      9.174     -6.348      3.873
  -1  151     -4.462     -6.943      6.472
  16   -2     19.363     -6.437     -4.679
  -1   95     -9.506     -0.711     -7.584
  -1  190     10.806     -3.146     -6.818
  -1   -2     13.636      1.940     -6.225
  -1   -2     13.030     -8.914      9.988
  -1   -2      8.959      0.880     -9.748
  -1   -2      3.470     -1.162      1.211
  -1   80     19.733      2.431     -2.584
  -1   -2     12.338     -0.399     -6.679
  -1   -2      7.464     -3.238      8.365
  -1   -2      4.521      1.484      1.252
  -1   -2     -4.010     -5.131      2.146
  -1   -2    -11.498    -10.725     -1.384
 122   94     -0.756     -2.750      5.797
  -1   -2     12.015    -10.306      7.600
  -1   -2     11.497    -10.534     -1.862
  -1   -2      9.174     -6.348      3.873
 129  139     -1.381     -8.428      3.276
  -1   -2     -4.462     -6.943      6.472
  -1   -2     10.806     -3.146     -6.818
  -1   -2     -9.506     -0.711     -7.584
  -1   -2     13.636      1.940     -6.225
  -1   -2      8.959      0.880     -9.748
 134   -2     13.030     -8.914      9.988
  -1   -2      3.470     -1.162      1.211
 113   -2     12.338     -0.399     -6.679
  -1   -2     19.733      2.431     -2.584
  -1   -2      7.464     -3.238      8.365
  -1   -2      4.521      1.484      1.252
  -1   -2     -4.010     -5.131      2.146
  -1   -2     12.015    -10.306      7.600
  -1   -2     11.497    -10.534     -1.862
 125  136    -11.498    -10.725     -1.384
  -1   -2      9.174     -6.348      3.873
  -1   -2     -4.462     -6.943      6.472
  -1   -2     10.806     -3.146     -6.818
  -1   -2     -9.506     -0.711     -7.584
  -1   -2      2.362    -10.828     -0.378
  -1   -2     13.636      1.940     -6.225
  -1   -2      3.470     -1.162      1.211
  -1   -2     19.733      2.431     -2.584
  -1   -2      4.521      1.484      1.252
  -1   -2      7.464     -3.238      8.365
  -1   -2     -4.010     -5.131      2.146
 140   -2     12.015    -10.306      7.600
  -1   -2     11.497    -10.534     -1.862
  -1   -2      9.174     -6.348      3.873
 117   -2     -4.462     -6.943      6.472
  -1   -2     10.806     -3.146     -6.818
  -1   -2     -9.506     -0.711     -7.584
  -1   -2     13.636      1.940     -6.225
  -1   -2      2.362    -10.828     -0.378
  -1   -2      3.470     -1.162      1.211
  -1   -2     19.733      2.431     -2.584
  -1   -2      4.521      1.484      1.252
 107  118     -4.010     -5.131      2.146
  -1   -2      7.464     -3.238      8.365
  -1   -2     11.497    -10.534     -1.862
  -1   -2      9.174     -6.348      3.873
  -1   -2     10.806     -3.146     -6.818
  -1   -2     -9.506     -0.711     -7.584
  -1   -2     13.636      1.940     -6.225
  -1   -2      3.470     -1.162      1.211
  -1   -2     19.733      2.431     -2.584
  -1   -2      4.521      1.484      1.252
  -1   -2      7.464     -3.238      8.365
  -1   -2     11.497    -10.534     -1.862
  -1   -2      9.174     -6.348      3.873
  -1   -2     10.806     -3.146     -6.818
  -1   -2     -9.506     -0.711     -7.584
  -1   -2     13.636      1.940     -6.225
  -1   -2      3.470     -1.162      1.211
  -1   -2     19.733      2.431     -2.584
  -1   -2      4.521      1.484      1.252
  -1   -2      7.464     -3.238      8.365
  -1   -2     11.497    -10.534     -1.862
  -1   -2      9.174     -6.348      3.873
  -1   -2     13.636      1.940     -6.225
  -1   -2     -9.506     -0.711     -7.584
  -1   60     10.806     -3.146     -6.818
  -1   -2      3.470     -1.162      1.211
  -1   -2     19.733      2.431     -2.584
  -1   -2      4.521      1.484      1.252
  -1   -2      7.464     -3.238      8.365
  -1   -2     11.497    -10.534     -1.862
  -1   -2      9.174     -6.348      3.873
  -1   -2     -9.506     -0.711     -7.584
  -1   -2     13.636      1.940     -6.225
  -1   -2      3.470     -1.162      1.211
  -1   -2     19.733      2.431     -2.584
  -1   -2      4.521      1.484      1.252
  -1   -2      7.464     -3.238      8.365
  -1   -2      9.174     -6.348      3.873
  -1   -2     -9.506     -0.711     -7.584
  -1   -2     13.636      1.940     -6.225
  -1   -2      3.470     -1.162      1.211
  -1   -2     19.733      2.431     -2.584
  -1   -2      4.521      1.484      1.252
  -1   -2      7.464     -3.238      8.365
  -1   -2      9.174     -6.348      3.873
  -1   -2     -9.506     -0.711     -7.584
  -1   -2     13.636      1.940     -6.225
  -1   -2      3.470     -1.162      1.211
  -1   -2     19.733      2.431     -2.584
  -1   -2      4.521      1.484      1.252
  -1   -2      7.464     -3.238      8.365
  -1   -2      9.174     -6.348      3.873
  -1   -2     -9.506     -0.711     -7.584
  -1   -2     13.636      1.940     -6.225
  -1   -2      3.470     -1.162      1.211
  -1   -2     19.733      2.431     -2.584
  63   -2      4.521      1.484      1.252
  -1   -2      7.464     -3.238      8.365
  -1   -2      9.174     -6.348      3.873
  -1   -2     -9.506     -0.711     -7.584
  -1   -2     13.636      1.940     -6.225
  -1   -2      3.470     -1.162      1.211
  -1   -2     19.733      2.431     -2.584
  -1   -2      7.464     -3.238      8.365
  -1   -2      9.174     -6.348      3.873
  -1   -2     -9.506     -0.711     -7.584
  -1   -2     13.636      1.940     -6.225
  -1   -2      3.470     -1.162      1.211
  -1   -2     19.733      2.431     -2.584
  -1   -2      7.464     -3.238      8.365
  -1   -2      9.174     -6.348      3.873
  -1   -2     -9.506     -0.711     -7.584
  -1   -2     13.636      1.940     -6.225
  -1   -2      3.470     -1.162      1.211
  -1   -2     19.733      2.431     -2.584
  -1   -2      7.464     -3.238      8.365
  -1   -2      9.174     -6.348      3.873
  -1   -2     -9.506     -0.711     -7.584
  -1   -2     13.636      1.940     -6.225
  -1   -2      3.470     -1.162      1.211
  -1   -2     19.733      2.431     -2.584
  -1   -2      7.464     -3.238      8.365
  -1   -2      9.174     -6.348      3.873
  -1   -2     -9.506     -0.711     -7.584
  -1   -2     13.636      1.940     -6.225
  -1   -2      3.470     -1.162      1.211
  -1   -2     19.733      2.431     -2.584
  -1   -2      7.464     -3.238      8.365
  -1   -2      9.174     -6.348      3.873
  -1   -2     -9.506     -0.711     -7.584
  -1   -2     13.636      1.940     -6.225
  -1   -2      3.470     -1.162      1.211
  -1   -2     19.733      2.431     -2.584
  -1   -2      7.464     -3.238      8.365
  -1   -2      9.174     -6.348      3.873
  -1   -2     13.636      1.940     -6.225
  -1   -2     -9.506     -0.711     -7.584
  -1   -2      3.470     -1.162      1.211
  -1   -2     19.733      2.431     -2.584
  -1   -2      7.464     -3.238      8.365
  -1   -2      9.174     -6.348      3.873
  -1   -2     -9.506     -0.711     -7.584
  -1   -2     13.636      1.940     -6.225
  -1   -2      3.470     -1.162      1.211
  -1   -2     19.733      2.431     -2.584
  -1   -2      7.464     -3.238      8.365
  -1   -2      9.174     -6.348      3.873
  -1   -2     -9.506     -0.711     -7.584
  -1   -2     13.636      1.940     -6.225
  -1   -2      3.470     -1.162      1.211
  -1   -2     19.733      2.431     -2.584
  -1   -2      7.464     -3.238      8.365
  -1   -2      9.174     -6.348      3.873
  -1   -2     -9.506     -0.711     -7.584
  -1   -2     13.636      1.940     -6.225
  -1   -2      3.470     -1.162      1.211
  -1   -2     19.733      2.431     -2.584
  -1   -2      7.464     -3.238      8.365
  -1   -2      9.174     -6.348      3.873
  -1   -2     -9.506     -0.711     -7.584
  -1   -2     13.636      1.940     -6.225
  -1   -2      3.470     -1.162      1.211
  -1   -2     19.733      2.431     -2.584
  -1   -2      7.464     -3.238      8.365
  -1   -2      9.174     -6.348      3.873
 288  293     -9.506     -0.711     -7.584
  -1   -2     13.636      1.940     -6.225
  -1   -2      3.470     -1.162      1.211
  -1   -2     19.733      2.431     -2.584
  -1   -2      7.464     -3.238      8.365
  -1   -2      9.174     -6.348      3.873
  -1   -2     13.636      1.940     -6.225
  -1   -2     19.733      2.431     -2.584
  -1   -2      9.174     -6.348      3.873
  -1   -2     13.636      1.940     -6.225
  -1   -2     19.733      2.431     -2.584
  -1   -2      7.464     -3.238      8.365
  -1   -2      9.174     -6.348      3.873
  -1   -2     13.636      1.940     -6.225
  -1   -2     19.733      2.431     -2.584
  -1   -2      7.464     -3.238      8.365
  -1   -2      9.174     -6.348      3.873
  96   -2     13.636      1.940     -6.225
  -1   -2     19.733      2.431     -2.584
  -1   -2      7.464     -3.238      8.365
  -1   -2      9.174     -6.348      3.873
  -1   -2     19.733      2.431     -2.584
  -1   -2      7.464     -3.238      8.365
  -1   -2      9.174     -6.348      3.873
  -1   -2     19.733      2.431     -2.584
  -1   -2      7.464     -3.238      8.365
  -1   -2      9.174     -6.348      3.873
  -1   -2     19.733      2.431     -2.584
  -1   -2      7.464     -3.238      8.365
  -1   -2      9.174     -6.348      3.873
  -1   -2     19.733      2.431     -2.584
  -1   -2      7.464     -3.238      8.365
  -1   -2      9.174     -6.348      3.873
  -1   -2     19.733      2.431     -2.584
  -1   -2      7.464     -3.238      8.365
  -1   -2      9.174     -6.348      3.873
  -1   -2     19.733      2.431     -2.584
  -1   -2      7.464     -3.238      8.365
  -1   -2      9.174     -6.348      3.873
  -1   -2     19.733      2.431     -2.584
  -1   -2      9.174     -6.348      3.873
  -1   -2     19.733      2.431     -2.584
  -1   -2      9.174     -6.348      3.873
  -1   -2     19.733      2.431     -2.584
  -1   -2      9.174     -6.348      3.873
  -1   -2     19.733      2.431     -2.584
  -1   -2      9.174     -6.348      3.873
  -1   -2     19.733      2.431     -2.584
 324   -2      9.174     -6.348      3.873
  -1   -2     19.733      2.431     -2.584
 115  339     19.733      2.431     -2.584
