226
   0   -2      9.734     -7.902      1.454
  87   47      2.698     -9.458      9.518
  -1  164     16.354     -4.575     -9.586
  14   -2     12.678     -8.667     -7.186
  -1   25     -2.415    -10.602     -0.121
  -1   -2      9.173     -6.346      3.875
  -1   -2     -4.460     -6.941      6.467
   7    9     13.207     -3.832      4.308
   8   -2     17.352     -5.964     -0.655
  -1    8      4.705     -7.728      4.373
  35    5     12.099     -5.521      3.550
  12   -2     14.609      0.497     -5.061
  -1   42     19.430     -6.422     -4.888
  84    2     14.623     -5.014     -5.895
 228   85      6.973     -5.309      5.864
  24   11     10.974     -2.665      3.938
  -1  206     13.985      1.386     -3.403
  16   15     -0.542     -8.768     -7.032
  17   19      4.313     -5.505      8.247
  -1   18     14.130     -7.186      7.830
  -1   20      7.980     -5.851      9.694
  -1   33      4.420     -7.587     10.285
  -1   14      3.769     -9.803     10.362
  -1   22     20.049    -10.454     -6.955
  37  112     -2.274    -10.185      2.160
  83   -2      4.666    -10.167      1.464
  23   26     18.058     -9.869     -4.199
  52   -2     12.541     -3.848     -4.917
  -1   -2     20.559     -8.355     -0.866
  28   30     -0.108     -3.695     -9.641
  30   29     -5.787     -6.901    -10.199
  22   -2     -2.867     -9.779      0.011
  -1   17      9.578     -3.474      7.413
 103   31      9.156     -7.489      2.755
  26   40      5.978     -5.763      6.492
  -1   51      8.951    -10.195      5.984
  44   -2     17.784     -9.048     -2.338
  40   37    -11.557     -9.724     -7.930
  34   34     -6.318     -9.132     -8.090
   9   -2      3.023     -8.841      4.869
  33   41      1.388     -8.167      4.316
  32   72      6.453     -7.355      9.572
  18   38     14.895     -6.902      7.426
  80   32     16.639    -10.458      1.620
  81   69     -4.938     -4.999      4.323
  72   21     -2.005     -6.476      2.000
  46   46     -3.227     -7.461     -2.879
  89   -2    -10.559     -9.910     -9.525
  47   49     15.805     -3.870     -9.098
  49   50     14.578     -4.271      7.778
 110   -2     13.985     -0.184     -3.496
  50   23      4.693     -7.386     10.045
  -1    7     18.008     -6.133     -6.916
  63   -2     -7.856    -10.874      8.215
  62   77     13.490    -10.720      4.141
  -1   -2     -9.507     -0.709     -7.593
  -1   -2     13.636      1.938     -6.225
  -1   -2     10.808     -3.146     -6.810
  -1  113     -1.508     -4.624      8.635
  -1   -2      8.959      0.880     -9.747
  -1   -2      3.470     -1.160      1.213
  -1   91     13.029     -8.914      9.989
  -1   57     19.733      2.431     -2.586
  -1  229      8.427     -2.492     10.290
  -1   -2     -7.420    -10.095     -9.853
  -1   -2      7.463     -3.235      8.369
  -1   -2     -7.023     -4.094     -4.821
  -1   -2     17.493      3.827    -12.132
 231  235      4.520      1.486      1.254
  -1   -2     14.475    -10.491     -7.149
  66   68     -1.833      1.234     -8.139
  75   54     10.747     -6.590      0.422
  48   -2      6.085     -8.913      9.837
 113   80    -10.076    -10.556     -4.992
 116   78     -7.081     -5.922      5.764
  19   -2     18.050    -10.023     -2.846
  78   -2      9.394     -7.135      7.673
  -1   -2     -0.761     -2.747      5.776
  76   74     21.445     -1.458    -10.206
  -1   -2     13.529      4.274     -5.974
  -1   -2      1.625    -10.604      2.403
   3    1      0.863     -9.938      5.755
  -1   43      0.426    -10.783     -3.592
  60   12     16.920     -1.422     -3.705
  -1   81      6.060     -2.412     -3.164
  -1   -2     17.233     -1.084     -2.493
  -1    0     11.505    -10.536     -1.876
  -1   -2      5.482     -8.776      0.294
  93   84     -2.539     -0.958    -11.424
  69   -2      4.538     -9.703      9.718
  -1   -2      8.447     -9.727     11.435
  45   -2    -10.017     -9.280     -2.718
  85   94      8.016     -3.501     -3.465
  88   79     18.741      1.426     -6.067
  92   90      9.354      0.285      9.922
  -1   92    -10.818     -8.353     -9.276
  -1   93    -10.252     -6.090     -3.834
  57   -2     14.658     -8.119      9.451
  51   35     19.298     -7.749     -7.104
  97   -2    -10.923     -3.873     -8.539
  -1   -2      9.064     -9.342      5.755
  -1   -2     -0.983     -2.897     -2.825
  -1   -2      9.173     -6.346      3.875
 157  100     16.500     -4.579     -9.947
 112  125     20.589     -8.370     -0.741
  -1   -2     10.808     -3.146     -6.810
  -1   95     -9.507     -0.709     -7.593
  -1   -2     13.636      1.938     -6.225
  -1   61      8.959      0.880     -9.747
  67   -2     13.029     -8.914      9.989
  -1   -2      3.470     -1.160      1.213
  -1   -2     19.733      2.431     -2.586
  -1   -2     -7.420    -10.095     -9.853
  -1   -2      7.463     -3.235      8.369
  -1   -2      4.520      1.486      1.254
  71  128     -7.081     -5.922      5.764
  -1   -2      0.863     -9.938      5.755
  -1   44     -0.761     -2.747      5.776
  55  129      1.625    -10.604      2.403
  -1   -2     11.505    -10.536     -1.876
  -1   -2      9.173     -6.346      3.875
  -1   -2     13.778      1.396     -2.891
 123  134     10.808     -3.146     -6.810
 124   -2     -9.507     -0.709     -7.593
  -1   -2     13.636      1.938     -6.225
  -1   -2      3.470     -1.160      1.213
  -1   -2     19.733      2.431     -2.586
  -1   -2      7.463     -3.235      8.369
  -1   -2      4.520      1.486      1.254
  73   -2      0.863     -9.938      5.755
  79   -2     -0.761     -2.747      5.776
  -1   -2     11.505    -10.536     -1.876
  -1   -2      9.173     -6.346      3.875
  -1   -2     13.636      1.938     -6.225
  -1   -2      3.470     -1.160      1.213
  -1   -2     19.733      2.431     -2.586
  -1   -2      7.463     -3.235      8.369
  -1   -2      4.520      1.486      1.254
  90  150     11.505    -10.536     -1.876
  -1   -2      9.173     -6.346      3.875
  27  142     13.778      1.396     -2.891
  -1   -2     13.636      1.938     -6.225
  -1   -2      3.470     -1.160      1.213
  -1   -2     19.733      2.431     -2.586
  -1   -2      4.520      1.486      1.254
  -1   -2      7.463     -3.235      8.369
  -1   -2      9.173     -6.346      3.875
 158   98     -4.465     -6.943      6.389
  -1   -2     13.636      1.938     -6.225
  58  160      3.470     -1.160      1.213
  -1   -2     19.733      2.431     -2.586
  -1   -2      7.463     -3.235      8.369
  -1   -2      4.520      1.486      1.254
  -1   -2      9.173     -6.346      3.875
  -1   -2     13.636      1.938     -6.225
  -1   -2     19.733      2.431     -2.586
  -1   -2      4.520      1.486      1.254
  -1   -2      7.463     -3.235      8.369
  -1   -2      9.173     -6.346      3.875
  -1   -2     13.636      1.938     -6.225
  -1   -2     19.733      2.431     -2.586
  -1   -2      7.463     -3.235      8.369
  -1   -2      4.520      1.486      1.254
  -1   -2      9.173     -6.346      3.875
 106   10     13.636      1.938     -6.225
  -1   -2     19.733      2.431     -2.586
  -1   -2      4.520      1.486      1.254
  -1   -2      7.463     -3.235      8.369
  -1   -2      9.173     -6.346      3.875
  -1   -2     19.733      2.431     -2.586
  -1   -2      7.463     -3.235      8.369
  -1   -2      4.520      1.486      1.254
  -1   -2      9.173     -6.346      3.875
  -1   -2     19.733      2.431     -2.586
  -1   -2      7.463     -3.235      8.369
  -1   -2      4.520      1.486      1.254
  -1   -2      9.173     -6.346      3.875
  -1   -2     19.733      2.431     -2.586
  -1   -2      4.520      1.486      1.254
  -1   -2      7.463     -3.235      8.369
  -1   -2      9.173     -6.346      3.875
 100   -2     19.460     -6.404     -5.006
  -1   -2     19.733      2.431     -2.586
  -1   -2      4.520      1.486      1.254
  -1   -2      7.463     -3.235      8.369
  -1   -2     19.733      2.431     -2.586
  -1   -2      7.463     -3.235      8.369
  -1   -2      4.520      1.486      1.254
  -1   -2      9.173     -6.346      3.875
  -1   -2     19.733      2.431     -2.586
  -1   -2      7.463     -3.235      8.369
  -1   -2      4.520      1.486      1.254
  -1   -2      9.173     -6.346      3.875
  -1   -2     19.733      2.431     -2.586
  -1   -2      4.520      1.486      1.254
  -1   -2      7.463     -3.235      8.369
  -1   -2      9.173     -6.346      3.875
  -1   -2     19.733      2.431     -2.586
  -1   -2      4.520      1.486      1.254
  -1   -2      7.463     -3.235      8.369
  -1   -2      9.173     -6.346      3.875
  -1   -2     19.733      2.431     -2.586
  -1   -2      7.463     -3.235      8.369
  -1   -2      4.520      1.486      1.254
  -1   -2      9.173     -6.346      3.875
  -1   -2     19.733      2.431     -2.586
  -1   -2      4.520      1.486      1.254
  -1   -2      9.173     -6.346      3.875
  -1   -2     19.733      2.431     -2.586
  -1   60      4.520      1.486      1.254
  -1   -2      9.173     -6.346      3.875
  -1   -2     19.733      2.431     -2.586
  -1   -2      9.173     -6.346      3.875
  -1   -2     19.733      2.431     -2.586
  -1   -2      9.173     -6.346      3.875
  -1   -2     19.733      2.431     -2.586
  -1   -2      9.173     -6.346      3.875
  -1   -2     19.733      2.431     -2.586
  -1   -2      9.173     -6.346      3.875
  -1   -2     19.733      2.431     -2.586
  -1   -2      9.173     -6.346      3.875
  -1   -2     19.733      2.431     -2.586
  -1   -2      9.173     -6.346      3.875
  -1   -2     19.733      2.431     -2.586
 236   -2      9.173     -6.346      3.875
  -1   -2     19.733      2.431     -2.586
