281
  38    0      9.731     -7.901      1.452
  33    4     14.328     -5.060     -6.407
   2   -2     16.647     -3.039     -8.100
   3   42      2.695     -9.459      9.510
   4    6     17.160     -2.484     -7.383
 108    3     -2.409    -10.604     -0.141
  -1   -2      9.167     -6.347      3.886
  10  108     16.368     -4.582     -9.622
  -1   48     11.643     -8.227     -4.381
  -1   -2     -4.460     -6.942      6.469
  15   -2     13.208     -3.832      4.311
  13   13     17.350     -5.964     -0.648
  54   53     17.192     -8.919     -4.427
  71   10     10.021     -1.541     -9.392
  -1   14     12.096     -5.521      3.554
  57   -2     14.612      0.498     -5.068
  -1   -2     19.439     -6.421     -4.849
  16   -2      4.711     -7.731      4.383
  14   21     10.981     -2.663      3.922
  42   -2      4.774     -7.405      8.215
  -1    5     16.869     -2.911    -10.133
  23   -2      4.311     -5.506      8.242
  28   25      6.976     -5.304      5.875
   6   37     -4.238     -9.920     -3.405
  85   -2      9.574     -7.121      7.171
 106   -2      3.207     -8.324      7.897
   0   57      9.528    -10.150      3.845
  91   -2     17.794     -4.233     -0.661
 102   -2     12.547     -3.848     -4.926
  -1   -2      3.284     -8.635      5.201
  35   34     -5.788     -6.901    -10.192
  -1   17      4.662    -10.166      1.465
  -1   32     14.134     -7.186      7.815
  37   33    -10.052    -10.621     -5.116
  -1   -2     13.974      1.381     -3.374
 101   30     16.163     -2.460     -8.986
  25   -2      5.200     -6.084      3.807
  72   11     13.090    -10.570     -4.077
  -1   35     -0.112     -3.695     -9.649
  74   22     11.249     -8.717      3.251
  20   -2      6.603     -9.088      8.167
  83   -2     10.895     -7.744     10.194
  80   -2     20.448     -8.076     -1.850
   7   -2     -6.316     -9.132     -8.095
  82   41    -11.556     -9.726     -7.936
 111   -2     18.556     -6.169     -2.921
 116   91      2.029    -10.188      9.009
  34   -2     -1.317     -8.730     -6.585
  -1   43      6.448     -7.357      9.570
  -1   -2     16.632     -8.353      4.553
  22   27      8.966     -9.350      5.742
  26    9     14.505    -10.096     -6.056
  -1   -2      6.982     -6.676      7.853
  79   51     -0.315     -6.857      5.277
  40   -2      3.664     -7.608      7.839
  51   52     14.578     -4.272      7.780
  87   -2     -8.930     -8.326      3.960
  64   38     17.116     -9.423     -6.317
  81  111     15.291     -9.226      3.345
  -1   -2     -9.507     -0.711     -7.594
  -1   -2     13.637      1.939     -6.224
  -1   -2      2.411    -10.775      4.536
  -1   -2      8.959      0.879     -9.746
  -1  229      3.468     -1.160      1.204
  39   -2      2.371    -10.827     -0.351
  -1    1     17.052     -8.886      1.403
  68   64     21.038     -8.472      8.796
 113  270     12.334     -0.402     -6.672
  -1   -2      4.987     -6.624      0.837
 259  261      4.519      1.485      1.256
  -1   -2     -7.422    -10.093     -9.853
  76   76     -1.832      1.234     -8.136
  -1   89      2.011     -0.857     -9.086
  66   49     17.611    -10.255     -4.573
  -1   -2     12.932     -0.496     -0.859
  -1   50     -4.010     -5.125      2.150
  49   -2     12.970    -11.483     -7.412
  -1   45     18.294     -5.402      1.280
  75  117     -8.685     -9.516      0.607
  32   -2     13.086     -0.959     -1.292
  -1   -2     -0.753     -2.751      5.789
  84   83     21.450     -1.456    -10.221
  99   46      4.880     -5.358      0.512
  -1   16     13.530      4.274     -5.975
  -1   87     -4.511     -5.165      5.271
  -1   95      6.061     -2.411     -3.155
  67   20     16.922     -1.427     -3.693
  -1   18      6.494     -6.845     10.946
  92   56     -1.385     -9.948      9.130
  -1   -2     10.668    -10.307     -9.491
  -1   85     17.242     -1.079     -2.468
 369   -2     18.728      1.427     -6.127
  45   -2     11.395     -9.158      1.285
  94   90     -2.530     -0.961    -11.373
  89   -2      8.013     -3.501     -3.477
  -1  100     17.505      3.792    -11.700
  47   -2     13.870     -9.469     -1.682
 114   -2     -8.412     -4.497     -8.470
 103   96      9.361      0.283      9.949
  -1   -2    -11.470     -5.568     -5.334
  31   -2     -0.709     -8.131      7.136
  96   -2      6.242    -10.056      8.864
  -1   47     19.903     -7.573     -2.488
  59   68      2.790    -10.944      2.711
 105  104     17.894     -6.199     -6.678
  -1   39      9.167     -6.347      3.886
  -1   99     -4.460     -6.942      6.469
  -1  166     19.373     -6.439     -4.701
  -1  124     13.743      1.396     -2.805
  -1   -2     13.637      1.939     -6.224
 326  103     -9.507     -0.711     -7.594
  -1   40      2.411    -10.775      4.536
  -1   -2      8.959      0.879     -9.746
  -1   -2      3.468     -1.160      1.204
 327   31     12.334     -0.402     -6.672
  -1   -2      4.519      1.485      1.256
  -1   -2     -4.010     -5.125      2.150
  -1   -2     -7.422    -10.093     -9.853
  -1   -2     -0.753     -2.751      5.789
  -1   -2      9.167     -6.347      3.886
  12  179     -4.460     -6.942      6.469
  -1   -2     19.373     -6.439     -4.701
 112   23     13.743      1.396     -2.805
  -1   -2     13.637      1.939     -6.224
  -1   -2     -9.507     -0.711     -7.594
  -1   -2      2.411    -10.775      4.536
  -1   -2      8.959      0.879     -9.746
  -1   -2      3.468     -1.160      1.204
  -1   -2      4.519      1.485      1.256
  -1   -2     -4.010     -5.125      2.150
  -1   -2     -7.422    -10.093     -9.853
  -1   -2     -0.753     -2.751      5.789
  -1   -2      9.167     -6.347      3.886
  -1   -2     19.373     -6.439     -4.701
  -1   -2     13.637      1.939     -6.224
  -1   -2     -9.507     -0.711     -7.594
  -1   -2      3.468     -1.160      1.204
 117  137      8.959      0.879     -9.746
  -1   -2      4.519      1.485      1.256
  -1   -2     -4.010     -5.125      2.150
  -1   -2     -7.422    -10.093     -9.853
 125  157     -0.753     -2.751      5.789
  -1   -2      9.167     -6.347      3.886
  -1   -2     19.373     -6.439     -4.701
  -1   -2     -9.507     -0.711     -7.594
  -1   -2     13.637      1.939     -6.224
  -1   -2      3.468     -1.160      1.204
  -1   -2      4.519      1.485      1.256
  -1   -2     -4.010     -5.125      2.150
  -1   -2     -7.422    -10.093     -9.853
  -1   -2      9.167     -6.347      3.886
  -1   -2     19.373     -6.439     -4.701
  -1   -2     -9.507     -0.711     -7.594
  -1   -2     13.637      1.939     -6.224
  -1   -2      3.468     -1.160      1.204
  -1   -2      4.519      1.485      1.256
  -1   -2     -7.422    -10.093     -9.853
  -1   -2     -4.010     -5.125      2.150
  -1   -2      9.167     -6.347      3.886
  17   44     19.373     -6.439     -4.701
  -1   -2     -9.507     -0.711     -7.594
  -1   -2     13.637      1.939     -6.224
  -1   -2      3.468     -1.160      1.204
  -1   -2      4.519      1.485      1.256
 197   -2     -4.010     -5.125      2.150
  -1   -2      9.167     -6.347      3.886
  -1   -2     13.637      1.939     -6.224
  -1   -2     -9.507     -0.711     -7.594
  -1   -2      3.468     -1.160      1.204
  -1   -2      4.519      1.485      1.256
  -1   -2      9.167     -6.347      3.886
  -1   -2     -9.507     -0.711     -7.594
  -1   -2     13.637      1.939     -6.224
  -1   -2      3.468     -1.160      1.204
  -1   -2      4.519      1.485      1.256
  -1   -2      9.167     -6.347      3.886
  -1   -2     -9.507     -0.711     -7.594
  -1   -2     13.637      1.939     -6.224
  -1   -2      3.468     -1.160      1.204
  -1   -2      4.519      1.485      1.256
  -1   -2      9.167     -6.347      3.886
  -1   -2     -9.507     -0.711     -7.594
  -1   -2     13.637      1.939     -6.224
  -1   -2      3.468     -1.160      1.204
  -1   -2      4.519      1.485      1.256
  -1   -2      9.167     -6.347      3.886
  -1   -2     -9.507     -0.711     -7.594
  -1   -2     13.637      1.939     -6.224
  -1   -2      3.468     -1.160      1.204
  -1   -2      4.519      1.485      1.256
  -1   -2      9.167     -6.347      3.886
  -1   -2     13.637      1.939     -6.224
  -1   -2     -9.507     -0.711     -7.594
  -1   -2      3.468     -1.160      1.204
  -1   -2      4.519      1.485      1.256
  -1   -2      9.167     -6.347      3.886
  -1   -2     -9.507     -0.711     -7.594
  -1   -2     13.637      1.939     -6.224
  -1   -2      3.468     -1.160      1.204
  -1   -2      4.519      1.485      1.256
  -1   -2      9.167     -6.347      3.886
  -1   -2     13.637      1.939     -6.224
  -1   -2     -9.507     -0.711     -7.594
  -1   -2      3.468     -1.160      1.204
  -1   -2      4.519      1.485      1.256
  -1   -2      9.167     -6.347      3.886
  -1   -2     -9.507     -0.711     -7.594
  -1   -2     13.637      1.939     -6.224
  -1   -2      3.468     -1.160      1.204
  -1   -2      4.519      1.485      1.256
  -1   -2      9.167     -6.347      3.886
  -1   -2     -9.507     -0.711     -7.594
  -1   -2     13.637      1.939     -6.224
  -1   -2      3.468     -1.160      1.204
  -1   -2      4.519      1.485      1.256
  -1   -2      9.167     -6.347      3.886
  -1   -2     -9.507     -0.711     -7.594
  -1   -2     13.637      1.939     -6.224
  -1   -2      3.468     -1.160      1.204
  -1   -2      4.519      1.485      1.256
  -1   -2      9.167     -6.347      3.886
  -1   -2     -9.507     -0.711     -7.594
  -1   -2     13.637      1.939     -6.224
  -1   -2      3.468     -1.160      1.204
  -1   -2      4.519      1.485      1.256
  -1   -2      9.167     -6.347      3.886
  -1   -2     -9.507     -0.711     -7.594
  -1   -2     13.637      1.939     -6.224
  -1   -2      3.468     -1.160      1.204
  77   -2      4.519      1.485      1.256
  -1   -2      9.167     -6.347      3.886
  -1   -2     -9.507     -0.711     -7.594
  -1   -2     13.637      1.939     -6.224
  -1   -2      3.468     -1.160      1.204
  -1   -2      9.167     -6.347      3.886
  -1   -2     13.637      1.939     -6.224
  -1   -2     -9.507     -0.711     -7.594
  -1   -2      3.468     -1.160      1.204
  -1   -2      9.167     -6.347      3.886
  -1   -2     -9.507     -0.711     -7.594
  -1   -2     13.637      1.939     -6.224
  -1   -2      3.468     -1.160      1.204
  -1   -2      9.167     -6.347      3.886
  -1   -2     -9.507     -0.711     -7.594
  -1   -2     13.637      1.939     -6.224
  -1   -2      3.468     -1.160      1.204
  -1   -2      9.167     -6.347      3.886
  -1   -2     -9.507     -0.711     -7.594
  -1   -2     13.637      1.939     -6.224
  -1   -2      3.468     -1.160      1.204
  -1   -2      9.167     -6.347      3.886
  -1   -2     -9.507     -0.711     -7.594
  -1   -2     13.637      1.939     -6.224
  -1   -2      3.468     -1.160      1.204
  -1   -2      9.167     -6.347      3.886
  86   72     13.637      1.939     -6.224
  -1   -2     -9.507     -0.711     -7.594
  -1   -2      3.468     -1.160      1.204
  -1   -2      9.167     -6.347      3.886
  -1   -2     -9.507     -0.711     -7.594
  -1   -2      3.468     -1.160      1.204
  -1   -2      9.167     -6.347      3.886
  -1   -2     -9.507     -0.711     -7.594
 312   -2      3.468     -1.160      1.204
  -1   -2      9.167     -6.347      3.886
  -1   -2     -9.507     -0.711     -7.594
  -1   -2      9.167     -6.347      3.886
  -1   -2     -9.507     -0.711     -7.594
  -1   -2      9.167     -6.347      3.886
  -1   -2      9.167     -6.347      3.886
  -1   -2      9.167     -6.347      3.886
  -1   -2      9.167     -6.347      3.886
  -1   -2      9.167     -6.347      3.886
  -1   -2      9.167     -6.347      3.886
  -1   -2      9.167     -6.347      3.886
  -1   -2      9.167     -6.347      3.886
  -1   -2      9.167     -6.347      3.886
  -1   -2      9.167     -6.347      3.886
  -1   -2      9.167     -6.347      3.886
  -1   -2      9.167     -6.347      3.886
 368  287      9.167     -6.347      3.886
