309
  29   -2     -1.939     -5.540     -2.683
  -1   -2      3.469     -6.234     10.181
 114   -2      4.192     -9.434      6.465
  99  209     -3.437     -7.180     -3.033
  -1  114      2.836     -7.826      2.613
  11   23      4.373     -7.685     10.164
   5    3     -6.945     -6.663     -3.364
  68  177      5.705     -7.426      8.337
  75   28     -3.991     -8.846     -7.292
 182  144     15.502     -8.682     -0.858
 149   -2      8.505     -7.549      4.828
 168   -2      4.381     -8.427      8.159
  14   -2    -12.748     -7.284     -2.285
  70    1     -3.961     -6.010      1.272
 124   -2      9.882     -8.515     -7.452
 208   45      5.841     -7.995      7.732
  20   25    -11.665     -7.473     -1.690
 207  208     -1.012     -7.707      5.569
  53   -2      6.915     -6.548      9.269
   9   -2      8.104     -7.555      1.558
 187   31      8.487     -6.229     -4.280
 100  126    -12.613     -2.728     -2.285
 281   -2      5.086     -1.410      8.221
  22   24     -1.757     -6.237      4.026
  32   32      0.613     -8.580     -2.061
  63  122      7.608     -5.973      1.720
  -1  190     -3.574     -7.905     -1.329
  62  100     14.022     -9.525     -2.558
  -1   92     17.216    -11.167     -9.270
 188   -2     -5.753     -8.928     -4.810
 219   58      9.274     -8.047     -0.826
  -1  193     -9.578    -10.068     -8.351
  19    6     -1.157     -7.352     -6.352
  -1   64      9.947     -2.683     -2.428
  52   -2    -10.471     -9.902     -2.040
 115   -2     -3.933     -9.943     -3.872
 226   -2     -6.177     -8.497      3.572
 246   36     17.753     -5.274     -8.400
  86   52    -10.848     -8.400     -4.277
 259   -2     14.821     -8.929      1.784
  58   51      0.681     -5.792      5.639
  -1  239      9.242     -7.485      9.223
 174  101      1.520     -4.868      6.026
  36   -2     -8.029     -7.150     -6.118
  -1   22      9.732     -3.302      7.236
  40   44     11.101     -3.877      0.311
 299   -2     15.030     -6.899      7.606
  -1   -2     -6.635    -10.573     -9.787
  41   42      5.159     -1.507     -0.395
 220   -2      0.977     -7.574      6.730
  84   -2      4.543     -6.800     -3.658
  79  230     -9.329     -3.709     -1.796
  -1   29     -0.753     -6.227     -6.579
 234   -2    -12.484     -2.989     -7.271
 232   -2     -1.760     -8.817     -8.035
  61   -2      8.652     -9.467      4.206
 215   -2      4.981     -5.515      6.085
 142   47     -5.723     -6.599      2.585
 183    0      6.341     -7.270      8.806
  -1  110     10.121     -8.226      6.461
  78  218    -11.409     -9.148     -9.394
 191  235     -1.968     -8.106     -1.446
 130   -2     -3.420     -5.688      5.182
  82   66     -9.251     -4.984     -9.281
 152   81     -1.115     -8.691     -3.906
 108   33      4.946     -2.911      8.455
  48  152      7.233     -3.830      6.760
 300   -2     15.065     -6.460     -4.030
 172   -2     14.444     -0.798      8.540
 277  162     19.031     -1.411     -6.169
 105   -2      2.747     -7.953     -1.822
 179  149     16.159     -6.654      2.048
 155   12     13.407     -3.552      0.036
   8  215     -9.811    -10.264     -3.145
 284   -2    -11.417     -6.999     -4.702
  45  117      4.665     -8.474      2.083
 167   85     14.464     -1.311     -4.976
 271   -2     11.534     -4.191     -2.499
  -1   80     -1.218     -8.929      3.984
  -1   -2     -3.772     -8.562     -7.675
  -1   -2      4.424     -2.311      5.872
  89   17      3.737     -3.656      8.452
  -1   -2     -0.625     -9.189      9.891
 178   72     16.021     -7.938      6.423
 121  156     -1.166     -8.166      0.953
  96   87     -0.049      0.665      7.162
  39  232     17.909     -5.384     -3.242
  54   -2     13.861     -2.087     -3.270
  -1   -2      4.350    -10.132      3.977
 231   -2     18.895     -3.706     -6.924
  -1   -2      6.087    -10.047      2.230
   6   50      6.406     -9.754      4.025
 101  180     -5.025     -6.192      9.950
  57   -2      0.800     -6.183      9.495
  97    7      4.756     -9.464      5.697
 238   70    -12.939    -10.707     -3.536
  94  125      5.977    -10.538     -4.106
   3   -2      1.397     -8.943     10.309
  -1   48      2.561     -2.592      5.931
  25   27     15.729     -3.257     -1.966
 110  173     16.903    -10.180     -9.769
 112    4      0.544     -9.029     10.361
  -1   -2    -12.901     -2.185     -3.498
  -1   95     13.220    -10.849     -5.141
  -1   -2      0.011     -9.370     -6.000
 241   -2     -1.707     -9.441      3.030
 257   -2     13.216     -3.826      4.336
  -1   -2      3.244     -9.802      0.827
  17   -2      4.726     -6.845     -7.520
  -1   99     -4.469     -8.994      1.877
 237   -2     14.838     -4.748     -4.505
  -1   34     19.100     -4.804     -0.706
  -1  195     -8.691     -9.982     -0.540
  34   -2     12.097     -5.519      3.554
 221  113    -10.804     -1.691     -9.851
  -1   65      4.211     -5.503      7.969
 212  275      8.187     -7.786      9.829
 209  153     19.161     -6.384     -5.268
  16  196      6.096     -9.056     10.326
  -1   14      2.166     -8.578      8.457
  -1  214     13.935     -7.548      2.606
  18   -2     16.962    -10.906     -6.689
  -1   76     -5.697     -8.256      2.079
 118   19      9.999     -6.525      2.029
  -1  111     18.574     -2.122      0.825
  -1   -2     14.237     -3.833     -3.667
  -1    9      8.606     -6.562     -2.778
  -1   -2      0.245     -5.840      8.583
  -1   57     -6.466     -9.011      0.541
 132   -2     16.453     -8.264      4.359
  -1   -2     -6.873     -5.092      7.409
  -1  222     15.680     -1.683     -5.287
  -1   26    -10.307    -10.553     -3.674
 184  118     12.149      1.053      1.146
 294  188     -6.990     -3.035     -5.108
  -1   -2      0.012     -3.529     -5.461
  -1   86      4.409     -7.935      8.076
  -1   -2      2.276     -3.583      3.043
 244   -2    -12.815     -1.530     -8.250
  -1   54     -5.371     -7.704     -4.947
 136   -2      4.971     -7.516      4.449
 186  247    -11.983     -7.983     -5.043
  -1   -2      0.991     -2.018     -6.716
 122   16      4.531     -7.670      6.530
 159  121     16.504    -10.310     -1.993
 169  102     16.840     -3.156      1.962
 166   -2     -7.524     -3.280      2.967
  38   -2     -5.790     -9.372     -5.930
  -1   -2     14.359    -11.145     -7.368
  83   21     11.764     -7.569     -2.388
 127   55     17.048     -3.776      4.186
 296   -2     18.144     -9.083     -3.179
 164  206     13.812    -10.565     -5.242
  12  112     -2.378     -7.757     -0.755
  -1   -2      9.079     -9.425     -3.588
 107   40      6.581     -8.965      3.870
  -1   -2     13.868     -3.220     -3.282
  27  178     17.517     -3.477      4.241
  -1  151     -7.864     -3.924     -2.934
 275  119     14.632      3.096     -5.026
  13  155    -12.994     -0.255     -7.685
  -1  200     12.532     -6.386     -0.055
 262  123      6.511     -4.775      9.739
  59  223    -10.500     -7.620      3.056
  -1   -2      7.693    -10.117      1.494
 236   -2    -12.886     -9.156     -5.866
 274  253     19.692     -0.456     -4.434
  -1   -2     11.835     -4.200      5.064
  -1  187     17.571     -5.899      4.736
 264  161     -6.922     -1.196     -1.100
  -1  145      4.155     -5.478     -8.548
 254  210     15.167     -8.380      7.746
  -1   -2     15.253     -9.683    -10.281
  -1   -2     10.155     -9.055     -5.854
  72   39     19.874     -6.907     -2.273
  -1  116      0.365     -7.071     -6.486
 233   -2    -12.822     -8.620     -8.333
  -1   -2     12.504     -6.611    -10.430
  -1  194     -6.964     -5.332     -7.230
 240   -2     -0.105     -3.918      6.978
  66  238     -8.122     -8.695      0.930
 171   -2      9.501     -3.062      2.978
 144   -2    -12.277    -10.645     -5.133
 181   -2     -3.968     -9.678     -5.932
  -1   -2      1.090     -3.154      8.840
  -1   -2     -3.964     -8.689     -9.612
 185  250     -5.909     -4.554     -6.126
  24   11     -2.706     -8.930      3.322
 131   -2     -1.546     -9.693      3.502
  -1   56     16.950     -8.158      1.534
 266   -2    -11.244     -1.045     -8.250
 145  157     16.805     -0.698      2.578
  87  254     -2.551    -10.275      7.106
 176  135     12.251     -5.592     -7.393
  -1  154      4.800     -4.716      2.502
  -1  143     16.666     -1.087     -8.090
  -1  197     -7.322     -8.979     -0.354
 158  134     -9.547     -5.539     -0.222
 276   -2     -1.022     -9.532      8.592
  71   79     19.310     -2.236     -7.608
  -1  186    -11.616     -7.113     -9.874
  -1   -2     -3.882     -9.277     -0.239
 102  191     18.261     -4.704     -6.030
  65  228      2.995     -5.637     -4.622
  -1  103     12.162     -8.330      9.314
 285  204     18.387     -7.379     -7.640
  -1   20    -12.441     -7.796     -9.996
 157  183     18.859     -2.938     -0.988
 177  231      2.271     -4.711      4.202
  46  163     12.750     -6.558      1.823
 137   10      4.842     -9.973      7.673
  -1   67     -6.327     -9.130     -8.108
 268  261     16.355      3.487     -1.647
 153   78      4.993     -9.363     -5.119
  -1   -2     10.434     -3.192      9.764
 173  219    -13.111     -9.034     -2.279
 189   -2      4.764     -6.204      2.522
 128  120      9.483     -2.853      8.509
  -1   -2     -8.040     -6.284     -8.027
  -1  115     -2.706     -9.817      0.253
 263   13     18.382     -8.661      0.277
  64  168    -12.371     -4.539    -10.520
  -1   -2      4.945     -8.499     -6.677
  -1  211     -0.718     -5.666      3.688
 203   -2     -1.673     -6.872     -4.368
  -1  181     -2.947     -2.462     -2.370
  42   -2     -5.710     -8.410      6.157
  -1   -2      5.725     -7.750      2.655
  -1   -2      3.972     -3.233     -1.581
  -1   35     -5.456     -5.181      2.906
  -1   38      5.189     -6.137     -1.602
  -1   62     -8.655     -3.263     -1.793
  -1   -2      1.793     -9.798      3.217
 243  217     14.763     -9.863     -6.906
  80  205      2.015     -3.307     -3.248
 214   -2     -3.273     -7.539    -10.412
  77   -2    -11.643     -8.917     -7.302
 235   88      0.909     -9.887      8.050
  -1  201      8.900     -9.872     -6.616
 163   -2     11.610      1.586      2.531
  35   37      5.983     -7.259     -4.444
  49   -2      2.943     -9.206     -7.004
 256  104      0.046     -7.632      5.557
  -1  240    -12.812     -2.493     -5.468
 279   -2     13.190     -0.446     -1.212
  -1   -2     -4.713     -6.893      9.464
  26   -2     -9.277     -8.872     -4.267
  -1  233     -6.286     -3.314     -2.137
 206   -2     -8.554     -4.487     -8.428
  -1   -2     10.826     -3.149     -6.757
  -1   -2    -15.975     -9.783      5.682
  -1  263      6.829      2.026     -5.127
  -1  225    -11.165     -8.780      8.677
  -1   -2    -14.250     -5.204      2.526
 120   -2    -12.283     -1.627    -10.500
 273   -2      4.575     -0.151      0.428
  -1   -2      1.672    -10.413     -5.385
  -1   -2    -14.857     -3.766      8.623
  -1  213    -13.814     -6.381     -4.693
 286   -2      2.753      2.395      6.579
  -1  234     -1.344     -9.948      9.267
  -1  169      0.156     -3.350      1.281
  -1  265      5.387      3.140      8.210
  -1  146    -11.448      1.814     -8.843
  -1  281     19.636      0.672      0.404
  -1   -2     -5.035     -1.912     -3.810
 133   43     18.939    -10.351     -4.020
 288  252     13.529      4.277     -5.977
  -1   -2      1.813    -11.132     -6.122
 278  170      4.860      2.874     -6.825
  -1   69     19.864    -11.200     -4.185
 150  229     17.864     -1.957     -1.960
  -1   -2      1.275      5.629      0.621
 298   -2     -2.519     -0.963    -11.348
  73  272     18.730      1.431     -6.118
  -1   -2    -16.389     -6.784      8.849
  -1   -2     10.303     -9.594    -11.321
  -1  107      7.345      1.931      9.681
  88  251      9.080      1.998      3.081
  -1    8      5.793      0.491      7.130
 293  266     20.357      1.288     -1.176
 151  207     12.066     -6.413      8.880
  -1  271     14.142      4.961     -9.630
 248   -2     15.161     -0.013      3.278
 116   -2     19.303     -7.753     -7.071
 265  132      3.896     -9.261     -1.601
  -1   -2     13.548      1.925      9.718
  -1   -2    -11.869     -1.968     -8.095
 269  256     13.303      2.297     -8.373
 229  241     14.870      1.461     -1.299
  -1   -2    -13.885     -1.243      5.234
 197   73     -8.542     -9.975     -0.172
  -1   -2      4.527     -2.324      5.591
 302  283      9.197     -6.333      3.823
 303  284     -6.873     -5.092      7.409
  -1   -2      2.442     -3.605      2.579
 201   -2    -12.849     -0.232     -8.243
  -1   -2      1.275      5.629      0.621
 301  282      4.527     -2.324      5.591
  -1   -2      2.442     -3.605      2.579
  -1   -2      1.275      5.629      0.621
  -1   -2      3.112     -6.213      9.095
 307  287      2.442     -3.605      2.579
  -1   -2      3.112     -6.213      9.095
  -1   -2      3.112     -6.213      9.095
  -1  292      5.193     -1.553      0.138
 312  291      3.112     -6.213      9.095
  -1   -2      5.193     -1.553      0.138
 313   -2      5.193     -1.553      0.138
