229
  38    0      9.731     -7.900      1.454
  91   50      2.698     -9.458      9.522
   2    3     12.681     -8.666     -7.196
  54    5     16.359     -4.574     -9.597
  -1   -2      9.172     -6.345      3.879
   3   -2     -2.415    -10.606     -0.136
  -1   -2     -1.294     -7.904     -2.942
  51    8     13.209     -3.830      4.309
   8    7     17.352     -5.963     -0.654
  59   -2     14.601      0.496     -5.043
  11   -2     12.098     -5.522      3.554
  39   -2      4.707     -7.728      4.373
  -1   -2     19.442     -6.423     -4.855
  -1   -2     -0.596     -6.577     -5.580
  14   -2     14.619     -5.016     -5.901
 101   42      6.976     -5.304      5.874
  13   14     10.972     -2.663      3.946
  21   17     14.131     -7.187      7.826
  83   -2      7.983     -5.850      9.693
  94   -2     17.803     -4.233     -0.677
  28   18      4.418     -7.586     10.287
  89   22     -2.274    -10.185      2.159
  16   -2     -0.535     -8.767     -7.013
   9   57     10.224     -1.612      6.834
  -1   23     20.049    -10.454     -6.954
 123    9     13.983      1.384     -3.392
  -1   11      4.662    -10.165      1.474
  -1   -2     -5.781     -6.902    -10.183
  26   -2     18.058     -9.870     -4.200
  30   -2     12.544     -3.848     -4.915
  23   25     -2.867     -9.778      0.010
 116   13      7.136     -4.257      6.959
  36   27     -0.110     -3.694     -9.644
  33   -2      5.720     -5.897      5.181
  -1   -2     18.937     -9.209     -4.953
  75   -2     -5.421    -10.772     -1.777
   4   33      9.154     -7.490      2.763
  34   47     -7.743     -9.169     -2.700
  74   39    -11.552     -9.726     -7.926
  37   -2     -6.447     -9.141     -8.433
  -1   89      8.782    -10.100      6.571
  55   76      6.453     -7.356      9.578
  49   36      2.931     -7.564      8.493
  -1   37      3.020     -8.837      4.861
  44   44     15.351     -7.130      5.792
  48   38     16.645    -10.462      1.604
 178   -2     18.559     -6.176     -2.923
  -1   -2     -0.820     -6.387     -0.101
  25   -2      3.737     -8.439     -4.984
  46   45     16.947     -8.317      4.188
  -1   88     11.263     -8.723      3.219
  32   31      7.695     -4.504     10.031
 103   29     -8.096     -6.131     -8.379
  35   21     -2.258     -8.803     -9.218
  -1   48     14.579     -4.272      7.777
  -1   -2     -9.509     -0.711     -7.594
  -1   -2     13.635      1.937     -6.220
  -1   -2     14.070      3.087     -3.638
  -1  106     10.805     -3.146     -6.813
  -1   58      8.959      0.879     -9.745
  -1   -2      3.469     -1.159      1.213
  -1  155     12.336     -0.397     -6.676
  -1   80     19.733      2.432     -2.582
  -1   -2    -10.958     -9.305     -4.966
  -1   32     20.219     -8.597     -0.922
  68   61     13.083    -10.463     11.958
  -1   43     -7.420    -10.094     -9.845
  -1   -2      7.465     -3.237      8.371
  -1   -2      4.520      1.486      1.249
  70   67     -1.832      1.234     -8.141
  -1   -2     19.393     -8.592     10.974
  95   82      2.007     -0.858     -9.115
  50   70     -8.821    -10.650      5.716
  -1   68     -7.088     -5.921      5.752
  -1   71    -10.073    -10.557     -5.001
  31   24     18.053    -10.022     -2.847
  52   -2      6.085     -8.914      9.838
  65  113      0.859     -9.944      5.742
  79   73     10.757     -6.538      0.480
  84  114     -0.755     -2.750      5.800
  -1   34     14.402    -10.949      1.917
  -1   20      9.396     -7.145      7.673
 170   -2     -4.510     -5.165      5.281
  81   74     21.437     -1.458    -10.187
 104   79     13.535      4.274     -5.986
 112   81      0.428    -10.781     -3.596
  80   86      3.312    -10.253      8.442
  -1   92      6.061     -2.410     -3.162
  -1   -2     -5.224     -7.973     -8.223
 115   12     16.920     -1.424     -3.702
  27   26      1.629    -10.604      2.412
  -1  123     11.516    -10.538     -1.905
  90   -2     11.396     -9.160      1.281
  -1   84     -2.532     -0.959    -11.393
  93   -2     -2.762     -3.466      9.251
  -1   -2     16.642    -10.238    -12.135
  98   -2     17.242     -1.079     -2.460
 105   93      8.445     -9.726     11.438
  -1   90     -5.991    -11.870     -9.548
  -1   -2     18.732      1.417     -6.119
  88   28      8.018     -3.500     -3.465
  22   99      9.357      0.281      9.917
  78   -2    -10.254     -6.087     -3.830
  -1   35     19.302     -7.749     -7.080
  60   95     14.654     -8.120      9.458
 106  100    -10.932     -3.867     -8.564
  -1   -2      9.062     -9.340      5.746
  99   75     -0.125     -3.369      5.600
  -1   -2     16.516     -4.578     -9.987
  -1   -2      9.172     -6.345      3.879
  -1   66     -4.483     -6.929      6.547
  -1   -2     13.779      1.395     -2.891
  56   -2     10.805     -3.146     -6.813
  -1   -2     -9.509     -0.711     -7.594
  -1   -2     13.635      1.937     -6.220
  -1   -2      3.469     -1.159      1.213
  -1   -2     19.733      2.432     -2.582
  -1   -2      4.520      1.486      1.249
  -1   -2     11.516    -10.538     -1.905
  -1   -2     16.516     -4.578     -9.987
  -1   -2      9.172     -6.345      3.879
  -1   -2     -4.483     -6.929      6.547
  17  126     13.779      1.395     -2.891
  -1   -2     13.635      1.937     -6.220
  -1   -2      3.469     -1.159      1.213
  -1   -2     19.733      2.432     -2.582
  -1   -2      7.465     -3.237      8.371
  -1   -2      4.520      1.486      1.249
  -1   -2     -4.483     -6.929      6.547
  -1   -2     16.516     -4.578     -9.987
  -1   -2      9.172     -6.345      3.879
 120   -2     11.516    -10.538     -1.905
  -1   -2     13.635      1.937     -6.220
  -1   -2      3.469     -1.159      1.213
  -1   -2     19.733      2.432     -2.582
  -1   -2      4.520      1.486      1.249
  -1   -2      7.465     -3.237      8.371
  -1   -2     16.516     -4.578     -9.987
  -1   -2      9.172     -6.345      3.879
  -1   -2     -4.483     -6.929      6.547
  -1   40     19.464     -6.405     -5.008
  -1   -2     13.635      1.937     -6.220
  -1   -2      3.469     -1.159      1.213
  -1   -2     19.733      2.432     -2.582
  -1   -2      7.465     -3.237      8.371
  -1   -2      4.520      1.486      1.249
  -1   -2     16.516     -4.578     -9.987
 121  133     -4.483     -6.929      6.547
  -1   -2      9.172     -6.345      3.879
  -1   -2     19.464     -6.405     -5.008
  -1   -2     13.635      1.937     -6.220
 134  135      3.469     -1.159      1.213
  -1   -2     19.733      2.432     -2.582
  -1   -2      4.520      1.486      1.249
  -1   -2      7.465     -3.237      8.371
   5   -2     16.516     -4.578     -9.987
  -1   -2      9.172     -6.345      3.879
  -1   -2     13.635      1.937     -6.220
  -1   -2     19.733      2.432     -2.582
  -1   -2      4.520      1.486      1.249
  -1   -2      7.465     -3.237      8.371
  -1   -2      9.172     -6.345      3.879
  -1   -2     19.464     -6.405     -5.008
  -1   -2     13.635      1.937     -6.220
  -1   -2     19.733      2.432     -2.582
  -1   -2      4.520      1.486      1.249
  -1   -2      7.465     -3.237      8.371
  -1   -2      9.172     -6.345      3.879
  -1   -2     19.464     -6.405     -5.008
  -1   -2     13.635      1.937     -6.220
  -1   -2     19.733      2.432     -2.582
  -1   -2      4.520      1.486      1.249
  -1   -2      7.465     -3.237      8.371
  -1   -2      9.172     -6.345      3.879
  -1   -2     19.464     -6.405     -5.008
  -1   -2     13.635      1.937     -6.220
  -1   -2     19.733      2.432     -2.582
  -1   -2      4.520      1.486      1.249
  -1   -2      7.465     -3.237      8.371
  -1   -2      9.172     -6.345      3.879
  -1   -2     19.464     -6.405     -5.008
  -1   -2     13.635      1.937     -6.220
  -1   -2     19.733      2.432     -2.582
  -1   -2      4.520      1.486      1.249
  -1   -2      7.465     -3.237      8.371
  -1   -2      9.172     -6.345      3.879
  -1   -2     13.635      1.937     -6.220
  -1   -2     19.733      2.432     -2.582
  -1   -2      4.520      1.486      1.249
  -1   -2      7.465     -3.237      8.371
  -1   -2      9.172     -6.345      3.879
  -1   -2     13.635      1.937     -6.220
  -1   -2     19.733      2.432     -2.582
  -1   -2      4.520      1.486      1.249
  -1   -2      7.465     -3.237      8.371
  -1   -2      9.172     -6.345      3.879
  -1   -2     19.733      2.432     -2.582
  -1   -2      4.520      1.486      1.249
  -1   -2      7.465     -3.237      8.371
  -1   -2      9.172     -6.345      3.879
  -1   -2     19.733      2.432     -2.582
  -1   -2      4.520      1.486      1.249
  -1   -2      7.465     -3.237      8.371
  -1   -2      9.172     -6.345      3.879
  -1   -2     19.733      2.432     -2.582
  -1   -2      4.520      1.486      1.249
  -1   -2      7.465     -3.237      8.371
  -1   -2      9.172     -6.345      3.879
  -1   -2     19.733      2.432     -2.582
  -1   -2      4.520      1.486      1.249
  -1   -2      7.465     -3.237      8.371
  -1   -2      9.172     -6.345      3.879
  -1   -2     19.733      2.432     -2.582
  -1   -2      4.520      1.486      1.249
  -1   -2      7.465     -3.237      8.371
  -1   -2      9.172     -6.345      3.879
  -1   -2     19.733      2.432     -2.582
  -1   -2      4.520      1.486      1.249
  -1   -2      7.465     -3.237      8.371
  -1   -2      9.172     -6.345      3.879
  -1   -2     19.733      2.432     -2.582
  66   -2      7.465     -3.237      8.371
 207  196      4.520      1.486      1.249
  -1   -2      9.172     -6.345      3.879
  -1   -2     19.733      2.432     -2.582
  -1   -2      9.172     -6.345      3.879
  -1   -2     19.733      2.432     -2.582
  -1  103      9.172     -6.345      3.879
  -1   -2     19.733      2.432     -2.582
