236
  79    0      9.752     -7.893      1.411
  -1   -2     16.333     -4.563     -9.530
  12   -2     12.680     -8.674     -7.191
  -1   -2      9.171     -6.347      3.878
  -1   -2     -4.459     -6.942      6.463
   6   -2     17.351     -5.964     -0.651
   5    8     13.207     -3.832      4.302
   9   -2     12.099     -5.522      3.550
  28   57     14.603      0.497     -5.046
  -1   11      4.707     -7.728      4.374
  19   -2      4.780     -5.385      9.200
 206   -2      6.975     -5.305      5.860
  -1   -2     19.424     -6.423     -4.874
  22   -2     14.622     -5.019     -5.909
  14    6     10.977     -2.666      3.933
  21   -2     -0.543     -8.769     -7.040
  26   -2     -3.968     -9.882     -2.683
  17   -2      7.978     -5.851      9.683
  92   18     14.132     -7.186      7.825
  10   26      4.305     -7.520      9.632
  15   92     13.966      1.386     -3.353
  20   -2     20.050    -10.455     -6.956
  67   19     18.058     -9.870     -4.199
  39   13      5.200     -6.084      3.807
 162   79     12.546     -3.848     -4.919
  64   -2     -0.111     -3.695     -9.643
  91   -2     -5.795     -6.900    -10.213
  25   -2     -4.399     -9.373     -1.607
  -1    1     -0.702     -8.858     10.053
  29   33      9.158     -7.490      2.753
  63   30     -6.318     -9.130     -8.096
  -1   37    -11.558     -9.727     -7.939
  35   24     18.063     -9.120     -2.980
  38   36      6.453     -7.357      9.569
  -1   32      3.025     -8.840      4.874
  34   -2    -10.949     -9.717     -8.731
  18   -2     14.897     -6.902      7.426
  41   39     16.937     -8.317      4.148
  -1   10     19.835     -7.987     -3.298
  36   -2     -0.315     -6.857      5.287
  -1   44     -2.260     -8.803     -9.213
  43   40     -1.137     -4.894      5.958
  46   45     14.574     -4.271      7.786
  45   42     14.867    -10.016     -7.207
  -1   43     15.808     -3.868     -9.091
  94   46     17.993     -6.131     -6.887
  -1   -2    -12.460     -7.012      8.769
  -1   -2     10.807     -3.147     -6.820
  -1   -2     -9.509     -0.711     -7.597
  72   12     13.632      1.937     -6.216
  -1   -2      8.958      0.880     -9.744
  -1  179      3.470     -1.160      1.214
  -1   55     13.030     -8.915      9.987
 101   71     12.338     -0.399     -6.683
  -1   -2     19.732      2.432     -2.582
  -1  207      8.426     -2.488     10.293
  -1   -2    -12.926     -9.158      7.235
  -1   -2      7.466     -3.237      8.369
  65   65     -1.832      1.233     -8.140
  -1   -2     17.613    -10.258     -4.578
  -1    9      6.086     -8.914      9.835
  77   31    -10.070    -10.557     -5.010
  -1   -2     -8.850     -6.150    -10.312
  70   70     21.450     -1.456    -10.222
  69   66      9.395     -7.138      7.673
  68   69     -0.761     -2.745      5.774
  71   68     -4.519     -5.164      5.257
  -1   -2     13.529      4.272     -5.972
  75   80      6.062     -2.409     -3.158
 102   14     16.920     -1.426     -3.700
  -1   27     -2.511    -10.607      0.126
  74   74     11.494    -10.533     -1.846
  -1   20      3.256    -10.450     -2.260
  81   72     18.740      1.430     -6.096
  85    4     10.744     -6.558      0.429
  78   76     -2.530     -0.962    -11.387
  -1   87      7.346      1.930      9.690
  82   77     17.229     -1.074     -2.512
  -1   -2      6.970     -4.267     -2.291
  -1   15      9.359      0.283      9.936
  51   25     -8.424     -4.494     -8.481
  88   -2     17.509      3.791    -11.709
  90   82     13.886     -9.471     -1.709
  87   -2    -11.468     -5.566     -5.334
  -1   -2    -10.250     -6.091     -3.832
  -1   83     14.651     -8.124      9.470
  -1   81      8.023     -3.501     -3.456
  -1   38    -10.929     -3.869     -8.555
 103   -2     -9.199     -8.248      4.912
  83   34      9.066     -9.343      5.748
  -1   -2     -4.463     -6.944      6.390
  -1   -2      9.171     -6.347      3.878
   1   89     16.443     -4.560     -9.801
  11    7     19.346     -6.439     -4.699
  -1  166     10.807     -3.147     -6.820
 163   17     -9.509     -0.711     -7.597
  -1   -2     13.632      1.937     -6.216
 157   56      8.958      0.880     -9.744
  -1   -2      3.470     -1.160      1.214
  -1  232     19.732      2.432     -2.582
  -1   -2      7.466     -3.237      8.369
  -1   -2     -4.463     -6.944      6.390
  -1   -2      9.171     -6.347      3.878
  -1   -2     19.346     -6.439     -4.699
  -1   -2     10.807     -3.147     -6.820
  -1   -2     -9.509     -0.711     -7.597
  -1   -2     13.632      1.937     -6.216
  -1   -2      3.470     -1.160      1.214
  -1   -2      8.958      0.880     -9.744
  -1   -2     19.732      2.432     -2.582
  -1   -2      7.466     -3.237      8.369
  -1   -2      9.171     -6.347      3.878
  95  100     -4.463     -6.944      6.390
  -1   -2     10.807     -3.147     -6.820
  -1   -2     -9.509     -0.711     -7.597
  -1   -2     13.632      1.937     -6.216
  -1   -2      3.470     -1.160      1.214
  -1   -2      8.958      0.880     -9.744
  -1   -2     19.732      2.432     -2.582
  -1   -2      7.466     -3.237      8.369
  -1   -2      9.171     -6.347      3.878
  -1   -2     10.807     -3.147     -6.820
  -1   -2     13.632      1.937     -6.216
  -1   -2     -9.509     -0.711     -7.597
  -1   -2      8.958      0.880     -9.744
  -1   -2      3.470     -1.160      1.214
  -1   -2     19.732      2.432     -2.582
  -1   -2      7.466     -3.237      8.369
  -1   -2      9.171     -6.347      3.878
  -1   -2     10.807     -3.147     -6.820
  -1   -2     -9.509     -0.711     -7.597
  -1   -2     13.632      1.937     -6.216
  -1   -2      3.470     -1.160      1.214
  -1   -2      8.958      0.880     -9.744
  -1   -2     19.732      2.432     -2.582
  -1   -2      7.466     -3.237      8.369
  -1   -2      9.171     -6.347      3.878
  -1   -2     10.807     -3.147     -6.820
  -1   -2     -9.509     -0.711     -7.597
  -1   -2     13.632      1.937     -6.216
  -1   -2      8.958      0.880     -9.744
  -1   -2      3.470     -1.160      1.214
  -1   -2     19.732      2.432     -2.582
  -1   -2      7.466     -3.237      8.369
  -1   -2      9.171     -6.347      3.878
  -1   -2     -9.509     -0.711     -7.597
  -1   -2     13.632      1.937     -6.216
  -1   -2     10.807     -3.147     -6.820
  -1   -2      8.958      0.880     -9.744
  -1   -2      3.470     -1.160      1.214
  -1   -2     19.732      2.432     -2.582
  -1   -2      7.466     -3.237      8.369
  -1   -2      9.171     -6.347      3.878
  -1   -2     10.807     -3.147     -6.820
  -1   -2     -9.509     -0.711     -7.597
  -1   -2     13.632      1.937     -6.216
  -1   -2      8.958      0.880     -9.744
  -1   -2      3.470     -1.160      1.214
  -1   -2     19.732      2.432     -2.582
  -1   -2      7.466     -3.237      8.369
  -1   -2      9.171     -6.347      3.878
  -1  167     -9.509     -0.711     -7.597
  -1   -2     13.632      1.937     -6.216
  -1   -2     10.807     -3.147     -6.820
  -1  161      8.958      0.880     -9.744
  -1   -2      3.470     -1.160      1.214
  -1   -2     19.732      2.432     -2.582
  -1   -2      7.466     -3.237      8.369
  -1   -2      9.171     -6.347      3.878
  -1   -2     10.807     -3.147     -6.820
  -1   -2     13.632      1.937     -6.216
  -1   -2      3.470     -1.160      1.214
  -1   -2     19.732      2.432     -2.582
  -1   -2      9.171     -6.347      3.878
  -1   -2     13.632      1.937     -6.216
  -1   -2      3.470     -1.160      1.214
  -1   -2     19.732      2.432     -2.582
  -1   -2      7.466     -3.237      8.369
  -1   -2      9.171     -6.347      3.878
  -1   -2     13.632      1.937     -6.216
  -1   -2      3.470     -1.160      1.214
  -1   -2     19.732      2.432     -2.582
  -1   -2      7.466     -3.237      8.369
  -1   -2      9.171     -6.347      3.878
  -1   -2     13.632      1.937     -6.216
 180   -2      3.470     -1.160      1.214
  -1   -2     19.732      2.432     -2.582
  -1   -2      7.466     -3.237      8.369
  -1   -2      9.171     -6.347      3.878
  -1   -2     13.632      1.937     -6.216
  -1   -2     19.732      2.432     -2.582
  -1   -2      7.466     -3.237      8.369
  -1   -2      9.171     -6.347      3.878
  -1   -2     13.632      1.937     -6.216
  -1   -2     19.732      2.432     -2.582
  -1   -2      7.466     -3.237      8.369
  -1   -2      9.171     -6.347      3.878
  -1   -2     13.632      1.937     -6.216
  -1   -2     19.732      2.432     -2.582
  -1   -2      7.466     -3.237      8.369
  -1   -2      9.171     -6.347      3.878
  -1   -2     13.632      1.937     -6.216
  -1   -2     19.732      2.432     -2.582
  -1   -2      7.466     -3.237      8.369
  -1   -2      9.171     -6.347      3.878
 184  187     13.632      1.937     -6.216
  -1   -2     19.732      2.432     -2.582
  -1   -2      7.466     -3.237      8.369
  -1   -2      9.171     -6.347      3.878
  -1   -2     19.732      2.432     -2.582
  -1   -2      7.466     -3.237      8.369
  -1   -2      9.171     -6.347      3.878
  -1   -2     19.732      2.432     -2.582
  -1   -2      7.466     -3.237      8.369
  -1   -2      9.171     -6.347      3.878
  -1   -2     19.732      2.432     -2.582
  -1   -2      7.466     -3.237      8.369
  -1   -2      9.171     -6.347      3.878
  -1   -2     19.732      2.432     -2.582
  -1   -2      7.466     -3.237      8.369
  -1   -2      9.171     -6.347      3.878
  -1   -2     19.732      2.432     -2.582
  -1   -2      7.466     -3.237      8.369
  -1   -2      9.171     -6.347      3.878
  -1   -2     19.732      2.432     -2.582
  -1   -2      7.466     -3.237      8.369
  -1   -2      9.171     -6.347      3.878
  -1   -2     19.732      2.432     -2.582
  -1   -2      9.171     -6.347      3.878
  -1   -2     19.732      2.432     -2.582
   3   -2      9.171     -6.347      3.878
  -1   -2     19.732      2.432     -2.582
  -1   -2     19.732      2.432     -2.582
  -1   -2     19.732      2.432     -2.582
  -1   -2     19.732      2.432     -2.582
  -1   98     19.732      2.432     -2.582
