188
  26    0     -2.934     -9.797     -0.106
   1   42      9.749     -7.893      1.411
  78    3      2.700     -9.456      9.524
  -1   -2     -4.468     -6.942      6.440
   4   -2     12.677     -8.657     -7.182
  -1   -2      9.171     -6.348      3.881
   5  122     16.372     -4.578     -9.631
  -1   -2     13.209     -3.830      4.313
   8   -2     17.353     -5.964     -0.656
   7   -2     12.097     -5.522      3.555
  11   -2      4.710     -7.728      4.381
  55   58     14.605      0.498     -5.051
  -1   -2     19.436     -6.420     -4.841
  17  189      6.974     -5.305      5.856
  82    6     14.624     -5.016     -5.895
  68   -2     10.979     -2.662      3.926
  85   -2      1.137    -10.555      0.756
  -1   53      4.312     -5.503      8.247
  37   21     14.131     -7.188      7.832
  19   27     13.990      1.380     -3.414
  18   -2      7.977     -5.851      9.689
  89   23     20.048    -10.455     -6.946
  73   19      4.579     -7.452      9.711
  34   25     18.057     -9.869     -4.193
  -1   29     -0.539     -8.768     -7.022
 122   -2     -2.277    -10.184      2.158
  24   26      4.664    -10.165      1.468
  -1   31     12.551     -3.846     -4.931
  71   -2     -0.110     -3.693     -9.646
  28   -2     17.044     -6.854     -0.014
  98   55     -5.794     -6.899    -10.214
  40   -2     15.470     -0.156     -1.012
  35   -2     -5.498     -9.073     -5.947
 103   -2     18.065     -9.121     -2.984
  60   -2     -7.075     -8.708      2.716
 108    1      9.161     -7.489      2.740
  45   34      3.023     -8.841      4.875
 110   11     18.562     -6.162     -2.925
  -1   35     14.896     -6.902      7.419
  33   36     16.643    -10.459      1.615
  43    7     16.869     -8.267      3.911
  -1   41     -0.313     -6.856      5.291
  -1   -2     -2.007     -6.476      1.992
  20   48     -2.229     -8.762     -8.829
  56   32     -5.208     -8.582      3.856
 119   -2     11.760    -10.395     -2.823
  -1  121      0.186     -2.206     10.378
  50   52     15.802     -3.871     -9.110
  48   50     -8.924     -8.326      3.961
  49   51     14.578     -4.272      7.783
  88   54      7.580     -9.634      9.617
  22   -2     -4.011     -7.507    -10.436
  -1  104     -9.511     -0.708     -7.596
  -1   -2     13.637      1.939     -6.224
  -1   -2     10.836     -3.153     -6.733
 115   63      8.958      0.879     -9.743
  83   60      4.260     -1.061     -0.983
  -1  183      8.428     -2.488     10.292
  -1   -2     12.333     -0.397     -6.672
  -1  129     13.025     -8.911     10.003
  -1   -2     19.733      2.431     -2.586
  75  120     -4.009     -5.128      2.141
  64  117    -11.445     -7.682      4.758
  -1   17      7.463     -3.239      8.371
  -1  180      4.523      1.485      1.257
  -1   -2     -7.423    -10.096     -9.856
  39   13      6.145     -8.166      7.254
  -1   65     -8.096    -10.556      4.438
  -1   -2     -7.084     -5.923      5.759
  70   74     -1.831      1.232     -8.137
  38   39    -11.654     -9.725     -7.748
  -1   77     17.614    -10.260     -4.580
  65   75    -10.074    -10.557     -4.999
  -1   -2      6.084     -8.913      9.848
  77   80     21.451     -1.458    -10.218
  -1   -2      9.395     -7.146      7.674
  79   -2     13.533      4.276     -5.979
  -1   44     -0.759     -2.749      5.791
  84   83     12.025    -10.306      7.579
  -1   84     -4.512     -5.164      5.276
  -1   22      0.429    -10.775     -3.603
  -1   99      6.062     -2.411     -3.163
  62   18     16.920     -1.425     -3.701
  -1   49     18.735      1.430     -6.085
  97   30     -8.738     -3.781     -9.598
  -1   98     11.394     -9.161      1.285
  87   -2     17.236     -1.080     -2.490
  -1   -2     10.743     -6.558      0.428
  93   -2     -2.547     -0.957    -11.433
 101   -2      7.995     -3.501     -3.528
  -1   -2     19.626    -11.441     -4.606
  96   97      9.356      0.284      9.931
  -1   -2      6.968     -4.266     -2.298
  54   -2     -8.417     -4.496     -8.481
  -1   -2     17.499      3.790    -11.680
  -1  110     19.307     -7.752     -7.065
   2  106      4.537     -9.701      9.723
 117   -2     14.648     -8.120      9.469
  42   -2      4.654     -6.277      2.314
  -1   -2     -4.490     -6.930      6.511
  -1    2      9.171     -6.348      3.881
  -1   14     13.200     -3.885      4.304
   0   -2     -2.916     -9.821     -0.300
  -1   -2     10.836     -3.153     -6.733
  -1   -2     13.637      1.939     -6.224
  -1   -2      8.958      0.879     -9.743
  -1   -2     12.333     -0.397     -6.672
  -1   85     19.733      2.431     -2.586
  -1   71     -7.423    -10.096     -9.856
  -1   -2      4.523      1.485      1.257
  76   -2     -4.009     -5.128      2.141
  -1   -2      7.463     -3.239      8.371
 100   -2     12.025    -10.306      7.579
  -1   -2     -4.490     -6.930      6.511
  -1   -2      9.171     -6.348      3.881
  -1   46     19.463     -6.402     -5.008
  -1   -2     10.836     -3.153     -6.733
 125   95     19.546    -11.405     -4.942
  -1   -2     13.637      1.939     -6.224
  -1   -2      8.958      0.879     -9.743
  -1   -2     19.733      2.431     -2.586
  57   -2     12.333     -0.397     -6.672
  -1   -2      4.523      1.485      1.257
  -1   -2      7.463     -3.239      8.371
  -1   -2     -4.490     -6.930      6.511
  -1   -2     10.836     -3.153     -6.733
 141   15     13.637      1.939     -6.224
  -1   -2     19.733      2.431     -2.586
  -1   -2      7.463     -3.239      8.371
  -1   -2      4.523      1.485      1.257
  -1   -2      9.171     -6.348      3.881
  -1   -2     -4.490     -6.930      6.511
  -1   -2     10.836     -3.153     -6.733
  -1   -2     19.733      2.431     -2.586
  -1   -2      7.463     -3.239      8.371
  -1   -2      4.523      1.485      1.257
  -1   -2      9.171     -6.348      3.881
  -1   -2     -4.490     -6.930      6.511
  -1   -2     10.836     -3.153     -6.733
  -1   -2     19.733      2.431     -2.586
  -1   -2      4.523      1.485      1.257
  -1   -2      7.463     -3.239      8.371
  -1   -2      9.171     -6.348      3.881
  -1   -2     -4.490     -6.930      6.511
  -1   -2     19.463     -6.402     -5.008
  -1   -2     10.836     -3.153     -6.733
  -1   -2     19.733      2.431     -2.586
  -1   -2      4.523      1.485      1.257
  -1   -2      7.463     -3.239      8.371
  -1   -2      9.171     -6.348      3.881
  -1   -2     -4.490     -6.930      6.511
  -1   -2     10.836     -3.153     -6.733
  -1   -2     19.733      2.431     -2.586
  -1   -2      7.463     -3.239      8.371
  -1   -2      4.523      1.485      1.257
  -1   -2      9.171     -6.348      3.881
   3  152     -4.490     -6.930      6.511
  -1   -2     10.836     -3.153     -6.733
  -1   -2     19.733      2.431     -2.586
  -1   -2      4.523      1.485      1.257
  -1   -2      7.463     -3.239      8.371
  -1   -2      9.171     -6.348      3.881
 168   57     10.836     -3.153     -6.733
  -1   -2     19.733      2.431     -2.586
  -1   -2      7.463     -3.239      8.371
 175   -2      4.523      1.485      1.257
  -1   -2      9.171     -6.348      3.881
  -1   -2     19.733      2.431     -2.586
 178   69      7.463     -3.239      8.371
  -1   -2      9.171     -6.348      3.881
  -1   -2     19.733      2.431     -2.586
  -1   -2      9.171     -6.348      3.881
  -1   -2     19.733      2.431     -2.586
  -1   -2      9.171     -6.348      3.881
  -1   -2     19.733      2.431     -2.586
  -1   -2      9.171     -6.348      3.881
  -1   -2     19.733      2.431     -2.586
  -1   -2      9.171     -6.348      3.881
  -1   -2     19.733      2.431     -2.586
  -1   -2      9.171     -6.348      3.881
  -1   -2     19.733      2.431     -2.586
  -1   -2      9.171     -6.348      3.881
  -1   -2     19.733      2.431     -2.586
  -1   -2      9.171     -6.348      3.881
  -1   -2     19.733      2.431     -2.586
  -1   -2      9.171     -6.348      3.881
  -1   -2      9.171     -6.348      3.881
 186    8      9.171     -6.348      3.881
