39
   0   21     10.730    -10.525      4.217
  34   -2     -6.281     -6.496     -8.727
  36   -2      7.066     -7.849      6.503
   1    5     -8.936     -2.109      1.984
  -1   12      4.678    -11.164     -4.276
  11   -2      9.958     -3.357      6.449
  -1   -2      9.969     -9.913     -3.410
   9    9     -8.122     -4.848      2.949
  10   10      2.851     -7.056     10.127
  22   -2     14.795     -4.005      7.042
   2   -2      7.434    -10.974     -1.343
  -1   13      9.368    -11.102     -4.197
  15    6     11.703     -6.483      5.672
   3   -2     14.554     -3.617     -5.027
  20    7     12.354     -5.443      4.716
  13   -2      5.148    -10.103      3.757
  -1   -2      7.795    -10.950      6.464
  -1   -2      0.824     -6.845     -7.661
  18   15     -5.087    -10.877      5.649
  -1   22     11.682     -2.047     11.714
  39   24     10.293     -1.640      6.346
   4   -2    -11.379     -3.096     -5.370
  -1   43     14.165     -6.974      7.339
  -1   -2     -3.279    -10.740      8.523
  -1    0      6.822     -9.649     11.448
  -1   32      8.620     -9.202      8.375
  14    2      7.390     -8.932      1.648
  16   39      0.481     -9.729      7.207
  -1   36      4.539     -2.768      3.717
  -1   -2     11.944     -1.922      9.970
  38   -2     10.460     -6.522      5.084
  21   33     15.820     -5.901      0.229
  26   -2      1.863     -8.493     -2.111
  30    4     12.216     -3.493      0.837
  -1   -2     10.676     -5.565      8.276
  -1    3     10.854    -10.936      2.277
  -1   20      0.297     -5.065     -6.364
  23   -2      4.448     -6.284     -5.608
  33   -2     -6.816     -7.793     -0.482
