166
   4   19      3.738     -9.209      8.117
  -1   -2      6.116     -0.199      3.215
  53   18     14.694     -5.039     -5.220
   2   -2     -5.635     -6.270      7.394
 143   -2     -8.747    -10.299     -9.923
   8   -2      6.017     -8.990      9.801
  91   -2      9.821     -7.777      2.054
 112   -2      9.872     -2.698      6.307
  10   -2      4.303     -4.594     -0.943
  11    6      5.942     -2.808      1.980
 157   -2      0.431     -4.904      9.657
 152   11     18.838     -6.971     -8.268
  61   -2      5.727     -5.845      5.428
  85    2      6.474     -8.416      7.105
  -1    9      9.152     -9.606     -3.460
 102   51      2.575     -7.470      4.686
  63   42      6.090     -8.122      8.020
 136   -2     18.575     -9.092     -3.390
 134   89    -11.895     -7.507     -2.431
  35   39      4.236     -6.058     -2.409
   0    3      6.833    -10.622    -10.048
  -1   -2      9.171     -6.344      3.885
  -1   68     -4.538    -10.348     -9.050
  -1   -2      7.837    -10.048     -2.462
 115   -2     -9.168     -9.264     -0.901
  36  135      6.442     -9.462      1.361
 151  145     13.566     -3.903      5.520
  -1    0     17.352     -5.964     -0.648
  -1   59     19.259     -6.902     -3.663
  95  142      9.574     -1.494      8.488
  15   78     19.430     -6.422     -4.878
  48   81     12.080     -5.525      3.598
  -1   14     -9.727     -9.659     -2.992
  50   13     14.609      0.497     -5.061
  -1   -2     19.549     -7.231     -0.682
  30   55     -9.665    -10.515     -8.225
 104   45     16.525     -4.504    -10.019
  -1   99     20.143    -10.200     -4.280
  70   88      0.683     -7.450      3.411
 108   10      8.675     -3.449      2.409
  -1   -2      4.113     -7.578      6.219
  -1   83     -6.939     -4.020     -3.097
  -1   86     18.045     -9.871     -4.166
  66   -2      7.982     -5.851      9.694
  -1   70     -2.656     -5.660      0.504
  -1  109      2.663     -2.248      3.114
  39   -2     15.115     -1.209     -6.311
  26   -2      4.581     -7.451      9.726
  -1   24      4.922     -8.497     -0.381
  -1   -2      3.311     -1.216      1.441
 100   -2     -0.020     -3.771     -8.838
  71   49     -8.039     -9.343     -2.000
  -1  114      0.989      1.965      5.930
 148   -2     15.370     -6.255     -6.178
  62   57     -0.371     -9.711    -10.028
  69  163      7.244     -1.118      9.480
 107   54     12.548     -3.848     -4.926
  -1  101     -5.785     -6.902    -10.192
  -1   -2      8.876    -10.337     -7.034
  32   48      4.664     -5.505      9.242
  75   58      1.343     -3.939     -1.657
 110  121     19.960      1.500     -4.821
  65   30     16.592     -7.710      2.513
  52   41     13.402    -10.501     -4.378
  56  116     -6.963     -7.624      8.203
  -1  113     -7.800     -5.962      4.042
 103   15     17.337     -5.501     -2.197
  -1   -2     12.123     -9.654      3.086
  73   22     -6.320     -9.130     -8.089
  83   61      8.024     -6.625      6.219
  51   47      1.386    -10.307     -5.632
  78   -2      5.070    -10.912     -9.582
  -1   72     15.143     -7.889     -4.670
   6   50      6.257     -7.290      9.107
 128  104     -0.460    -10.250     -3.295
  55   60     -0.799     -5.998     -9.163
  87   53     16.444     -8.143      3.090
  -1   80     15.356     -7.131      5.786
 118   -2     17.331      1.144     -3.302
  -1   25     16.561     -3.816     -6.217
  67   -2      6.552     -8.573     -0.918
  -1   -2      9.063      0.578      8.834
  29   -2     -6.290     -7.880     -1.941
  77    7     -9.669     -9.904     -2.535
  25   -2     -3.958    -10.165     -7.275
  -1   96     -1.549    -10.793     -9.361
  -1   -2      1.465     -8.618      1.930
  -1    4     -2.006     -6.478      2.003
  96  150     -3.039     -7.851      0.670
  -1   -2     -0.324     -6.858      5.269
  -1   82     14.861    -10.012     -7.191
 146   -2     14.088     -9.477     -5.916
  81   79     -3.096     -8.783     -6.136
 106   90     -1.051     -4.952     -9.387
 123   12      0.484     -3.393     -7.808
  21   -2     18.649     -6.168     -2.694
  -1  103     14.576     -4.275      7.786
  72   40     12.275     -8.820      7.143
  -1  141     19.779     -5.626     -2.328
  -1   67     -6.869     -4.249     -8.710
  54   -2     -1.620     -2.472     -3.957
  82   -2     15.305     -7.365      8.994
  -1   -2     20.056     -8.054     -3.479
 129   38     -8.445     -5.239     -7.891
  -1  128    -12.169    -10.332    -10.465
  -1   56     17.523     -2.286      2.899
  -1   63     10.815     -3.148     -6.793
  -1   35     13.633      1.937     -6.214
  47  140     -9.507     -0.711     -7.585
  -1   31     13.765    -10.752     -9.793
  -1   -2      5.685    -10.457      1.665
  -1   -2     19.733      2.432     -2.582
  -1   -2      1.905     -0.888     -9.248
  -1   32     11.914      5.208      0.064
  -1   -2     -5.985     -8.742     10.254
  -1  152     12.633     -3.606      5.733
 138  149    -12.106     -3.165     -6.318
  -1   -2      4.519      1.486      1.255
 114   34      9.550     -7.988      3.154
  -1   -2     -1.833      1.232     -8.135
  -1  126     -8.864     -6.148    -10.357
 149  136     -1.775      1.899     -3.603
  98  144      1.687     -1.991      3.599
  -1   -2    -10.970     -5.049      0.838
  -1  137      0.539      5.891     -6.034
  44  117     19.943    -11.263     -6.358
  -1   -2      9.396     -7.139      7.672
 111  115     21.445     -1.457    -10.205
  -1   23     12.887      4.142     -8.469
  97   -2     -4.520     -5.163      5.256
  -1   -2      7.982     -1.214      4.512
 131  133     21.277      3.659    -11.125
  -1   -2    -13.425     -6.269     -3.638
  86   73     11.977     -7.744      0.147
  -1   -2     20.445    -10.265     -3.605
  -1  164     12.840     -0.128    -10.320
 117   -2     -3.004     -2.229      3.430
  -1  146     17.242     -1.082     -2.456
 125   -2     18.840     -1.733     -5.417
  -1   -2     17.505      3.793    -11.696
  -1  160    -13.823     -5.071     -8.320
  45   -2      8.015     -3.503     -3.482
 150   -2      9.362      0.281      9.953
 147   92    -10.253     -6.088     -3.825
  -1   -2      0.928     -1.486     11.436
  -1  124    -10.121     -2.177     -1.636
  -1  138      7.959      1.359     -3.052
  49   -2     16.867     -0.671      3.067
  -1   -2     18.775     -0.082     -6.149
  -1   -2      9.443     -2.467      7.839
  -1   -2     19.284     -2.461     -7.369
  -1   71      6.057     -8.975      9.879
  27   91      9.171     -6.344      3.885
 156  167     19.733      2.432     -2.582
 126   -2      4.519      1.486      1.255
 121   -2      2.007     -0.859     -9.093
  -1  172      4.386     -4.636     -0.411
 160  170      6.023     -0.176      3.563
 162  169      4.386     -4.636     -0.411
  -1  183      5.767     -1.783     -5.744
  -1   -2      5.767     -1.783     -5.744
  -1   -2      5.767     -1.783     -5.744
  -1   -2      5.767     -1.783     -5.744
  -1   -2      5.767     -1.783     -5.744
  -1   -2      5.767     -1.783     -5.744
 173    5      5.767     -1.783     -5.744
