328
  14   -2      9.725     -7.899      1.454
   2    1     -5.447     -8.774     -0.997
  -1   -2     -0.579     -8.183      5.821
   3    2      2.696     -9.458      9.516
   4    3     -2.406    -10.603     -0.131
  -1   36      9.172     -6.348      3.879
  16   -2     11.639     -8.226     -4.370
  -1   -2     -4.463     -6.944      6.479
 123  144     16.384     -4.579     -9.663
  47    9     13.207     -3.831      4.310
  10   -2     17.352     -5.964     -0.656
  52   -2     14.608      0.497     -5.056
  11   12      6.664     -9.083      8.299
   8   -2     12.098     -5.522      3.551
  12   10      4.702     -7.727      4.354
 105   16     19.437     -6.421     -4.844
  -1  104     20.357    -11.091     -4.588
  13   27     14.008      1.381     -3.456
  -1   -2     14.619     -5.015     -5.911
  17   -2      6.975     -5.305      5.868
  20   15     10.976     -2.662      3.934
 120   22     14.133     -7.186      7.821
  22   46      4.310     -5.503      8.241
  24   24     -0.538     -8.768     -7.036
  -1   47      2.055    -10.858      3.536
  30   -2     18.056     -9.870     -4.197
  26   81      4.425     -7.589     10.297
  -1   29     20.051    -10.455     -6.958
  -1   17      7.980     -5.851      9.695
  31   -2      4.664    -10.166      1.462
  29   31     12.544     -3.847     -4.918
  27  134     12.318     -9.468     10.494
  -1   38     -5.786     -6.902    -10.193
  32   32     -0.103     -3.698     -9.625
  35    0      9.157     -7.490      2.749
  36   -2      6.452     -7.357      9.577
  41   -2      3.021     -8.839      4.858
  64   37     16.642    -10.459      1.609
  38   34    -11.564     -9.726     -7.950
  19   42      1.003     -9.062     -0.248
 115   -2     -6.320     -9.131     -8.104
  53   -2      2.028    -10.188      9.007
  15   44     18.561     -6.175     -2.928
  -1   -2     14.142     -8.598     10.367
  74   -2     -2.010     -6.478      1.978
  -1   48     14.579     -4.276      7.779
   5   49     15.807     -3.867     -9.082
  95   94      9.263     -9.827      9.429
  49   25      4.692     -7.388     10.046
  -1   26      1.648    -10.889     -2.416
 268  288     -9.507     -0.710     -7.589
  -1   -2     10.813     -3.147     -6.800
  -1   13     13.636      1.938     -6.222
  -1   -2     13.031     -8.917      9.986
  -1   -2      8.958      0.878     -9.742
  -1   -2      3.469     -1.159      1.211
  89   -2     19.981    -11.216     -3.159
  -1   -2     -6.201    -10.733      0.947
  -1   79     19.732      2.432     -2.578
  -1   -2     12.332     -0.401     -6.664
  -1   96     17.601      3.850    -12.401
  -1   -2      7.465     -3.236      8.364
  56   -2     13.970     -8.374      9.926
  -1   -2      4.519      1.486      1.251
  -1  152     -7.421    -10.095     -9.857
  61   -2     -8.684     -9.518      0.605
  67  120      2.005     -0.856     -9.111
  63   -2     -1.832      1.234     -8.138
  -1   -2     -7.077     -5.921      5.776
  -1   -2     -4.016     -5.127      2.151
  70  117    -10.079    -10.556     -4.990
  72   73     21.458     -1.456    -10.236
  -1  121     18.051    -10.024     -2.843
  -1   -2    -11.848    -10.740     -0.174
  -1   45     16.547     -9.505      7.856
  -1   -2     -0.752     -2.751      5.808
  -1   70      3.712    -10.783    -12.151
  -1   -2     12.022    -10.308      7.584
  93   28      9.395     -7.140      7.673
 117   78     -4.516     -5.165      5.265
 100   43      7.896     -7.357      8.965
  58   18     16.920     -1.425     -3.704
  79  111     13.529      4.272     -5.980
  -1   -2      6.496     -6.845     10.937
  -1   -2      6.060     -2.410     -3.162
  -1   35     16.983    -10.263    -11.084
  -1   -2     13.925     -8.052      6.989
  -1   -2     11.485    -10.529     -1.825
  -1   -2     -1.386     -9.948      9.129
  44   -2     19.178     -8.832      1.540
  -1   -2     19.812     -7.958     -4.406
  -1   -2     17.235     -1.091     -2.475
  99   14     -5.224     -7.976     -8.231
  80   83     18.732      1.426     -6.124
  85   91     -2.509     -0.964    -11.331
  84   97      8.000     -3.497     -3.517
  92  101      9.363      0.285      9.938
  51   -2     -8.426     -4.497     -8.497
  -1   33      4.656     -6.275      2.319
  -1   -2    -10.251     -6.091     -3.838
  48    8     17.907     -6.203     -6.687
  98   40      0.897     -9.780      8.513
  -1   -2      9.172     -6.348      3.879
   0  129     -1.353     -8.246      3.448
  -1   -2     -4.463     -6.944      6.479
 165  185     10.813     -3.147     -6.800
  -1  100     -9.507     -0.710     -7.589
  -1   -2     13.636      1.938     -6.222
  18   -2      2.451    -10.765      4.650
  -1   -2      8.958      0.878     -9.742
 110   -2     13.031     -8.917      9.986
  -1   -2      3.469     -1.159      1.211
  57   60     12.332     -0.401     -6.664
  -1   -2     19.732      2.432     -2.578
  -1   -2      7.465     -3.236      8.364
  -1   -2      4.519      1.486      1.251
  -1   -2     -7.421    -10.095     -9.857
  -1   -2     -4.016     -5.127      2.151
  -1  156     -7.077     -5.921      5.776
  37   -2     18.051    -10.024     -2.843
  -1  140     12.022    -10.308      7.584
  -1   -2     11.485    -10.529     -1.825
  87   -2     13.925     -8.052      6.989
  83  125    -11.848    -10.740     -0.174
  -1   -2      9.172     -6.348      3.879
  -1   -2     -4.463     -6.944      6.479
  -1   -2     10.813     -3.147     -6.800
  -1   -2     -9.507     -0.710     -7.589
  -1   55      2.373    -10.829     -0.344
  -1   -2     13.636      1.938     -6.222
  -1   -2      3.469     -1.159      1.211
  -1   -2     19.732      2.432     -2.578
  -1   -2      4.519      1.486      1.251
  -1   -2      7.465     -3.236      8.364
  -1   -2     -7.421    -10.095     -9.857
  -1   -2     -4.016     -5.127      2.151
 118   -2     12.022    -10.308      7.584
  -1   -2     11.485    -10.529     -1.825
  -1   -2      9.172     -6.348      3.879
  -1   -2     -4.463     -6.944      6.479
  -1   -2     10.813     -3.147     -6.800
  -1   -2     -9.507     -0.710     -7.589
  -1   -2     13.636      1.938     -6.222
 138  159      2.373    -10.829     -0.344
  -1   -2      3.469     -1.159      1.211
  -1   -2     19.732      2.432     -2.578
  -1   -2      4.519      1.486      1.251
  -1   -2     -7.421    -10.095     -9.857
  69   71     -4.016     -5.127      2.151
  -1   -2      7.465     -3.236      8.364
  -1   -2     11.485    -10.529     -1.825
  81   -2     -4.463     -6.944      6.479
  -1   -2      9.172     -6.348      3.879
  -1   -2     10.813     -3.147     -6.800
  -1   -2     -9.507     -0.710     -7.589
  -1   -2     13.636      1.938     -6.222
  -1   -2      3.469     -1.159      1.211
  -1   -2     19.732      2.432     -2.578
  -1   -2      4.519      1.486      1.251
  -1   -2      7.465     -3.236      8.364
  -1   -2     11.485    -10.529     -1.825
  -1   -2      9.172     -6.348      3.879
  -1   -2     10.813     -3.147     -6.800
  -1   -2     -9.507     -0.710     -7.589
  -1   -2     13.636      1.938     -6.222
  -1   -2      3.469     -1.159      1.211
  -1   -2     19.732      2.432     -2.578
  -1   -2      4.519      1.486      1.251
  -1   -2      7.465     -3.236      8.364
  -1   -2     11.485    -10.529     -1.825
  -1   -2      9.172     -6.348      3.879
  -1   -2     13.636      1.938     -6.222
  -1   -2     -9.507     -0.710     -7.589
  -1   -2     10.813     -3.147     -6.800
  -1   -2      3.469     -1.159      1.211
  -1   -2     19.732      2.432     -2.578
  -1   -2      4.519      1.486      1.251
  -1   -2      7.465     -3.236      8.364
 163  183     11.485    -10.529     -1.825
  -1   -2      9.172     -6.348      3.879
  -1   -2     -9.507     -0.710     -7.589
  -1   20     15.289     -9.217      3.342
  -1   -2     13.636      1.938     -6.222
  -1   -2      3.469     -1.159      1.211
  -1   -2     19.732      2.432     -2.578
  -1   -2      4.519      1.486      1.251
  -1   -2      7.465     -3.236      8.364
  -1   -2      9.172     -6.348      3.879
  -1   -2     -9.507     -0.710     -7.589
  -1   -2     15.289     -9.217      3.342
  -1   -2     13.636      1.938     -6.222
  -1   -2      3.469     -1.159      1.211
  -1   -2     19.732      2.432     -2.578
  -1   -2      4.519      1.486      1.251
  -1   -2      7.465     -3.236      8.364
  -1   -2      9.172     -6.348      3.879
  -1   -2     -9.507     -0.710     -7.589
  -1   -2     13.636      1.938     -6.222
  -1   -2      3.469     -1.159      1.211
  -1   -2     19.732      2.432     -2.578
  -1   -2      4.519      1.486      1.251
  -1   -2      7.465     -3.236      8.364
  -1   -2      9.172     -6.348      3.879
  -1   -2     -9.507     -0.710     -7.589
  -1   -2     13.636      1.938     -6.222
  -1   -2      3.469     -1.159      1.211
  -1   -2     19.732      2.432     -2.578
 206   -2      4.519      1.486      1.251
  -1   -2      7.465     -3.236      8.364
  -1   -2      9.172     -6.348      3.879
  -1   -2     -9.507     -0.710     -7.589
  -1   -2     13.636      1.938     -6.222
  -1   -2      3.469     -1.159      1.211
  -1   -2     19.732      2.432     -2.578
  -1   -2      7.465     -3.236      8.364
  -1   -2      9.172     -6.348      3.879
  -1   -2     -9.507     -0.710     -7.589
  -1   -2     13.636      1.938     -6.222
  -1   -2      3.469     -1.159      1.211
  -1   -2     19.732      2.432     -2.578
  -1   -2      7.465     -3.236      8.364
  -1   -2      9.172     -6.348      3.879
  -1   -2     -9.507     -0.710     -7.589
  -1   -2     13.636      1.938     -6.222
  -1   -2      3.469     -1.159      1.211
  -1   -2     19.732      2.432     -2.578
  -1   -2      7.465     -3.236      8.364
  -1   -2      9.172     -6.348      3.879
  -1   -2     -9.507     -0.710     -7.589
  -1   -2     13.636      1.938     -6.222
  -1   -2      3.469     -1.159      1.211
  -1   -2     19.732      2.432     -2.578
  -1   -2      7.465     -3.236      8.364
  -1   -2      9.172     -6.348      3.879
  -1   -2     -9.507     -0.710     -7.589
  -1   -2     13.636      1.938     -6.222
  -1   -2      3.469     -1.159      1.211
  -1   -2     19.732      2.432     -2.578
  -1   -2      7.465     -3.236      8.364
  -1   -2      9.172     -6.348      3.879
  -1   -2     -9.507     -0.710     -7.589
  -1   -2     13.636      1.938     -6.222
  -1   -2      3.469     -1.159      1.211
  -1   -2     19.732      2.432     -2.578
  -1   -2      7.465     -3.236      8.364
  -1   -2      9.172     -6.348      3.879
  -1   -2     13.636      1.938     -6.222
  -1   -2     -9.507     -0.710     -7.589
  -1   -2      3.469     -1.159      1.211
  -1   -2     19.732      2.432     -2.578
  -1   -2      7.465     -3.236      8.364
  -1   -2      9.172     -6.348      3.879
  -1   -2     -9.507     -0.710     -7.589
  -1   -2     13.636      1.938     -6.222
  -1   -2      3.469     -1.159      1.211
  -1   -2     19.732      2.432     -2.578
  -1   -2      7.465     -3.236      8.364
  -1   -2      9.172     -6.348      3.879
  -1   -2     -9.507     -0.710     -7.589
  -1   -2     13.636      1.938     -6.222
  -1   -2      3.469     -1.159      1.211
  -1   -2     19.732      2.432     -2.578
  -1   -2      7.465     -3.236      8.364
  -1   -2      9.172     -6.348      3.879
  -1   -2     -9.507     -0.710     -7.589
  -1   -2     13.636      1.938     -6.222
  -1   -2      3.469     -1.159      1.211
  -1   -2     19.732      2.432     -2.578
  -1   -2      7.465     -3.236      8.364
  -1   -2      9.172     -6.348      3.879
  -1   -2     -9.507     -0.710     -7.589
  -1   -2     13.636      1.938     -6.222
  -1   -2      3.469     -1.159      1.211
  -1   -2     19.732      2.432     -2.578
  -1   -2      7.465     -3.236      8.364
  -1   -2      9.172     -6.348      3.879
  -1   -2     -9.507     -0.710     -7.589
  -1   -2     13.636      1.938     -6.222
  54  284      3.469     -1.159      1.211
  -1   -2     19.732      2.432     -2.578
  -1   -2      7.465     -3.236      8.364
  -1   -2      9.172     -6.348      3.879
  -1   -2     13.636      1.938     -6.222
  -1   -2     19.732      2.432     -2.578
  -1   -2      9.172     -6.348      3.879
  -1   -2     13.636      1.938     -6.222
  -1   -2     19.732      2.432     -2.578
  -1   -2      7.465     -3.236      8.364
  -1   -2      9.172     -6.348      3.879
  -1   -2     13.636      1.938     -6.222
  -1   -2     19.732      2.432     -2.578
  -1   -2      7.465     -3.236      8.364
  -1   -2      9.172     -6.348      3.879
  -1   -2     13.636      1.938     -6.222
  -1   -2     19.732      2.432     -2.578
  -1   -2      7.465     -3.236      8.364
  -1   -2      9.172     -6.348      3.879
  94   54     13.636      1.938     -6.222
  -1   -2     19.732      2.432     -2.578
  -1   -2      7.465     -3.236      8.364
  -1   -2      9.172     -6.348      3.879
  -1   -2     19.732      2.432     -2.578
  -1   -2      7.465     -3.236      8.364
  -1   -2      9.172     -6.348      3.879
  -1   -2     19.732      2.432     -2.578
  -1   -2      7.465     -3.236      8.364
  -1   -2      9.172     -6.348      3.879
  -1   -2     19.732      2.432     -2.578
  -1   -2      7.465     -3.236      8.364
  -1   -2      9.172     -6.348      3.879
  -1   -2     19.732      2.432     -2.578
  -1   -2      7.465     -3.236      8.364
  -1   -2      9.172     -6.348      3.879
  -1   -2     19.732      2.432     -2.578
 286   -2      7.465     -3.236      8.364
  -1   -2      9.172     -6.348      3.879
  -1   -2     19.732      2.432     -2.578
  -1   -2      9.172     -6.348      3.879
  -1   -2     19.732      2.432     -2.578
  -1   -2      9.172     -6.348      3.879
  -1   -2     19.732      2.432     -2.578
  -1   -2      9.172     -6.348      3.879
  -1   -2     19.732      2.432     -2.578
  -1   -2      9.172     -6.348      3.879
  -1   -2     19.732      2.432     -2.578
 306  324      9.172     -6.348      3.879
  -1   -2     19.732      2.432     -2.578
 315  334     19.732      2.432     -2.578
