41
  37   -2     12.986     -3.667      0.803
   5    1      4.589     -9.560      3.089
   2   10      1.956    -10.499     -5.748
  39   42     12.216     -5.083     10.183
  38   -2      9.966     -3.356      6.423
  41   15      5.984     -7.990     -2.771
  10   -2     12.617     -5.617      6.528
  34    8      8.670    -10.175      7.886
   9   -2     -0.678     -7.628     10.260
  35   -2     -7.229     -7.788      0.866
  -1   11     -4.508    -11.378      4.018
  -1   -2      4.783     -6.644      4.583
  -1   -2     14.071      3.089     -3.641
  -1   30      7.771     -6.016      8.231
  -1    3      8.333     -3.337      6.803
  18   19      1.394     -7.885     -8.829
  -1   33     -1.440     -5.412     -6.729
  -1   21     12.726     -5.058     -3.945
   4   22    -12.319     -0.232      1.342
  30   45     10.889     -7.975     10.245
  -1    4     14.528     -6.923      8.620
  26   -2      5.158     -7.411      9.400
   1   -2      9.408     -3.587     11.150
  25   -2     16.734     -5.824     -1.654
  -1   -2      3.855     -7.358     11.603
  -1   -2     16.194     -5.833    -10.221
  27   20     -7.053     -6.725     -4.981
  -1   28    -11.020     -3.845      2.500
  19   -2     11.304    -11.025    -11.396
  14   -2      8.462     -6.613      6.940
   8   35     -5.295    -10.486      4.175
   3   14     10.264     -6.366      7.249
  -1    7     12.211     -3.490      0.852
  -1    2     12.952     -3.846     -1.053
  32   29     -4.059     -6.585     -5.164
  13    5     -1.133     -9.854     -5.956
  -1   -2     15.998     -1.357      0.707
  -1   25     -0.649     -9.560      9.479
  -1   -2     -3.742     -5.811     -1.336
  -1    0     17.044     -3.634      3.552
  12   -2    -11.020     -3.845      2.500
