248
   5   -2     19.155    -10.291     -4.917
   2    1      8.471     -7.023      6.823
   4   49      9.754     -7.891      1.400
 102   -2     18.347     -5.171     -1.142
   0    2     14.938     -8.146      7.531
  71    3      5.764    -10.014     -2.887
  39   -2      7.402     -7.713      7.539
  38   50     -4.345     -9.928     -3.647
  30   27     18.204     -9.939     -4.513
   8   67     11.646     -8.229     -4.381
  -1   -2      9.170     -6.347      3.888
   6   48     10.903    -10.396     -3.080
  55   -2      2.681     -8.505      7.452
  -1  108     -4.465     -6.942      6.479
  75   -2     13.211     -3.829      4.328
  48   15     17.352     -5.963     -0.651
  -1  127     19.425     -6.420     -4.864
  13   23     12.099     -5.519      3.557
  -1   -2      0.133     -9.002      2.430
  14   -2      4.712     -7.727      4.390
  -1   -2      0.522     -9.072     10.298
  -1   -2     14.606      0.498     -5.052
  23   -2      6.983     -5.302      5.885
  17   20      4.774     -7.405      8.223
  -1   24     16.531     -4.505    -10.032
  -1   25     14.618     -5.015     -5.903
 113   26      9.483     -2.633      7.639
  89   45      2.601    -10.546     -3.823
  25   19     14.132     -7.187      7.829
  21   30     -2.870     -9.785      0.008
  -1   70     16.326    -10.339     -1.652
  62   31      4.306     -5.504      8.233
  -1    9      0.885    -10.835     -4.717
  46   46     17.589     -9.046     -1.868
  -1   29     -5.777    -10.586      3.367
 122   53      7.978     -5.851      9.692
 117   32     13.981      1.386     -3.393
  -1   16      1.422     -9.196      0.442
 103   -2      5.201     -6.085      3.803
  33   38     12.544     -3.845     -4.917
  88   42     -0.634     -6.006      5.973
  95   62     -0.563     -8.214      6.700
  35   40     -5.793     -6.903    -10.203
  28   33     -0.109     -3.693     -9.638
  52   -2      5.906     -2.695      6.524
  37  141      2.193    -10.875      3.919
  90   -2     11.168     -8.782      1.595
 112   -2     13.734    -10.746     -9.683
  -1   51     16.209     -0.948     -8.836
  -1   -2      9.636     -7.742      5.816
  -1    0     -2.193    -10.838     -3.791
  -1   68      2.012    -10.363      8.704
  -1   11      9.024     -9.341      5.721
  66  110      8.734     -9.246      9.025
  49   55    -11.554     -9.727     -7.932
  -1   61     -6.321     -9.132     -8.100
  -1   59     16.868     -8.267      3.916
  42   41     -1.291     -8.682     -6.210
  -1   22      6.452     -7.353      9.577
  -1    7     16.521    -10.251     -9.922
  -1   -2     21.018    -10.131     -4.812
  61   -2     -0.317     -6.857      5.276
  54   63     -7.424     -3.922      7.000
  57   -2     15.463     -7.176      5.543
  -1  124      6.981     -6.676      7.860
  64  123     10.828     -8.756      3.110
  -1   -2     15.808     -3.866     -9.091
  29   37      3.663     -7.606      7.825
  15   -2     18.225     -6.931     -2.766
  65  118     -8.935     -8.328      3.983
  -1   -2     20.054     -8.073     -3.796
  19   -2     17.997     -6.106     -6.881
  -1   -2     10.812     -3.147     -6.804
  -1   -2     20.328     -8.334      5.989
  -1   -2     13.637      1.939     -6.226
  -1    4     19.816    -11.278     -7.358
  -1   -2      8.959      0.879     -9.744
  -1   -2      3.472     -1.161      1.215
  16   79     12.335     -0.397     -6.674
  -1   -2     19.732      2.432     -2.582
  22   -2     11.433     -8.715      4.832
  -1   -2      7.470     -3.241      8.359
  -1   -2      2.015     -0.859     -9.079
  -1   85      4.520      1.484      1.249
  -1   -2     17.527      3.834    -12.213
  -1   -2     -7.422    -10.097     -9.851
  81   88     -1.834      1.233     -8.137
  -1   -2     -4.009     -5.127      2.143
 107   82     -8.687     -9.519      0.608
  83   90     -7.090     -5.922      5.747
  84   -2    -10.070    -10.561     -5.038
  92   -2    -11.147     -5.606     -6.556
  86   93     21.456     -1.455    -10.234
  -1   89    -12.181    -10.554     -6.675
  -1  115    -13.402     -6.270     -3.593
  -1   -2     15.326     -9.317      3.471
  -1  151     -4.513     -5.165      5.268
  -1   -2     -0.759     -2.750      5.790
  -1  238     13.531      4.275     -5.973
  93  100      6.062     -2.410     -3.155
  -1  112     -9.699     -0.771     -8.025
 100   98     17.239     -1.080     -2.474
  -1   47     -1.386     -9.946      9.131
  97   -2     10.743     -6.558      0.432
  -1  137      1.293      5.628      0.671
  -1   -2     11.358     -1.436     10.219
 104  102     -2.520     -0.962    -11.358
  34   54     12.317    -10.504     -3.878
 108  113      8.019     -3.501     -3.453
 101  116      9.355      0.285      9.945
  -1   -2     18.741      1.424     -6.089
  -1   -2     12.924    -10.095    -11.040
  -1   -2     -8.267    -11.615     -0.180
  99   -2     -8.418     -4.494     -8.454
  -1  103     11.144     -2.357     10.390
 111   -2    -10.928     -3.864     -8.563
  -1   -2     -4.465     -6.942      6.479
  -1   -2      9.170     -6.347      3.888
  18  128     16.448     -4.554     -9.812
  -1   -2     10.812     -3.147     -6.804
  -1   -2     13.637      1.939     -6.226
 118   75      2.389    -10.785      4.478
  73  142      8.959      0.879     -9.744
 120  143      3.472     -1.161      1.215
 174  105     19.732      2.432     -2.582
 123   71      2.015     -0.859     -9.079
  -1   95     -4.009     -5.127      2.143
  -1   43     -0.759     -2.750      5.790
  -1   -2     16.919     -1.422     -3.702
  98   -2      1.293      5.628      0.671
  -1   -2      9.170     -6.347      3.888
  -1   -2     -4.465     -6.942      6.479
  -1   -2     10.812     -3.147     -6.804
  -1   -2     13.637      1.939     -6.226
  -1   -2     19.732      2.432     -2.582
  79   -2     -4.009     -5.127      2.143
  -1   28      7.470     -3.241      8.359
  -1   -2     -0.759     -2.750      5.790
  -1   -2      9.170     -6.347      3.888
  10  126     -4.465     -6.942      6.479
  -1   -2     10.812     -3.147     -6.804
  -1   -2     13.637      1.939     -6.226
  -1   -2     19.732      2.432     -2.582
  -1   -2      9.170     -6.347      3.888
  -1   -2     10.812     -3.147     -6.804
  -1   -2     13.637      1.939     -6.226
  -1   -2     19.732      2.432     -2.582
  -1   -2      9.170     -6.347      3.888
  -1   -2     10.812     -3.147     -6.804
  -1   -2     13.637      1.939     -6.226
  -1   -2     19.732      2.432     -2.582
  -1   -2      9.170     -6.347      3.888
  -1   -2     10.812     -3.147     -6.804
  -1   -2     13.637      1.939     -6.226
  -1   -2     19.732      2.432     -2.582
  -1   -2      9.170     -6.347      3.888
  -1   -2     13.637      1.939     -6.226
 116  170     10.812     -3.147     -6.804
  -1   -2     19.732      2.432     -2.582
  -1   -2      9.170     -6.347      3.888
  -1   -2     13.637      1.939     -6.226
  -1   -2     19.732      2.432     -2.582
  -1   -2      9.170     -6.347      3.888
  -1   -2     13.637      1.939     -6.226
  -1   -2     19.732      2.432     -2.582
  -1   -2      9.170     -6.347      3.888
  -1   -2     13.637      1.939     -6.226
  -1   -2     19.732      2.432     -2.582
  -1   -2      9.170     -6.347      3.888
  -1   -2     13.637      1.939     -6.226
  -1   -2     19.732      2.432     -2.582
  -1   -2      9.170     -6.347      3.888
  -1   -2     13.637      1.939     -6.226
  -1   -2     19.732      2.432     -2.582
  -1   -2      9.170     -6.347      3.888
  -1   -2     13.637      1.939     -6.226
  -1   -2     19.732      2.432     -2.582
  -1   -2      9.170     -6.347      3.888
  -1   -2     13.637      1.939     -6.226
  -1   -2     19.732      2.432     -2.582
  -1   -2      9.170     -6.347      3.888
  -1   -2     13.637      1.939     -6.226
  74   -2     19.732      2.432     -2.582
  -1   -2      9.170     -6.347      3.888
  -1   -2     13.637      1.939     -6.226
  -1   -2      9.170     -6.347      3.888
  -1   -2     13.637      1.939     -6.226
  -1   -2      9.170     -6.347      3.888
  -1   -2     13.637      1.939     -6.226
  -1   -2      9.170     -6.347      3.888
  -1   -2     13.637      1.939     -6.226
  -1   -2      9.170     -6.347      3.888
  -1   -2     13.637      1.939     -6.226
  -1   -2      9.170     -6.347      3.888
  -1   -2     13.637      1.939     -6.226
  -1   -2      9.170     -6.347      3.888
  -1   -2     13.637      1.939     -6.226
  -1   -2      9.170     -6.347      3.888
  -1   -2     13.637      1.939     -6.226
  -1   -2      9.170     -6.347      3.888
  -1   -2     13.637      1.939     -6.226
  -1   -2      9.170     -6.347      3.888
  -1   -2     13.637      1.939     -6.226
  -1   -2      9.170     -6.347      3.888
  -1   -2     13.637      1.939     -6.226
  -1   -2      9.170     -6.347      3.888
  -1   -2     13.637      1.939     -6.226
  -1   -2      9.170     -6.347      3.888
  -1   -2     13.637      1.939     -6.226
  -1   -2      9.170     -6.347      3.888
  -1   -2     13.637      1.939     -6.226
  -1   -2      9.170     -6.347      3.888
  -1   -2     13.637      1.939     -6.226
  -1   -2      9.170     -6.347      3.888
  -1   -2     13.637      1.939     -6.226
  -1   -2      9.170     -6.347      3.888
  -1   -2     13.637      1.939     -6.226
  -1   -2      9.170     -6.347      3.888
  -1   -2     13.637      1.939     -6.226
  -1   -2      9.170     -6.347      3.888
  -1   -2     13.637      1.939     -6.226
  -1   -2      9.170     -6.347      3.888
  -1   -2     13.637      1.939     -6.226
  -1   -2      9.170     -6.347      3.888
  -1   -2     13.637      1.939     -6.226
  -1   -2      9.170     -6.347      3.888
  -1   -2     13.637      1.939     -6.226
  -1   -2      9.170     -6.347      3.888
  77   96     13.637      1.939     -6.226
  -1   -2      9.170     -6.347      3.888
  -1   -2      9.170     -6.347      3.888
  -1   -2      9.170     -6.347      3.888
  -1   -2      9.170     -6.347      3.888
  -1   -2      9.170     -6.347      3.888
  -1   -2      9.170     -6.347      3.888
  -1   -2      9.170     -6.347      3.888
  -1   -2      9.170     -6.347      3.888
  -1   -2      9.170     -6.347      3.888
  -1   -2      9.170     -6.347      3.888
  -1   -2      9.170     -6.347      3.888
  -1   -2      9.170     -6.347      3.888
  -1   -2      9.170     -6.347      3.888
  -1   -2      9.170     -6.347      3.888
  -1   -2      9.170     -6.347      3.888
  -1   -2      9.170     -6.347      3.888
  -1   -2      9.170     -6.347      3.888
  -1   -2      9.170     -6.347      3.888
   9  254      9.170     -6.347      3.888
