32
  -1   16     12.300    -10.864     -4.664
   3   -2     15.350     -8.969      5.513
  -1   17     13.922     -8.192      9.369
   5   11     12.224    -10.068     -4.330
  11   -2     18.048    -11.217     -6.731
  26   20     10.010    -10.096    -10.356
  23   34     15.588     -6.925      4.196
  34    0     15.977     -9.347      2.145
  16   -2     17.779     -9.779      2.643
  14   -2      9.126     -7.334      8.018
   8   -2      9.965     -3.354      6.429
  13   -2     15.295     -8.724      2.914
   4    2     16.596    -10.469      0.658
  12    5      6.216    -10.312      6.088
  17    1     12.535     -9.350      3.468
   9   10     -7.949     -8.529      0.544
  -1    3     19.761     -1.792     -5.165
  -1   -2     15.685     -6.685     11.368
  -1   -2     17.591      3.852    -12.377
  10    9      9.266    -10.505      3.531
  -1   22     18.244     -7.679      0.642
  15   21      1.377    -10.807     -2.339
  18   29     -7.868     -6.806     -2.149
  27    6     11.737     -5.348      2.669
  -1   -2     14.378    -11.133      0.150
  -1    4     20.430     -9.207     -1.071
  19   18     17.367     -6.574      2.012
  29   30     12.218     -3.495      0.828
  31   26     18.693      1.577     -5.922
  -1   32     -3.718     -5.806     -1.283
  -1   33     -1.191     -8.209     -6.864
  -1   -2     -6.833     -7.793     -0.444
