274
  19   -2      9.802     -7.861     -5.063
  15   15      9.733     -7.902      1.454
  47   29      2.695     -9.456      9.513
  -1   -2      0.827    -10.323     10.622
  -1    7     11.559     -4.798     -8.780
  34   -2     -2.395    -10.605     -0.132
   1   26     12.094     -4.280     -7.227
  -1   -2      9.169     -6.346      3.884
  45   -2     11.639     -8.226     -4.368
   6    8     16.363     -4.570     -9.609
  -1   -2     -4.460     -6.943      6.468
  -1   -2     17.351     -5.963     -0.647
  14   16     13.205     -3.833      4.304
  42    4      5.752     -7.894      7.338
  -1   42      3.582    -10.209      8.807
  -1   40     19.440     -6.421     -4.848
  40   13     12.098     -5.521      3.555
  97   -2      8.046     -4.264      4.624
  60   18     14.608      0.498     -5.055
  20   33     13.080     -3.208     -1.328
  55   20      4.772     -7.404      8.212
  89   -2     14.618     -5.015     -5.900
  30   99     17.910     -9.745     -3.497
  35   -2      6.974     -5.305      5.869
  32   -2     13.070     -3.871     -6.253
  -1   -2      4.312     -5.503      8.244
  26   25     14.131     -7.185      7.829
  17  103     14.007      1.374     -3.454
  27   28      6.774     -7.352     10.518
  31   23      7.977     -5.852      9.687
  36   53     15.486    -10.095     -3.194
  21   -2      3.886     -7.692      8.772
  -1   31     -5.796     -6.900    -10.221
  51   -2      4.668    -10.168      1.449
  82   27      9.856     -7.621      8.315
  38   -2     -0.105     -3.696     -9.635
  70   22     10.367     -1.798      5.819
  -1    0      5.201     -6.084      3.806
  28   -2      2.456    -10.153     10.161
  13   12     18.547     -6.140     -2.886
 120   39     -6.321     -9.131     -8.108
  49  107     16.871     -8.269      3.947
  56   -2     16.422     -7.167      3.342
  91   21     12.067     -8.165      4.388
  44   -2      3.018     -8.839      4.857
  46   46     -1.296     -8.684     -6.238
   5   47     -0.314     -6.858      5.286
  85    5     -2.007     -6.477      1.985
  -1    1      6.983     -6.677      7.859
  53   -2     15.805     -3.865     -9.082
  -1   -2      5.760     -7.378     10.032
  48   -2     17.723     -6.124     -6.269
  50   -2     14.578     -4.271      7.782
 118   76     -8.927     -8.324      3.955
  -1   -2      8.338    -10.835     -9.388
 106   10     10.106     -7.979      1.091
  37   -2     -4.013     -7.508    -10.446
  -1   -2     10.818     -3.148     -6.788
  71   51     15.291     -9.231      3.351
  -1   -2     13.637      1.939     -6.226
  61  109      2.361    -10.830     -0.392
  -1   -2     20.324     -8.329      6.021
  -1   -2      3.472     -1.161      1.215
  -1   -2      8.958      0.879     -9.744
  -1   83     19.733      2.432     -2.580
  67   32     18.951    -10.948     -3.554
  -1   -2     -3.365    -10.562     -8.430
  -1   -2      4.522      1.485      1.254
  -1   -2     -8.683     -9.518      0.610
  -1   71      2.013     -0.857     -9.081
  79   74     -1.833      1.233     -8.133
  -1   69      7.467     -3.236      8.362
  92   66     14.551     -7.277     10.941
 132  135     -7.425    -10.092     -9.863
 103   -2    -11.652     -9.726     -7.749
  18   77      3.777     -3.124    -10.823
  -1   -2     -4.008     -5.128      2.134
  -1   78    -10.069    -10.558     -5.029
   8   49     16.485     -9.092     -6.556
 115   37      2.443     -1.808     -4.107
  -1   -2     -0.758     -2.749      5.787
  69   19     16.918     -1.422     -3.697
  -1   -2     10.945     -8.629      3.181
  98   -2     -4.513     -5.165      5.272
  86   82     13.531      4.273     -5.974
 285   97     -9.701     -0.770     -8.026
  87   87     -1.372     -9.947      9.162
  -1   -2     14.182     -8.180      7.891
  11    2      8.343     -9.245      3.499
  -1   92     11.426     -2.562      2.787
  10  263     10.744     -6.557      0.433
  96   93     -2.516     -0.961    -11.350
   9   17     17.088     -3.009     -6.792
  25   98     16.462    -10.311      1.683
  -1   -2     17.238     -1.090     -2.477
  -1   -2      1.278      5.629      0.628
  33   -2     14.361     -0.092      0.496
  -1   43      1.633    -10.627      2.404
 128   -2     18.734      1.428     -6.124
  -1   -2      6.971     -4.266     -2.289
 114   -2     11.554     -0.411     -4.651
 102   68     17.533      3.791    -11.765
  59   -2     -8.424     -4.500     -8.494
 101   65      9.349      0.286      9.934
  88   45      8.019     -3.503     -3.462
  -1   -2      9.827    -10.403     -7.245
  -1   24      9.591     -9.316     11.267
  -1   -2     19.315     -7.749     -7.040
  -1   -2    -10.927     -3.869     -8.553
  -1   41      9.169     -6.346      3.884
  -1   -2     -4.465     -6.944      6.393
  73   -2     13.845      1.385     -3.056
  -1   62     13.637      1.939     -6.226
  -1   -2      8.958      0.879     -9.744
  -1   -2      3.472     -1.161      1.215
  -1   -2     19.733      2.432     -2.580
  -1   -2      4.522      1.485      1.254
  -1   -2     -8.683     -9.518      0.610
  -1   -2     -4.008     -5.128      2.134
  -1   -2     -7.425    -10.092     -9.863
  -1   35     -0.758     -2.749      5.787
 100  117      1.278      5.629      0.628
  -1   -2      9.169     -6.346      3.884
  -1   -2     -4.465     -6.944      6.393
  -1   -2     13.637      1.939     -6.226
 126  146      2.411    -10.778      4.534
  -1  110      8.958      0.879     -9.744
  -1   -2      3.472     -1.161      1.215
  -1   -2     19.733      2.432     -2.580
  -1   -2      4.522      1.485      1.254
  -1   -2     -4.008     -5.128      2.134
  -1   38     -7.425    -10.092     -9.863
  -1   -2     -8.683     -9.518      0.610
  -1   -2     -0.758     -2.749      5.787
  -1   -2      9.169     -6.346      3.884
  -1   -2     -4.465     -6.944      6.393
  -1   -2     13.637      1.939     -6.226
  -1   -2      3.472     -1.161      1.215
  -1   -2     19.733      2.432     -2.580
  -1   -2      4.522      1.485      1.254
  -1   -2     -8.683     -9.518      0.610
  -1   -2     -4.008     -5.128      2.134
  -1   -2     -0.758     -2.749      5.787
  -1   -2      9.169     -6.346      3.884
  -1   -2     -4.465     -6.944      6.393
  -1   -2     13.637      1.939     -6.226
  -1   -2      3.472     -1.161      1.215
  81   -2     -8.683     -9.518      0.610
  -1   -2      4.522      1.485      1.254
  -1   -2     -4.008     -5.128      2.134
  -1   -2     -0.758     -2.749      5.787
  -1   -2      9.169     -6.346      3.884
  -1   -2     -4.465     -6.944      6.393
  -1   -2     13.637      1.939     -6.226
  -1   -2      3.472     -1.161      1.215
  -1   -2      4.522      1.485      1.254
  -1   -2     -4.008     -5.128      2.134
  -1   -2     -0.758     -2.749      5.787
  -1   -2      9.169     -6.346      3.884
  -1   -2     -4.465     -6.944      6.393
  -1   -2     13.637      1.939     -6.226
  -1   -2      3.472     -1.161      1.215
  -1   -2      4.522      1.485      1.254
  -1   -2     -4.008     -5.128      2.134
  -1   -2     -0.758     -2.749      5.787
  -1   -2      9.169     -6.346      3.884
  -1   -2     13.637      1.939     -6.226
  -1   -2      3.472     -1.161      1.215
  -1   -2      4.522      1.485      1.254
  -1   -2     -4.008     -5.128      2.134
  -1   -2     -0.758     -2.749      5.787
  -1   -2      9.169     -6.346      3.884
  -1   -2     13.637      1.939     -6.226
  -1   -2      3.472     -1.161      1.215
  -1   -2      4.522      1.485      1.254
  -1   -2     -4.008     -5.128      2.134
  -1   -2     -0.758     -2.749      5.787
  -1   -2      9.169     -6.346      3.884
  -1   -2     13.637      1.939     -6.226
  -1   -2      3.472     -1.161      1.215
  -1   -2     -4.008     -5.128      2.134
  -1   -2      4.522      1.485      1.254
  -1   -2      9.169     -6.346      3.884
  -1   -2     13.637      1.939     -6.226
  -1   -2      3.472     -1.161      1.215
  -1   -2      4.522      1.485      1.254
  -1   -2     -4.008     -5.128      2.134
  -1   -2      9.169     -6.346      3.884
  -1   -2     13.637      1.939     -6.226
  -1   -2      3.472     -1.161      1.215
  -1   -2      4.522      1.485      1.254
  -1   -2     -4.008     -5.128      2.134
  -1   -2      9.169     -6.346      3.884
 145  144     -4.465     -6.944      6.393
  -1   -2     13.637      1.939     -6.226
  -1   -2      3.472     -1.161      1.215
  -1   -2      4.522      1.485      1.254
  75   80     -4.008     -5.128      2.134
  -1   -2      9.169     -6.346      3.884
  -1   -2     13.637      1.939     -6.226
  -1   -2      3.472     -1.161      1.215
  -1   -2      4.522      1.485      1.254
  -1   -2      9.169     -6.346      3.884
  -1   -2     13.637      1.939     -6.226
  -1   -2      3.472     -1.161      1.215
  -1   -2      4.522      1.485      1.254
  -1   -2      9.169     -6.346      3.884
  -1   -2     13.637      1.939     -6.226
  -1   -2      3.472     -1.161      1.215
  -1   -2      4.522      1.485      1.254
  -1   -2      9.169     -6.346      3.884
  -1   -2     13.637      1.939     -6.226
  -1   -2      3.472     -1.161      1.215
  -1   -2      4.522      1.485      1.254
  -1   -2      9.169     -6.346      3.884
  -1   -2     13.637      1.939     -6.226
  -1   -2      3.472     -1.161      1.215
  -1   -2      4.522      1.485      1.254
  -1   -2      9.169     -6.346      3.884
  -1   -2     13.637      1.939     -6.226
  -1   -2      3.472     -1.161      1.215
  -1   -2      4.522      1.485      1.254
  -1   -2      9.169     -6.346      3.884
  -1   -2     13.637      1.939     -6.226
  -1   -2      3.472     -1.161      1.215
  -1   -2      4.522      1.485      1.254
  -1   -2      9.169     -6.346      3.884
  -1   -2     13.637      1.939     -6.226
  -1   -2      3.472     -1.161      1.215
 249  225      4.522      1.485      1.254
  -1   -2      9.169     -6.346      3.884
  -1   -2     13.637      1.939     -6.226
  -1   -2      3.472     -1.161      1.215
  -1   -2      9.169     -6.346      3.884
  -1   -2     13.637      1.939     -6.226
  -1   -2      3.472     -1.161      1.215
  -1   -2      9.169     -6.346      3.884
  -1   -2     13.637      1.939     -6.226
  -1   -2      3.472     -1.161      1.215
  -1   -2      9.169     -6.346      3.884
  -1   -2     13.637      1.939     -6.226
  -1   -2      3.472     -1.161      1.215
  -1   -2      9.169     -6.346      3.884
  -1   -2     13.637      1.939     -6.226
  -1   -2      3.472     -1.161      1.215
  -1   -2      9.169     -6.346      3.884
  -1   -2     13.637      1.939     -6.226
  -1   -2      3.472     -1.161      1.215
  -1   -2      9.169     -6.346      3.884
  -1   -2     13.637      1.939     -6.226
  74  248      3.472     -1.161      1.215
  -1   -2      9.169     -6.346      3.884
  -1   -2     13.637      1.939     -6.226
  -1   -2      9.169     -6.346      3.884
  -1   -2     13.637      1.939     -6.226
  -1   -2      9.169     -6.346      3.884
  -1   -2     13.637      1.939     -6.226
  -1   -2      9.169     -6.346      3.884
  -1   -2      9.169     -6.346      3.884
  -1   -2      9.169     -6.346      3.884
  -1   -2      9.169     -6.346      3.884
  -1   -2      9.169     -6.346      3.884
  -1   -2      9.169     -6.346      3.884
  -1   -2      9.169     -6.346      3.884
  -1   -2      9.169     -6.346      3.884
  -1   -2      9.169     -6.346      3.884
  -1   -2      9.169     -6.346      3.884
  -1   -2      9.169     -6.346      3.884
  -1   -2      9.169     -6.346      3.884
  -1   -2      9.169     -6.346      3.884
  -1   -2      9.169     -6.346      3.884
  -1   -2      9.169     -6.346      3.884
  -1   -2      9.169     -6.346      3.884
   7   -2      9.169     -6.346      3.884
