287
  98   -2     -4.669     -7.422     -0.956
  89   40      9.731     -7.900      1.438
  -1   -2      9.174     -6.347      3.874
  -1    2     16.329     -4.564     -9.519
  99    4     11.636     -8.226     -4.363
  -1   -2     -4.459     -6.943      6.471
  11   12     13.206     -3.832      4.305
  12    7     17.353     -5.964     -0.658
  31   17      4.704     -7.727      4.360
  -1   -2     12.098     -5.522      3.552
  58   77     14.608      0.499     -5.061
  40   -2      6.664     -9.081      8.296
  35   -2     14.620     -5.017     -5.901
 271    6     10.982     -2.659      3.917
  -1   34     19.444     -6.424     -4.858
  -1   -2     13.989      1.381     -3.417
   6   -2     -3.373     -9.654     -1.077
  19  285      6.983     -5.302      5.877
  48   20     -0.545     -8.768     -7.039
  23   -2     14.134     -7.186      7.819
  -1   -2      4.312     -5.503      8.246
  24   19      7.981     -5.853      9.697
  -1   21      4.423     -7.589     10.296
  73   23     18.057     -9.870     -4.198
  -1   22     20.048    -10.454     -6.953
  -1   -2     12.543     -3.849     -4.915
  59   -2     17.792     -4.231     -0.663
   1   -2      3.452    -11.047      1.003
  37   14      5.201     -6.082      3.814
  33   27     -0.112     -3.695     -9.655
  39   28     -5.799     -6.900    -10.226
   8   29      9.154     -7.489      2.760
 125   -2     -6.321     -9.130     -8.108
  43   33    -11.557     -9.726     -7.933
  -1   35     -0.794    -10.308     -4.405
  41   -2     -5.483    -10.325     -3.030
  95   -2     18.064     -9.119     -2.988
  22    9      6.453     -7.356      9.584
  17   -2     18.562     -6.167     -2.929
  -1   32      3.016     -8.841      4.853
  29   25     -0.530     -9.005      6.180
  85   31     19.833     -7.988     -3.293
  50   39      2.030    -10.185      9.012
  -1   -2     14.860    -10.014     -7.194
  52   43     14.576     -4.271      7.777
  -1   44     -2.276     -8.802     -9.244
  -1   15     13.967     -0.180     -3.452
  26   46      4.696     -7.388     10.057
  -1   -2     10.825     -3.149     -6.760
  -1   -2     -9.509     -0.711     -7.600
   5   48      2.926     -9.406     10.128
  60   51      2.369    -10.829     -0.362
  -1   -2     13.635      1.940     -6.219
  32   18     13.030     -8.916      9.983
  62   53      8.959      0.879     -9.745
  -1   -2      3.473     -1.162      1.215
  64  272      8.427     -2.489     10.291
  -1   -2     19.734      2.431     -2.586
  -1   -2      4.520      1.484      1.253
  -1   59     14.473    -10.495     -7.151
  -1   -2      7.463     -3.237      8.367
  74   61     -1.833      1.234     -8.139
  53   -2     -7.079     -5.922      5.775
 112   -2     -4.013     -5.127      2.155
  -1   60     -7.423    -10.094     -9.853
  46   -2      7.893     -7.354      8.967
  -1   -2     16.917    -10.510     -7.268
  75   64    -10.077    -10.557     -4.999
  -1   -2     14.833     -9.104      1.740
  77   68     21.440     -1.458    -10.193
  -1   42     16.951    -10.254    -11.004
  76   69      9.395     -7.138      7.672
  -1  105     -0.758     -2.749      5.796
  -1  255     13.530      4.275     -5.972
  72   71     -4.517     -5.164      5.259
 109   13     16.919     -1.424     -3.706
  82   75      6.059     -2.410     -3.163
  -1    1      6.493     -6.845     10.948
  -1    5     -1.377     -9.948      9.158
  -1   -2     11.491    -10.532     -1.852
  90   78     -2.536     -0.959    -11.404
  -1   -2     17.245     -1.082     -2.456
  -1   73     -7.733    -11.377     -8.999
  92   86      6.969     -4.264     -2.299
  93   16      9.357      0.280      9.927
  -1   -2     19.717     -2.550     -5.628
  96   -2     18.733      1.430     -6.117
  71   72     17.518      3.792    -11.729
  -1   -2      9.549     -8.842      6.697
  94   -2      8.013     -3.500     -3.472
  57   30     -8.415     -4.498     -8.460
  -1   -2     13.863     -9.467     -1.662
  -1   91     14.656     -8.119      9.453
  -1   92    -10.249     -6.090     -3.851
  -1   26      0.866     -9.782      8.421
  -1   -2     -4.629     -7.421     -0.950
   0   95     -4.629     -7.421     -0.950
  -1   -2      9.174     -6.347      3.874
  -1   -2     -4.463     -6.944      6.393
  -1  154     19.467     -6.406     -5.013
  34    8     13.801      1.394     -2.956
  -1  122     10.825     -3.149     -6.760
  83  157     15.287     -9.212      3.346
  -1   -2     13.635      1.940     -6.219
  -1  230     -9.509     -0.711     -7.600
  -1   -2      3.473     -1.162      1.215
  -1  286     19.734      2.431     -2.586
  -1   -2      4.520      1.484      1.253
  -1   -2      7.463     -3.237      8.367
  -1   -2     -0.758     -2.749      5.796
  -1   -2     11.491    -10.532     -1.852
 101  108     -4.483     -6.930      6.551
  -1   -2      9.174     -6.347      3.874
  -1   -2     10.825     -3.149     -6.760
  -1   -2     -9.509     -0.711     -7.600
  -1   -2     13.635      1.940     -6.219
  -1   -2      3.473     -1.162      1.215
  -1   -2     19.734      2.431     -2.586
  -1   -2      7.463     -3.237      8.367
  -1   -2      4.520      1.484      1.253
  -1   -2     -0.758     -2.749      5.796
  -1   -2     11.491    -10.532     -1.852
  -1   -2     16.270     -4.555     -9.468
  -1   -2      9.174     -6.347      3.874
  -1   -2     19.467     -6.406     -5.013
  56   -2     10.825     -3.149     -6.760
  -1   -2     13.635      1.940     -6.219
  -1   -2     -9.509     -0.711     -7.600
  -1   -2      3.473     -1.162      1.215
  -1   -2     19.734      2.431     -2.586
  -1   -2      4.520      1.484      1.253
  -1   -2      7.463     -3.237      8.367
  -1   -2     -0.758     -2.749      5.796
 135  137     11.491    -10.532     -1.852
  -1   -2      9.174     -6.347      3.874
  -1   -2     16.270     -4.555     -9.468
  -1   -2     -9.509     -0.711     -7.600
  -1   -2     13.635      1.940     -6.219
  -1   -2      3.473     -1.162      1.215
  -1   -2     19.734      2.431     -2.586
  -1   -2      4.520      1.484      1.253
  -1   -2      7.463     -3.237      8.367
 123   74     -0.758     -2.749      5.796
  -1   -2      9.174     -6.347      3.874
 102   -2     16.421     -4.556     -9.744
  -1   -2     -9.509     -0.711     -7.600
  -1   -2     13.635      1.940     -6.219
  44   -2     15.287     -9.212      3.346
  -1   -2      3.473     -1.162      1.215
  -1   -2     19.734      2.431     -2.586
  -1   -2      4.520      1.484      1.253
  -1   -2      7.463     -3.237      8.367
  -1   -2      9.174     -6.347      3.874
  -1   -2     -9.509     -0.711     -7.600
  -1   -2     13.635      1.940     -6.219
  -1   -2      3.473     -1.162      1.215
  -1   -2     19.734      2.431     -2.586
  -1   -2      4.520      1.484      1.253
  -1   -2      7.463     -3.237      8.367
  -1   -2      9.174     -6.347      3.874
 153   -2     19.467     -6.406     -5.013
  -1   -2     -9.509     -0.711     -7.600
  -1   -2     13.635      1.940     -6.219
  -1   -2      3.473     -1.162      1.215
  -1   -2     19.734      2.431     -2.586
  -1   -2      4.520      1.484      1.253
  -1   -2      7.463     -3.237      8.367
  -1   -2      9.174     -6.347      3.874
  -1   -2     -9.509     -0.711     -7.600
  -1   -2     13.635      1.940     -6.219
  -1   -2      3.473     -1.162      1.215
  -1   -2     19.734      2.431     -2.586
  -1   -2      7.463     -3.237      8.367
 166   -2      4.520      1.484      1.253
  -1   -2      9.174     -6.347      3.874
  -1   -2     -9.509     -0.711     -7.600
  -1   -2     13.635      1.940     -6.219
  -1   -2      3.473     -1.162      1.215
  -1   -2     19.734      2.431     -2.586
  -1   -2      7.463     -3.237      8.367
  -1   -2      9.174     -6.347      3.874
  -1   -2     13.635      1.940     -6.219
  -1   -2     -9.509     -0.711     -7.600
  -1   -2      3.473     -1.162      1.215
  -1   -2     19.734      2.431     -2.586
  -1   -2      7.463     -3.237      8.367
  -1   -2      9.174     -6.347      3.874
  -1   -2     -9.509     -0.711     -7.600
  -1   -2     13.635      1.940     -6.219
  -1   -2      3.473     -1.162      1.215
  -1   -2     19.734      2.431     -2.586
  -1   -2      7.463     -3.237      8.367
  -1   -2      9.174     -6.347      3.874
  -1   -2     -9.509     -0.711     -7.600
  -1   -2     13.635      1.940     -6.219
  -1   -2      3.473     -1.162      1.215
  -1   -2     19.734      2.431     -2.586
  -1   -2      7.463     -3.237      8.367
  -1   -2      9.174     -6.347      3.874
  -1   -2     -9.509     -0.711     -7.600
  -1   -2     13.635      1.940     -6.219
  -1   -2      3.473     -1.162      1.215
  -1   -2     19.734      2.431     -2.586
  -1   -2      7.463     -3.237      8.367
  -1   -2      9.174     -6.347      3.874
  -1   -2     -9.509     -0.711     -7.600
  -1   -2     13.635      1.940     -6.219
  -1   -2      3.473     -1.162      1.215
  -1   -2     19.734      2.431     -2.586
  -1   -2      7.463     -3.237      8.367
  -1   -2      9.174     -6.347      3.874
  -1   -2     13.635      1.940     -6.219
  -1   -2     -9.509     -0.711     -7.600
  -1   -2      3.473     -1.162      1.215
  -1   -2     19.734      2.431     -2.586
  -1   -2      7.463     -3.237      8.367
  -1   -2      9.174     -6.347      3.874
  -1   -2     -9.509     -0.711     -7.600
  -1   -2     13.635      1.940     -6.219
  -1   -2      3.473     -1.162      1.215
  -1   -2     19.734      2.431     -2.586
  -1   -2      7.463     -3.237      8.367
  -1   -2      9.174     -6.347      3.874
  -1   -2     -9.509     -0.711     -7.600
  -1   -2     13.635      1.940     -6.219
  -1   -2      3.473     -1.162      1.215
  -1   -2     19.734      2.431     -2.586
  -1   -2      7.463     -3.237      8.367
  -1   -2      9.174     -6.347      3.874
  -1   -2     -9.509     -0.711     -7.600
  -1   -2     13.635      1.940     -6.219
  -1   -2      3.473     -1.162      1.215
  -1   -2     19.734      2.431     -2.586
  -1   -2      7.463     -3.237      8.367
  -1   -2      9.174     -6.347      3.874
 229   -2     -9.509     -0.711     -7.600
  -1   -2     13.635      1.940     -6.219
  -1   -2      3.473     -1.162      1.215
  -1   -2     19.734      2.431     -2.586
  -1   -2      7.463     -3.237      8.367
  -1   -2      9.174     -6.347      3.874
 110  232      3.473     -1.162      1.215
  -1   -2     19.734      2.431     -2.586
  -1   -2      7.463     -3.237      8.367
  -1   -2      9.174     -6.347      3.874
  -1   -2     19.734      2.431     -2.586
  -1   -2      7.463     -3.237      8.367
  -1   -2      9.174     -6.347      3.874
  -1   -2     19.734      2.431     -2.586
  -1   -2      7.463     -3.237      8.367
  -1   -2      9.174     -6.347      3.874
  -1   -2     19.734      2.431     -2.586
  -1   -2      7.463     -3.237      8.367
  -1   -2      9.174     -6.347      3.874
  -1   -2     19.734      2.431     -2.586
  -1   -2      7.463     -3.237      8.367
  -1   -2      9.174     -6.347      3.874
  -1   -2     19.734      2.431     -2.586
  -1   -2      7.463     -3.237      8.367
  -1   -2      9.174     -6.347      3.874
  -1   -2     19.734      2.431     -2.586
  -1   -2      9.174     -6.347      3.874
  -1   -2     19.734      2.431     -2.586
  -1   -2      9.174     -6.347      3.874
  -1   -2     19.734      2.431     -2.586
  -1   -2      9.174     -6.347      3.874
  -1   -2     19.734      2.431     -2.586
  -1   -2     19.734      2.431     -2.586
  -1   -2      9.174     -6.347      3.874
  -1   -2     19.734      2.431     -2.586
  -1   -2      9.174     -6.347      3.874
  -1   -2     19.734      2.431     -2.586
  -1   -2      9.174     -6.347      3.874
  -1   -2     19.734      2.431     -2.586
  -1   -2      9.174     -6.347      3.874
  -1   -2     19.734      2.431     -2.586
  -1   -2      9.174     -6.347      3.874
  -1   -2     19.734      2.431     -2.586
  21   -2      9.174     -6.347      3.874
  -1   -2     19.734      2.431     -2.586
  -1   -2     19.734      2.431     -2.586
  -1   -2     19.734      2.431     -2.586
  -1   -2     19.734      2.431     -2.586
  -1   -2     19.734      2.431     -2.586
  -1   -2     19.734      2.431     -2.586
  -1   -2     19.734      2.431     -2.586
  -1  102     19.734      2.431     -2.586
