236
   3   -2     18.346     -5.170     -1.149
   5   -2      9.752     -7.893      1.411
  -1   -2     -3.537     -9.747      3.436
  -1   -2     -4.474     -6.941      6.447
  93   -2     17.812     -9.753     -3.438
  -1   54      0.738     -9.491      1.964
 115   -2    -11.307    -10.543    -10.069
  -1   59     11.665     -8.225     -4.334
  -1   50      9.168     -6.346      3.890
  60   27     -4.353     -9.955     -3.644
  -1   14      2.856     -8.935      4.711
  10   19     13.208     -3.830      4.310
 113   40     17.352     -5.963     -0.652
  84   39     -5.255     -6.083     -5.504
  63   58      7.890     -7.362      8.978
  18   -2     12.098     -5.520      3.552
  61   -2     14.605      0.500     -5.048
  16   57      4.776     -7.404      8.224
  53   -2      4.707     -7.724      4.370
  21   23     19.449     -6.422     -4.870
  31   -2     20.002    -10.554     -6.802
  96   10     14.624     -5.013     -5.887
  47    0     -0.698     -8.848     -4.701
  20   26     16.530     -4.507    -10.029
  12   16     -2.869     -9.782      0.013
  -1   15     10.988     -2.663      3.904
  86   24      6.976     -5.304      5.867
  25    1      6.188     -8.986      9.552
  30   35      4.311     -5.503      8.239
  -1  237     13.990      1.383     -3.417
  33   33      7.977     -5.850      9.686
  32   -2     14.133     -7.187      7.821
 104   76     -7.192    -10.029    -10.261
  -1   -2     17.790     -4.227     -0.653
  42   55     -1.750     -8.783     -7.788
 110   -2     14.750    -10.348     -5.752
  -1   -2     -0.103     -3.694     -9.622
  13   56     -7.956     -6.046      3.404
  57   49     -5.697     -9.166     -6.444
  -1   63     12.544     -3.846     -4.914
 121   -2      7.537     -7.766      7.968
  38   -2     -5.793     -6.900    -10.205
  -1   -2      4.061     -8.269      8.329
  76   -2     -9.455     -9.391     -0.221
  -1   -2     -0.629     -6.003      5.983
  43   30     18.064     -9.121     -2.983
  51  122     12.886     -8.873      9.862
  37   46     11.607     -9.242      0.426
  -1   -2     10.300     -7.802      9.780
  48   45     16.643    -10.460      1.614
 120    3     18.555     -6.158     -2.913
  22   -2     16.177     -0.964     -8.700
  41   83     -0.431     -8.177      6.355
  44    2      6.884     -8.379     -3.321
  -1   -2     16.876     -8.269      3.939
  66   -2      4.864     -8.068      9.522
  -1   -2    -11.683     -9.778     -8.216
  58   91     -7.419     -3.920      7.009
  40   -2     -3.784     -8.650     -9.619
  88   89     18.787    -11.100     -3.770
  54   60     -0.316     -6.854      5.289
  -1   17     17.688     -6.199     -6.172
  89  102     21.027    -10.131     -4.835
  45   53     16.464     -7.281      3.203
  59   -2      6.976     -6.676      7.872
 105   82     -9.202     -8.760     -5.059
  56   62     -8.930     -8.326      3.981
  -1   -2     13.975     -0.183     -3.468
  24   18     -6.522     -7.782     -1.463
  23   -2     -1.164    -10.175      0.039
  -1   32     13.626     -8.046      6.019
  -1  200     10.835     -3.152     -6.732
  -1   -2     -9.884     -9.832     -8.076
  -1   -2     -9.508     -0.709     -7.586
  73   -2     11.717     -5.202     -5.315
  90   22     13.634      1.939     -6.218
  -1   74      8.959      0.880     -9.748
  -1   -2      3.470     -1.161      1.215
 217  218     19.733      2.431     -2.582
  -1   21      9.511     -9.896      5.736
  -1   20     -9.380    -10.626     -2.718
  -1   -2     11.592     -9.570      3.571
  -1   -2      3.402    -10.549      9.958
  -1   -2     12.067    -10.304      7.477
  28   86     17.610    -10.256     -4.563
  85   85     -1.832      1.233     -8.136
  -1   -2      7.464     -3.235      8.369
 141   44      2.011     -0.857     -9.098
  -1   -2      4.519      1.485      1.249
  99   80     13.492    -10.226     -6.139
 133  110     -4.010     -5.129      2.149
  -1    8     15.324     -9.333      3.468
  92   90     21.448     -1.456    -10.216
  -1   -2     -4.516     -5.165      5.263
  98   98      6.062     -2.410     -3.160
  -1    6     13.209     -9.741     10.366
 144    5     -0.755     -2.750      5.789
 237   94     13.530      4.274     -5.973
 129   25     17.237     -1.079     -2.489
 101  101     -2.522     -0.960    -11.381
   0   48      2.938    -10.352     -4.410
  80  100     12.167    -10.498     -3.838
  -1    9     10.744     -6.557      0.428
  -1   77     17.513      3.790    -11.720
  -1   69     -6.482    -11.126     -5.959
  -1   -2     -5.072     -7.322      7.078
  67  106     -8.417     -4.495     -8.468
 111  107      8.014     -3.500     -3.474
  29  108      9.359      0.281      9.924
  -1    4    -11.117     -9.002     -5.681
  -1   31      8.435     -9.445      3.699
  -1   -2      4.653     -6.274      2.312
  -1   43     19.321     -7.749     -7.009
  -1   -2    -12.600     -9.764     -7.658
  -1   -2      5.569     -8.216     10.986
  -1   -2     -4.474     -6.941      6.447
  -1   -2     -9.508     -0.709     -7.586
  -1   -2     10.835     -3.152     -6.732
  -1   -2     13.634      1.939     -6.218
  -1   -2      8.959      0.880     -9.748
  -1   -2      3.470     -1.161      1.215
  -1   -2     19.733      2.431     -2.582
  -1   -2      4.519      1.485      1.249
  -1   -2      2.011     -0.857     -9.098
  -1   -2      7.464     -3.235      8.369
  -1   -2     -4.010     -5.129      2.149
  -1   -2     -0.755     -2.750      5.789
 145  147     -4.474     -6.941      6.447
  34  128     13.804      1.392     -2.959
  -1   -2     10.835     -3.152     -6.732
  -1   -2     -9.508     -0.709     -7.586
  -1   -2     13.634      1.939     -6.218
  -1   -2      8.959      0.880     -9.748
 127  132      3.470     -1.161      1.215
  -1   -2     19.733      2.431     -2.582
  -1   -2      2.011     -0.857     -9.098
  -1   -2      7.464     -3.235      8.369
  81   -2     12.067    -10.304      7.477
  -1   -2      4.519      1.485      1.249
  91   65     -4.010     -5.129      2.149
  -1   -2     10.835     -3.152     -6.732
  -1   -2     -9.508     -0.709     -7.586
  -1   -2     13.634      1.939     -6.218
  -1   -2      8.959      0.880     -9.748
  -1   -2     19.733      2.431     -2.582
  -1   -2      4.519      1.485      1.249
  87  144      2.011     -0.857     -9.098
  -1   -2     10.835     -3.152     -6.732
  -1   -2     -9.508     -0.709     -7.586
  -1   -2     13.634      1.939     -6.218
  -1   -2      8.959      0.880     -9.748
  -1   -2     19.733      2.431     -2.582
  -1   -2      4.519      1.485      1.249
  -1   -2     -9.508     -0.709     -7.586
  -1   -2     13.634      1.939     -6.218
  -1   -2     10.835     -3.152     -6.732
 155  119      8.959      0.880     -9.748
  -1   -2     19.733      2.431     -2.582
  -1   -2      4.519      1.485      1.249
  -1   -2     10.835     -3.152     -6.732
  -1   -2     -9.508     -0.709     -7.586
  -1   -2     13.634      1.939     -6.218
  -1   -2     19.733      2.431     -2.582
 132  159      4.519      1.485      1.249
  -1   -2     10.835     -3.152     -6.732
  -1   -2     -9.508     -0.709     -7.586
  -1   -2     13.634      1.939     -6.218
  -1   -2     19.733      2.431     -2.582
  -1   -2     -9.508     -0.709     -7.586
  -1   -2     13.634      1.939     -6.218
  -1   -2     10.835     -3.152     -6.732
  -1   -2     19.733      2.431     -2.582
  70  173     -9.508     -0.709     -7.586
  -1   -2     13.634      1.939     -6.218
  -1   -2     10.835     -3.152     -6.732
  -1   -2     19.733      2.431     -2.582
  -1   -2     10.835     -3.152     -6.732
  -1   -2     13.634      1.939     -6.218
  -1   -2     19.733      2.431     -2.582
  -1   -2     13.634      1.939     -6.218
  -1   -2     10.835     -3.152     -6.732
  -1   -2     19.733      2.431     -2.582
  -1   -2     10.835     -3.152     -6.732
  -1   -2     13.634      1.939     -6.218
  -1   -2     19.733      2.431     -2.582
  -1   -2     10.835     -3.152     -6.732
  -1   -2     13.634      1.939     -6.218
  -1   -2     19.733      2.431     -2.582
  -1   -2     10.835     -3.152     -6.732
  -1   -2     13.634      1.939     -6.218
  -1   -2     19.733      2.431     -2.582
  -1   -2     10.835     -3.152     -6.732
  -1   -2     13.634      1.939     -6.218
  -1   -2     19.733      2.431     -2.582
  -1   -2     10.835     -3.152     -6.732
  -1   -2     13.634      1.939     -6.218
  -1   -2     19.733      2.431     -2.582
  -1   -2     10.835     -3.152     -6.732
  -1   -2     13.634      1.939     -6.218
  -1   -2     19.733      2.431     -2.582
 199   -2     10.835     -3.152     -6.732
  -1   -2     13.634      1.939     -6.218
  -1   -2     19.733      2.431     -2.582
  -1   -2     13.634      1.939     -6.218
  -1   -2     19.733      2.431     -2.582
  -1   -2     13.634      1.939     -6.218
  -1   -2     19.733      2.431     -2.582
  -1   -2     13.634      1.939     -6.218
  -1   -2     19.733      2.431     -2.582
  -1   -2     13.634      1.939     -6.218
  -1   -2     19.733      2.431     -2.582
  -1   -2     13.634      1.939     -6.218
  -1   -2     19.733      2.431     -2.582
  -1   -2     13.634      1.939     -6.218
  -1   -2     19.733      2.431     -2.582
  -1   -2     13.634      1.939     -6.218
  -1   -2     19.733      2.431     -2.582
  -1   -2     13.634      1.939     -6.218
  78   -2     19.733      2.431     -2.582
  -1   -2     13.634      1.939     -6.218
  -1   -2     13.634      1.939     -6.218
  -1   -2     13.634      1.939     -6.218
  -1   -2     13.634      1.939     -6.218
  -1   -2     13.634      1.939     -6.218
  -1   -2     13.634      1.939     -6.218
  -1   -2     13.634      1.939     -6.218
  -1   -2     13.634      1.939     -6.218
  -1   -2     13.634      1.939     -6.218
  -1   -2     13.634      1.939     -6.218
  -1   -2     13.634      1.939     -6.218
  -1   -2     13.634      1.939     -6.218
  -1   -2     13.634      1.939     -6.218
  -1   -2     13.634      1.939     -6.218
  -1   -2     13.634      1.939     -6.218
  -1   -2     13.634      1.939     -6.218
  74   96     13.634      1.939     -6.218
