288
   0   -2      9.729     -7.901      1.443
  65   38     16.631     -8.322      4.219
  -1   -2      2.695     -9.460      9.510
   5  101     -2.404    -10.605     -0.132
   1    6     16.322     -4.565     -9.499
  20    1     16.169     -3.137     -8.709
   4   -2     16.460     -2.625     -7.456
  -1   31      9.172     -6.349      3.880
  -1   -2     -4.460     -6.943      6.470
  51   -2     11.639     -8.226     -4.371
  13   11      9.095     -1.666     -9.548
  37   -2     11.098     -9.334      0.557
  -1   27      8.772    -10.211      5.834
  11   -2     17.351     -5.963     -0.648
  14   13     13.206     -3.833      4.304
  -1   14     12.096     -5.521      3.556
  83   74     14.607      0.497     -5.056
  31   -2      4.704     -7.728      4.357
  87   17      4.777     -7.407      8.226
  -1   34     19.440     -6.422     -4.849
  86   10     14.618     -5.017     -5.913
  18   -2     10.978     -2.664      3.929
  39   -2     10.701     -8.588      2.838
 122   16     13.986      1.381     -3.407
  -1   15      4.310     -5.505      8.239
  22   -2      6.978     -5.304      5.870
  -1   67     16.963     -8.965     -3.917
  50   88      6.447     -9.209      8.888
  -1   23      7.980     -5.852      9.691
  -1   85     -2.276    -10.185      2.147
  35   -2     15.906     -2.531     -8.378
 114   22     12.549     -3.848     -4.933
  32   39     14.133     -7.185      7.819
  33   30    -10.045    -10.623     -5.153
  30   -2     -5.805     -6.897    -10.241
  38   29     -0.105     -3.697     -9.629
  -1   44     13.946     -5.698    -10.765
  23   26     -6.325     -9.131     -8.116
  57   36     16.538    -10.257     -9.965
 105   -2      9.155     -7.490      2.755
 111   -2      3.025     -8.841      4.870
  44   72    -11.555     -9.727     -7.932
   3   41      2.032    -10.186      9.017
  48   58      6.447     -7.357      9.572
 159   -2     18.556     -6.152     -2.909
  77   83     17.951     -3.604     -0.557
  82   -2      4.762     -6.205      2.510
 102   -2     17.844     -7.669      2.523
   8    0     10.952     -8.061     -1.076
  73   -2     15.808     -8.562     -1.738
  75   33     -0.318     -6.856      5.271
  53   37      3.660     -7.606      7.824
  55   45     14.580     -4.272      7.776
  12   -2     18.308     -9.342     -9.052
  -1   -2     -8.926     -8.325      3.964
  -1   -2      0.525     -8.912     -0.970
  88   -2     -0.782     -8.214      7.371
  26   -2      7.190     -9.728      6.547
  -1   47     10.823     -3.149     -6.779
  -1  105     14.396    -11.045      3.288
  -1    5     20.495     -6.806     -2.585
  -1   -2     -9.508     -0.710     -7.597
  -1   65     14.133    -10.909     -0.239
  -1   32     15.291     -9.228      3.348
  66   -2     20.306     -8.329      5.911
  -1   -2     13.635      1.938     -6.225
  -1   24      2.364    -10.830     -0.388
  -1  130      2.412    -10.776      4.537
 103   56      4.819    -10.272      1.055
  -1  110      8.958      0.878     -9.743
  -1   -2      3.470     -1.159      1.213
  -1   59     19.733      2.431     -2.582
 255   25     12.336     -0.399     -6.673
  -1    8      8.426     -2.490     10.296
  -1   -2     14.472    -10.495     -7.146
  -1   -2      4.519      1.486      1.252
  71   70     -1.833      1.233     -8.139
  -1  126     -7.077     -5.923      5.780
  -1   -2     18.044    -10.023     -2.823
  -1   42     14.756    -10.163     -7.870
  -1   -2     -8.686     -9.518      0.604
  -1   -2     -4.010     -5.129      2.140
  -1   12     19.244     -4.361     -6.193
  81   76     21.450     -1.457    -10.217
  -1   78      9.396     -7.142      7.675
  90    3     16.919     -1.424     -3.700
  -1   81     -0.753     -2.752      5.798
  84  103     -4.510     -5.167      5.279
  -1  251     13.530      4.275     -5.975
  72   92      6.061     -2.411     -3.166
  93   89     -2.537     -0.958    -11.401
  46   -2     -1.374     -9.948      9.157
  -1   -2     17.237     -1.082     -2.479
  -1   -2     10.744     -6.557      0.426
  -1   -2     10.674     -4.177      4.665
  85   -2      6.971     -4.266     -2.288
  98   43      9.362      0.281      9.943
  -1   95     18.568     -8.884     -6.856
  -1   19      6.281     -5.058      4.932
 106   93     -5.077     -7.323      7.086
  95   90     17.515      3.791    -11.723
  -1   40      9.588     -9.317     11.259
  -1   28     14.624     -0.691      6.868
 110   35     -8.425     -4.497     -8.494
 104   98     17.892     -6.200     -6.666
  -1    2      0.871     -9.783      8.430
  -1   63     18.582     -3.484     10.020
  -1   -2      9.172     -6.349      3.880
   7   -2     16.407     -4.561     -9.707
  -1   -2     -4.460     -6.943      6.470
  -1   -2     19.369     -6.439     -4.690
  58   -2     15.291     -9.228      3.348
  -1   91     -9.508     -0.710     -7.597
  -1   -2     13.635      1.938     -6.225
  -1   -2      2.412    -10.776      4.537
  -1   -2      8.958      0.878     -9.743
  -1   -2      3.470     -1.159      1.213
  78  113     -8.686     -9.518      0.604
  -1   -2      4.519      1.486      1.252
  -1   -2     -4.010     -5.129      2.140
  -1   -2     -0.753     -2.752      5.798
  -1   -2      9.172     -6.349      3.880
  -1   -2     -4.460     -6.943      6.470
  -1   -2     19.369     -6.439     -4.690
 108   -2     13.793      1.391     -2.931
  -1   -2     -9.508     -0.710     -7.597
  -1   -2     13.635      1.938     -6.225
  -1   -2      8.958      0.878     -9.743
  -1   -2      3.470     -1.159      1.213
  -1   -2      4.519      1.486      1.252
  -1   -2     -4.010     -5.129      2.140
  -1   -2     -0.753     -2.752      5.798
  -1   -2      9.172     -6.349      3.880
  -1   -2     -4.460     -6.943      6.470
  -1   -2     19.369     -6.439     -4.690
  -1   -2     -9.508     -0.710     -7.597
  -1   -2     13.635      1.938     -6.225
 137   -2      8.958      0.878     -9.743
  -1   -2      3.470     -1.159      1.213
  -1   -2      4.519      1.486      1.252
  -1   -2     -4.010     -5.129      2.140
  -1   -2     -0.753     -2.752      5.798
  -1   -2      9.172     -6.349      3.880
  -1   -2     19.369     -6.439     -4.690
  -1   -2     13.635      1.938     -6.225
  -1   -2     -9.508     -0.710     -7.597
  -1   -2      3.470     -1.159      1.213
  -1   -2      4.519      1.486      1.252
  -1   -2     -4.010     -5.129      2.140
  -1   -2     -0.753     -2.752      5.798
  -1   -2      9.172     -6.349      3.880
  -1   -2     19.369     -6.439     -4.690
  -1   -2     13.635      1.938     -6.225
  -1   -2     -9.508     -0.710     -7.597
  -1   -2      3.470     -1.159      1.213
  -1   -2      4.519      1.486      1.252
  -1   -2     -4.010     -5.129      2.140
 141  114     -0.753     -2.752      5.798
  -1   -2      9.172     -6.349      3.880
  -1   -2     19.369     -6.439     -4.690
  -1   -2     -9.508     -0.710     -7.597
  -1   -2     13.635      1.938     -6.225
  -1   -2      3.470     -1.159      1.213
  -1   -2     -4.010     -5.129      2.140
  -1   -2      4.519      1.486      1.252
  -1   -2      9.172     -6.349      3.880
 107  158     19.369     -6.439     -4.690
  -1   -2     -9.508     -0.710     -7.597
  -1   -2     13.635      1.938     -6.225
  -1   -2      3.470     -1.159      1.213
  -1   -2      4.519      1.486      1.252
  -1   -2     -4.010     -5.129      2.140
  -1   -2      9.172     -6.349      3.880
  -1   -2     -9.508     -0.710     -7.597
  -1   -2     13.635      1.938     -6.225
  -1   -2      3.470     -1.159      1.213
  -1   -2      4.519      1.486      1.252
  -1   -2     -4.010     -5.129      2.140
  -1   -2      9.172     -6.349      3.880
 120   -2     -4.460     -6.943      6.470
  -1   -2     -9.508     -0.710     -7.597
  -1   -2     13.635      1.938     -6.225
  -1   -2      3.470     -1.159      1.213
  -1   -2      4.519      1.486      1.252
  -1   -2     -4.010     -5.129      2.140
  -1   -2      9.172     -6.349      3.880
  -1   -2     -9.508     -0.710     -7.597
  -1   -2     13.635      1.938     -6.225
  -1   -2      3.470     -1.159      1.213
  -1   -2      4.519      1.486      1.252
  -1   -2      9.172     -6.349      3.880
  -1   -2     -9.508     -0.710     -7.597
  -1   -2     13.635      1.938     -6.225
  -1   -2      3.470     -1.159      1.213
  -1   -2      4.519      1.486      1.252
  -1   -2      9.172     -6.349      3.880
  -1   -2     -9.508     -0.710     -7.597
  -1   -2     13.635      1.938     -6.225
  -1   -2      3.470     -1.159      1.213
  -1   -2      4.519      1.486      1.252
  -1   -2      9.172     -6.349      3.880
  -1   -2     -9.508     -0.710     -7.597
  -1   -2     13.635      1.938     -6.225
  -1   -2      3.470     -1.159      1.213
  -1   -2      4.519      1.486      1.252
  -1   -2      9.172     -6.349      3.880
  -1   -2     13.635      1.938     -6.225
  -1   -2     -9.508     -0.710     -7.597
  -1   -2      3.470     -1.159      1.213
  -1   -2      4.519      1.486      1.252
  -1   -2      9.172     -6.349      3.880
  -1   -2     -9.508     -0.710     -7.597
  -1   -2     13.635      1.938     -6.225
  -1   -2      3.470     -1.159      1.213
  -1   -2      4.519      1.486      1.252
  -1   -2      9.172     -6.349      3.880
  -1   -2     -9.508     -0.710     -7.597
  -1   -2     13.635      1.938     -6.225
  -1   -2      3.470     -1.159      1.213
  -1   -2      4.519      1.486      1.252
  -1   -2      9.172     -6.349      3.880
  -1   -2     -9.508     -0.710     -7.597
  -1   -2     13.635      1.938     -6.225
  -1   -2      3.470     -1.159      1.213
  -1   -2      4.519      1.486      1.252
  -1   -2      9.172     -6.349      3.880
  -1   -2     -9.508     -0.710     -7.597
  -1   -2     13.635      1.938     -6.225
  -1   -2      3.470     -1.159      1.213
  63  228      4.519      1.486      1.252
  -1   -2      9.172     -6.349      3.880
  -1   -2     -9.508     -0.710     -7.597
  -1   -2     13.635      1.938     -6.225
  -1   -2      3.470     -1.159      1.213
  -1   -2      9.172     -6.349      3.880
  -1   -2     -9.508     -0.710     -7.597
  -1   -2     13.635      1.938     -6.225
  -1   -2      3.470     -1.159      1.213
  -1   -2      9.172     -6.349      3.880
  -1   -2     -9.508     -0.710     -7.597
  -1   -2     13.635      1.938     -6.225
  -1   -2      3.470     -1.159      1.213
  -1   -2      9.172     -6.349      3.880
  -1   -2     -9.508     -0.710     -7.597
  -1   -2     13.635      1.938     -6.225
  -1   -2      3.470     -1.159      1.213
  -1   -2      9.172     -6.349      3.880
  -1   -2     -9.508     -0.710     -7.597
  -1   -2     13.635      1.938     -6.225
  -1   -2      3.470     -1.159      1.213
  -1   -2      9.172     -6.349      3.880
  -1   -2     -9.508     -0.710     -7.597
  -1   -2     13.635      1.938     -6.225
  -1   -2      3.470     -1.159      1.213
  -1   -2      9.172     -6.349      3.880
  -1   -2     13.635      1.938     -6.225
  -1   -2     -9.508     -0.710     -7.597
  -1   -2      3.470     -1.159      1.213
  -1   -2      9.172     -6.349      3.880
  -1   -2     -9.508     -0.710     -7.597
  -1   -2     13.635      1.938     -6.225
  69  261      3.470     -1.159      1.213
  -1   -2      9.172     -6.349      3.880
  -1   -2     -9.508     -0.710     -7.597
  -1   -2     13.635      1.938     -6.225
  -1   -2      9.172     -6.349      3.880
  -1   -2     -9.508     -0.710     -7.597
  -1   -2     13.635      1.938     -6.225
  -1   -2      9.172     -6.349      3.880
  -1   -2     -9.508     -0.710     -7.597
  67   -2     13.635      1.938     -6.225
  -1   -2      9.172     -6.349      3.880
  -1  265     -9.508     -0.710     -7.597
  -1   -2      9.172     -6.349      3.880
  -1   -2      9.172     -6.349      3.880
  -1   -2      9.172     -6.349      3.880
  -1   -2      9.172     -6.349      3.880
  -1   -2      9.172     -6.349      3.880
  -1   -2      9.172     -6.349      3.880
  -1   -2      9.172     -6.349      3.880
  -1   -2      9.172     -6.349      3.880
  -1   -2      9.172     -6.349      3.880
  -1   -2      9.172     -6.349      3.880
  -1   -2      9.172     -6.349      3.880
  -1   -2      9.172     -6.349      3.880
  -1   -2      9.172     -6.349      3.880
  -1   -2      9.172     -6.349      3.880
 280  278      9.172     -6.349      3.880
