296
  23   16      9.730     -7.901      1.446
   9   48     18.121     -6.143     -6.519
  96   -2      4.114    -10.587      6.014
   1    5      2.882     -9.397     10.004
  -1   -2     12.998     -4.123     -8.572
  58   -2     13.040     -3.527     -8.529
   7   -2     -2.409    -10.604     -0.130
  -1   53     16.332     -4.561     -9.528
  -1   -2      9.172     -6.347      3.880
  93   44      4.361    -10.109      6.484
  67   97     13.438     -8.898     -3.788
  -1   -2     11.639     -8.226     -4.368
  41   22     13.809     -3.715     -8.009
  28   -2     17.350     -5.963     -0.647
  21   -2     13.206     -3.833      4.306
  -1  145     -4.461     -6.943      6.470
  11   18      5.463     -2.524    -10.219
  -1   14     12.097     -5.521      3.557
  -1  156      2.975    -10.683      6.092
 107   17     14.612      0.498     -5.066
  32   -2      4.707     -7.728      4.372
  51   -2      4.773     -7.405      8.218
   5   -2     14.618     -5.015     -5.908
  14   76     19.439     -6.420     -4.847
  27   -2     13.978      1.381     -3.384
  18   52      6.978     -5.305      5.875
  61   23     10.974     -2.665      3.940
 102   -2     17.323     -8.118      2.246
  54   19     11.028     -7.828     -4.697
 108   -2      3.061    -10.441      5.804
  24   24      4.310     -5.503      8.242
  25   31      7.980     -5.851      9.690
  47   26     14.131     -7.185      7.829
  34   34     -2.275    -10.187      2.148
  33   37     -5.796     -6.902    -10.219
  63   50     18.047     -9.122     -2.944
  70   38     -0.109     -3.694     -9.644
 103    0      9.160     -7.489      2.751
  45   -2      5.593     -9.643      4.989
  -1   -2      3.022     -8.840      4.867
  91  104      9.502     -3.059      2.973
  -1   28      6.056    -11.001      3.821
  43   -2     -6.323     -9.131     -8.104
   3   47      2.030    -10.187      9.014
  84   21      6.452     -7.355      9.580
  75   -2     17.950     -9.703     -3.385
  49   49     16.945     -8.317      4.178
  -1   92     14.981     -6.823      7.206
  85   -2     -1.317     -8.728     -6.569
  98   35      4.760     -6.207      2.506
  97   72      8.695     -1.272      9.657
 118    4     -2.005     -6.476      1.992
 170   27     -0.318     -6.857      5.271
  -1    6     15.808     -3.866     -9.080
 101   54     -8.926     -8.324      3.963
  53   -2     14.576     -4.272      7.783
  30   -2     12.414     -7.952      1.228
  68   29     17.688     -9.177     -1.712
  -1   -2     18.455    -10.054     -7.910
  -1   46     -4.012     -7.508    -10.440
  -1  103     -9.508     -0.710     -7.593
  -1   33     13.639      1.939     -6.225
  19   55      4.556     -7.655     10.641
  -1   58     11.552     -0.504     -8.201
  -1   30     20.146    -10.253     -6.861
  -1   -2      8.958      0.880     -9.745
  -1   -2      3.469     -1.161      1.209
  -1   89     19.732      2.433     -2.579
  -1   20      8.426     -2.488     10.293
  -1   45     14.477    -10.496     -7.152
  64   -2     12.337     -0.399     -6.681
  -1  249      4.521      1.483      1.255
  -1   -2     -8.685     -9.516      0.606
  -1   -2     -4.011     -5.126      2.144
  73   -2     -1.833      1.233     -8.135
  -1    8     17.603    -10.256     -4.553
  -1   36     18.452    -11.236     -0.213
  35   -2     16.593     -9.070     -6.120
  44   81    -11.648     -9.725     -7.743
  -1  132     -7.420    -10.097     -9.853
  94   43    -10.068    -10.559     -5.031
  -1   11      6.885     -8.003      9.438
  79   83     21.444     -1.457    -10.202
  -1   -2     -0.753     -2.751      5.797
  81   -2      9.395     -7.146      7.677
  83   -2     -4.516     -5.165      5.260
  86   60     13.527      4.272     -5.972
  -1   42      6.489     -6.843     10.953
  66   -2     16.921     -1.421     -3.699
  87   87     -1.387     -9.946      9.124
  92   79     -2.528     -0.960    -11.382
  -1  100      1.280      5.631      0.638
  -1   12     20.912     -2.626     -4.402
  -1   99      6.969     -4.264     -2.294
  -1  101      9.358      0.279      9.932
  88  102     17.513      3.794    -11.716
 106   41     -8.424     -4.497     -8.474
  40   -2      9.646     -1.984      7.255
  -1   -2     18.738      1.434     -6.086
  -1   -2    -11.467     -5.568     -5.335
  -1   -2      0.876     -9.777      8.443
  -1   40      9.585     -9.314     11.259
  -1   -2     17.506     -3.168     -7.868
  -1  106      5.996    -11.091     10.116
  -1   25     19.316     -7.752     -7.014
   6  108     12.995     -4.148     -8.369
  -1   -2      9.172     -6.347      3.880
   4  107     16.332     -4.561     -9.528
  -1   -2     -4.461     -6.943      6.470
  -1   -2     -9.508     -0.710     -7.593
  -1   -2     13.639      1.939     -6.225
  -1   -2      2.408    -10.777      4.526
  -1  114      8.958      0.880     -9.745
 267  281      3.469     -1.161      1.209
  -1   -2     19.732      2.433     -2.579
  -1   -2     14.477    -10.496     -7.152
  -1   -2      4.521      1.483      1.255
  -1  179     -4.011     -5.126      2.144
 117   -2     -7.420    -10.097     -9.853
  -1   -2     -8.685     -9.516      0.606
  -1   84     -0.753     -2.751      5.797
  -1   -2      9.172     -6.347      3.880
  -1   -2     -4.461     -6.943      6.470
  -1   -2     -9.508     -0.710     -7.593
  -1   -2     13.639      1.939     -6.225
  37   -2      2.408    -10.777      4.526
  -1   -2      3.469     -1.161      1.209
 110  128     19.732      2.433     -2.579
 112   -2     14.477    -10.496     -7.152
  -1   -2      4.521      1.483      1.255
  -1   -2     -8.685     -9.516      0.606
  -1   -2     -4.011     -5.126      2.144
  -1   -2     -0.753     -2.751      5.797
  -1   -2      9.172     -6.347      3.880
  -1   -2     -4.461     -6.943      6.470
  -1   -2     -9.508     -0.710     -7.593
  -1   -2     13.639      1.939     -6.225
  -1   -2      3.469     -1.161      1.209
 114   98     -8.685     -9.516      0.606
  -1   -2      4.521      1.483      1.255
  -1   -2     -4.011     -5.126      2.144
  -1   -2     -0.753     -2.751      5.797
  -1   -2      9.172     -6.347      3.880
  -1   -2     -4.461     -6.943      6.470
  -1   -2     -9.508     -0.710     -7.593
  -1   -2     13.639      1.939     -6.225
  -1   -2      3.469     -1.161      1.209
  -1   -2      4.521      1.483      1.255
  -1   -2     -4.011     -5.126      2.144
  -1   -2     -0.753     -2.751      5.797
  -1   -2      9.172     -6.347      3.880
  -1   -2     -4.461     -6.943      6.470
  -1   -2     -9.508     -0.710     -7.593
  -1   -2     13.639      1.939     -6.225
  -1   -2      3.469     -1.161      1.209
  -1   -2      4.521      1.483      1.255
  -1   -2     -4.011     -5.126      2.144
  -1   -2     -0.753     -2.751      5.797
  -1   -2      9.172     -6.347      3.880
  -1   -2     13.639      1.939     -6.225
  -1   -2     -9.508     -0.710     -7.593
  -1   -2      3.469     -1.161      1.209
  -1   -2      4.521      1.483      1.255
  -1   -2     -4.011     -5.126      2.144
  -1   -2     -0.753     -2.751      5.797
  -1   -2      9.172     -6.347      3.880
  -1   -2     13.639      1.939     -6.225
  -1   -2     -9.508     -0.710     -7.593
  -1   -2      3.469     -1.161      1.209
  -1   -2      4.521      1.483      1.255
  -1   -2     -4.011     -5.126      2.144
  -1   85     -0.753     -2.751      5.797
  -1   -2      9.172     -6.347      3.880
  -1   -2     -9.508     -0.710     -7.593
  -1   -2     13.639      1.939     -6.225
  -1   -2      3.469     -1.161      1.209
  -1   -2     -4.011     -5.126      2.144
  -1   -2      4.521      1.483      1.255
  -1   -2      9.172     -6.347      3.880
  -1   -2     -9.508     -0.710     -7.593
  -1   -2     13.639      1.939     -6.225
  -1   -2      3.469     -1.161      1.209
  -1   -2      4.521      1.483      1.255
  -1   -2     -4.011     -5.126      2.144
  -1   -2      9.172     -6.347      3.880
  -1   -2     -9.508     -0.710     -7.593
  -1   -2     13.639      1.939     -6.225
  -1   -2      3.469     -1.161      1.209
  -1   -2      4.521      1.483      1.255
  -1   -2     -4.011     -5.126      2.144
  -1   -2      9.172     -6.347      3.880
 130   -2     -4.461     -6.943      6.470
  -1   -2     -9.508     -0.710     -7.593
  -1   -2     13.639      1.939     -6.225
  -1   -2      3.469     -1.161      1.209
  -1   -2      4.521      1.483      1.255
  -1   -2     -4.011     -5.126      2.144
  -1   -2      9.172     -6.347      3.880
  -1   -2     -9.508     -0.710     -7.593
  -1   -2     13.639      1.939     -6.225
  -1   -2      3.469     -1.161      1.209
  -1   -2      4.521      1.483      1.255
  -1   -2      9.172     -6.347      3.880
  -1   -2     -9.508     -0.710     -7.593
  -1   -2     13.639      1.939     -6.225
  -1   -2      3.469     -1.161      1.209
  -1   -2      4.521      1.483      1.255
  -1   -2      9.172     -6.347      3.880
  -1   -2     -9.508     -0.710     -7.593
  -1   -2     13.639      1.939     -6.225
  -1   -2      3.469     -1.161      1.209
  -1   -2      4.521      1.483      1.255
  -1   -2      9.172     -6.347      3.880
  -1   -2     -9.508     -0.710     -7.593
  -1   -2     13.639      1.939     -6.225
  -1   -2      3.469     -1.161      1.209
  -1   -2      4.521      1.483      1.255
  -1   -2      9.172     -6.347      3.880
  -1   -2     13.639      1.939     -6.225
  -1   -2     -9.508     -0.710     -7.593
  -1   -2      3.469     -1.161      1.209
  -1   -2      4.521      1.483      1.255
  -1   -2      9.172     -6.347      3.880
  -1   -2     -9.508     -0.710     -7.593
  -1   -2     13.639      1.939     -6.225
  -1   -2      3.469     -1.161      1.209
  -1   -2      4.521      1.483      1.255
  -1   -2      9.172     -6.347      3.880
  -1   -2     -9.508     -0.710     -7.593
  -1   -2     13.639      1.939     -6.225
  -1   -2      3.469     -1.161      1.209
  -1   -2      4.521      1.483      1.255
  -1   -2      9.172     -6.347      3.880
  -1   -2     -9.508     -0.710     -7.593
  -1   -2     13.639      1.939     -6.225
  -1   -2      3.469     -1.161      1.209
  69   -2      4.521      1.483      1.255
  -1   -2      9.172     -6.347      3.880
  -1   -2     -9.508     -0.710     -7.593
  -1   -2     13.639      1.939     -6.225
  -1   -2      3.469     -1.161      1.209
  -1   -2      9.172     -6.347      3.880
  -1   -2     -9.508     -0.710     -7.593
  -1   -2     13.639      1.939     -6.225
  -1   -2      3.469     -1.161      1.209
  -1   -2      9.172     -6.347      3.880
  -1   -2     -9.508     -0.710     -7.593
  -1   -2     13.639      1.939     -6.225
  -1   -2      3.469     -1.161      1.209
  -1   -2      9.172     -6.347      3.880
  -1   -2     -9.508     -0.710     -7.593
  -1   -2     13.639      1.939     -6.225
  -1   -2      3.469     -1.161      1.209
  -1   -2      9.172     -6.347      3.880
  -1   -2     -9.508     -0.710     -7.593
  -1   -2     13.639      1.939     -6.225
  -1   -2      3.469     -1.161      1.209
  -1   -2      9.172     -6.347      3.880
  -1   -2     -9.508     -0.710     -7.593
  -1   -2     13.639      1.939     -6.225
  -1   -2      3.469     -1.161      1.209
  -1   -2      9.172     -6.347      3.880
  -1   -2     -9.508     -0.710     -7.593
  -1   -2     13.639      1.939     -6.225
  -1   -2      3.469     -1.161      1.209
  -1   -2      9.172     -6.347      3.880
  -1   -2     13.639      1.939     -6.225
  -1   -2     -9.508     -0.710     -7.593
 235   88      3.469     -1.161      1.209
  -1   -2      9.172     -6.347      3.880
  -1   -2     -9.508     -0.710     -7.593
  -1   -2     13.639      1.939     -6.225
  -1   -2      9.172     -6.347      3.880
  -1   -2     -9.508     -0.710     -7.593
  -1   -2     13.639      1.939     -6.225
  -1   -2      9.172     -6.347      3.880
  -1   -2     -9.508     -0.710     -7.593
  -1   -2      9.172     -6.347      3.880
  -1   -2     -9.508     -0.710     -7.593
  -1   -2      9.172     -6.347      3.880
 271  285     -9.508     -0.710     -7.593
  -1   -2      9.172     -6.347      3.880
  -1   -2      9.172     -6.347      3.880
  -1   -2      9.172     -6.347      3.880
  -1   -2      9.172     -6.347      3.880
  -1   -2      9.172     -6.347      3.880
  -1   -2      9.172     -6.347      3.880
  -1   -2      9.172     -6.347      3.880
  -1   -2      9.172     -6.347      3.880
  -1   -2      9.172     -6.347      3.880
  -1   -2      9.172     -6.347      3.880
  -1   -2      9.172     -6.347      3.880
  -1   -2      9.172     -6.347      3.880
  -1   -2      9.172     -6.347      3.880
  -1   -2      9.172     -6.347      3.880
  13    7      9.172     -6.347      3.880
