169
  45   80     -4.917     -5.030      2.284
  10    0     -3.079     -9.889     -0.388
   0   -2      9.750     -7.893      1.416
  -1   -2     -4.469     -6.942      6.439
  -1   -2     11.076     -6.920     -7.495
   2   -2     12.678     -8.652     -7.180
 161   37      9.173     -6.347      3.876
  -1    5      1.159    -10.551      0.778
  -1   49      2.699     -9.457      9.520
   7    8     16.362     -4.576     -9.605
  54   12     13.209     -3.830      4.313
  47    9     17.353     -5.963     -0.656
  16   46      4.700     -7.726      4.357
 107   -2     12.100     -5.522      3.548
  14   16     14.607      0.498     -5.055
  88   -2     14.622     -5.015     -5.895
  -1  128     19.442     -6.422     -4.854
  65   -2     10.970     -2.663      3.948
  70    7      6.974     -5.307      5.862
  30   28     -0.558     -8.762     -7.063
  20   21     14.128     -7.188      7.838
 114   -2     18.057     -9.868     -4.190
  24   -2      4.312     -5.505      8.248
  25   22      7.978     -5.850      9.688
  21   23     20.045    -10.455     -6.940
  27   87     -5.782     -6.903    -10.191
  -1   -2     -3.254     -9.640     -0.761
  80   70     13.968      1.386     -3.356
  96   -2     12.545     -3.848     -4.925
  34   -2     -4.879     -9.367     -2.853
  31   25      0.855    -10.847     -2.610
  -1   14      4.667    -10.167      1.462
  29   -2     -1.862     -9.635      3.847
  -1   -2     -0.633     -6.004      5.974
 116   -2     -0.109     -3.691     -9.640
 100   41     18.066     -9.121     -2.982
  42   77     11.788     -3.799     -6.885
  -1    4     11.969     -8.161     -4.920
   8   -2      3.028     -8.841      4.885
  43   19     16.287    -10.407      2.156
  75   -2    -10.593    -10.449     -3.109
  44   -2    -11.556     -9.724     -7.929
  -1   40      6.454     -7.355      9.584
  -1   20      3.576     -6.550      4.963
  15   -2     18.558     -6.165     -2.920
  -1  101     -3.794     -8.649     -9.636
  -1  149     16.709    -10.268    -10.418
 104   38      3.299     -9.446      6.199
  39   -2     17.174     -8.247      4.979
  49   74     -7.426     -3.919      7.000
  82   -2     -0.314     -6.856      5.288
  35   51     12.914    -10.595     -5.729
  40   55      3.665     -7.610      7.839
  32   -2     14.867    -10.015     -7.208
  11   -2     14.576     -4.274      7.789
  53   54     15.806     -3.867     -9.089
  68   45     -6.383     -7.859     -1.941
  -1   -2     10.796     -3.142     -6.873
  -1   -2     -9.508     -0.707     -7.591
  -1   83     13.635      1.939     -6.223
  -1  110      8.959      0.879     -9.742
  -1   71    -14.157    -10.033      3.607
  -1   15     21.117     -6.325     -6.632
 133  109      3.472     -1.160      1.215
  -1   -2     19.733      2.432     -2.584
  61   -2     12.335     -0.400     -6.676
  -1   -2      4.521      1.484      1.256
  -1   -2      7.464     -3.237      8.368
  -1  124      2.027     -0.860     -9.038
  66   39    -12.636    -10.651     -4.931
  -1   52     14.476    -10.492     -7.146
  74   72     -1.833      1.232     -8.136
  -1   -2     11.561     -9.416     -4.360
  -1   24     17.612    -10.256     -4.577
  -1   -2     -7.085     -5.921      5.765
  -1   -2     -5.503     -8.740      2.925
  -1   96     -8.855     -6.150    -10.327
  -1   -2      6.083     -8.911      9.848
  79   -2     21.457     -1.456    -10.232
  -1   -2     -0.750     -2.753      5.814
  78   75      9.395     -7.137      7.673
  -1   -2     13.531      4.274     -5.972
  -1   48     -4.509     -5.164      5.281
  -1   91     10.944     -8.629      3.190
 113   18     16.921     -1.424     -3.702
  -1   93      6.060     -2.411     -3.161
  91   89     -2.522     -0.963    -11.364
  85   86     21.489     -9.800      6.793
  -1   99     19.815     -7.957     -4.406
  -1    1     10.744     -6.558      0.429
  -1   -2     20.365    -11.073     -4.620
  51   76     19.717     -2.549     -5.631
  89   -2     18.740      1.430     -6.085
 118   -2      0.863     -4.226      8.525
  86   29      8.010     -3.501     -3.491
   4   35     18.224     -8.613      0.070
  71    6      0.896     -9.777      8.497
  -1   94     14.735    -10.463      9.388
  93   -2     13.875     -9.470     -1.683
  -1   33    -10.677     -8.238     -2.999
  83   -2     17.243     -1.094     -2.463
 103   97    -10.251     -6.089     -3.835
  -1   59     17.503      3.791    -11.698
  99   47      9.362      0.280      9.929
 119   92     10.116    -10.259      7.407
 105   -2     -9.202     -8.251      4.907
  59   -2      9.196      0.396     -0.708
  -1   36     -8.582     -8.676    -10.384
  56   32     -8.422     -4.496     -8.485
  -1  102     -8.608    -10.132      2.060
  -1   -2     15.568     -2.311      4.975
  -1   -2      9.173     -6.347      3.876
  -1   -2     -4.469     -6.942      6.439
  -1   -2     19.372     -6.438     -4.698
  -1   -2     10.796     -3.142     -6.873
  -1   -2     -9.508     -0.707     -7.591
 112   61      8.959      0.879     -9.742
  -1   -2     14.476    -10.492     -7.146
  -1   85     19.733      2.432     -2.584
  -1   -2      4.521      1.484      1.256
  -1   -2      2.027     -0.860     -9.038
  -1   42      7.464     -3.237      8.368
  -1   79     -0.750     -2.753      5.814
  87   -2     10.944     -8.629      3.190
  -1   -2      9.173     -6.347      3.876
  -1   -2     -4.469     -6.942      6.439
  -1   -2     19.372     -6.438     -4.698
  -1   -2     10.796     -3.142     -6.873
  -1   -2     -9.508     -0.707     -7.591
  -1   -2     19.733      2.432     -2.584
  -1   -2     14.476    -10.492     -7.146
  -1   -2      4.521      1.484      1.256
  -1   -2      7.464     -3.237      8.368
  -1   -2      2.027     -0.860     -9.038
  -1   -2      9.173     -6.347      3.876
  -1   -2     -4.469     -6.942      6.439
 123  129     10.796     -3.142     -6.873
  -1   -2     -9.508     -0.707     -7.591
  -1   -2     19.733      2.432     -2.584
  -1   -2     14.476    -10.492     -7.146
  -1   -2      4.521      1.484      1.256
  -1   -2      7.464     -3.237      8.368
  -1   -2     -4.469     -6.942      6.439
  -1   -2      9.173     -6.347      3.876
  -1   -2     -9.508     -0.707     -7.591
  -1   -2     14.476    -10.492     -7.146
  -1   -2     19.733      2.432     -2.584
  -1   -2      7.464     -3.237      8.368
  62   67      4.521      1.484      1.256
  -1   -2      9.173     -6.347      3.876
 109  127     -4.469     -6.942      6.439
  -1   58     -9.508     -0.707     -7.591
  -1   -2     19.733      2.432     -2.584
  -1   -2     14.476    -10.492     -7.146
  -1   -2      7.464     -3.237      8.368
  -1   -2      9.173     -6.347      3.876
  -1   -2     19.733      2.432     -2.584
  -1   -2      7.464     -3.237      8.368
  -1   -2      9.173     -6.347      3.876
 148   69      7.464     -3.237      8.368
  -1   -2      9.173     -6.347      3.876
  -1   -2     19.733      2.432     -2.584
  -1   -2      9.173     -6.347      3.876
  -1   -2     19.733      2.432     -2.584
  -1   -2      9.173     -6.347      3.876
  -1   -2      9.173     -6.347      3.876
  -1   -2     19.733      2.432     -2.584
  -1   -2      9.173     -6.347      3.876
  92   11      9.173     -6.347      3.876
