285
  33    1      9.734     -7.902      1.454
   0    0     -4.236     -7.411     -0.924
  -1  115     -5.383     -9.870     -2.348
  -1   -2     16.354     -4.574     -9.584
  -1    2     -4.460     -6.942      6.470
  -1   -2      9.171     -6.348      3.881
   6   -2     11.639     -8.226     -4.367
  -1    9     13.209     -3.832      4.312
  92   -2     17.353     -5.963     -0.656
  -1   30      2.947    -10.637      1.393
  14   -2     12.096     -5.522      3.556
  11   10      4.705     -7.727      4.361
   9   14      3.573     -9.785     10.463
  -1   -2     19.441     -6.422     -4.852
  12   11      6.662     -9.082      8.297
  99   -2     14.608      0.497     -5.055
  74    6     14.619     -5.019     -5.913
  20    7     10.979     -2.663      3.929
   1   24      6.976     -5.304      5.864
  38  268      4.313     -5.505      8.244
  25   25     13.983      1.384     -3.393
  88   21     14.132     -7.186      7.824
  39   28     18.060     -9.870     -4.204
  43   94     -0.538     -8.766     -7.027
  23   23      7.978     -5.851      9.688
  56   26      4.422     -7.588     10.292
  30   32     -5.781     -6.903    -10.184
  26   29     12.547     -3.845     -4.929
  27   -2     20.048    -10.455     -6.954
  -1   -2     -5.251    -10.763     -2.631
  41   17      5.197     -6.083      3.804
  64   22     -0.107     -3.697     -9.625
  35   36      8.950    -10.195      5.983
  94   33      9.157     -7.490      2.754
 102   -2     16.188     -0.959     -8.731
  78   -2     18.064     -9.119     -2.979
 109   45     -0.851     -8.971      3.619
  37   85    -11.563     -9.724     -7.945
  87   -2     -6.315     -9.132     -8.094
  -1   -2      6.449     -7.358      9.572
  17   -2     18.560     -6.173     -2.923
  28   -2      3.021     -8.841      4.863
  -1   13     -2.251    -10.181      1.987
  -1   -2     -2.220     -9.884      2.561
  -1   47     -0.311     -6.855      5.295
  -1   -2     -2.004     -6.476      1.996
  -1   62     11.269     -8.725      3.204
  -1   42     -2.270     -8.800     -9.238
  -1   -2      1.609    -10.646      2.724
  -1   49     14.858    -10.012     -7.192
  46   51     14.580     -4.274      7.779
  -1   -2     15.804     -3.869     -9.094
  31   -2     -4.010     -7.510    -10.438
  -1  103     10.812     -3.147     -6.804
  -1   -2      2.929     -9.405     10.134
  -1   -2     -9.506     -0.711     -7.588
  -1  248     13.634      1.939     -6.219
  -1   38     -9.525    -10.543     -5.003
  -1  141      8.958      0.879     -9.743
  -1   -2      3.473     -1.162      1.219
  -1   -2     12.336     -0.397     -6.678
  -1   -2     19.733      2.431     -2.583
  -1   -2     13.971     -8.373      9.923
  -1   -2     14.476    -10.496     -7.153
  62  111     -7.421    -10.093     -9.852
  -1   -2      7.466     -3.239      8.364
  -1   -2     17.622      3.855    -12.450
  50   97     -7.021     -4.097     -4.829
  -1   -2      2.009     -0.860     -9.084
  -1  229      4.520      1.485      1.255
  -1   -2     -7.088     -5.921      5.753
  63   66     -1.832      1.234     -8.136
  -1   -2     14.749     -9.095      1.441
  -1   -2     -4.008     -5.127      2.139
  -1   63     -8.683     -9.520      0.612
  -1   69     18.050    -10.021     -2.838
  69   71     21.443     -1.458    -10.201
  70   72      9.394     -7.138      7.672
  -1   12     13.530      4.272     -5.973
  -1   -2      0.850     -9.939      5.717
   7   75     -4.512     -5.165      5.274
  -1   77     17.237     -1.072     -2.478
  -1   -2     -0.761     -2.749      5.783
  61  110     10.323     -9.387      9.547
  76   39      6.493     -6.845     10.941
  77   -2      6.061     -2.411     -3.159
  -1   -2     11.495    -10.532     -1.849
  -1   80     19.814     -7.960     -4.412
  79   48     -2.551     -8.016     10.088
  81   84     -2.510     -0.964    -11.330
  -1   -2     18.740      1.423     -6.092
  82   -2      6.972     -4.266     -2.285
  -1   -2      8.141     -8.951     10.199
  86   86      9.360      0.286      9.928
  85   89      8.013     -3.502     -3.480
  32   -2     -9.279    -10.945     -7.396
  44   -2     13.872     -9.470     -1.677
  -1   -2      9.604     -9.315     11.303
  91   -2    -10.250     -6.090     -3.845
  -1   -2      0.881     -9.774      8.475
  -1   81     14.650     -8.118      9.466
  -1   -2     -6.711    -11.826     -6.733
  73   -2     -9.195     -8.249      4.875
  -1    8     17.906     -6.204     -6.693
  93   98     -5.364     -9.873     -2.273
  -1  100     16.503     -4.576     -9.951
  67   95     -4.460     -6.942      6.470
  -1   -2      9.171     -6.348      3.881
  -1   41     19.467     -6.404     -5.008
  13   34     -3.941    -10.931      0.581
  16   20      2.924    -10.637      1.418
  51   -2     10.812     -3.147     -6.804
  -1   -2     13.634      1.939     -6.219
 206   90     -9.506     -0.711     -7.588
 100   -2      8.958      0.879     -9.743
  -1   -2      3.473     -1.162      1.219
  52   -2     12.336     -0.397     -6.678
  -1   78     19.733      2.431     -2.583
  -1   -2      4.520      1.485      1.255
  -1   31      2.009     -0.860     -9.084
  -1   -2     13.971     -8.373      9.923
  -1   -2     -4.008     -5.127      2.139
  -1   -2      7.466     -3.239      8.364
  -1   -2     -7.088     -5.921      5.753
  -1   -2     -0.761     -2.749      5.783
  72  126      0.850     -9.939      5.717
  -1   -2     11.495    -10.532     -1.849
  -1   -2      9.171     -6.348      3.881
  -1   -2     16.503     -4.576     -9.951
  -1   -2     -9.506     -0.711     -7.588
  -1   -2     13.634      1.939     -6.219
  -1   -2      3.473     -1.162      1.219
  -1   -2     19.733      2.431     -2.583
  -1   -2      4.520      1.485      1.255
  -1   -2      7.466     -3.239      8.364
  71   70     -0.761     -2.749      5.783
  -1   -2      9.171     -6.348      3.881
  -1   -2     16.503     -4.576     -9.951
  -1   -2     -9.506     -0.711     -7.588
  -1   -2     13.634      1.939     -6.219
  98  149     15.289     -9.209      3.348
  -1   -2      3.473     -1.162      1.219
  -1   -2     19.733      2.431     -2.583
  -1   -2      4.520      1.485      1.255
  -1   -2      7.466     -3.239      8.364
   5   -2     16.503     -4.576     -9.951
  -1   -2      9.171     -6.348      3.881
  -1   -2     -9.506     -0.711     -7.588
  -1   -2     13.634      1.939     -6.219
  -1   -2      3.473     -1.162      1.219
  -1   -2     19.733      2.431     -2.583
  -1   -2      4.520      1.485      1.255
  -1   -2      7.466     -3.239      8.364
  -1   -2      9.171     -6.348      3.881
  -1   -2     19.467     -6.404     -5.008
  -1   -2     -9.506     -0.711     -7.588
  -1   -2     13.634      1.939     -6.219
  -1   -2      3.473     -1.162      1.219
  -1   -2     19.733      2.431     -2.583
  -1   -2      4.520      1.485      1.255
  -1   -2      7.466     -3.239      8.364
  -1   -2      9.171     -6.348      3.881
  -1   -2     -9.506     -0.711     -7.588
  -1   -2     13.634      1.939     -6.219
  -1   -2      3.473     -1.162      1.219
  -1   -2     19.733      2.431     -2.583
  -1   -2      7.466     -3.239      8.364
  -1   -2      4.520      1.485      1.255
  -1   -2      9.171     -6.348      3.881
  -1   -2     -9.506     -0.711     -7.588
  -1   -2     13.634      1.939     -6.219
  -1   -2      3.473     -1.162      1.219
  -1   -2     19.733      2.431     -2.583
  -1   -2      7.466     -3.239      8.364
  -1   -2      9.171     -6.348      3.881
  -1   -2     13.634      1.939     -6.219
  -1   -2     -9.506     -0.711     -7.588
  -1   -2      3.473     -1.162      1.219
  -1   -2     19.733      2.431     -2.583
  -1   -2      7.466     -3.239      8.364
  -1   -2      9.171     -6.348      3.881
  -1   -2     -9.506     -0.711     -7.588
  -1   -2     13.634      1.939     -6.219
  -1   -2      3.473     -1.162      1.219
  -1   -2     19.733      2.431     -2.583
  -1   -2      7.466     -3.239      8.364
  -1   -2      9.171     -6.348      3.881
  -1   -2     -9.506     -0.711     -7.588
  -1   -2     13.634      1.939     -6.219
  -1   -2      3.473     -1.162      1.219
  -1   -2     19.733      2.431     -2.583
  -1   -2      7.466     -3.239      8.364
  -1   -2      9.171     -6.348      3.881
  -1   -2     -9.506     -0.711     -7.588
  -1   -2     13.634      1.939     -6.219
  -1   -2      3.473     -1.162      1.219
  -1   -2     19.733      2.431     -2.583
  -1   -2      7.466     -3.239      8.364
  -1   -2      9.171     -6.348      3.881
  -1   -2     -9.506     -0.711     -7.588
  -1   -2     13.634      1.939     -6.219
  -1   -2      3.473     -1.162      1.219
  -1   -2     19.733      2.431     -2.583
  -1   -2      7.466     -3.239      8.364
  -1   -2      9.171     -6.348      3.881
  -1   -2     13.634      1.939     -6.219
  -1   -2     -9.506     -0.711     -7.588
  -1   -2      3.473     -1.162      1.219
  -1   -2     19.733      2.431     -2.583
  -1   -2      7.466     -3.239      8.364
  -1   -2      9.171     -6.348      3.881
  -1   -2     -9.506     -0.711     -7.588
  -1   -2     13.634      1.939     -6.219
  -1   -2      3.473     -1.162      1.219
  -1   -2     19.733      2.431     -2.583
  -1   -2      7.466     -3.239      8.364
  -1   -2      9.171     -6.348      3.881
  -1   -2     -9.506     -0.711     -7.588
  -1   -2     13.634      1.939     -6.219
  -1   -2      3.473     -1.162      1.219
  -1   -2     19.733      2.431     -2.583
  -1   -2      7.466     -3.239      8.364
  -1   -2      9.171     -6.348      3.881
  -1   -2     -9.506     -0.711     -7.588
  -1   -2     13.634      1.939     -6.219
  -1   -2      3.473     -1.162      1.219
  -1   -2     19.733      2.431     -2.583
  -1   -2      7.466     -3.239      8.364
  -1   -2      9.171     -6.348      3.881
  -1   -2     -9.506     -0.711     -7.588
  -1   -2     13.634      1.939     -6.219
  -1   -2      3.473     -1.162      1.219
  -1   -2     19.733      2.431     -2.583
  -1   -2      7.466     -3.239      8.364
  -1   -2      9.171     -6.348      3.881
  -1   -2     13.634      1.939     -6.219
 217   57      3.473     -1.162      1.219
  -1   -2     19.733      2.431     -2.583
  -1   -2      7.466     -3.239      8.364
  -1   -2      9.171     -6.348      3.881
  84   -2     13.634      1.939     -6.219
  -1   -2     19.733      2.431     -2.583
  -1   -2      7.466     -3.239      8.364
  -1   -2      9.171     -6.348      3.881
  -1   -2     19.733      2.431     -2.583
  -1   -2      7.466     -3.239      8.364
  -1   -2      9.171     -6.348      3.881
  -1   -2     19.733      2.431     -2.583
  -1   -2      7.466     -3.239      8.364
  -1   -2      9.171     -6.348      3.881
  -1   -2     19.733      2.431     -2.583
  -1   -2      7.466     -3.239      8.364
  -1   -2      9.171     -6.348      3.881
  -1   -2     19.733      2.431     -2.583
  -1   -2      7.466     -3.239      8.364
  -1   -2      9.171     -6.348      3.881
  -1   -2     19.733      2.431     -2.583
 253   -2      7.466     -3.239      8.364
  -1   -2      9.171     -6.348      3.881
  -1   -2     19.733      2.431     -2.583
  -1   -2      9.171     -6.348      3.881
  -1   -2     19.733      2.431     -2.583
  -1   -2      9.171     -6.348      3.881
  -1   -2     19.733      2.431     -2.583
  -1   -2     19.733      2.431     -2.583
  -1   -2      9.171     -6.348      3.881
  -1   -2     19.733      2.431     -2.583
  -1   -2      9.171     -6.348      3.881
  -1   -2     19.733      2.431     -2.583
  -1   -2      9.171     -6.348      3.881
  -1   -2     19.733      2.431     -2.583
  -1   -2      9.171     -6.348      3.881
  -1   -2     19.733      2.431     -2.583
  -1   -2      9.171     -6.348      3.881
  -1   -2     19.733      2.431     -2.583
  -1   -2      9.171     -6.348      3.881
  -1   -2     19.733      2.431     -2.583
 264    5      9.171     -6.348      3.881
  -1   -2     19.733      2.431     -2.583
  -1   -2     19.733      2.431     -2.583
  -1   -2     19.733      2.431     -2.583
  -1   -2     19.733      2.431     -2.583
  -1   -2     19.733      2.431     -2.583
  -1   -2     19.733      2.431     -2.583
  55  280     19.733      2.431     -2.583
