242
  -1   -2     18.340     -5.167     -1.138
  97   -2      9.728     -7.901      1.455
 102   -2      4.028     -8.305      7.814
   5   -2      9.614     -6.002     -7.959
  -1  109      8.746     -6.540     -9.307
  24   16     -4.470     -6.942      6.448
  90   -2     -2.405    -10.605     -0.151
  39    2      5.030     -7.852      5.187
 170   -2     -3.271     -5.272     -0.170
  22   -2     11.642     -8.226     -4.374
  -1   -2      9.168     -6.348      3.884
  38   -2     17.823     -9.753     -3.466
   8   -2     17.350     -5.963     -0.645
  -1   20     13.205     -3.832      4.304
  28   22      3.098     -7.900      8.795
  62   -2     12.096     -5.521      3.562
  37   -2      2.195     -6.849      8.821
  58   -2     14.607      0.498     -5.054
  -1   63     19.438     -6.420     -4.843
  18   24     16.563     -4.518    -10.118
  87   14     14.618     -5.016     -5.908
  50    0      6.035     -7.112      6.525
  19   -2      4.773     -7.406      8.216
  12   89     10.981     -2.661      3.920
  13   26      6.974     -5.304      5.874
 115  125      7.344     -3.176      8.050
 106   36     14.129     -7.185      7.835
  31   -2     13.987      1.384     -3.403
  25   29      4.312     -5.504      8.235
  -1    4     17.789     -4.227     -0.649
  11   -2      3.987     -7.591      8.734
  -1   34      7.979     -5.851      9.690
  56   41      2.204     -9.476      8.166
  29   37     12.547     -3.845     -4.925
 104   11     -2.276    -10.185      2.147
  43   33     -0.106     -3.695     -9.633
  32   -2     -5.797     -6.901    -10.215
  -1   43      2.365    -10.842      4.427
  14   -2      9.156     -7.490      2.759
  -1   -2     -2.865     -9.780      0.017
  40   -2     -1.992    -10.033      7.582
  15   18     18.544     -6.138     -2.878
  59   98     14.644     -9.078      0.903
  47   40     -6.319     -9.132     -8.105
  48   42    -11.553     -9.725     -7.931
  -1    6     16.874     -8.269      3.950
  44   -2      1.270     -9.916      6.849
   2   -2      6.255     -7.288      9.097
  55   50     -1.295     -8.684     -6.229
 105    1      4.762     -6.204      2.518
  -1   -2     -3.767     -8.656     -9.580
  -1   49     -2.016     -6.477      1.961
  -1   -2     11.857     -8.155      1.880
  41   21     12.824     -0.386      3.863
  -1   65      8.099    -10.450     -7.073
  81   -2     10.092     -7.976      1.128
  -1   -2     14.670     -9.778     -8.413
  -1   38     -4.015     -7.508    -10.442
  60   46      2.358    -10.830     -0.395
  -1   -2     10.818     -3.148     -6.792
  -1   -2     13.636      1.938     -6.224
  61  113     -9.048    -10.932     -8.263
  49   56     20.320     -8.332      6.017
  45   -2      3.469     -1.162      1.214
 222   55     12.333     -0.399     -6.668
  -1   -2     19.732      2.432     -2.579
  -1   35     -1.504    -10.642      8.510
  -1   -2     11.796     -9.295    -11.872
  -1   -2      8.426     -2.490     10.295
  -1   -2     19.396     -8.591     11.023
  68   13     17.606    -10.259     -4.558
  95   -2     -1.833      1.233     -8.138
  -1  214      4.521      1.487      1.254
  -1  147     -7.422    -10.092     -9.847
  76   70     -8.685     -9.517      0.609
  -1   -2     -7.078     -5.922      5.774
  -1   -2     -8.857     -6.151    -10.335
  80   76     21.454     -1.455    -10.230
   0   91     14.182     -8.181      7.902
  -1   -2      1.684     -7.159     11.899
  -1   75     -4.510     -5.166      5.274
  83  119     -0.757     -2.750      5.787
 114   25     16.919     -1.422     -3.695
  -1  112     13.531      4.275     -5.975
  -1   -2     17.240     -1.080     -2.464
  92   78     19.306     -1.874     -6.426
  66  100      6.063     -2.409     -3.161
  91  103     -9.698     -0.772     -8.021
  -1    5     10.744     -6.557      0.431
  -1    7     12.130     -8.811      7.055
  -1    3      9.056     -9.315      5.719
  20   -2      0.865     -4.228      8.507
  93   88     -2.543     -0.959    -11.424
  -1   -2     18.735      1.427     -6.116
 120  129      1.279      5.631      0.635
  34   23     12.634     -7.507     10.856
  -1   80     17.522      3.792    -11.738
 101  102      9.364      0.282      9.941
  89  104      8.163      0.619     -9.491
  -1   69     -8.418     -4.496     -8.477
  -1   45      8.050     -8.725     10.319
  -1   48     11.996    -10.721     -0.942
   3    9      3.162    -10.127      3.848
  17   52     16.276     -2.944     -4.839
  86   -2      8.002     -3.500     -3.507
  -1  105    -10.251     -6.090     -3.844
  -1   -2     17.917     -6.203     -6.716
  -1  107     -9.208     -8.248      4.925
  -1   -2     -9.389    -10.677      8.107
 107  106     19.306     -7.749     -7.073
  88   44     13.880     -9.466     -1.702
  -1  155      2.402    -10.781      4.509
  -1   -2      9.168     -6.348      3.884
  -1   99     -4.496     -6.930      6.532
  -1  224     13.636      1.938     -6.224
  -1   79     19.732      2.432     -2.579
  -1   -2      4.521      1.487      1.254
  -1   -2      7.464     -3.238      8.369
  -1   32     -4.012     -5.128      2.147
  53   -2     -7.078     -5.922      5.774
  -1   -2     -7.422    -10.092     -9.847
  -1   64     10.944     -8.630      3.187
  -1   -2      9.168     -6.348      3.884
  -1   -2     13.636      1.938     -6.224
  -1   -2     19.732      2.432     -2.579
  -1   -2      4.521      1.487      1.254
  71   -2      7.464     -3.238      8.369
  -1   -2     -7.422    -10.092     -9.847
  -1   -2     -4.012     -5.128      2.147
  -1   -2      9.168     -6.348      3.884
  -1   -2     13.636      1.938     -6.224
  -1   -2     19.732      2.432     -2.579
  -1   -2      4.521      1.487      1.254
  -1   -2     -4.012     -5.128      2.147
  -1   -2     -7.422    -10.092     -9.847
  -1   -2      9.168     -6.348      3.884
  -1   -2     13.636      1.938     -6.224
  -1   -2      2.402    -10.781      4.509
  -1   -2     19.732      2.432     -2.579
  -1   -2      4.521      1.487      1.254
  -1   -2     -4.012     -5.128      2.147
 143   -2     -7.422    -10.092     -9.847
  -1   -2      9.168     -6.348      3.884
  -1   -2     13.636      1.938     -6.224
 140  138     19.732      2.432     -2.579
  -1   -2      4.521      1.487      1.254
  -1   -2     -4.012     -5.128      2.147
  -1   -2      9.168     -6.348      3.884
  -1   -2     13.636      1.938     -6.224
  -1   -2      4.521      1.487      1.254
  -1   -2     -4.012     -5.128      2.147
  -1   -2      9.168     -6.348      3.884
  -1   -2     13.636      1.938     -6.224
  -1   -2      4.521      1.487      1.254
  -1   -2     -4.012     -5.128      2.147
  -1   -2      9.168     -6.348      3.884
  -1   -2     13.636      1.938     -6.224
  -1   -2      4.521      1.487      1.254
  -1   -2     -4.012     -5.128      2.147
  -1   -2      9.168     -6.348      3.884
  -1   -2     13.636      1.938     -6.224
  -1   -2      4.521      1.487      1.254
  -1   -2     -4.012     -5.128      2.147
  -1   -2      9.168     -6.348      3.884
  -1   -2     13.636      1.938     -6.224
  -1   -2      4.521      1.487      1.254
  -1   -2     -4.012     -5.128      2.147
  -1   -2      9.168     -6.348      3.884
  -1   -2     13.636      1.938     -6.224
  -1   -2     -4.012     -5.128      2.147
  -1   -2      4.521      1.487      1.254
  -1   -2      9.168     -6.348      3.884
  -1   -2     13.636      1.938     -6.224
  -1   -2      4.521      1.487      1.254
 116   -2     -4.012     -5.128      2.147
  -1   -2      9.168     -6.348      3.884
  -1   -2     13.636      1.938     -6.224
  -1   -2      4.521      1.487      1.254
  -1   -2      9.168     -6.348      3.884
  77   47     -4.496     -6.930      6.532
  -1   -2     13.636      1.938     -6.224
  -1   -2      4.521      1.487      1.254
  -1   -2      9.168     -6.348      3.884
  -1   -2     13.636      1.938     -6.224
  -1   -2      4.521      1.487      1.254
  -1   -2      9.168     -6.348      3.884
  -1   -2     13.636      1.938     -6.224
  -1   -2      4.521      1.487      1.254
  -1   -2      9.168     -6.348      3.884
  -1   -2     13.636      1.938     -6.224
  -1   -2      4.521      1.487      1.254
  -1   -2      9.168     -6.348      3.884
  -1   -2     13.636      1.938     -6.224
  -1   -2      4.521      1.487      1.254
  -1   -2      9.168     -6.348      3.884
  -1   -2     13.636      1.938     -6.224
  -1   -2      4.521      1.487      1.254
  -1   -2      9.168     -6.348      3.884
  -1   -2     13.636      1.938     -6.224
  -1   -2      4.521      1.487      1.254
  -1   -2      9.168     -6.348      3.884
  -1   -2     13.636      1.938     -6.224
  -1   -2      4.521      1.487      1.254
  -1   -2      9.168     -6.348      3.884
  -1   -2     13.636      1.938     -6.224
 212  115      4.521      1.487      1.254
  -1   -2      9.168     -6.348      3.884
  -1   -2     13.636      1.938     -6.224
  -1   -2      9.168     -6.348      3.884
  -1   -2     13.636      1.938     -6.224
  -1   -2      9.168     -6.348      3.884
  -1   -2     13.636      1.938     -6.224
  -1   -2      9.168     -6.348      3.884
  -1   -2     13.636      1.938     -6.224
  -1   -2      9.168     -6.348      3.884
  -1   -2     13.636      1.938     -6.224
  -1   -2      9.168     -6.348      3.884
  -1   -2     13.636      1.938     -6.224
  -1   -2      9.168     -6.348      3.884
  -1   -2     13.636      1.938     -6.224
  -1   -2      9.168     -6.348      3.884
  -1   -2     13.636      1.938     -6.224
  -1   -2      9.168     -6.348      3.884
  85   61     13.636      1.938     -6.224
  -1   -2      9.168     -6.348      3.884
  -1   -2      9.168     -6.348      3.884
  -1   -2      9.168     -6.348      3.884
  -1   -2      9.168     -6.348      3.884
  -1   -2      9.168     -6.348      3.884
  -1   -2      9.168     -6.348      3.884
  -1   -2      9.168     -6.348      3.884
  -1   -2      9.168     -6.348      3.884
  -1   -2      9.168     -6.348      3.884
  -1   -2      9.168     -6.348      3.884
  -1   -2      9.168     -6.348      3.884
  -1   -2      9.168     -6.348      3.884
  -1   -2      9.168     -6.348      3.884
  -1   -2      9.168     -6.348      3.884
  -1   -2      9.168     -6.348      3.884
  -1   -2      9.168     -6.348      3.884
  -1   -2      9.168     -6.348      3.884
  23   -2      9.168     -6.348      3.884
