371
   4    5     19.293     -2.276     -7.290
  34    0      9.748     -7.893      1.403
   2    3     19.093     -2.770     -8.289
   3    4      2.695     -9.459      9.510
  -1    7     -2.400    -10.605     -0.139
  73   -2     17.825     -9.751     -3.468
   0   81     -4.187     -9.847     -3.256
  11    8     13.154     -1.355     -9.760
  -1  357      9.169     -6.345      3.884
 106  139     16.360     -4.579     -9.603
 113   -2     17.116     -8.170      2.857
  23   89     11.636     -8.225     -4.365
  -1   -2     -4.459     -6.944      6.469
  14   14     17.351     -5.964     -0.652
  24   -2     13.207     -3.832      4.305
  -1   -2      6.665     -9.084      8.294
  18   19     12.098     -5.522      3.549
  20   16      4.704     -7.727      4.359
  -1   38     19.442     -6.426     -4.856
  22   -2     14.610      0.498     -5.063
 120   44      6.980     -5.302      5.879
  -1   -2      5.347     -5.990      4.490
  66    2     14.231     -6.979      9.439
  88    9     14.616     -5.017     -5.918
  -1   -2     10.980     -2.663      3.925
  21  105     13.980      1.385     -3.387
  25   -2      4.314     -5.506      8.248
  -1   26      7.980     -5.851      9.689
  29   29     -0.540     -8.767     -7.035
  -1   31      4.425     -7.588     10.296
  98   24     12.547     -3.848     -4.929
  28   30      4.663    -10.167      1.466
  58   32     -5.779     -6.904    -10.191
  45   -2     17.762     -9.171     -2.692
  32   36     -0.102     -3.696     -9.628
  -1    1     17.666    -10.247     -4.813
   7   35      9.158     -7.488      2.751
  46   43     17.652     -9.411     -7.837
  42   41      6.449     -7.356      9.573
  79   39     -6.320     -9.132     -8.110
  37   37    -11.556     -9.727     -7.938
  30   -2      3.023     -8.841      4.865
  51   -2      7.711     -9.112      7.038
  43   96      2.027    -10.187      9.006
 109   -2     18.557     -6.169     -2.919
  69   -2      8.812    -10.100      6.645
  39   62     17.776     -6.917     -1.719
  50   45     -0.319     -6.858      5.278
  -1   46     15.467     -4.054    -10.467
  38   -2     14.814    -10.015     -7.081
  52   11     13.526     -8.972     -5.543
  56   73     -8.926     -8.325      3.961
  -1   -2     14.578     -4.273      7.777
  -1   -2      4.694     -7.389     10.052
  -1  128      2.383    -10.828     -0.319
  59   52     10.816     -3.147     -6.803
  -1   98     -9.508     -0.709     -7.595
  89   18     13.634      1.939     -6.218
  -1   -2     23.151     -7.744     11.563
  68   90     20.159    -10.249     -6.905
  -1   42      2.429    -10.772      4.584
  -1   -2      8.958      0.880     -9.748
  -1   -2      3.470     -1.161      1.215
  75  117      9.568     -9.860     -7.105
 301   13     12.335     -0.398     -6.676
   8   15     17.919     -8.590     -1.028
  -1   -2     19.734      2.432     -2.585
  82   -2     -6.218    -11.287      4.620
  -1   17      4.712     -9.595     10.133
  83   63     11.432     -8.718      4.806
  -1   -2     17.049     -7.093      5.446
  -1   91     14.475    -10.493     -7.150
 100   -2     17.508      3.833    -12.165
  -1   -2      7.463     -3.239      8.371
  77   -2     16.110     -2.346      3.269
  -1   -2      4.525      1.485      1.265
  -1   -2      2.010     -0.857     -9.100
  -1   -2     -7.419    -10.093     -9.850
  -1   -2     -4.013     -5.128      2.144
  -1   21     16.105     -8.208      1.415
  80   70     -1.833      1.233     -8.137
  -1   74    -10.073    -10.558     -5.015
  -1  123     -7.092     -5.922      5.738
  -1   61      6.940    -10.308     10.707
  -1  137     -0.755     -2.752      5.797
  49   76     21.451     -1.457    -10.222
  85   79      9.396     -7.140      7.672
  -1   84     13.531      4.273     -5.974
  -1  180     -4.510     -5.165      5.274
 117   22     16.920     -1.423     -3.699
  90   -2      6.062     -2.410     -3.164
  91   87     -1.382     -9.947      9.143
  94   86     17.241     -1.082     -2.470
  -1   92     14.363     -8.125      8.423
  95   88     -2.536     -0.959    -11.398
  -1   -2     22.652     -4.007      8.675
  -1   -2     11.488    -10.530     -1.834
  -1   -2     10.744     -6.558      0.426
  -1   -2     18.731      1.429     -6.116
  -1  368     20.411      1.266     -1.308
  -1   -2     10.672     -4.173      4.664
 104   99      6.969     -4.267     -2.296
  81   68    -10.007     -9.283     -2.696
  99   94      9.360      0.284      9.925
  62   -2     -8.413     -4.500     -8.456
  -1   -2    -10.929     -3.868     -8.560
  -1    6     -4.439    -10.811     -4.900
 105  100     17.895     -6.202     -6.668
  16   -2     19.307     -7.753     -7.027
  17   -2      9.068     -9.339      5.753
  -1   -2      9.169     -6.345      3.884
  -1   -2     -4.459     -6.944      6.469
  -1   -2     19.368     -6.439     -4.691
  -1   -2      2.383    -10.828     -0.319
  -1   -2     -9.508     -0.709     -7.595
  -1   -2     13.634      1.939     -6.218
 116   57      8.958      0.880     -9.748
  -1   -2      3.470     -1.161      1.215
 110   40      2.429    -10.772      4.584
  -1   50     19.734      2.432     -2.585
  -1   -2     -7.419    -10.093     -9.850
  72  115     14.475    -10.493     -7.150
  -1  268      4.525      1.485      1.265
  -1   -2      7.463     -3.239      8.371
  -1   -2     -4.013     -5.128      2.144
  -1   -2      2.010     -0.857     -9.100
  -1   -2     -0.755     -2.752      5.797
  -1   -2      9.169     -6.345      3.884
  -1   -2     -4.431     -6.955      6.465
  -1   -2     19.368     -6.439     -4.691
  -1   -2      2.383    -10.828     -0.319
  -1   -2     13.634      1.939     -6.218
  -1   -2     -9.508     -0.709     -7.595
  -1   -2      3.470     -1.161      1.215
  -1   -2     19.734      2.432     -2.585
  -1   -2      4.525      1.485      1.265
  -1   -2      2.010     -0.857     -9.100
  -1   -2      7.463     -3.239      8.371
  -1   -2     -7.419    -10.093     -9.850
  -1   -2     -4.013     -5.128      2.144
  -1   -2     -0.755     -2.752      5.797
  -1   -2      9.169     -6.345      3.884
  -1   -2     -4.431     -6.955      6.465
  -1   -2     19.368     -6.439     -4.691
  -1   -2      2.383    -10.828     -0.319
  -1   -2     13.634      1.939     -6.218
  -1   -2     -9.508     -0.709     -7.595
  -1   -2      3.470     -1.161      1.215
  -1   -2     19.734      2.432     -2.585
  -1   -2      4.525      1.485      1.265
  -1   -2      7.463     -3.239      8.371
 121  147      2.010     -0.857     -9.100
  35  119     -7.419    -10.093     -9.850
  -1   -2     -4.013     -5.128      2.144
  -1   -2     -0.755     -2.752      5.797
  -1   -2      9.169     -6.345      3.884
  -1   -2     -4.431     -6.955      6.465
  -1   -2     19.368     -6.439     -4.691
  -1   -2     -9.508     -0.709     -7.595
  -1   -2     13.634      1.939     -6.218
  -1   -2      2.383    -10.828     -0.319
  -1   -2      3.470     -1.161      1.215
  -1   -2     19.734      2.432     -2.585
  -1   -2     -4.013     -5.128      2.144
  -1   -2      7.463     -3.239      8.371
  -1   -2      4.525      1.485      1.265
 137   -2     -0.755     -2.752      5.797
  -1   -2      9.169     -6.345      3.884
  -1   -2     -4.431     -6.955      6.465
  19  163     19.368     -6.439     -4.691
  -1   -2     -9.508     -0.709     -7.595
  -1   -2      2.383    -10.828     -0.319
  -1   -2     13.634      1.939     -6.218
  -1   -2      3.470     -1.161      1.215
  -1   -2     19.734      2.432     -2.585
  -1   -2      4.525      1.485      1.265
  -1   -2      7.463     -3.239      8.371
  -1   -2     -4.013     -5.128      2.144
  -1   -2      9.169     -6.345      3.884
  -1   -2     -4.431     -6.955      6.465
  -1   -2     -9.508     -0.709     -7.595
  -1   -2     13.634      1.939     -6.218
  -1   -2      3.470     -1.161      1.215
  -1   -2     19.734      2.432     -2.585
  -1   -2      7.463     -3.239      8.371
  -1   -2      4.525      1.485      1.265
  -1   -2     -4.013     -5.128      2.144
  -1   -2      9.169     -6.345      3.884
 108   -2     -4.459     -6.944      6.469
  -1   -2     -9.508     -0.709     -7.595
  -1   -2     13.634      1.939     -6.218
  -1   -2      3.470     -1.161      1.215
  -1   -2     19.734      2.432     -2.585
  -1   -2      7.463     -3.239      8.371
  -1   -2      4.525      1.485      1.265
  -1   -2     -4.013     -5.128      2.144
  -1   -2      9.169     -6.345      3.884
  -1   -2     -9.508     -0.709     -7.595
  -1   -2      2.383    -10.828     -0.319
  -1   -2     13.634      1.939     -6.218
  -1   -2      3.470     -1.161      1.215
  -1   -2     19.734      2.432     -2.585
  -1   -2      4.525      1.485      1.265
  -1   -2      7.463     -3.239      8.371
  78   -2     -4.013     -5.128      2.144
  -1   -2      9.169     -6.345      3.884
  -1   -2     -9.508     -0.709     -7.595
  -1   -2     13.634      1.939     -6.218
 195   -2      2.383    -10.828     -0.319
  -1   -2      3.470     -1.161      1.215
  -1   -2     19.734      2.432     -2.585
  -1   -2      4.525      1.485      1.265
  -1   -2      7.463     -3.239      8.371
  -1   -2      9.169     -6.345      3.884
  -1   -2     -9.508     -0.709     -7.595
  -1   -2     13.634      1.939     -6.218
  -1   -2      3.470     -1.161      1.215
  -1   -2     19.734      2.432     -2.585
  -1   -2      4.525      1.485      1.265
  -1   -2      7.463     -3.239      8.371
  -1   -2      9.169     -6.345      3.884
  -1   -2     -9.508     -0.709     -7.595
  -1   -2     13.634      1.939     -6.218
  -1   -2      3.470     -1.161      1.215
  -1   -2     19.734      2.432     -2.585
  -1   -2      4.525      1.485      1.265
  -1   -2      7.463     -3.239      8.371
  -1   -2      9.169     -6.345      3.884
  -1   -2     13.634      1.939     -6.218
  -1   -2     -9.508     -0.709     -7.595
  -1   -2      3.470     -1.161      1.215
  -1   -2     19.734      2.432     -2.585
  -1   -2      4.525      1.485      1.265
  -1   -2      7.463     -3.239      8.371
  -1   -2      9.169     -6.345      3.884
  -1   -2     -9.508     -0.709     -7.595
  -1   -2     13.634      1.939     -6.218
  -1   -2      3.470     -1.161      1.215
  -1   -2     19.734      2.432     -2.585
  -1   -2      4.525      1.485      1.265
  -1   -2      7.463     -3.239      8.371
  -1   -2      9.169     -6.345      3.884
  -1   -2     -9.508     -0.709     -7.595
  -1   -2     13.634      1.939     -6.218
  -1   -2      3.470     -1.161      1.215
  -1   -2     19.734      2.432     -2.585
  -1   -2      4.525      1.485      1.265
  -1   -2      7.463     -3.239      8.371
  -1   -2      9.169     -6.345      3.884
  -1   -2     -9.508     -0.709     -7.595
  -1   -2     13.634      1.939     -6.218
  -1   -2      3.470     -1.161      1.215
  -1   -2     19.734      2.432     -2.585
  -1   -2      4.525      1.485      1.265
  -1   -2      7.463     -3.239      8.371
  -1   -2      9.169     -6.345      3.884
  -1   -2     -9.508     -0.709     -7.595
  -1   -2     13.634      1.939     -6.218
  -1   -2      3.470     -1.161      1.215
  -1   -2     19.734      2.432     -2.585
 256  113      4.525      1.485      1.265
  -1   -2      7.463     -3.239      8.371
  -1   -2      9.169     -6.345      3.884
  -1   -2     -9.508     -0.709     -7.595
  -1   -2     13.634      1.939     -6.218
  -1   -2      3.470     -1.161      1.215
  -1   -2     19.734      2.432     -2.585
  -1   -2      7.463     -3.239      8.371
  -1   -2      9.169     -6.345      3.884
  -1   -2     -9.508     -0.709     -7.595
  -1   -2     13.634      1.939     -6.218
  -1   -2      3.470     -1.161      1.215
  -1   -2     19.734      2.432     -2.585
  -1   -2      7.463     -3.239      8.371
  -1   -2      9.169     -6.345      3.884
  -1   -2     -9.508     -0.709     -7.595
  -1   -2     13.634      1.939     -6.218
  -1   -2      3.470     -1.161      1.215
  -1   -2     19.734      2.432     -2.585
  -1   -2      7.463     -3.239      8.371
  -1   -2      9.169     -6.345      3.884
  -1   -2     -9.508     -0.709     -7.595
  -1   -2     13.634      1.939     -6.218
  -1   -2      3.470     -1.161      1.215
  -1   -2     19.734      2.432     -2.585
  -1   -2      7.463     -3.239      8.371
  -1   -2      9.169     -6.345      3.884
  -1   -2     -9.508     -0.709     -7.595
  -1   -2     13.634      1.939     -6.218
  -1   -2      3.470     -1.161      1.215
  -1   -2     19.734      2.432     -2.585
  -1   -2      7.463     -3.239      8.371
  -1   -2      9.169     -6.345      3.884
  -1   -2     -9.508     -0.709     -7.595
  -1   -2     13.634      1.939     -6.218
  -1   -2      3.470     -1.161      1.215
  -1   -2     19.734      2.432     -2.585
  -1   -2      7.463     -3.239      8.371
  -1   -2      9.169     -6.345      3.884
  -1   -2     13.634      1.939     -6.218
  -1   -2     -9.508     -0.709     -7.595
  -1   -2      3.470     -1.161      1.215
  -1   -2     19.734      2.432     -2.585
  -1   -2      7.463     -3.239      8.371
  -1   -2      9.169     -6.345      3.884
  -1   -2     -9.508     -0.709     -7.595
  -1   -2     13.634      1.939     -6.218
  -1   -2      3.470     -1.161      1.215
  -1   -2     19.734      2.432     -2.585
  -1   -2      7.463     -3.239      8.371
  -1   -2      9.169     -6.345      3.884
  -1   -2     -9.508     -0.709     -7.595
  -1   -2     13.634      1.939     -6.218
 307  318      3.470     -1.161      1.215
  -1   -2     19.734      2.432     -2.585
  -1   -2      7.463     -3.239      8.371
  -1   -2      9.169     -6.345      3.884
  -1   -2     -9.508     -0.709     -7.595
  -1   -2     13.634      1.939     -6.218
  -1   -2     19.734      2.432     -2.585
  -1   -2      7.463     -3.239      8.371
  -1   -2      9.169     -6.345      3.884
  -1   -2     -9.508     -0.709     -7.595
  -1   -2     13.634      1.939     -6.218
  -1   -2     19.734      2.432     -2.585
  -1   -2      7.463     -3.239      8.371
  -1   -2      9.169     -6.345      3.884
 315  326     -9.508     -0.709     -7.595
  -1   -2     13.634      1.939     -6.218
  -1   -2     19.734      2.432     -2.585
  -1   -2      7.463     -3.239      8.371
  -1   -2      9.169     -6.345      3.884
  -1   -2     19.734      2.432     -2.585
  -1   -2      9.169     -6.345      3.884
  -1   -2     19.734      2.432     -2.585
  -1   -2      7.463     -3.239      8.371
  -1   -2      9.169     -6.345      3.884
  -1   -2     19.734      2.432     -2.585
  -1   -2      7.463     -3.239      8.371
  -1   -2      9.169     -6.345      3.884
  -1   -2     19.734      2.432     -2.585
  -1   -2      7.463     -3.239      8.371
  -1   -2      9.169     -6.345      3.884
  -1   -2     19.734      2.432     -2.585
  -1   -2      7.463     -3.239      8.371
  -1   -2      9.169     -6.345      3.884
  -1   -2     19.734      2.432     -2.585
  -1   -2      7.463     -3.239      8.371
  -1   -2      9.169     -6.345      3.884
  -1   -2     19.734      2.432     -2.585
  -1   -2      7.463     -3.239      8.371
  -1   -2      9.169     -6.345      3.884
  -1   -2     19.734      2.432     -2.585
  -1   -2      7.463     -3.239      8.371
  -1   -2      9.169     -6.345      3.884
  -1   -2     19.734      2.432     -2.585
  -1   -2      7.463     -3.239      8.371
  -1   -2      9.169     -6.345      3.884
  -1   -2     19.734      2.432     -2.585
  -1   -2      9.169     -6.345      3.884
  -1   -2     19.734      2.432     -2.585
  -1   -2      9.169     -6.345      3.884
  -1   -2     19.734      2.432     -2.585
  -1   -2      9.169     -6.345      3.884
  -1   -2     19.734      2.432     -2.585
  -1   -2      9.169     -6.345      3.884
  -1   -2     19.734      2.432     -2.585
  -1   -2      9.169     -6.345      3.884
  -1   -2     19.734      2.432     -2.585
 348   10      9.169     -6.345      3.884
 358   -2     19.734      2.432     -2.585
