120
  63  106      8.628     -8.440      3.923
  39   19     10.965     -7.018      9.843
  30   96     15.754     -9.138     -5.367
  89   23      4.584     -8.374      7.392
   7   -2      4.641     -8.530      1.203
   8   74      4.101     -9.559     -4.307
   6   10      4.215     -5.275      2.665
  81   -2     11.206     -8.341      3.968
  48   14      2.723     -7.527      6.138
  -1   95      1.466     -7.910     -8.004
  24   87      2.411     -9.261     -2.187
  60   80     -3.238    -10.386     -0.541
   5   24     12.830     -9.456     -6.644
  35   -2      5.691     -7.107      2.980
   3   42     11.078     -7.656      6.547
  10   83     -2.798     -9.757     -0.246
  52  113      4.106     -9.917     -5.646
  21   73      7.395     -8.447      0.230
   9   26      6.055     -7.293      6.164
  54  115     -1.341     -8.109     -3.069
  -1   31      5.532     -6.740      1.125
  26   41     10.269     -5.749      7.460
  14   12      9.323     -8.656      4.093
  -1  111      9.101     -6.329      4.061
   2   -2      6.433     -9.635     -6.735
  72   92     16.211     -7.144      6.101
  15  150     -5.196     -4.050      9.642
  64   51      7.724     -9.488      8.580
  -1   20     13.405     -7.699      5.387
  41   97      2.292     -5.754      0.701
  -1   -2      3.502     -6.755      4.713
  83   13     13.159     -8.587     -3.725
  36   46      5.608     -9.074     -6.918
  -1   -2      0.596     -9.420      2.212
  44   -2     17.214     -6.892     -0.683
  -1   -2      4.931     -7.638      8.563
  34   -2      8.421     -9.318      6.450
  -1   47      7.144     -4.402      2.326
  70   -2     -4.541     -5.985     -3.614
  51   81      9.707     -9.029      7.644
  53   -2      3.329     -9.836     -0.958
  -1   64      2.957     -7.840      9.517
  -1   38      8.819     -8.957      9.944
  32   -2     -1.845     -8.642      4.812
  78  121     18.222     -9.587      0.613
  61   -2     -6.865     -9.105     -0.512
  -1    6     10.202     -6.890     10.476
  -1  107      7.576    -10.031      2.450
  20  138    -10.197     -9.108     -2.031
  27   -2      8.768     -6.685      8.370
  17   -2     12.631     -7.289      7.275
  -1   55    -11.611    -10.483      1.637
  -1   -2      2.776     -7.930     -7.862
  16   60      8.886     -8.029     -2.769
  46  135     13.503     -8.777     -6.571
  -1   27      9.886     -8.390     -6.729
  -1   -2     -5.573     -9.654     -1.183
  -1   68     -1.695    -10.510      6.879
  59   67      3.587     -8.386      2.079
  47  151      3.112      3.100      8.261
  -1   -2      1.348     -8.761      1.034
  57  149     11.436     -1.759      2.817
  -1   88     11.865     -3.542      1.674
  71   -2     10.070     -4.946     -2.558
  37   98     -1.941     -5.604      2.383
  -1   72     11.777     -3.038      1.935
  -1   25     17.234     -6.522     -8.712
  -1   28      2.032    -10.173     -1.923
  -1    8      4.268     -8.794     -0.716
  -1   15     13.723     -6.974     -3.422
  -1    9      2.450     -7.704     10.178
  -1   -2     15.249     -8.375      8.476
  23   -2     -5.092    -11.127      0.298
   0   85      4.441     -6.290      1.824
  -1   94     -5.230    -10.779     -2.843
  -1  103      0.788     -8.067      3.194
  56  132     -5.439     -8.598     -2.789
  43   -2      9.654      0.577      7.351
  33   11     11.486     -8.402     -6.330
  13   -2      2.789     -8.777     -6.542
  99   -2      8.375     -3.003      5.842
  -1  110     -3.224     -9.969     -7.269
  -1  114     -2.936     -9.715      9.353
  62  112     14.051     -3.456      9.992
  -1  128     12.515    -10.138     -8.782
  -1  124     -4.477     -6.656     -6.720
  -1   66      9.233     -4.233      9.829
  75   -2     -1.042     -6.115      6.023
  97  139     -7.085     -7.783      0.400
  88   -2     -7.238     -4.009     -4.078
  -1   -2     18.472     -9.358     -6.662
  -1  123    -12.439     -6.087     -1.460
  -1  126     14.076      3.086     -3.651
  96   89     11.023      0.800      1.440
  50   -2     10.821     -3.148     -6.789
  -1   -2     -5.053     -4.097      8.261
  -1  137      9.189     -0.138     -1.917
  -1   -2    -12.943    -10.136      3.683
  -1   30     10.105      0.076      8.067
  -1   -2    -13.254    -10.627     -2.463
  -1   -2     21.454     -1.458    -10.225
  -1   -2    -11.517     -9.768     -8.275
  84  108     19.790     -1.912     -7.528
  -1   -2     12.950     -7.049     10.122
  -1   22     12.951     -6.593     10.213
 102  145     -4.521     -5.163      5.276
  -1  144     15.308     -3.953      7.568
  -1  130     -9.700     -0.770     -8.025
  -1   71     14.275     -0.170      0.834
  -1   63     14.080     -8.597      9.496
  -1  152     11.030     -1.943     -6.869
  -1  147    -11.982    -10.456     -6.429
  -1   -2    -12.494     -1.710     -7.427
  92   21      8.633     -3.615      3.894
  -1   -2     -3.745     -7.210      3.730
  -1   -2     14.173     -8.607     -5.706
  94   -2    -11.465     -5.565     -5.327
  -1   -2      2.240     -3.287     -3.010
  -1  100    -12.058    -10.421      3.246
 104   -2    -12.058    -10.421      3.246
