608
  14   13      8.822     -5.257      9.036
  13   -2      9.959     -3.359      6.583
  41    3      7.301     -8.941      7.108
   4   -2     -3.882     -6.727     -4.837
 161   17      6.400     -4.267     -2.782
 564   -2     -4.811     -3.016      9.674
  -1    6      6.738     -3.836      1.490
  -1  369     11.863     -3.768      3.778
  51   -2      7.280     -7.245     -1.507
  11   -2     10.602     -5.351     -5.141
  80   -2     -1.688     -7.410     -6.627
  -1    4      9.296     -2.616      7.954
  -1   -2     10.259     -8.081      7.184
  15  144      8.279     -7.310      6.351
  16   -2     -0.675     -2.320     -3.207
  -1   20     -0.772     -9.059      4.363
  19   -2      7.204     -4.742     -6.825
 118   16     10.530      1.760      5.923
  75   -2      3.802     -5.038     -3.476
  -1   21      2.760     -7.786      7.937
  -1   -2     -3.047     -2.170      9.699
  -1   -2      4.921     -8.581      5.279
  67    2     12.054     -5.398      1.224
  57   53     11.959     -6.900      4.242
  27   24      9.673     -0.784     10.207
  -1   11     12.246     -5.811     -8.479
  -1   52     -1.436     -5.459      3.046
   0   27     10.754     -5.219      6.016
  -1   -2     10.175    -10.084     -3.010
  33   28     11.077     -1.746      3.683
  35   -2      6.806     -2.311     -6.355
  34   47      1.383     -9.946      4.160
  -1   30    -11.795     -6.803     -9.918
  42   -2     -5.574     -5.346     -4.383
  36   34      9.433     -4.251      4.230
  37   36     -3.372     -9.293     -4.725
  38   71    -11.693     -6.312     -5.323
 127   62     14.218     -6.746      5.364
  24   37      4.139     -7.808      5.888
  31   -2     -3.247     -4.311     -5.514
 134   41     15.574     -0.677     -5.187
  43   42     -6.133     -9.756     10.226
   2  559      7.559     -9.051      4.920
 138   -2     17.853     -1.571     -3.077
  85   -2     -2.929     -9.502      3.424
  45   49     -5.914     -8.183      3.045
  -1   33      7.766     -0.072     -7.675
  52   54     -0.646     -6.530      9.433
  50   56     -0.130     -7.051      8.555
  77   -2      9.818     -6.919      3.352
  55   -2     -7.912     -3.962     -2.607
  58   57     19.488     -8.664     -5.198
  -1   -2      9.413     -3.888     10.341
  54   -2     18.691     -8.954      0.769
  -1   75     -8.300     -8.419     -0.596
  62   -2     14.124     -7.364     -6.045
  -1  497     11.996     -8.625     -6.547
  -1   -2     -5.505     -6.949     -9.569
  94   59     14.689     -4.120      3.498
  59   48     17.192     -9.462      1.481
 101   43      7.704     -9.341      1.958
  56  149      3.564    -10.118     10.157
  -1   65     12.261      2.198      8.540
  69   35    -11.892     -7.748     -3.007
  64   64      4.626     -2.925     -3.266
  39  362     15.748     -6.732      3.813
  68   72      4.329    -10.383     -9.754
  -1   -2      9.044     -5.751      3.952
  66   67     14.752     -2.503     -4.654
   6   50     15.755     -6.439     -5.144
  76   -2     -9.570     -6.679     -2.938
  73   76     15.465     -7.355     -1.201
  53   -2      9.496     -4.740     -7.445
  -1   -2      8.729     -7.505     -9.747
  70   -2     -8.029     -6.599     -1.559
  44   22     15.446     -3.157     -1.372
  87   45     12.629      0.120     -3.334
  29   -2     -2.575     -6.130      2.562
  -1   79      8.699     -5.437     -7.277
  79   78     -3.782     -6.864      0.058
  83   55     -6.600     -3.053     -1.568
 112   31     -8.747     -2.344     -4.119
  -1   -2     -0.281      0.751      8.963
  -1   87     16.333      1.008      0.471
  -1   -2     17.551      2.359     -1.599
  -1   -2     13.573      0.744     -2.509
  -1   -2     19.965     -0.122     -2.395
  -1   -2     20.532     -4.528     -3.992
 104   88     16.340     -2.989      0.277
  -1  617      0.288      4.698     -8.853
  -1   -2    -12.518     -1.535     -9.819
  -1  302    -10.288     -3.782     -0.345
  -1   96     -0.180     -5.717    -11.991
  96   -2      4.371     -9.073    -11.243
  -1   -2     -0.034     -0.389      1.715
  -1   -2      8.195    -11.146      8.588
  -1   -2    -11.550     -0.137      9.993
 100   -2     16.769    -10.391     -0.481
  32   99    -10.571     -5.310    -10.013
  -1   63      8.299    -11.003     -1.242
  -1  154     -0.328     -1.497      9.269
  -1   -2     -6.405      3.759     -7.949
  -1   -2     -8.564     -0.433     -8.369
  -1    7     18.085     -5.222      0.471
  -1   -2     14.600     -9.627      3.859
 105  105      7.212     -9.679     -7.478
  -1   74     15.481    -10.287     -9.698
  -1   -2     -1.027      2.410     -3.780
  -1  167     14.500      4.843      3.479
 111  111     16.270     -2.101    -11.649
 120   84    -10.478      0.135     -3.722
  -1   -2      0.780     -5.082      2.373
  -1   -2      7.649     -8.692     10.041
  -1  152      9.048     -9.930      8.774
  -1   -2     17.764     -8.172     -4.604
  -1  578     -8.080      4.891     -9.946
  -1  602      2.420     -0.897      9.488
  -1   -2     10.880     -8.957     -5.003
  -1  454    -12.363      1.600     -8.620
  -1   -2     19.191      4.818     -5.160
  93   -2     -0.902      2.026     -3.174
  -1  125      9.709     -2.255     -0.866
  -1   -2      4.470      6.112      5.299
  -1   -2      6.142     -9.586    -10.866
  -1   -2     -9.112    -12.110    -10.401
  -1   -2      9.256     -8.138      7.857
  -1  127     13.941     -7.688      9.938
 126  126      1.165     -3.723     10.073
 131  131      5.002      1.736     -4.692
 133   -2      0.379     -4.127      0.678
  -1  120     -0.728     -9.302      8.688
  -1   68     -5.789    -11.177      6.007
  72   19      6.638     -6.481     -7.455
 189   -2     -5.903    -10.465      7.804
 124   70     11.932    -11.327     -0.456
  40  136     15.974      1.123     -2.762
 140  128      1.880     -1.594     11.911
  -1   69     15.378     -3.594     -2.890
 179  138     -5.865      2.575     -8.934
 135  133      4.853     -7.473      0.415
  -1   -2     19.762     -4.598     -3.293
 145  135    -11.315     -9.881     -8.749
  -1  134     20.318     -3.047     11.136
 335   -2      1.659     -4.112      9.478
 143  141      9.980     -7.271     -6.502
  -1   -2     -0.966     -9.504      9.008
 129   14      2.838      1.840      0.154
 183   -2      0.795     -1.654     -3.168
  82   -2     -4.020    -10.434     -9.469
  84  148     17.407      2.671      5.108
 171   -2     18.895     -0.669     -2.925
  -1   40     -5.096     -1.739     -4.580
 106  150     13.673     -9.816      4.825
  -1   39     16.011     -5.440      6.861
 130   58      4.061    -10.234      7.679
  95   -2    -11.266     -3.024     -5.031
  99   46     -8.510     -7.460     -5.291
 158  157    -14.743    -10.068      6.261
  -1    1      8.557    -10.615     -8.147
 152  156      6.114     -2.497      8.351
  -1  550      9.921     -3.366      6.551
  -1   -2      6.738     -3.836      1.490
  -1  137     12.016     -3.789      3.398
  -1   -2     -0.836     -9.067      4.194
  -1   -2     -3.033     -2.182      9.800
  -1   -2      7.720     -9.060      4.508
  -1  535     -0.281      0.751      8.963
  -1   -2     16.333      1.008      0.471
  -1   -2    -10.288     -3.782     -0.345
  -1   -2     13.573      0.744     -2.509
  -1   -2     19.965     -0.122     -2.395
  -1   -2     -0.034     -0.389      1.715
 378  398     20.532     -4.528     -3.992
  -1  153    -12.518     -1.535     -9.819
  -1   -2      0.288      4.698     -8.853
  -1   -2      8.195    -11.146      8.588
  -1   -2    -11.550     -0.137      9.993
  -1   -2     -0.328     -1.497      9.269
  -1  438     -6.405      3.759     -7.949
  -1   -2     -8.564     -0.433     -8.369
 401  421     14.600     -9.627      3.859
  -1   -2     14.500      4.843      3.479
  -1  129     -1.027      2.410     -3.780
  -1   80      0.780     -5.082      2.373
  -1   -2     -8.080      4.891     -9.946
  -1   -2      2.420     -0.897      9.488
  28   61     10.880     -8.957     -5.003
  -1   -2     19.191      4.818     -5.160
  -1  146      4.470      6.112      5.299
  -1   44     19.762     -4.598     -3.293
  -1   -2      9.921     -3.366      6.551
  -1   -2      6.738     -3.836      1.490
  -1   -2     12.016     -3.789      3.398
  -1   -2     -0.836     -9.067      4.194
  -1   -2     -3.033     -2.182      9.800
  -1   -2      7.720     -9.060      4.508
  -1   -2     -0.281      0.751      8.963
 181   93     16.333      1.008      0.471
  -1   -2     -0.034     -0.389      1.715
  -1   -2     13.573      0.744     -2.509
  -1   -2     19.965     -0.122     -2.395
  -1   -2    -10.288     -3.782     -0.345
  -1   -2     20.532     -4.528     -3.992
  -1   -2      0.288      4.698     -8.853
  -1   -2      8.195    -11.146      8.588
  -1   -2    -11.550     -0.137      9.993
  -1   -2     -0.328     -1.497      9.269
  -1   -2     -8.564     -0.433     -8.369
  -1   -2     14.600     -9.627      3.859
  -1   -2     -6.405      3.759     -7.949
  -1   -2     -1.027      2.410     -3.780
  -1   -2     14.500      4.843      3.479
  -1   -2      0.780     -5.082      2.373
  -1   -2     -8.080      4.891     -9.946
  -1   -2      2.420     -0.897      9.488
  -1   -2     19.191      4.818     -5.160
  -1   -2     10.880     -8.957     -5.003
 246  270     -3.931     -6.711     -4.993
  -1   -2      6.738     -3.836      1.490
  -1   -2     12.016     -3.789      3.398
  -1   -2     -0.836     -9.067      4.194
  -1   -2     -3.033     -2.182      9.800
  -1   -2      7.720     -9.060      4.508
  -1   -2    -10.288     -3.782     -0.345
  -1   -2     -0.281      0.751      8.963
  -1   -2     -0.034     -0.389      1.715
  -1   -2     19.965     -0.122     -2.395
  -1   -2     13.573      0.744     -2.509
  -1   -2     20.532     -4.528     -3.992
  -1   -2      0.288      4.698     -8.853
  -1   -2      8.195    -11.146      8.588
  -1   -2    -11.550     -0.137      9.993
  -1   -2     -0.328     -1.497      9.269
  -1   -2     -8.564     -0.433     -8.369
  -1   -2     -6.405      3.759     -7.949
  -1   -2     14.600     -9.627      3.859
  -1   -2     14.500      4.843      3.479
 108  236      0.780     -5.082      2.373
  -1   -2     -1.027      2.410     -3.780
  -1   -2      2.420     -0.897      9.488
  -1   -2     -8.080      4.891     -9.946
  -1   -2     19.191      4.818     -5.160
  -1   -2     10.880     -8.957     -5.003
  -1   -2      9.921     -3.366      6.551
  -1   -2      9.921     -3.366      6.551
  -1   -2      6.738     -3.836      1.490
  -1   -2     12.016     -3.789      3.398
  -1   -2     -0.836     -9.067      4.194
  -1   -2     -3.033     -2.182      9.800
  -1   -2      7.720     -9.060      4.508
  -1   -2     -0.281      0.751      8.963
  -1   -2     13.573      0.744     -2.509
  -1   -2     19.965     -0.122     -2.395
  -1   -2    -10.288     -3.782     -0.345
  -1   -2     20.532     -4.528     -3.992
  -1   -2      8.195    -11.146      8.588
  -1   -2      0.288      4.698     -8.853
  -1   -2     -0.034     -0.389      1.715
  -1   -2    -11.550     -0.137      9.993
  -1   -2     -0.328     -1.497      9.269
  -1   -2     -8.564     -0.433     -8.369
  -1   -2     -6.405      3.759     -7.949
  -1   -2     14.600     -9.627      3.859
  -1   -2     14.500      4.843      3.479
  -1   -2     -1.027      2.410     -3.780
  -1   -2      2.420     -0.897      9.488
  -1   -2     -8.080      4.891     -9.946
  -1   -2     10.880     -8.957     -5.003
  -1   -2     19.191      4.818     -5.160
  -1   -2      9.921     -3.366      6.551
  -1   -2      6.738     -3.836      1.490
  -1   -2     12.016     -3.789      3.398
  -1   -2     -0.836     -9.067      4.194
  -1   -2     -3.033     -2.182      9.800
  -1   -2      7.720     -9.060      4.508
  -1   -2     -0.281      0.751      8.963
  -1   -2      0.288      4.698     -8.853
  -1   -2     -0.034     -0.389      1.715
  -1   -2     19.965     -0.122     -2.395
  -1   -2     13.573      0.744     -2.509
  -1   -2     20.532     -4.528     -3.992
  -1   -2      8.195    -11.146      8.588
 153   -2    -10.288     -3.782     -0.345
  -1   -2    -11.550     -0.137      9.993
  -1   -2     -0.328     -1.497      9.269
  -1   -2     -8.564     -0.433     -8.369
  -1   -2     14.600     -9.627      3.859
  -1   -2     -6.405      3.759     -7.949
  -1   -2     14.500      4.843      3.479
  -1   -2     -1.027      2.410     -3.780
  -1   -2     -8.080      4.891     -9.946
  -1   -2      2.420     -0.897      9.488
  -1   -2     10.880     -8.957     -5.003
  -1   -2     19.191      4.818     -5.160
  -1   -2      6.738     -3.836      1.490
  -1   -2     12.016     -3.789      3.398
  -1   -2     -0.836     -9.067      4.194
  -1   -2     -3.033     -2.182      9.800
  -1   -2      7.720     -9.060      4.508
  -1   -2     -0.281      0.751      8.963
  -1   -2     -0.034     -0.389      1.715
  -1   -2      8.195    -11.146      8.588
  -1   -2     19.965     -0.122     -2.395
  -1   -2     20.532     -4.528     -3.992
  -1   -2     13.573      0.744     -2.509
  -1   -2      0.288      4.698     -8.853
  -1   -2    -11.550     -0.137      9.993
  -1   -2     -0.328     -1.497      9.269
  -1   -2     -8.564     -0.433     -8.369
  -1   -2     -6.405      3.759     -7.949
  -1   -2     14.600     -9.627      3.859
  -1   -2     18.370     -5.295      1.542
  -1   -2     14.500      4.843      3.479
  -1   -2     -1.027      2.410     -3.780
  -1   -2      2.420     -0.897      9.488
  -1   -2     -8.080      4.891     -9.946
  -1   -2     10.880     -8.957     -5.003
  -1   -2     19.191      4.818     -5.160
  -1   -2      9.921     -3.366      6.551
  -1   -2      6.738     -3.836      1.490
  -1   -2     12.016     -3.789      3.398
  -1   -2     -0.836     -9.067      4.194
  -1   -2     -3.033     -2.182      9.800
  -1   -2      7.720     -9.060      4.508
  -1   -2     -0.281      0.751      8.963
  -1   -2     -0.034     -0.389      1.715
  -1   -2     19.965     -0.122     -2.395
  -1   -2     13.573      0.744     -2.509
  -1   -2     20.532     -4.528     -3.992
  -1   -2      0.288      4.698     -8.853
  -1   -2    -11.550     -0.137      9.993
 102  333     -0.328     -1.497      9.269
  -1   -2     -8.564     -0.433     -8.369
  -1   -2     -6.405      3.759     -7.949
  -1   -2     14.600     -9.627      3.859
  -1   -2     14.500      4.843      3.479
  -1   -2     -1.027      2.410     -3.780
  -1   -2     -8.080      4.891     -9.946
  -1   -2      2.420     -0.897      9.488
  -1   -2     19.191      4.818     -5.160
  -1   -2     10.880     -8.957     -5.003
  -1   -2      9.921     -3.366      6.551
  -1   -2      6.738     -3.836      1.490
  -1   -2     12.016     -3.789      3.398
  -1   -2     -0.836     -9.067      4.194
  -1   -2      7.720     -9.060      4.508
  -1   -2     -0.281      0.751      8.963
  -1   -2     -0.034     -0.389      1.715
  -1   -2     19.965     -0.122     -2.395
  -1   -2      0.288      4.698     -8.853
  -1   -2     13.573      0.744     -2.509
  -1   -2     20.532     -4.528     -3.992
  -1   -2    -11.550     -0.137      9.993
  -1   -2     14.600     -9.627      3.859
 103  107     -8.564     -0.433     -8.369
  -1   -2     -6.405      3.759     -7.949
 180   -2     18.370     -5.295      1.542
  -1   -2     14.500      4.843      3.479
  -1   -2     -1.027      2.410     -3.780
  -1   -2      2.420     -0.897      9.488
  -1   -2     -8.080      4.891     -9.946
  -1   -2     19.191      4.818     -5.160
  -1   -2     10.880     -8.957     -5.003
  -1   -2      9.921     -3.366      6.551
  -1   -2      6.738     -3.836      1.490
 349   -2     12.016     -3.789      3.398
  -1   -2     -0.836     -9.067      4.194
  -1   -2     -3.033     -2.182      9.800
  -1   -2      7.720     -9.060      4.508
  -1   -2     -0.281      0.751      8.963
  -1   -2     19.965     -0.122     -2.395
  -1   -2     13.573      0.744     -2.509
  -1   -2     20.532     -4.528     -3.992
  -1   -2     -0.034     -0.389      1.715
  -1   -2      0.288      4.698     -8.853
  -1   -2    -11.550     -0.137      9.993
  -1   -2     -6.405      3.759     -7.949
  -1   -2     14.600     -9.627      3.859
  -1   -2     14.500      4.843      3.479
  -1   -2     -1.027      2.410     -3.780
  -1   -2      2.420     -0.897      9.488
  -1   -2     -8.080      4.891     -9.946
  -1   -2     10.880     -8.957     -5.003
  -1   -2     19.191      4.818     -5.160
  -1   -2      9.921     -3.366      6.551
  -1   -2      6.738     -3.836      1.490
  -1   -2     -3.033     -2.182      9.800
  -1   -2      7.720     -9.060      4.508
  -1   -2     -0.281      0.751      8.963
  -1   -2     -0.034     -0.389      1.715
  -1   -2     13.573      0.744     -2.509
  -1   -2     20.532     -4.528     -3.992
  -1   -2      0.288      4.698     -8.853
  -1   -2    -11.550     -0.137      9.993
 418   -2     -6.405      3.759     -7.949
  -1   -2     14.600     -9.627      3.859
  -1   -2     -1.027      2.410     -3.780
  -1   -2     14.500      4.843      3.479
  -1   -2     -8.080      4.891     -9.946
  -1   -2      2.420     -0.897      9.488
  -1   -2     10.880     -8.957     -5.003
  -1   -2     19.191      4.818     -5.160
  -1   -2      6.738     -3.836      1.490
  -1   -2     -0.836     -9.067      4.194
  -1   -2      7.720     -9.060      4.508
  -1   -2     -0.281      0.751      8.963
  -1   -2     13.573      0.744     -2.509
  -1   -2     -0.034     -0.389      1.715
  -1   -2      0.288      4.698     -8.853
  -1   -2    -11.550     -0.137      9.993
  -1   -2     14.500      4.843      3.479
  -1   -2     -1.027      2.410     -3.780
  -1   -2     -8.080      4.891     -9.946
  -1   -2      2.420     -0.897      9.488
  -1   -2     19.191      4.818     -5.160
  -1   -2     10.880     -8.957     -5.003
  -1   -2      6.738     -3.836      1.490
  -1   -2     -0.836     -9.067      4.194
  -1   -2     -3.033     -2.182      9.800
  -1   -2      7.720     -9.060      4.508
  -1   -2     -0.281      0.751      8.963
  -1   -2     -0.034     -0.389      1.715
  -1   -2     13.573      0.744     -2.509
  -1   -2      0.288      4.698     -8.853
  -1   -2    -11.550     -0.137      9.993
  -1   -2     14.500      4.843      3.479
 436  122     -1.027      2.410     -3.780
  -1   -2     -8.080      4.891     -9.946
  -1   -2      2.420     -0.897      9.488
  -1   -2     19.191      4.818     -5.160
  -1   -2     10.880     -8.957     -5.003
  -1   -2      6.738     -3.836      1.490
  -1   -2     -0.836     -9.067      4.194
  -1   -2     -3.033     -2.182      9.800
  -1   -2      7.720     -9.060      4.508
  -1   -2     -0.281      0.751      8.963
  -1   -2     13.573      0.744     -2.509
  -1   -2     -0.034     -0.389      1.715
  -1   -2      0.288      4.698     -8.853
 449  468    -11.550     -0.137      9.993
  -1   -2     14.500      4.843      3.479
  -1   -2      2.420     -0.897      9.488
  -1   -2     -8.080      4.891     -9.946
  -1   -2     19.191      4.818     -5.160
  -1   -2     10.880     -8.957     -5.003
  -1   -2      6.738     -3.836      1.490
  -1   -2     -3.033     -2.182      9.800
  -1   -2      7.720     -9.060      4.508
  -1   -2     -0.281      0.751      8.963
  -1   -2     -0.034     -0.389      1.715
  -1   -2     13.573      0.744     -2.509
  -1   -2      0.288      4.698     -8.853
  -1   -2     14.500      4.843      3.479
  -1   -2     -8.080      4.891     -9.946
  -1   -2      2.420     -0.897      9.488
  -1   -2     10.880     -8.957     -5.003
  -1   -2     19.191      4.818     -5.160
  -1   -2      6.738     -3.836      1.490
  -1   -2     -0.836     -9.067      4.194
  -1   -2     -0.836     -9.067      4.194
  -1   -2     -3.033     -2.182      9.800
  -1   -2      7.720     -9.060      4.508
  -1   -2     -0.281      0.751      8.963
  -1   -2     -0.034     -0.389      1.715
  88   60     13.573      0.744     -2.509
  -1   -2      0.288      4.698     -8.853
  -1   -2     14.500      4.843      3.479
  -1   -2      2.420     -0.897      9.488
  -1   -2     -8.080      4.891     -9.946
  -1   -2     10.880     -8.957     -5.003
  -1   -2     19.191      4.818     -5.160
  -1   -2      6.738     -3.836      1.490
  -1   -2     -0.836     -9.067      4.194
  -1   -2     -0.836     -9.067      4.194
  -1   -2     -3.033     -2.182      9.800
  -1   -2      7.720     -9.060      4.508
  -1   -2     -0.281      0.751      8.963
  -1   -2      0.288      4.698     -8.853
  -1   -2     -0.034     -0.389      1.715
  -1   -2     14.500      4.843      3.479
  -1   -2      2.420     -0.897      9.488
  -1   -2     -8.080      4.891     -9.946
  -1   -2     10.880     -8.957     -5.003
  -1   -2     19.191      4.818     -5.160
  -1   -2      6.738     -3.836      1.490
  -1   -2     -0.836     -9.067      4.194
  -1   -2     -0.836     -9.067      4.194
  -1   -2     -3.033     -2.182      9.800
  -1   -2      7.720     -9.060      4.508
  -1   -2     -0.281      0.751      8.963
  -1   -2      0.288      4.698     -8.853
  -1   -2     -0.034     -0.389      1.715
  -1   -2     14.500      4.843      3.479
  -1   -2     -8.080      4.891     -9.946
  -1   -2      2.420     -0.897      9.488
 116  118     10.880     -8.957     -5.003
  -1   -2     19.191      4.818     -5.160
  -1   -2      6.738     -3.836      1.490
  -1   -2     -0.836     -9.067      4.194
  -1   -2     -0.836     -9.067      4.194
  -1   -2     -3.033     -2.182      9.800
  -1   -2      7.720     -9.060      4.508
  -1   -2      0.288      4.698     -8.853
  -1   -2     14.500      4.843      3.479
  -1   -2     -8.080      4.891     -9.946
  -1   -2      2.420     -0.897      9.488
  -1   -2     19.191      4.818     -5.160
  -1   -2      6.738     -3.836      1.490
  -1   -2     -0.836     -9.067      4.194
  -1   -2     -0.836     -9.067      4.194
  -1   -2     -3.033     -2.182      9.800
  -1   -2      7.720     -9.060      4.508
  -1   -2      0.288      4.698     -8.853
  -1   -2     14.500      4.843      3.479
  -1   -2     -8.080      4.891     -9.946
  -1   -2      2.420     -0.897      9.488
  -1   -2     19.191      4.818     -5.160
  -1   -2      6.738     -3.836      1.490
  -1   -2     -0.836     -9.067      4.194
  -1   -2     -0.836     -9.067      4.194
  -1   -2     -3.033     -2.182      9.800
  -1   -2      7.720     -9.060      4.508
  -1   -2      0.288      4.698     -8.853
  -1   -2     14.500      4.843      3.479
  -1   -2     -8.080      4.891     -9.946
  -1   -2      2.420     -0.897      9.488
  -1   -2     19.191      4.818     -5.160
  -1   -2      6.738     -3.836      1.490
  -1   -2     -0.836     -9.067      4.194
  -1   -2     -0.836     -9.067      4.194
 156    8     -3.033     -2.182      9.800
  -1   -2      7.720     -9.060      4.508
  -1   -2      0.288      4.698     -8.853
  -1   -2     14.500      4.843      3.479
  -1   -2      2.420     -0.897      9.488
  -1   -2     -8.080      4.891     -9.946
  -1   -2     19.191      4.818     -5.160
  -1   -2      6.738     -3.836      1.490
  -1   -2     -0.836     -9.067      4.194
  -1   -2     -0.836     -9.067      4.194
  -1   -2      7.720     -9.060      4.508
  -1   -2      0.288      4.698     -8.853
  -1   -2     14.500      4.843      3.479
  -1   -2     -8.080      4.891     -9.946
  -1   -2      2.420     -0.897      9.488
  -1   -2     19.191      4.818     -5.160
   8   -2      6.738     -3.836      1.490
  -1   -2     -0.836     -9.067      4.194
  -1   -2     -0.836     -9.067      4.194
  -1   -2      7.720     -9.060      4.508
  -1   -2      0.288      4.698     -8.853
  -1   -2     14.500      4.843      3.479
  -1   -2      2.420     -0.897      9.488
  -1   -2     -8.080      4.891     -9.946
  -1   -2     19.191      4.818     -5.160
  -1   -2     -0.836     -9.067      4.194
  -1   -2     -0.836     -9.067      4.194
  60   -2      7.720     -9.060      4.508
  -1   -2      0.288      4.698     -8.853
  -1   -2     14.500      4.843      3.479
 184  177      2.420     -0.897      9.488
 562  117     -8.080      4.891     -9.946
  -1   -2     19.191      4.818     -5.160
  -1   -2     -0.836     -9.067      4.194
  -1   -2     -0.836     -9.067      4.194
  -1   -2      0.288      4.698     -8.853
  -1   -2     14.500      4.843      3.479
  -1   -2     19.191      4.818     -5.160
  -1   -2     -0.836     -9.067      4.194
  -1   -2     -0.836     -9.067      4.194
  -1   -2      0.288      4.698     -8.853
  -1   -2     14.500      4.843      3.479
  -1   -2     19.191      4.818     -5.160
  -1   -2     -0.836     -9.067      4.194
  -1   -2     -0.836     -9.067      4.194
  -1   -2      0.288      4.698     -8.853
  -1   -2     14.500      4.843      3.479
  -1   -2     19.191      4.818     -5.160
  -1   -2     -0.836     -9.067      4.194
  -1   -2     -0.836     -9.067      4.194
  -1   -2      0.288      4.698     -8.853
  -1   -2     14.500      4.843      3.479
  -1   -2     19.191      4.818     -5.160
  -1   -2     -0.836     -9.067      4.194
  -1   -2     -0.836     -9.067      4.194
  -1   -2      0.288      4.698     -8.853
  -1   -2     14.500      4.843      3.479
  -1   -2     19.191      4.818     -5.160
  -1   -2      0.288      4.698     -8.853
  -1   -2     14.500      4.843      3.479
  -1   -2     19.191      4.818     -5.160
  17  604     -0.836     -9.067      4.194
  -1   -2      0.288      4.698     -8.853
  -1   -2     14.500      4.843      3.479
  -1   -2     19.191      4.818     -5.160
  -1   -2      0.288      4.698     -8.853
  -1   -2     14.500      4.843      3.479
  -1   -2     19.191      4.818     -5.160
  -1   -2      0.288      4.698     -8.853
  -1   -2     14.500      4.843      3.479
  -1   -2     19.191      4.818     -5.160
  -1   -2     14.500      4.843      3.479
  -1   -2     19.191      4.818     -5.160
  -1   -2      0.288      4.698     -8.853
  -1   -2     14.500      4.843      3.479
 123  619     19.191      4.818     -5.160
 602  173      0.288      4.698     -8.853
 109  621     14.500      4.843      3.479
