443
  63   -2     -4.650     -9.149     -2.705
  -1    0     -2.009     -8.302     -3.819
  -1    4      0.262     -6.005      4.703
  -1   66     -2.615     -9.351     -7.173
  -1   -2     -1.082     -5.524      7.341
 116   -2     -3.038     -8.267      6.245
  -1  346     -2.213     -8.054     -9.646
  14   10     -0.369     -6.250      9.029
  -1   52     -5.170     -7.656     -2.125
  12   -2     10.828     -9.011     -7.772
 128  412      9.333     -6.809     -4.194
 164    1      6.503     -6.001     -7.122
 172   -2      3.741     -8.102      7.510
  10   -2     -0.236     -5.327      6.808
   1    9      1.830     -7.188      3.373
 362   54     -0.111     -9.805     -3.134
  70   -2      0.300     -8.324     -7.378
  42   -2     -1.271    -10.328     -2.135
   4   -2     -4.033     -8.617      0.901
  37  108     -3.839     -8.846      4.755
 183   -2      7.598     -6.316     -2.652
   8  214     -7.110     -7.328      8.863
 219  234     -9.921     -9.805      0.896
 400   -2      0.387     -4.765     -4.314
  -1   38     -4.416     -4.415     -6.308
  18   16     -5.240     -4.072      2.797
  -1   31     -1.950    -10.102     -3.492
 397  175     -3.431     -7.586     -5.590
 354   -2     -0.722     -7.238     -0.324
  47   26      5.321     -4.971     -6.630
   9   -2      8.177    -10.543     -9.243
 204  196    -11.744     -8.277     -1.393
  -1   -2     -2.231     -9.037     -9.138
   5   -2      3.261     -8.675      1.975
  39   -2     -1.212      0.102      3.971
 109   -2     -4.995     -9.320      5.451
  -1   89      6.860     -8.290     -9.098
  56   25      6.118     -5.601     -0.980
  68   99      3.190     -7.922     -5.061
 113  245      4.231     -8.062      7.226
  32   28     10.637     -6.323     -7.194
 137   15     -1.235     -8.193     -7.983
  43   39     -1.268     -1.023      1.366
  40   80    -10.678     -8.108     -2.790
 146   -2      6.903     -8.869     -4.831
  29  105     -4.545     -7.926     -0.896
 296  251     -5.868     -5.754     -6.511
  -1   -2     10.466     -7.932      0.999
 208  111    -12.432     -5.926     -7.154
 169   -2      2.618     -5.192      9.649
 178  138     -4.937     -9.693     -8.867
 301  244     -1.022    -10.492     -5.248
  27   -2     -9.377     -7.083     -6.268
  24   -2      2.485     -9.011      1.169
  71   29     -6.622     -3.203      6.580
  60   46     -7.322     -2.554     -0.499
  30   14     -4.254     -6.454     -0.303
  -1   -2     -6.093     -9.740     -0.770
 115   -2      9.360     -8.438     -6.467
 138  102      7.003     -8.286     -2.600
  99  171      8.490     -8.789     -2.227
 206   -2      6.136     -9.833     -9.763
 245  143      1.297     -5.987      1.210
 430   49      9.991     -6.897     -3.939
  72  114     -5.780     -8.406     -1.174
  49  140      0.507     -7.742     -6.113
 434  103     -0.518     -7.401     -4.194
 406   -2    -13.182     -7.105     -3.675
  13  259     -2.749     -9.325     -3.143
  -1    7     -1.376     -8.765     -9.947
  -1   68      0.153     -6.562      2.026
  -1   -2    -12.582     -9.168     -7.209
  97   61      1.776     -2.050      8.009
  -1  124      9.531     -8.709     -6.524
  -1   -2     -3.287    -10.156     -3.401
 319  349      6.915     -7.703     -6.479
  96   55      9.085     -5.209     -2.200
  -1   97      0.914     -9.465     -5.306
  38   79      4.945     -7.787      6.287
  67   86     -5.376     -7.403      0.198
 280   -2     -4.102     -7.230      1.263
  87   74     -0.449     -1.208     -4.020
 363   -2     -9.101     -8.227      0.757
 148   18      2.128     -8.534     -3.484
 184  121      6.179     -7.068      6.185
 306   -2     -0.131     -4.714      3.004
 126   88      7.540     -2.211     -8.143
 119  137      3.443     -8.276      7.373
 345   -2      4.774     -8.907      3.998
  -1   -2    -11.454     -9.865     -5.894
  -1   -2     -6.477     -6.686      2.488
  -1   -2    -11.083     -8.534     -7.918
 135  217      1.096     -7.615      9.707
  74   -2      8.271     -7.407      1.723
  82   85      5.707     -6.225      6.658
  -1   -2     -9.154     -8.313      2.978
  44  367      7.868     -7.649      1.656
 321  307     -5.626     -7.177     -5.157
  -1  329     -0.445    -10.056     -5.351
 134   -2      8.232     -5.379     -1.879
 288   45     -2.741     -7.277      4.848
 154   -2     -2.921     -6.192      3.772
 211  370      3.847     -9.311      0.793
  -1   -2      9.522     -6.231     -3.428
  91  139     -4.104     -8.493      7.116
 331   -2     -5.088     -1.455      1.916
 120  113      6.829     -4.124     -2.832
  -1   -2      4.970     -4.902     -9.517
 295   -2      6.438     -7.495     -1.692
 131   -2      3.605     -6.996     -6.331
 412   96      1.819     -6.658     -8.598
  55   -2     -4.287     -7.909      5.848
  80  263      8.205     -9.492     -3.552
  77  375      3.378     -7.609     -0.356
  -1   76     10.620     -9.376     -8.518
  -1   65     -4.645    -10.748     -8.873
  -1   24     -0.541     -6.670      4.387
 125  110      7.057     -2.945     -8.668
 147  249     -0.063    -10.458     -6.857
 389  347      4.933     -8.587     -6.152
  -1   -2     -9.195     -7.956      3.918
 279   -2    -12.121     -6.928     -7.146
 294  201     10.679     -6.325     -2.163
 136  115      1.037     -1.359     -3.456
  -1  247     -2.111     -5.066      9.105
 265   -2      2.456     -6.292      6.700
  62   69     -4.711     -9.699      1.559
  92   -2      5.697     -8.908     -6.394
  -1   -2      0.666     -8.661     -4.254
 395    2      9.793     -8.579      5.137
  -1   -2     -0.129     -4.934      6.431
 170  161     -7.710    -10.008     -0.563
 387   57      3.402     -8.399     -1.661
 394   -2     -1.828     -7.814      1.006
 335    3     -3.484    -10.155     -7.980
  28  326     -0.948     -8.047      5.917
 181   -2     -8.832     -9.817     -4.003
 254   83    -11.646     -7.905     -7.412
  -1   91      4.925     -9.610     -4.547
 152  104      8.523     -4.294     -4.015
  -1  222      4.266     -6.932     -9.825
 118  386      5.223     -5.278      9.669
 276  409      8.046     -4.905     -8.278
 314  109     12.051     -3.075      1.484
 287  286     -7.175    -10.387      2.820
  -1   -2     -1.079     -6.245      4.057
 337   27      8.330     -9.360     -6.010
  -1  179      1.481     -9.830     -8.934
  -1   -2      9.013     -8.945      5.602
  -1   98     -7.699     -9.154      6.401
  11   11     -3.373     -8.384     -2.602
 339  135      6.160     -5.193     -8.507
  -1  123      9.994     -4.925     -0.978
 380   -2     -3.137     -7.874     -8.606
 159  129      8.352     -3.183     -3.996
 257   44     -4.241     -8.979     -3.203
 100   -2      8.533     -8.009     -9.161
  -1   -2      3.374     -8.631      6.204
  -1   -2    -11.775     -3.929     -4.648
 364   -2      4.755     -5.193      6.643
 325   -2     -2.950     -7.389      0.739
  59   -2     -0.242     -9.797     -6.034
  88  101     -4.767    -10.251     -1.083
 304  348     -3.516     -2.992     -3.100
 326  145      5.530     -1.955      1.088
  61   87     -1.712     -7.295     -2.335
 168  152      7.975     -2.800     -6.215
 171  359      0.031     -3.002      9.961
 329   81      8.266     -4.327     -1.900
  45  250     -3.665     -8.802      2.118
  -1    6     -4.162     -9.153     -7.992
  89   -2      1.412     -7.005     -4.131
 351  126     -7.740     -7.188     -2.578
 275   -2      4.395     -8.972      0.011
  -1  159      4.273     -3.368     -8.302
 121   -2      2.495     -9.100     -4.656
  -1  365     10.182     -2.112     -9.686
 175  165     11.272     -2.446     -9.116
 343   -2     -8.002    -10.307     -5.385
 235  167     11.600     -3.729     -5.419
 341   -2      3.338     -5.763      3.943
 106  209      1.454     -9.132     -8.432
 269   72     -1.162     -9.964      4.481
 379   -2      3.075     -7.748      2.663
  -1   -2     -0.944     -9.535      8.692
 370  216      2.757    -10.839     -0.325
  21  185     -9.655     -3.134      2.269
  54   -2    -10.828     -8.890     -7.808
 187   73    -10.927     -4.112      2.067
 383   -2     -7.811     -3.442      2.230
  84   59     -2.340    -11.042     -4.116
 246  300      0.142     -4.669      7.844
  -1   -2      5.200     -9.414     10.506
  -1  136      2.512     -9.749      5.706
 205  233      3.896     -9.784      2.805
  -1  278    -12.088     -5.246      0.581
 256  219      1.000    -10.095      2.323
 278  255      2.813     -9.787      9.354
 334   -2    -12.776     -9.237     -3.202
 349  242      3.981     -9.905     -2.863
  -1   -2    -12.503    -10.783     -5.168
  -1   -2      0.852     -4.413      7.224
  -1   -2      2.622    -10.481      6.630
  -1   -2      4.771    -10.022     -5.054
 338  183      9.645     -9.842     -0.495
  -1  195      7.195     -6.422     -5.444
 431   33     -3.543     -2.551      8.172
 290   -2      7.887    -10.379      6.953
 142   -2     -9.975     -6.937     -5.435
 272  187      5.827    -10.767      0.296
  -1   -2      0.389     -9.451     10.049
  -1  198      3.354    -10.461      6.722
 237   -2     -1.150    -10.385      4.394
 312  289      3.046    -11.112     -0.102
  -1   -2     -2.561    -10.693     -4.469
  -1   -2      5.249     -9.677      5.975
 432  260      4.310    -10.342      1.135
 238   -2     -0.865    -10.733      1.556
  -1   67     -4.622    -10.414     -0.177
 186  206      0.588     -9.808      6.393
  -1   -2     18.697     -9.681     -7.458
  64  208      2.776    -10.075     -0.706
  -1   -2      4.534     -9.266      5.171
 250   -2    -11.349     -6.553     -7.659
 300  211    -13.326    -10.744     -3.886
  -1   -2      5.097     -9.962     10.401
 348   32    -11.932     -8.868     -7.185
 207   -2    -11.992     -5.420     -2.109
  -1   51     -8.075     -5.666      1.383
 408  189    -13.255     -7.854     -5.123
 214   36     -1.329     -9.030      2.429
  -1   -2      4.621     -9.393      8.470
  -1   -2     -2.006    -10.744     -3.873
 375  312     -4.244     -9.777      9.301
  -1  100     -3.389     -7.583      9.001
  -1  202      0.177     -9.976      6.079
 216   -2      3.283    -10.421      5.918
  -1  164      8.604    -10.217     -3.351
  65  290     13.064     -8.901     -9.501
 229  306      4.193    -10.983     -4.289
 253   -2    -11.646     -4.497     -1.039
  -1  142     -2.019     -4.246      8.068
 373   82      9.302     -8.308      5.185
 240  372     -1.775     -9.806      8.242
  -1  284      0.511    -11.170      2.257
  -1   -2      2.156    -10.265      4.132
  -1   -2     -8.364     -5.304      7.584
 198  193      1.375    -10.782      4.062
 315   -2     10.466     -7.998     -7.605
 226  236     -9.268     -4.148      2.645
  -1   -2     -4.569     -9.627     -0.324
  -1   48      2.363     -5.804     10.232
  -1  315      7.882    -10.540     -1.097
 421   -2     14.473      3.102     -4.635
  -1   -2      9.011     -9.604      8.880
 356   -2      7.688    -10.805      0.767
  -1   -2     -4.583     -9.870     -6.777
  -1   78     -1.390    -10.821     -7.794
  -1   35    -12.315    -10.558     -5.052
  17   -2     -9.456     -6.975      2.948
  -1   -2      7.063    -10.457     -1.488
 232  230     -7.329     -2.303      5.971
 266  262      7.439    -10.700      0.803
 317  353    -10.135    -10.201     -0.237
  -1   -2     -0.061     -8.094      6.822
  -1  258     -1.147    -10.524      0.108
 399   -2     14.540     -7.803     -4.429
  -1   -2    -10.959     -3.662     -9.723
 195  191      3.710     -9.859      5.513
  -1  314      9.990     -9.534     -0.824
  -1   -2     -3.725     -8.831      8.174
 220  379     14.962     -5.098     -5.360
  -1  192      4.626    -10.841      0.186
 252   -2      0.173     -8.677     10.363
 255  318     -2.941    -10.603     -8.919
  93   -2     -1.966     -5.651      2.613
  -1  128      3.921     -8.325     -7.131
  -1   -2     -3.064     -9.351      9.077
 122  117    -12.262     -9.977     -6.636
  -1  184      4.261     -9.473      4.840
  -1  285     19.628     -9.320     -2.113
  -1   -2      7.627     -3.231     -6.412
 273  311     11.528     -1.728      2.583
 234  335      6.741    -10.266     -0.960
 292   -2      5.750    -10.606     -6.549
  -1  400     16.778      0.926    -10.414
  -1  252     11.919     -6.912      9.781
 144   20      8.833     -6.443     -1.514
 327  190      8.964     -9.937      9.534
  -1  134      5.216     -8.686      6.544
  -1  310     -2.728     -9.579      9.330
  81  131     -5.556     -6.256     -0.714
  -1  243      9.274     -6.422     -7.490
  -1   64      3.790     -7.528     -6.087
  -1   -2     -7.969     -5.740      5.107
 199  106      7.537     -8.731      7.809
  -1  337     -9.264     -6.269      3.786
 293  225      1.613    -11.214      1.042
  -1   -2     -4.575    -10.392     -2.643
  -1  181     -1.428     -5.648      7.087
  94   -2     -3.394     -6.347     -3.482
  57   93      3.292     -6.498      3.502
 180   -2      7.184     -6.650      9.261
  -1  304      8.637    -10.265     -0.522
  -1  122     -1.036      0.551      0.196
 162  118    -12.483     -8.972     -5.284
  31  133      0.713     -3.719     -0.221
 340  303      8.431     -0.279      4.785
 308   -2      0.266    -10.515      0.361
  -1   -2      5.852     -4.135     -1.273
 289  174     15.191     -8.100      6.478
  -1  207     11.579    -10.607     -6.782
  -1   -2      3.359    -11.044      3.155
 359   -2     -0.535     -9.650      5.193
  -1  381      4.890     -4.521     -8.157
  78   -2      9.290     -7.839      3.343
  -1   -2      0.602    -10.302      1.884
 407  153     13.140     -2.223     -1.131
  -1   -2      5.492     -8.073     -4.769
  -1    8     11.045     -7.153      3.363
  -1  287     -0.481    -10.232      3.646
 210  168     -4.696     -4.624      1.849
 336   -2      0.535     -6.938      3.964
  -1   17     -4.196     -7.645      3.866
 218   -2      9.788     -5.180      8.400
  -1   -2      2.309     -9.554     -0.695
 182  146      9.711     -4.141     -3.882
  -1  132      7.012     -5.241      1.560
  -1   -2      0.231     -5.459     10.103
  -1   -2     -4.341     -9.887      7.242
 242   -2     10.690    -10.205     -9.394
  -1   -2      7.165     -3.746     -2.295
  58  180      8.887     -8.143     -5.174
 371   -2     10.958     -4.511     -4.481
  -1  150     10.956     -2.491     -2.652
  -1  231     -8.945     -9.784     -3.523
  -1  333      1.423    -11.015     -8.460
  -1   -2      1.739     -3.251      0.386
  -1  241      4.179    -10.474     -2.607
 361  182      2.742    -11.033      0.639
  -1  151     12.907     -4.882     -2.892
  98  342     -6.596     -5.755      2.115
 150   75      8.559     -5.259      0.363
  -1  157      7.449     -6.453     -1.152
  -1   -2     -7.885     -2.078      6.516
 101  166      9.364     -8.237      0.356
  -1   58     10.745     -9.661     -1.476
 202   -2      3.674     -9.562      5.337
  -1  127      6.036     -7.821     -7.372
 318  253      1.980     -9.973      6.410
  -1  170      4.913     -6.724      4.296
  -1  144      0.740     -5.798     -6.844
  -1  162      8.244     -1.935      5.164
  -1  339     -4.354     -9.357     10.556
  -1  148      4.502     -6.015     -3.115
 333   -2     -3.192     -9.866      8.613
  -1   -2     -9.845     -5.485     -8.148
  52   22     -1.213     -8.640      0.525
  -1  356     -0.433     -2.360     -4.364
  -1   70      2.704     -8.217     -5.928
  -1   37     -2.492      0.990      6.632
 398   -2      2.678     -4.802      6.354
  -1  321     -8.954     -2.138    -10.056
  -1   -2      2.606     -9.886      7.659
 165   -2     10.764     -5.030     -0.396
 191   -2      2.865    -10.663      4.061
  -1  232     -5.811     -5.866     10.127
 396  385     12.113     -7.667      3.591
  23   -2     -6.958     -7.812     -0.055
  -1   -2     -8.324     -3.225      5.449
  22  229    -11.306     -9.620     -5.350
 299   -2     10.276     -3.308     -1.770
  -1   -2      2.425    -11.230      0.516
  -1   19     12.075     -8.263     -8.298
 130   -2      3.710     -7.878     -9.617
  -1   -2      1.972     -9.561     10.398
  -1  376    -10.758    -10.196      0.163
 433  299      8.098     -3.627     -9.002
  -1   -2      7.331     -6.825     -4.153
  -1  257      0.320     -6.876     -7.089
 309  338     13.915     -5.946    -10.825
  -1   -2      3.417     -3.725     -6.378
 368  308     18.030     -4.510     -3.043
  -1  169      7.118     -8.607     -9.287
  -1  272     -0.659    -10.350      0.705
 263   -2     15.879     -8.074     -3.205
 350  154      4.817     -7.494     -1.027
  -1  352    -11.476     -9.819     -1.125
  -1   -2      0.519     -7.652      9.084
  -1   -2      1.082     -1.511      7.859
  -1   -2     13.896     -3.924     -3.388
 424  160      4.130     -4.212      2.143
 174  248     10.685     -5.881     -9.160
 139  332     -0.798     -6.872      5.537
 391  368     -7.956      0.266      4.318
 231  204    -10.360     -5.289     -1.447
 401  374     -6.855     -0.117     -9.953
 167   -2      5.810     -4.371     -6.911
 393   92      4.863     -4.915     -1.029
  -1   -2     -4.068     -8.209      5.416
  -1  155     -4.929    -10.319     -6.618
  -1   -2     -0.270    -10.029      9.587
  79  213     -6.486     -9.785     -5.661
 129  237      0.285     -9.938     -9.367
  -1   -2      8.234     -3.086     -0.882
  -1   -2     -0.072    -10.336      8.085
 203   -2     -1.180    -10.525     -6.998
  -1  396     -0.000     -2.463     -1.740
  -1  296     -4.299     -5.611      7.572
  -1  275     18.974     -9.390     -1.347
  -1  178     15.051     -6.335      9.846
  -1   -2    -11.633     -3.442      2.514
  -1   -2     14.242    -10.587    -10.001
 409  387     -1.862      4.459     -0.940
  -1   -2     18.457     -1.379     -0.161
 413   -2      1.896      1.829      3.796
  -1   -2     23.370     -8.348    -10.281
  -1   -2     22.713     -6.186    -10.294
  -1   -2     14.233     -2.613     -5.673
 342  391     -7.457      1.155     11.548
 416  398     -8.955      1.377    -10.443
  -1   -2    -10.652     -9.074      8.944
  -1   -2     14.128      0.379      1.820
  -1  405     19.750      1.493      0.269
  -1  389    -12.035    -11.120     -1.522
 418  404    -14.358     -1.723      4.396
  -1  402    -12.363    -10.277     10.522
  -1  268     18.394      4.968     -3.254
  -1   -2     12.874      3.333     -4.332
  -1   -2    -14.353     -9.714     11.948
  -1  266     10.454     -5.172      7.268
  -1   -2     17.089    -10.044     -3.334
  -1   -2     16.153      3.899     -8.879
   0   -2     -1.988     -8.297     -3.889
 428  410     -2.023     -8.323     -3.778
   7   -2      0.274     -5.999      4.591
  -1    5     -0.191     -5.333      6.784
  90  149      0.224     -6.675      2.170
 357   50     -0.362    -10.734     -0.543
 271  408     11.321     -2.564     -3.574
  -1  319     -2.537     -7.179      0.550
 104   -2      7.608     -5.488     -0.126
 429  411      0.173     -1.271     -5.406
