351
   0    0      8.829     -5.251      9.058
  -1    7      6.665     -3.788      1.814
 348   92     -0.758     -9.061      4.376
   1   -2      7.301     -8.941      7.115
   2   19      0.418     -9.795      7.047
  14   10      9.964     -3.357      6.573
   7   -2     12.007     -5.791     -8.824
  74   47     -3.557    -10.222      2.390
  -1   -2     16.152     -4.654     -7.030
  10   -2      6.401     -4.267     -2.762
   9   -2     -4.802     -3.013      9.674
  -1   61      7.280     -7.245     -1.507
 162   -2     10.603     -5.352     -5.147
  -1   27     -1.686     -7.409     -6.624
  31   29      9.298     -2.613      7.952
  -1   -2     10.259     -8.082      7.188
 157   15      8.279     -7.310      6.352
  97   16     -0.672     -2.320     -3.197
  -1   -2     -5.453     -7.388      7.831
  18   90      7.206     -4.742     -6.826
  19   -2     10.531      1.758      5.929
 155   72      3.798     -5.038     -3.483
  11   20     12.054     -5.399      1.232
  24   65      4.923     -8.577      5.276
  72  324     -3.046     -2.171      9.698
  40   25      3.185     -8.019      6.093
 156   31     11.951     -6.897      4.229
  28   -2      9.674     -0.784     10.210
  27   28     -1.436     -5.462      3.055
  49   35     -8.326     -7.470      2.121
  -1   -2     10.175    -10.085     -3.012
  58   -2     -5.575     -5.347     -4.378
  51   18      6.808     -2.311     -6.350
  86   12    -11.791     -6.802     -9.909
  37   36      9.432     -4.251      4.235
 115   -2     -3.371     -9.296     -4.727
  77   14     11.079     -1.747      3.677
  -1   37      3.907     -7.818      5.265
  36   52      2.285     -9.997      6.680
  -1   38     14.648     -7.748     -4.889
  60  148     14.217     -6.746      5.365
  16   -2     -3.247     -4.312     -5.512
  45   41     15.575     -0.678     -5.186
 102   -2    -11.692     -6.314     -5.320
  61   49     17.612     -9.522      0.515
  -1   -2     -6.128     -9.757     10.224
  62    1      7.560     -9.049      4.913
  -1   -2     -5.913     -8.184      3.046
  90   79     15.680     -6.468     -5.411
 150   -2     -0.644     -6.531      9.436
  87   74     -8.306     -8.417     -0.605
  56   53     -0.130     -7.052      8.561
  78  170     14.125     -7.364     -6.049
 105   32     -8.067     -4.032     -2.970
  57    2      9.823     -6.914      3.373
  84    5     -1.744     -9.203      5.654
  75   -2     -9.700     -8.656      2.663
  -1    4     11.966     -5.716    -10.924
  -1   87     18.690     -8.953      0.775
  59   64     19.955     -8.610     -3.336
  30   23      7.704     -9.332      1.963
 103   -2     17.860     -1.569     -3.054
 184   40     -0.296     -5.553      5.038
  -1   59     13.047      0.152     -1.132
  67   -2     11.996     -8.625     -6.542
  71   -2     14.691     -4.123      3.494
 234   80     19.678     -5.580     -3.592
 152  110     -9.458     -8.741     -6.884
  -1   -2      4.622     -2.925     -3.267
 104  143     15.461     -3.173     -1.408
 125   -2     14.760     -2.502     -4.675
  70   -2     -9.670     -2.133     -7.464
 111   -2     -9.662     -7.037     -6.765
  46   -2      7.197    -10.184      6.904
  64   71     11.239    -10.570      3.166
  79   78      9.501     -4.741     -7.454
 108   21      1.694     -5.917     -6.327
  88  133      5.561     -9.482     -9.192
 135   56     -5.400     -2.862      0.185
  29   -2     -8.028     -6.598     -1.556
  38   46    -11.738     -7.168     -8.073
  81  149      4.690    -10.321      5.995
  76   -2    -12.851     -7.905     -5.950
  80  152      6.822     -6.433     -7.987
  48   85     -3.779     -6.865      0.074
  -1   83     15.008     -7.193     -0.129
  89   44     -7.615     -7.373     -8.568
  -1   -2     -4.103    -10.460     -8.844
  -1   -2     14.914    -10.164     -7.426
  13   63     -0.966     -6.759     -1.818
  85   54     -5.034    -10.797     -3.441
  92   -2      8.708     -5.439     -7.283
  94   -2     -6.596     -3.053     -1.553
  47  137     -4.826     -9.485      9.893
 127   -2     16.632      3.800     -9.998
  -1   -2     -0.282      0.751      8.962
  -1   -2      4.467     -9.049    -10.982
  -1  100     16.333      1.010      0.470
 188  159     17.551      2.360     -1.597
  -1  275     13.573      0.741     -2.511
  -1   -2     -0.035     -0.391      1.719
  -1   -2      0.272      4.702     -8.899
  -1   -2      3.192    -10.556     -6.498
  -1  144     19.965     -0.122     -2.393
 161   -2     16.340     -2.989      0.278
  -1  107      5.357    -10.227     -4.856
  -1   -2    -12.519     -1.537     -9.818
  32   84    -10.570     -5.308    -10.012
  -1   -2      8.302    -10.999     -1.243
  -1   -2     -0.333     -1.494      9.282
 112  178    -13.689     -4.333     -2.446
  -1   -2     -8.568     -0.434     -8.350
  -1   -2     14.597     -9.628      3.869
  -1   -2     -6.404      3.759     -7.951
  -1   -2     14.500      4.842      3.479
  -1   -2     -1.026      2.407     -3.772
  -1   -2      0.779     -5.080      2.383
  -1   73     16.262     -2.101    -11.628
 126   55    -10.479      0.134     -3.725
 140   -2     21.543     -6.145      8.821
  -1   -2      7.650     -8.690     10.041
  -1  115     17.764     -8.174     -4.603
  -1   -2      2.424     -0.898      9.477
  -1   -2     -8.083      4.890     -9.932
  -1  154    -14.976     -9.344      9.183
  69   17     11.936      2.179      7.512
  -1  150      4.469      6.122      5.301
  -1   -2     10.878     -8.958     -4.994
 133   -2     -7.190     -1.944    -10.115
  -1   -2     -4.611     -0.738      5.061
 134  249    -12.363      1.598     -8.618
  -1   -2      5.243     -0.350      5.469
  42  130     -0.904      2.025     -3.165
  -1   50     11.932    -11.326     -0.450
  -1  131      9.705     -2.254     -0.860
  -1   -2     19.191      4.816     -5.161
 146  136     12.575     -6.972     10.776
  54   96      9.329     -6.827     -5.340
 145   -2      5.005      1.735     -4.692
 142  146      1.862     -1.593     11.960
  -1   58     17.370     -8.202      4.460
 144   -2      0.388     -4.126      0.662
  52  139     15.975      1.122     -2.758
 149   -2      4.853     -7.472      0.420
  -1  138      1.167     -3.726     10.071
 143   -2     18.903     -0.662     -2.948
  -1   67    -11.330     -9.873     -8.662
  -1   77     15.374     -3.597     -2.881
 147  145     -5.865      2.572     -8.933
 136  142      1.660     -4.113      9.483
 154   -2      9.967     -7.272     -6.463
  -1   51     19.761     -4.598     -3.293
 124   -2      0.800     -1.656     -3.198
  -1  135      2.838      1.840      0.158
  -1   -2      0.712     -0.658     -9.648
  -1   -2     12.871      3.334     -4.332
  -1   -2     13.670     -9.818      4.839
 153  156     20.592     -8.322      9.625
  93  153     17.413      2.670      5.096
  -1   -2     -7.357     -3.974      4.595
  -1  242     -2.711     -8.863    -11.186
 180   -2      8.409     -9.903      6.876
  -1   57    -11.473    -10.936     -1.984
 160   68     16.015     -5.436      6.852
  -1   -2      6.948     -6.986      5.326
  -1  128      0.287     -8.965     10.288
  -1   -2     -8.240    -11.146    -10.405
  -1  362      9.920     -3.365      6.550
   5  164     17.326     -8.166      4.548
  -1   -2      6.741     -3.836      1.494
  -1   -2     -0.830     -9.067      4.204
  -1   -2     -3.033     -2.184      9.802
 314  325      7.721     -9.060      4.500
  99   34     12.763      0.143     -0.428
  -1   -2     -0.282      0.751      8.962
 121   -2     16.333      1.010      0.470
 366  374      0.272      4.702     -8.899
 174  197     19.965     -0.122     -2.393
  -1   -2     13.573      0.741     -2.511
 237  232     -0.035     -0.391      1.719
  -1   76    -12.519     -1.537     -9.818
  -1  157      9.104    -10.626      6.719
  -1   -2     -0.333     -1.494      9.282
 116   86     -8.568     -0.434     -8.350
 120  181     14.597     -9.628      3.869
  -1  180     -6.404      3.759     -7.951
  -1   45     18.090     -5.220      0.465
  -1  173     14.500      4.842      3.479
  -1  141     -1.026      2.407     -3.772
  -1  278      0.779     -5.080      2.383
  -1   -2      2.424     -0.898      9.477
  -1   -2     -8.083      4.890     -9.932
  -1   -2     10.878     -8.958     -4.994
  -1   -2     19.191      4.816     -5.161
  -1   -2      6.741     -3.836      1.494
  -1   -2     -0.830     -9.067      4.204
  -1   -2     -3.033     -2.184      9.802
  -1   -2      7.721     -9.060      4.500
  -1   -2     -0.282      0.751      8.962
  -1   -2     -0.035     -0.391      1.719
  -1   -2     13.573      0.741     -2.511
  -1   -2      0.272      4.702     -8.899
 113  179     -0.333     -1.494      9.282
 181   -2     -6.404      3.759     -7.951
  -1   -2     18.090     -5.220      0.465
  -1   -2     14.500      4.842      3.479
  -1   -2      0.779     -5.080      2.383
  -1   -2      2.424     -0.898      9.477
  -1   -2     -8.083      4.890     -9.932
  -1   -2     10.878     -8.958     -4.994
  -1   -2     19.191      4.816     -5.161
  -1   -2      6.741     -3.836      1.494
  -1   -2     -0.830     -9.067      4.204
  -1   -2     -3.033     -2.184      9.802
  -1   -2      7.721     -9.060      4.500
  -1   -2     -0.282      0.751      8.962
  -1   -2     -0.035     -0.391      1.719
  -1   -2     13.573      0.741     -2.511
  -1   -2      0.272      4.702     -8.899
 128  103     18.090     -5.220      0.465
  -1   -2     14.500      4.842      3.479
  -1   -2      0.779     -5.080      2.383
  -1   -2      2.424     -0.898      9.477
  -1   -2     -8.083      4.890     -9.932
  -1   -2     19.191      4.816     -5.161
 187  280     10.878     -8.958     -4.994
  -1   -2      6.741     -3.836      1.494
  -1   -2     -0.830     -9.067      4.204
  -1   -2     -3.033     -2.184      9.802
 228   -2     -2.097     -7.439     -7.768
  -1   -2     -0.282      0.751      8.962
  -1   -2     13.573      0.741     -2.511
  -1   -2      0.272      4.702     -8.899
  -1   -2     -0.035     -0.391      1.719
  -1   -2     14.500      4.842      3.479
  -1   -2      2.424     -0.898      9.477
  -1   -2     -8.083      4.890     -9.932
  -1   -2     19.191      4.816     -5.161
  -1   -2      6.741     -3.836      1.494
  -1   -2     -0.830     -9.067      4.204
  -1   -2     -3.033     -2.184      9.802
  -1   -2      7.721     -9.060      4.500
  -1   97     -0.282      0.751      8.962
  -1   -2     -0.035     -0.391      1.719
  66   -2     13.573      0.741     -2.511
  -1   -2      0.272      4.702     -8.899
 107  105    -12.519     -1.537     -9.818
  -1   -2     14.500      4.842      3.479
  -1   -2     -8.083      4.890     -9.932
  -1   -2      2.424     -0.898      9.477
  -1   -2     19.191      4.816     -5.161
  -1   -2      6.741     -3.836      1.494
  -1   -2     -0.830     -9.067      4.204
  -1   -2     -3.033     -2.184      9.802
  -1   -2      7.721     -9.060      4.500
  -1   -2      0.272      4.702     -8.899
  -1   -2     14.500      4.842      3.479
  -1   -2      2.424     -0.898      9.477
  -1   -2     -8.083      4.890     -9.932
  -1   -2     19.191      4.816     -5.161
  -1   -2      6.741     -3.836      1.494
  -1   -2     -0.830     -9.067      4.204
  -1   -2     -3.033     -2.184      9.802
  -1   -2      7.721     -9.060      4.500
  -1   -2      0.272      4.702     -8.899
  -1   -2     14.500      4.842      3.479
  -1   -2     19.191      4.816     -5.161
  -1   -2      6.741     -3.836      1.494
  -1   -2     -0.830     -9.067      4.204
  -1   -2     -3.033     -2.184      9.802
  -1   -2      7.721     -9.060      4.500
  -1   -2      0.272      4.702     -8.899
  -1   -2     14.500      4.842      3.479
  -1   -2      2.424     -0.898      9.477
  -1   -2     -8.083      4.890     -9.932
  -1   -2     19.191      4.816     -5.161
  -1   -2      6.741     -3.836      1.494
  -1   -2     -0.830     -9.067      4.204
  -1   -2     -3.033     -2.184      9.802
  -1   -2      7.721     -9.060      4.500
  -1   -2      0.272      4.702     -8.899
  -1   -2     14.500      4.842      3.479
  -1   -2      2.424     -0.898      9.477
  -1   -2     -8.083      4.890     -9.932
  -1   -2     19.191      4.816     -5.161
  -1   -2      6.741     -3.836      1.494
  -1   -2     -0.830     -9.067      4.204
  -1   -2     -3.033     -2.184      9.802
  -1   -2      0.272      4.702     -8.899
  -1   -2     14.500      4.842      3.479
  -1   -2      2.424     -0.898      9.477
  -1   -2     19.191      4.816     -5.161
  -1   -2     -8.083      4.890     -9.932
  -1   -2      6.741     -3.836      1.494
  -1   -2     -0.830     -9.067      4.204
  -1   -2     -3.033     -2.184      9.802
  -1   -2      0.272      4.702     -8.899
  -1   -2     14.500      4.842      3.479
  -1   -2      2.424     -0.898      9.477
 319  329     -8.083      4.890     -9.932
  -1   -2     19.191      4.816     -5.161
  -1   -2      6.741     -3.836      1.494
  -1   -2     -0.830     -9.067      4.204
  -1   -2      0.272      4.702     -8.899
  -1   -2     14.500      4.842      3.479
  -1   -2      2.424     -0.898      9.477
  -1   -2     19.191      4.816     -5.161
  -1   -2      6.741     -3.836      1.494
  -1   -2     -0.830     -9.067      4.204
  -1   -2      0.272      4.702     -8.899
  -1   -2     14.500      4.842      3.479
  -1   -2      2.424     -0.898      9.477
  -1   -2     19.191      4.816     -5.161
  -1   -2      6.741     -3.836      1.494
  -1   -2     -0.830     -9.067      4.204
  -1   -2     -3.033     -2.184      9.802
  -1   -2      0.272      4.702     -8.899
  -1   -2     14.500      4.842      3.479
  -1   -2      2.424     -0.898      9.477
  -1   -2     19.191      4.816     -5.161
  -1   -2      6.741     -3.836      1.494
  -1   -2     -0.830     -9.067      4.204
  -1   -2      0.272      4.702     -8.899
  -1   -2     14.500      4.842      3.479
  -1   -2      2.424     -0.898      9.477
  -1   -2     19.191      4.816     -5.161
  -1   -2      6.741     -3.836      1.494
  17  358     -0.830     -9.067      4.204
  22   -2     -3.033     -2.184      9.802
  -1   -2      0.272      4.702     -8.899
  -1   -2     14.500      4.842      3.479
 185  350      2.424     -0.898      9.477
  -1   -2     19.191      4.816     -5.161
 158   -2      6.741     -3.836      1.494
  -1   -2      0.272      4.702     -8.899
  -1   -2     14.500      4.842      3.479
  -1   -2     19.191      4.816     -5.161
  -1   -2      0.272      4.702     -8.899
  -1   -2     14.500      4.842      3.479
  -1   -2     19.191      4.816     -5.161
  -1   -2      0.272      4.702     -8.899
  -1   -2     14.500      4.842      3.479
  -1   -2     19.191      4.816     -5.161
 109   -2      0.272      4.702     -8.899
  -1   -2     14.500      4.842      3.479
  -1   -2     19.191      4.816     -5.161
  -1   -2     14.500      4.842      3.479
  -1   -2     19.191      4.816     -5.161
  -1   -2     14.500      4.842      3.479
  -1   -2     19.191      4.816     -5.161
 132  376     19.191      4.816     -5.161
