225
  34    0      8.824     -5.250      9.025
 176   86      5.805     -6.361      7.916
  28    1      6.842     -9.158      5.692
   3  154      7.178     -8.804      8.433
   2    2      9.958     -3.360      6.596
  90   -2      9.159     -7.539      4.771
 183   92     -7.842     -3.939     -2.435
  33   -2     -8.502     -7.508      2.310
  63   36     14.101     -7.020     -3.397
   6    5     18.477     -8.973      1.748
  23  108     -2.523     -2.221      8.181
 155   93    -11.922     -1.500     -8.908
 107  105      6.402     -4.267     -2.768
  93   66     12.506      0.048     -2.684
  -1   -2      6.757     -3.833      1.473
  11   26     11.866     -3.754      3.772
  -1   -2     -0.942     -7.297     -8.013
  12   12     10.602     -5.352     -5.142
  15   13      9.299     -2.607      7.952
  -1  132      5.359     -9.606     -6.990
 190   -2      6.067     -0.149      1.635
  78   60     -0.771     -9.059      4.370
  -1   54     -0.672     -2.319     -3.195
  17   17     10.530      1.760      5.925
  20   -2      7.204     -4.740     -6.817
  24   14     11.881     -6.867      4.004
 172   10      3.797     -5.038     -3.485
  -1   -2     -1.885     -7.423     -7.171
  -1   -2      1.815     -3.912      9.011
   9   47     -2.455     -9.426     -0.762
  -1   -2     12.052     -5.394      1.225
 168   -2     -7.881     -6.697     -2.163
  -1   21      4.928     -8.567      5.268
  -1   67     14.204     -6.934     -9.214
  67   19      3.181     -8.016      6.112
  29   32     -1.438     -5.458      3.062
  -1   44     11.067     -1.742      3.711
  30   72      9.676     -0.784     10.218
 165   20     12.707     -6.921      7.645
  77   79      6.807     -2.315     -6.418
  13   65     -5.577     -5.345     -4.371
  36  137    -11.790     -6.801     -9.897
 144   39     10.755     -5.219      6.012
  38   43      9.434     -4.251      4.229
  -1  142      0.874     -5.096      2.108
  32   -2      2.322     -9.991      6.529
  -1   -2     -4.426     -9.116     -1.337
 150   88     -7.903     -1.018     -3.067
  48   41      3.906     -7.817      5.263
  -1   -2     14.725     -4.641     -9.750
  41   -2     -5.923     -8.182      3.044
 151   -2    -10.238     -9.359      0.562
  97   -2     -3.245     -4.312     -5.507
  -1   70     14.216     -6.748      5.368
  46   50     15.571     -0.678     -5.184
 179   -2     -7.028     -2.600     -8.550
  -1   -2      9.068     -3.396     10.422
  21    6      9.490     -5.125     -1.162
  -1   69     -2.536     -6.026      9.913
  47   42      7.561     -9.050      4.919
  -1   49     17.186     -9.464      1.499
  59   -2      8.025     -9.353      1.133
  57   38     -8.298     -8.413     -0.580
  51   58     -0.646     -6.530      9.436
  74   -2      7.764     -0.070     -7.677
  64   -2     -0.134     -7.053      8.568
  65   -2     -0.304     -5.548      5.043
  -1   30      3.640     -9.256      6.058
 137   33     14.273     -7.416      6.661
  62   -2     -8.898     -5.539     -2.304
 126   -2     17.858     -1.569     -3.065
   4   63     11.969     -5.716    -10.913
  -1   -2      3.201     -7.476      9.293
  82   -2     14.124     -7.363     -6.042
  61   -2     -9.107     -0.866     -4.948
  70   64      3.833     -0.590     -2.448
  75   -2     20.031     -8.558     -3.025
 114   -2     19.535     -5.571     -3.260
  -1   34      7.473     -1.644     -7.865
  45  144     15.744     -6.736      3.824
  91   -2     15.584    -10.174     -4.925
 111   -2     11.994     -8.625     -6.536
  -1   -2     14.692     -4.124      3.499
  -1   56     -3.917     -9.373      6.459
  76   78     12.251      2.200      8.513
  18   99     -4.050     -7.034      7.560
 103   -2     -9.680     -2.131     -7.461
  -1   -2      4.623     -2.923     -3.262
  -1   75     15.365     -5.054      7.155
  81   82     15.461     -3.174     -1.409
  -1   -2     -9.574     -6.677     -2.933
 193   -2     17.374     -1.841     -0.340
 142  165     12.294     -8.616      1.667
 138   74     17.321     -9.570      0.677
 175   87     15.461     -7.352     -1.182
  -1  103     13.406     -8.790      8.917
 130   -2      5.564     -9.477     -9.193
  -1   -2     12.505     -9.638      8.464
  22   -2      6.835     -7.006      5.117
  -1  100      1.696     -5.918     -6.319
  -1   76     16.517     -2.817     -9.540
  -1   97      9.500     -4.744     -7.456
  16   -2     -1.255     -2.057      2.475
  26  172      3.189     -1.829      7.201
  -1   -2      2.500     -9.680     -4.490
  58   -2     -1.854     -4.252      0.921
  -1   18      8.024     -5.208     -9.918
  60  158     10.112     -7.208     -6.820
  98   89     -2.165     -6.573      3.551
  -1   61      2.621     -6.193     10.167
 101   -2     -2.173     -6.200      1.321
 108   -2     -6.591     -3.054     -1.548
  -1   51      3.541     -5.830      1.452
  -1   57     -7.438     -7.732      1.580
  43  104     18.116      2.718      3.504
  52   -2     17.808     -2.290     -6.152
 104   -2     -3.917     -7.932      2.362
 132   45    -12.187     -9.264     -0.761
 178   -2      4.876      1.283      3.571
 203   52     16.332      1.013      0.470
  -1   -2    -12.945     -5.168     -4.346
 124  116    -12.844     -4.789     -3.233
  -1  106     13.574      0.742     -2.511
  -1   91     -7.455    -10.785      4.956
 127  192     20.532     -4.527     -3.989
 128  120     16.340     -2.987      0.278
 209  212      0.285      4.700     -8.860
  -1   96     -9.921     -0.129     -4.911
 187  163     -4.878      2.060     -3.180
  -1  174    -10.291     -3.782     -0.335
 135   -2    -10.570     -5.309    -10.007
  85   40    -12.865     -6.594     -8.090
 121   -2    -15.036    -10.225      1.635
 143  220     -6.406      3.762     -7.950
  -1   -2     12.322     -9.587      1.604
  -1   -2     -8.566     -0.433     -8.364
  10  138      9.919     -6.801      3.696
  -1  131     11.730     -9.332     -5.572
  -1  146     16.261     -2.100    -11.622
  -1  186      6.084    -10.574      2.123
 133  169     14.808      4.796     -7.713
  -1   -2     14.501      4.843      3.479
  -1   -2     -1.028      2.409     -3.775
 145   -2    -10.480      0.135     -3.721
  -1   73     -7.187     -1.949    -10.106
 174   71      2.431     -0.898      9.469
 120  115     16.472      2.180     -5.714
 191  202     -8.079      4.891     -9.938
 159   68     12.301     -6.942     -6.193
 131    7     -4.612     -0.737      5.063
 180  152     -0.904      2.027     -3.172
  -1  147    -12.363      1.599     -8.616
 152    4     -1.589     -9.187      6.008
  -1   -2     19.191      4.817     -5.160
  -1   -2     20.847     -5.312      7.680
  -1   -2      4.468      6.118      5.313
 215  173      2.840      1.858      0.167
 166   -2     -4.069    -10.414     -9.282
 102   95     -8.213     -9.804     -7.006
 181   24      9.245     -8.136      7.884
 146  133     -0.691      3.786      0.333
 161   -2      4.997      1.735     -4.669
  -1   -2     15.973      1.123     -2.757
  19   28      0.376     -4.125      0.690
 186   23     17.928    -10.200     -1.043
  -1   -2     18.429     -8.013     -0.211
  -1  125     -5.867      2.577     -8.939
  84  159     15.364     -3.595     -2.854
  -1   -2      2.734      0.153     -6.491
  54   11     -2.109     -7.730     -5.186
  68   98      4.587     -1.060      4.440
  -1   -2     16.019      4.160      8.049
  -1   16     -0.628     -0.269     -2.541
 141  155    -11.339     -9.878     -8.667
  -1   90     19.151     -0.551     -3.549
  -1  185     18.897     -0.884     -6.509
  -1   29     -5.788    -10.832     -8.658
 160  135     13.632     -9.807      4.915
 189  124     12.866      3.334     -4.320
  -1   -2     16.013     -5.436      6.855
  -1  150      6.384      3.785      1.556
  -1  117     -1.252      1.922    -11.916
  -1   85      6.119     -2.493      8.341
 100  109     13.424     -9.705      9.084
 125   -2    -11.267     -3.021     -5.027
 182   -2     -5.463     -2.226     -8.232
  -1   -2     18.406     -0.244      9.390
  79   -2     11.372     -2.222     -9.455
  37   -2     11.595      0.065      6.350
  -1   -2     -2.602     -8.783      4.766
  -1   83    -10.532     -5.395     -8.901
 139   -2      3.782     -9.469      1.244
  -1  112     16.956     -1.560      3.010
 149   -2     13.812     -3.080    -12.036
  -1  181    -11.212      4.882    -10.141
   0   81     11.598     -5.343      9.333
 153   15      6.978      1.336      6.349
  -1   -2      6.794     -3.816      1.579
  -1   -2    -12.945     -5.168     -4.346
  -1   -2      0.285      4.700     -8.860
  -1  203     -8.566     -0.433     -8.364
  -1   -2     -1.028      2.409     -3.775
  -1   -2     14.501      4.843      3.479
  -1   -2     -8.079      4.891     -9.938
  -1  110     19.191      4.817     -5.160
  -1  178     -3.083     -2.168      9.670
 198  194      0.285      4.700     -8.860
  -1   -2     -8.566     -0.433     -8.364
  -1   -2     14.501      4.843      3.479
  -1   -2     -8.079      4.891     -9.938
  -1   -2     19.191      4.817     -5.160
 195  208      6.794     -3.816      1.579
 110  126     -3.083     -2.168      9.670
 119  215    -12.945     -5.168     -4.346
 201   -2     -8.566     -0.433     -8.364
 210   -2     14.501      4.843      3.479
  -1   -2     -8.079      4.891     -9.938
  -1   -2     19.191      4.817     -5.160
  -1   -2     -1.028      2.409     -3.775
  -1   -2     -8.079      4.891     -9.938
 156  218     19.191      4.817     -5.160
  -1   -2     -1.028      2.409     -3.775
  -1   -2     -8.079      4.891     -9.938
  -1   -2     -8.079      4.891     -9.938
 220  148     -8.079      4.891     -9.938
