698
   0    0      8.813     -5.262      9.026
  16    2      6.794     -9.069     -2.869
   2    1     11.892     -5.221      0.061
  19   44     -2.018     -9.379      0.455
  57    3      9.156     -7.538      4.772
 601    4      9.962     -3.358      6.573
   7  101      7.276     -8.679      7.065
  -1   -2      6.735     -3.836      1.501
  -1  411     11.858     -3.770      3.792
  79   -2     10.600     -5.351     -5.138
  -1   12     10.064     -5.194      7.719
  12   -2     -1.690     -7.410     -6.634
  34   -2      9.298     -2.616      7.948
  96   79     13.733     -9.514      2.120
  15   -2     -0.675     -2.320     -3.204
 101   38     10.529      1.759      5.924
  -1   86      7.716     -4.589     -5.406
  -1   -2     -0.770     -9.058      4.367
   9   18      7.615     -4.241     -2.805
 148   -2      3.800     -5.038     -3.482
  -1   -2     11.393     -5.087     -2.631
  -1   -2     -3.044     -2.170      9.696
   3   35     15.367    -10.140     -5.686
  66   -2     14.207     -6.932     -9.220
  64   56     12.049     -5.392      1.228
  76  432    -12.311     -1.479     -9.278
  -1   10     12.243     -5.809     -8.472
  28   -2      6.556     -1.664     -2.250
  35   -2      6.610     -9.571     -5.799
  32   29     11.948     -6.899      4.290
  33   28      9.672     -0.785     10.209
  -1   -2     19.031     -7.917     -1.419
  89   30     -1.442     -5.457      3.070
  44   36    -11.797     -6.804     -9.928
 144   20     -1.349     -9.152      6.617
  50   -2     -1.171     -7.365      5.228
  -1   40     19.936     -8.740     -3.314
  41   -2     -8.326     -7.470      2.114
  -1   -2      8.667     -1.245      9.720
 137   -2      6.802     -2.313     -6.367
  -1   39      9.433     -4.251      4.232
  -1   -2     -0.131     -6.128      9.664
  -1   -2     17.194     -9.462      1.491
 157   -2     -3.377     -9.294     -4.723
 114   -2     14.777     -7.676     -1.957
  -1   34     -7.968     -5.608      4.153
  45   45     14.210     -6.747      5.393
  49    6      8.207     -7.192     -0.734
 153   13     -3.247     -4.311     -5.508
  -1   31      6.773     -9.297     -1.003
  47   53      4.142     -7.810      5.900
  17   -2     10.971     -1.813      4.313
  53   -2     15.571     -0.677     -5.183
  -1   51     -0.650     -6.532      9.422
  68   32     -6.137     -9.758     10.226
 122  100      5.037    -10.240     -5.747
  48   -2     -5.915     -8.184      3.041
 176   -2      9.371     -4.913     -5.305
   4   43      9.645     -8.069      3.471
  81   54     14.121     -7.365     -6.035
 161   49     17.857     -1.571     -3.069
 103   84     15.745     -6.735      3.823
  30   50     -2.142     -6.090      0.046
  -1   33     -7.910     -3.962     -2.602
  20   27      9.810     -6.917      3.358
  70   19      8.995      1.267      8.986
  63   -2     -8.307     -8.418     -0.612
  82   62     14.690     -4.120      3.494
  -1   -2      9.414     -3.888     10.340
 159   65     12.247      2.199      8.503
 165   -2     -9.682     -2.129     -7.436
  27   -2      0.213     -7.124      7.573
  -1   82     15.457     -3.173     -1.403
  71   71      4.622     -2.923     -3.268
  46   -2     12.923     -8.712    -10.418
  -1   70     15.191      2.840      9.972
  74   64      8.729     -7.507     -9.759
  -1   89     14.665     -9.692      3.695
 185  119     19.364     -5.582     -2.870
  -1   -2     13.002     -8.720     -0.045
 158   58     -9.578     -6.679     -2.956
   8   83      4.438     -4.553     -8.394
  77   52     -8.031     -6.597     -1.566
  55   -2      9.129     -5.499     -8.420
  -1   57     11.079     -6.196      9.759
 155   80      6.823     -6.433     -7.989
  87   23     -0.978     -6.759     -1.782
 171   76     -4.628     -1.280    -10.043
 121  118      0.347     -4.203      0.745
 147  139     17.555     -9.241      0.476
  80   -2     17.778     -9.676     -0.623
  91   87      2.713     -1.591      9.663
  -1   -2     -7.438     -7.732      1.563
  95   61     -6.600     -3.052     -1.566
  -1   90     18.314     -2.202      4.446
  40  141     -1.838     -9.335      6.670
 297  284      9.100      6.166      8.852
  -1  280     -0.279      0.748      8.962
 138  200     16.333      1.009      0.476
  -1   -2    -10.289     -3.782     -0.343
 130   91     17.549      2.360     -1.592
  -1  310     20.530     -4.526     -3.981
  -1   -2      0.271      4.702     -8.901
  56   -2     16.340     -2.988      0.283
  -1  173     19.964     -0.120     -2.391
  -1   81     -0.182     -5.719    -11.996
  83  157      4.950     -0.335      4.645
  -1   -2    -11.545     -0.139      9.975
  -1   -2    -10.569     -5.310    -10.011
  -1   -2     -0.323     -1.493      9.256
  -1   16      6.645     -9.561    -10.712
  -1   -2      2.942     -0.348     -2.552
  -1   -2     -6.404      3.759     -7.952
  -1   -2     -8.565     -0.433     -8.362
  -1  246     14.499      4.842      3.482
 119  120     16.265     -2.101    -11.633
  -1   63      8.582      1.928      9.951
  -1   -2     -5.035    -10.206     10.064
  -1   -2     -1.027      2.407     -3.772
  65   60     13.199      0.191     -1.476
  -1  122    -10.479      0.134     -3.729
  -1  123      7.651     -8.691     10.047
  -1   -2     -7.189     -1.947    -10.117
  -1   48     -4.709     -5.630     -7.827
  -1   -2     -8.082      4.887     -9.939
  -1   -2     20.853     -5.309      7.731
  -1   -2     14.319      0.509      0.120
  94  131     15.583     -7.575      6.137
  -1   -2     19.190      4.817     -5.162
  -1  130    -12.363      1.598     -8.619
  -1    7     16.218     -7.599     -7.262
 129  128     -4.611     -0.739      5.061
  59   41      7.476     -1.670     -7.870
 133   -2      6.129     -9.585    -10.831
  -1  142      2.734      0.152     -6.494
 140   -2      1.167     -3.725     10.076
 120  135     -0.901      2.030     -3.175
 135   26      5.010      1.734     -4.711
 108   -2      4.653    -10.388      2.185
  -1   -2     -5.903    -10.466      7.804
  -1   -2     15.975      1.122     -2.756
  -1  129     -1.749     -8.284      8.337
 149  143     15.377     -3.596     -2.887
 117  147      2.686     -9.198      3.402
  -1   -2      0.791     -1.653     -3.170
 104   47     18.894     -0.661     -2.936
 142  137     20.290     -3.051     11.026
 156   -2     -5.868      2.573     -8.945
 151  151    -11.295     -9.885     -8.819
  -1  111     -4.105     -9.771      6.892
  -1   67      2.838      1.839      0.157
 162  152     16.014     -5.438      6.857
  90   11      9.965     -7.271     -6.456
  -1   88     -4.012    -10.434     -9.478
  -1   -2      2.952    -10.177      8.403
 209   77    -11.476     -3.944     -6.397
  97   -2    -11.264     -3.023     -5.029
  -1   -2     -8.317    -11.157      1.264
 110  589     -1.687     -2.078      9.571
  -1   -2      6.117     -2.496      8.350
  -1   73     21.341     -8.184      4.340
  -1   -2     13.810     -3.079    -12.023
  -1   -2     11.910     -5.214      0.026
  -1   14      9.921     -3.366      6.550
  23  166     11.221     -5.079     -2.192
  -1  550      6.735     -3.836      1.501
  -1   -2     12.017     -3.788      3.398
  -1   15     -0.830     -9.065      4.207
  -1  158     -3.032     -2.183      9.803
  29  167     17.509     -9.523      0.768
  -1   -2      9.100      6.166      8.852
  -1   -2     16.333      1.009      0.476
  -1   -2     -0.279      0.748      8.962
  -1   -2     20.530     -4.526     -3.981
  -1   -2      0.271      4.702     -8.901
  -1   75    -12.519     -1.538     -9.819
  -1  156    -10.289     -3.782     -0.343
  -1   -2    -11.545     -0.139      9.975
  -1   -2     -0.323     -1.493      9.256
  -1   -2     -6.404      3.759     -7.952
  -1  536     -8.565     -0.433     -8.362
  -1   -2     14.499      4.842      3.482
  -1   -2     -1.027      2.407     -3.772
  -1  537     -8.082      4.887     -9.939
  -1  144     14.319      0.509      0.120
  -1   -2     19.190      4.817     -5.162
  -1  202     -5.903    -10.466      7.804
 131  182     20.853     -5.309      7.731
  -1   17      0.791     -1.653     -3.170
  -1   -2      9.921     -3.366      6.550
  -1   -2      9.921     -3.366      6.550
  -1   -2      6.735     -3.836      1.501
  -1   -2     12.017     -3.788      3.398
  -1   -2     -0.830     -9.065      4.207
  -1   -2     -3.032     -2.183      9.803
  -1   -2     -0.279      0.748      8.962
 191   -2     16.333      1.009      0.476
  -1   -2      9.100      6.166      8.852
  -1   -2    -10.289     -3.782     -0.343
  -1   -2     20.530     -4.526     -3.981
  -1   -2    -12.519     -1.538     -9.819
  -1   -2      0.271      4.702     -8.901
  -1   -2    -11.545     -0.139      9.975
  -1   -2     -0.323     -1.493      9.256
  -1   -2     -6.404      3.759     -7.952
  -1   -2     -8.565     -0.433     -8.362
  -1   -2     14.499      4.842      3.482
  -1   -2     -1.027      2.407     -3.772
  -1   -2     -8.082      4.887     -9.939
  -1   -2     14.319      0.509      0.120
 197   -2     -5.903    -10.466      7.804
  -1   -2     19.190      4.817     -5.162
  -1   -2      9.712     -2.256     -0.866
  -1   -2      9.921     -3.366      6.550
  -1   -2      6.735     -3.836      1.501
  -1   -2     12.017     -3.788      3.398
  -1   -2     -0.830     -9.065      4.207
  -1   -2     -3.032     -2.183      9.803
  -1   -2      9.100      6.166      8.852
  -1   -2     -0.279      0.748      8.962
  -1   -2     20.530     -4.526     -3.981
  -1   -2      0.271      4.702     -8.901
  -1   -2    -10.289     -3.782     -0.343
  -1   -2    -11.545     -0.139      9.975
  -1   -2     -0.323     -1.493      9.256
  -1   -2     -8.565     -0.433     -8.362
  -1   -2     -6.404      3.759     -7.952
  -1   -2     -1.027      2.407     -3.772
  -1   -2     14.499      4.842      3.482
  -1   -2     14.319      0.509      0.120
  -1   -2     -8.082      4.887     -9.939
  -1   -2     19.190      4.817     -5.162
  -1   -2      6.735     -3.836      1.501
  -1   -2     12.017     -3.788      3.398
  -1   -2     -0.830     -9.065      4.207
  -1   -2     -3.032     -2.183      9.803
  -1   -2    -10.289     -3.782     -0.343
  -1   -2     -0.279      0.748      8.962
  -1   -2      9.100      6.166      8.852
  -1   -2     20.530     -4.526     -3.981
  -1   -2    -12.519     -1.538     -9.819
  -1   -2      0.271      4.702     -8.901
  -1   -2    -11.545     -0.139      9.975
  -1   -2     -0.323     -1.493      9.256
  -1   -2     -6.404      3.759     -7.952
  -1   -2     -8.565     -0.433     -8.362
  -1   -2     14.499      4.842      3.482
  -1   -2     -1.027      2.407     -3.772
  -1   -2     -8.082      4.887     -9.939
  -1   -2     14.319      0.509      0.120
  -1   -2     19.190      4.817     -5.162
  -1   -2      9.921     -3.366      6.550
  -1   -2      9.921     -3.366      6.550
  -1   -2      6.735     -3.836      1.501
  -1   -2     12.017     -3.788      3.398
  -1   -2     -0.830     -9.065      4.207
  -1   -2     -3.032     -2.183      9.803
  -1   -2     -0.279      0.748      8.962
  -1   -2      9.100      6.166      8.852
  -1   -2      0.271      4.702     -8.901
 312  296    -10.289     -3.782     -0.343
  -1   -2     20.530     -4.526     -3.981
  -1   -2    -12.519     -1.538     -9.819
  -1   -2    -11.545     -0.139      9.975
  -1   -2     -0.323     -1.493      9.256
  -1   -2     -6.404      3.759     -7.952
  -1   -2     -8.565     -0.433     -8.362
  -1   -2     14.499      4.842      3.482
  -1   -2     -1.027      2.407     -3.772
  -1   -2     -8.082      4.887     -9.939
 150  106     14.319      0.509      0.120
 287  275      9.712     -2.256     -0.866
  -1   -2     19.190      4.817     -5.162
  -1   -2      9.921     -3.366      6.550
  -1   -2      6.735     -3.836      1.501
  -1   -2     12.017     -3.788      3.398
  -1   -2     -0.830     -9.065      4.207
  -1   -2     -3.032     -2.183      9.803
 169  169     -0.279      0.748      8.962
  -1   -2      0.271      4.702     -8.901
  -1   -2      9.100      6.166      8.852
  -1   -2     20.530     -4.526     -3.981
  -1   -2    -12.519     -1.538     -9.819
  -1   -2    -11.545     -0.139      9.975
  -1   -2     -0.323     -1.493      9.256
  -1   -2     -6.404      3.759     -7.952
  -1   -2     -8.565     -0.433     -8.362
  -1   -2     14.499      4.842      3.482
  -1   -2     -1.027      2.407     -3.772
  -1   -2     -8.082      4.887     -9.939
  -1   -2     19.190      4.817     -5.162
  -1   -2      9.921     -3.366      6.550
  -1   -2      9.921     -3.366      6.550
  -1   -2      6.735     -3.836      1.501
  -1   -2     12.017     -3.788      3.398
  -1   -2     -0.830     -9.065      4.207
  -1   -2     -3.032     -2.183      9.803
  -1   -2     20.530     -4.526     -3.981
  -1   -2      0.271      4.702     -8.901
  -1   -2    -12.519     -1.538     -9.819
  -1   -2    -11.545     -0.139      9.975
  -1   -2     -0.323     -1.493      9.256
  -1   -2     -6.404      3.759     -7.952
  -1   -2     -8.565     -0.433     -8.362
  -1   -2     -1.027      2.407     -3.772
  -1   -2     14.499      4.842      3.482
  -1   -2     -8.082      4.887     -9.939
  -1   -2     19.190      4.817     -5.162
  -1   -2      6.735     -3.836      1.501
  -1   -2     12.017     -3.788      3.398
  -1   -2     -0.830     -9.065      4.207
  -1   -2     -3.032     -2.183      9.803
  -1   -2      0.271      4.702     -8.901
 145  174     20.530     -4.526     -3.981
  -1   -2    -12.519     -1.538     -9.819
  -1   -2    -11.545     -0.139      9.975
  -1   -2     -0.323     -1.493      9.256
  -1   -2     -6.404      3.759     -7.952
  -1   -2     -8.565     -0.433     -8.362
  -1   -2     -1.027      2.407     -3.772
  -1   -2     14.499      4.842      3.482
  -1   -2     -8.082      4.887     -9.939
  -1   -2     19.190      4.817     -5.162
  -1   -2      6.735     -3.836      1.501
  -1   -2     12.017     -3.788      3.398
  -1   -2     -0.830     -9.065      4.207
  -1   -2     -3.032     -2.183      9.803
  -1   -2      0.271      4.702     -8.901
  -1   -2    -11.545     -0.139      9.975
  -1   -2     -0.323     -1.493      9.256
  -1   -2     -6.404      3.759     -7.952
  -1   -2     -8.565     -0.433     -8.362
  -1   -2     -1.027      2.407     -3.772
  -1   -2     14.499      4.842      3.482
  -1   -2     -8.082      4.887     -9.939
  -1   -2     19.190      4.817     -5.162
  -1   -2      6.735     -3.836      1.501
  -1   -2     12.017     -3.788      3.398
  -1   -2     -0.830     -9.065      4.207
  -1   -2     -3.032     -2.183      9.803
  -1   -2      0.271      4.702     -8.901
  -1   -2    -11.545     -0.139      9.975
  -1   -2     -0.323     -1.493      9.256
  -1   -2     -8.565     -0.433     -8.362
  -1   -2     -6.404      3.759     -7.952
  -1   -2     14.499      4.842      3.482
  -1   -2     -1.027      2.407     -3.772
  -1   -2     -8.082      4.887     -9.939
  -1   -2     19.190      4.817     -5.162
  -1   -2      6.735     -3.836      1.501
  -1   -2     12.017     -3.788      3.398
  -1   -2     -0.830     -9.065      4.207
  -1   -2     -3.032     -2.183      9.803
  -1   -2      0.271      4.702     -8.901
  -1   -2    -11.545     -0.139      9.975
  -1   -2     -0.323     -1.493      9.256
  -1   -2     -6.404      3.759     -7.952
  -1   -2     -8.565     -0.433     -8.362
  -1   -2     -1.027      2.407     -3.772
  -1   -2     14.499      4.842      3.482
  -1   -2     -8.082      4.887     -9.939
  -1   -2     19.190      4.817     -5.162
  -1   -2      9.921     -3.366      6.550
  -1   -2      9.921     -3.366      6.550
  -1   -2      6.735     -3.836      1.501
  -1   -2     12.017     -3.788      3.398
  -1   -2     -0.830     -9.065      4.207
  -1   -2     -3.032     -2.183      9.803
  -1   -2      0.271      4.702     -8.901
  -1   -2    -11.545     -0.139      9.975
  -1   -2     -0.323     -1.493      9.256
  -1   -2     -6.404      3.759     -7.952
  -1   -2     -8.565     -0.433     -8.362
  -1   -2     -1.027      2.407     -3.772
  -1   -2     14.499      4.842      3.482
  -1   -2     -8.082      4.887     -9.939
  -1   -2     19.190      4.817     -5.162
  -1   -2      9.921     -3.366      6.550
  -1   -2      6.735     -3.836      1.501
  -1   -2     12.017     -3.788      3.398
  -1   -2     -0.830     -9.065      4.207
  -1   -2     -3.032     -2.183      9.803
  -1   -2      0.271      4.702     -8.901
  -1   -2    -12.519     -1.538     -9.819
  -1   -2    -11.545     -0.139      9.975
  -1   -2     -0.323     -1.493      9.256
  -1   -2     -8.565     -0.433     -8.362
  -1   -2     -6.404      3.759     -7.952
  -1   -2     14.499      4.842      3.482
  -1   -2     -1.027      2.407     -3.772
  -1   -2     -8.082      4.887     -9.939
  -1   -2     19.190      4.817     -5.162
  -1   -2      9.921     -3.366      6.550
  -1   -2      6.735     -3.836      1.501
  -1   -2     12.017     -3.788      3.398
  -1   -2     -3.032     -2.183      9.803
  -1   -2      0.271      4.702     -8.901
  -1   -2    -12.519     -1.538     -9.819
  -1   -2    -11.545     -0.139      9.975
  -1   -2     -0.323     -1.493      9.256
  -1   -2     -6.404      3.759     -7.952
  -1   -2     -8.565     -0.433     -8.362
  -1   -2     14.499      4.842      3.482
  -1   -2     -1.027      2.407     -3.772
  -1   -2     -8.082      4.887     -9.939
  -1   -2     19.190      4.817     -5.162
  -1   -2      9.921     -3.366      6.550
  -1   -2      9.921     -3.366      6.550
  -1   -2      6.735     -3.836      1.501
  -1   -2     12.017     -3.788      3.398
  -1   -2     -3.032     -2.183      9.803
  -1   -2      0.271      4.702     -8.901
  -1   -2    -11.545     -0.139      9.975
  -1   -2     -0.323     -1.493      9.256
  -1   -2     -8.565     -0.433     -8.362
  -1   -2     -6.404      3.759     -7.952
  -1   -2     14.499      4.842      3.482
  -1   -2     -1.027      2.407     -3.772
  -1   -2     -8.082      4.887     -9.939
  -1   -2     19.190      4.817     -5.162
  -1   -2      9.921     -3.366      6.550
  -1   -2      9.921     -3.366      6.550
  -1   -2      6.735     -3.836      1.501
  -1   -2     12.017     -3.788      3.398
  -1   -2     -3.032     -2.183      9.803
  -1   -2      0.271      4.702     -8.901
  -1   -2    -12.519     -1.538     -9.819
  -1   -2    -11.545     -0.139      9.975
  -1   -2     -0.323     -1.493      9.256
  -1   -2     -8.565     -0.433     -8.362
  -1   -2     -6.404      3.759     -7.952
  -1   -2     14.499      4.842      3.482
  -1   -2     -1.027      2.407     -3.772
  -1   -2     -8.082      4.887     -9.939
  -1   -2     19.190      4.817     -5.162
  -1   -2      6.735     -3.836      1.501
  -1   -2     12.017     -3.788      3.398
  -1   -2     -3.032     -2.183      9.803
  -1   -2      0.271      4.702     -8.901
  -1   -2    -11.545     -0.139      9.975
  -1   -2     -0.323     -1.493      9.256
  -1   -2     -6.404      3.759     -7.952
  -1   -2     -8.565     -0.433     -8.362
  -1   -2     14.499      4.842      3.482
  -1   -2     -1.027      2.407     -3.772
  -1   -2     -8.082      4.887     -9.939
  -1   -2      9.921     -3.366      6.550
  -1   -2      9.921     -3.366      6.550
  -1   -2      6.735     -3.836      1.501
  -1   -2     12.017     -3.788      3.398
  -1   -2     -3.032     -2.183      9.803
  -1   -2      0.271      4.702     -8.901
  -1   -2    -12.519     -1.538     -9.819
  -1   -2    -11.545     -0.139      9.975
  -1   -2     -0.323     -1.493      9.256
  -1   -2     -6.404      3.759     -7.952
  -1   -2     -8.565     -0.433     -8.362
  -1   -2     14.499      4.842      3.482
  -1   -2     -1.027      2.407     -3.772
  -1   -2     -8.082      4.887     -9.939
  -1   -2      9.921     -3.366      6.550
  -1   -2      6.735     -3.836      1.501
 456   -2     12.017     -3.788      3.398
  -1   -2     -3.032     -2.183      9.803
  -1   -2      0.271      4.702     -8.901
  -1   -2    -11.545     -0.139      9.975
  -1   -2     -0.323     -1.493      9.256
  -1   -2     -6.404      3.759     -7.952
  -1   -2     -8.565     -0.433     -8.362
  -1   -2     14.499      4.842      3.482
  -1   -2     -1.027      2.407     -3.772
  -1   -2     -8.082      4.887     -9.939
  -1   -2      6.735     -3.836      1.501
  -1   -2     -3.032     -2.183      9.803
  -1   -2      0.271      4.702     -8.901
  -1   -2    -12.519     -1.538     -9.819
  -1   -2    -11.545     -0.139      9.975
  99  149     -0.323     -1.493      9.256
  -1   -2     -6.404      3.759     -7.952
  -1   -2     -8.565     -0.433     -8.362
  -1   -2     14.499      4.842      3.482
  -1   -2     -1.027      2.407     -3.772
  -1   -2     -8.082      4.887     -9.939
  -1   -2      6.735     -3.836      1.501
  -1   -2     -3.032     -2.183      9.803
  -1   -2      0.271      4.702     -8.901
  -1   -2    -12.519     -1.538     -9.819
  -1   -2    -11.545     -0.139      9.975
  -1   -2     -6.404      3.759     -7.952
  -1   -2     -8.565     -0.433     -8.362
  -1   -2     14.499      4.842      3.482
 534  466     -1.027      2.407     -3.772
  -1   -2     -8.082      4.887     -9.939
  -1   -2      9.921     -3.366      6.550
  -1   -2      6.735     -3.836      1.501
  -1   -2     -3.032     -2.183      9.803
  -1   -2      0.271      4.702     -8.901
  -1   -2    -11.545     -0.139      9.975
  -1   -2     -8.565     -0.433     -8.362
  -1   -2     -6.404      3.759     -7.952
  -1   -2     14.499      4.842      3.482
  -1   -2     -8.082      4.887     -9.939
  -1   -2      9.921     -3.366      6.550
  -1   -2      6.735     -3.836      1.501
  -1   -2     -3.032     -2.183      9.803
  -1   -2      0.271      4.702     -8.901
  -1   -2    -11.545     -0.139      9.975
  -1   -2     -8.565     -0.433     -8.362
  -1   -2     -6.404      3.759     -7.952
  -1   -2     14.499      4.842      3.482
  -1   -2     -8.082      4.887     -9.939
  -1   -2      9.921     -3.366      6.550
  -1   -2      6.735     -3.836      1.501
  -1   -2     -3.032     -2.183      9.803
  -1   -2      0.271      4.702     -8.901
  -1   -2    -11.545     -0.139      9.975
  -1   -2     -6.404      3.759     -7.952
  -1   -2     -8.565     -0.433     -8.362
  -1   -2     14.499      4.842      3.482
  -1   -2     -8.082      4.887     -9.939
  -1   -2      6.735     -3.836      1.501
  -1   -2     -3.032     -2.183      9.803
  -1   -2      0.271      4.702     -8.901
  -1   -2    -11.545     -0.139      9.975
  -1   -2     -6.404      3.759     -7.952
  -1   -2     -8.565     -0.433     -8.362
  -1   -2     14.499      4.842      3.482
  -1   -2     -8.082      4.887     -9.939
  -1   -2      9.921     -3.366      6.550
  -1   -2      9.921     -3.366      6.550
  -1   -2      6.735     -3.836      1.501
  -1   -2     -3.032     -2.183      9.803
  -1   -2      0.271      4.702     -8.901
  -1   -2    -11.545     -0.139      9.975
  -1   -2     -6.404      3.759     -7.952
  -1   -2     -8.565     -0.433     -8.362
  -1   -2     14.499      4.842      3.482
  -1   -2     -8.082      4.887     -9.939
  -1   -2      9.921     -3.366      6.550
  -1   -2      6.735     -3.836      1.501
  -1   -2      0.271      4.702     -8.901
  -1   -2    -11.545     -0.139      9.975
  -1   -2     -8.565     -0.433     -8.362
  -1   -2     -6.404      3.759     -7.952
  -1   -2     14.499      4.842      3.482
  -1   -2     -8.082      4.887     -9.939
  -1   -2      9.921     -3.366      6.550
  -1   -2      6.735     -3.836      1.501
  -1   -2     -3.032     -2.183      9.803
  -1   -2      0.271      4.702     -8.901
  -1   -2    -11.545     -0.139      9.975
  -1   -2     -6.404      3.759     -7.952
  -1   -2     -8.565     -0.433     -8.362
  -1   -2     14.499      4.842      3.482
  -1   -2     -8.082      4.887     -9.939
 622   -2      6.735     -3.836      1.501
  -1   -2     -3.032     -2.183      9.803
  -1   -2      0.271      4.702     -8.901
  -1   -2    -11.545     -0.139      9.975
  -1   -2     -6.404      3.759     -7.952
  -1   -2     -8.565     -0.433     -8.362
  -1   -2     14.499      4.842      3.482
  -1   -2     -8.082      4.887     -9.939
  -1   -2      9.921     -3.366      6.550
  -1   -2      9.921     -3.366      6.550
  -1   -2     -3.032     -2.183      9.803
  -1   -2      0.271      4.702     -8.901
  -1   -2    -11.545     -0.139      9.975
  -1   -2     -8.565     -0.433     -8.362
 682  146     -6.404      3.759     -7.952
  -1   -2     14.499      4.842      3.482
  -1   -2     -8.082      4.887     -9.939
  -1   -2      9.921     -3.366      6.550
  -1   -2     -3.032     -2.183      9.803
  -1   -2      0.271      4.702     -8.901
  -1   -2    -11.545     -0.139      9.975
  -1   -2     -8.565     -0.433     -8.362
  -1   -2     14.499      4.842      3.482
  -1   -2     -8.082      4.887     -9.939
 167   -2      9.921     -3.366      6.550
  -1   -2     -3.032     -2.183      9.803
  -1   -2      0.271      4.702     -8.901
  -1   -2    -11.545     -0.139      9.975
  -1   -2     -8.565     -0.433     -8.362
  -1   -2     14.499      4.842      3.482
  -1   -2     -8.082      4.887     -9.939
  -1   -2     -3.032     -2.183      9.803
  -1   -2      0.271      4.702     -8.901
  -1   -2    -11.545     -0.139      9.975
 128   99     -8.565     -0.433     -8.362
  -1   -2     14.499      4.842      3.482
  -1   -2     -8.082      4.887     -9.939
  -1   -2     -3.032     -2.183      9.803
  -1   -2      0.271      4.702     -8.901
  -1   -2    -11.545     -0.139      9.975
  -1   -2     14.499      4.842      3.482
  -1   -2     -8.082      4.887     -9.939
  -1   -2     -3.032     -2.183      9.803
  -1   -2      0.271      4.702     -8.901
  -1   -2    -11.545     -0.139      9.975
  -1   -2     14.499      4.842      3.482
  -1   -2     -8.082      4.887     -9.939
  -1   -2     -3.032     -2.183      9.803
  -1   -2      0.271      4.702     -8.901
  -1   -2    -11.545     -0.139      9.975
  -1   -2     14.499      4.842      3.482
  -1   -2     -8.082      4.887     -9.939
  -1   -2     -3.032     -2.183      9.803
  -1   -2      0.271      4.702     -8.901
  -1   -2    -11.545     -0.139      9.975
  -1   -2     14.499      4.842      3.482
  -1   -2     -8.082      4.887     -9.939
  -1   -2     -3.032     -2.183      9.803
  -1   -2      0.271      4.702     -8.901
  -1   -2    -11.545     -0.139      9.975
  -1   -2     14.499      4.842      3.482
  -1   -2     -8.082      4.887     -9.939
  -1   -2     -3.032     -2.183      9.803
  -1   -2      0.271      4.702     -8.901
  -1   -2    -11.545     -0.139      9.975
  -1   -2     14.499      4.842      3.482
  -1   -2     -8.082      4.887     -9.939
  -1   -2     -3.032     -2.183      9.803
  -1   -2      0.271      4.702     -8.901
  -1   -2    -11.545     -0.139      9.975
  -1   -2     14.499      4.842      3.482
  -1   -2     -8.082      4.887     -9.939
  -1   -2     -3.032     -2.183      9.803
  -1   -2      0.271      4.702     -8.901
  -1   -2    -11.545     -0.139      9.975
  -1   -2     14.499      4.842      3.482
  -1   -2     -8.082      4.887     -9.939
  -1   -2     -3.032     -2.183      9.803
  -1   -2      0.271      4.702     -8.901
  -1   -2    -11.545     -0.139      9.975
  -1   -2     14.499      4.842      3.482
  -1   -2     -8.082      4.887     -9.939
  -1   -2     -3.032     -2.183      9.803
  -1   -2      0.271      4.702     -8.901
 663   -2    -11.545     -0.139      9.975
  -1   -2     14.499      4.842      3.482
  -1   -2     -8.082      4.887     -9.939
  -1   -2     -3.032     -2.183      9.803
  -1   -2      0.271      4.702     -8.901
  -1   -2     14.499      4.842      3.482
  -1   -2     -8.082      4.887     -9.939
  -1   -2     -3.032     -2.183      9.803
  -1   -2      0.271      4.702     -8.901
  -1   -2     14.499      4.842      3.482
  -1   -2     -8.082      4.887     -9.939
 670  165     -3.032     -2.183      9.803
  -1   -2      0.271      4.702     -8.901
  -1   -2     14.499      4.842      3.482
  -1   -2     -8.082      4.887     -9.939
  -1   -2      0.271      4.702     -8.901
  -1   -2     14.499      4.842      3.482
  -1   -2     -8.082      4.887     -9.939
  -1   -2      0.271      4.702     -8.901
  -1   -2     14.499      4.842      3.482
  -1   -2     -8.082      4.887     -9.939
  -1   -2      0.271      4.702     -8.901
  -1   -2     14.499      4.842      3.482
  -1   -2     -8.082      4.887     -9.939
  -1   -2      0.271      4.702     -8.901
  -1   -2     14.499      4.842      3.482
  -1   -2     -8.082      4.887     -9.939
  -1   -2      0.271      4.702     -8.901
  -1   -2     14.499      4.842      3.482
  -1   -2      0.271      4.702     -8.901
  -1   -2     14.499      4.842      3.482
  -1   -2     -8.082      4.887     -9.939
  -1   -2      0.271      4.702     -8.901
  -1   -2     14.499      4.842      3.482
  -1   -2     -8.082      4.887     -9.939
  -1   -2      0.271      4.702     -8.901
  -1   -2     14.499      4.842      3.482
  -1  601     -8.082      4.887     -9.939
  -1   -2      0.271      4.702     -8.901
  -1   -2     14.499      4.842      3.482
  -1   -2      0.271      4.702     -8.901
  -1   -2     14.499      4.842      3.482
  -1   -2      0.271      4.702     -8.901
  -1   -2     14.499      4.842      3.482
  -1   -2      0.271      4.702     -8.901
  -1   -2     14.499      4.842      3.482
  -1   -2      0.271      4.702     -8.901
  -1   -2     14.499      4.842      3.482
  -1   -2      0.271      4.702     -8.901
  -1   -2     14.499      4.842      3.482
  -1   -2      0.271      4.702     -8.901
  -1   -2     14.499      4.842      3.482
  -1   -2      0.271      4.702     -8.901
  -1   -2     14.499      4.842      3.482
  -1   -2      0.271      4.702     -8.901
  -1   -2     14.499      4.842      3.482
 184  635      0.271      4.702     -8.901
  -1   -2     14.499      4.842      3.482
 717  636     14.499      4.842      3.482
