698
  29    0      8.820     -5.261      9.017
  42    3      7.302     -8.942      7.109
  10  524      9.962     -3.360      6.575
  75   -2      6.402     -4.270     -2.769
 182   69     16.480     -6.446     -2.465
 631    5     -4.802     -3.017      9.674
  -1    4      6.736     -3.837      1.485
  -1   -2     11.860     -3.768      3.784
  51  138      7.280     -7.245     -1.508
   9    9     10.604     -5.353     -5.148
  38   -2     -1.687     -7.410     -6.625
   3   11      9.303     -2.615      7.943
   0   -2     10.259     -8.081      7.181
  -1   12      8.278     -7.311      6.352
 149   42     -0.673     -2.320     -3.197
  -1   22     -0.770     -9.059      4.366
  15   16     10.530      1.758      5.923
  16   -2      7.204     -4.743     -6.823
 193   -2     -2.058     -9.375      0.299
  21   -2      4.918     -8.583      5.284
  -1   -2      3.797     -5.038     -3.483
  -1   -2     -3.043     -2.173      9.697
  -1   19     12.054     -5.393      1.228
  -1   21      2.758     -7.790      7.941
 133   -2      6.552     -1.664     -2.241
  26   25      9.673     -0.784     10.206
  47   97     -1.436     -5.462      3.049
  12   76     11.965     -6.902      4.257
  35   32     11.063     -1.747      3.720
  -1   24     12.249     -5.814     -8.489
  -1   58     10.754     -5.219      6.014
 100   -2     10.172    -10.082     -3.004
 103   31    -11.793     -6.803     -9.911
  28   48      1.384     -9.946      4.159
 134  156      6.808     -2.312     -6.347
  50   30     -5.576     -5.346     -4.376
  34   33      9.434     -4.252      4.231
  36   36     -4.122     -9.148     -2.328
 105   35    -11.694     -6.312     -5.324
  62   -2      4.140     -7.808      5.890
  -1   -2     15.575     -0.678     -5.190
  40   -2     14.218     -6.747      5.363
 189   -2     17.859     -1.574     -3.066
 141   -2     -3.247     -4.312     -5.512
  41   -2     -6.129     -9.757     10.227
  -1  676      7.557     -9.051      4.920
  53   59     -8.309     -8.418     -0.613
  67  118     -5.914     -8.184      3.048
 146   66    -12.084     -9.947     -4.343
 114   -2     -0.299     -5.553      5.045
  45   45     19.459     -8.684     -5.315
 106   47     14.123     -7.364     -6.046
  82   53     -7.911     -3.962     -2.603
  -1   52      9.812     -6.921      3.335
  84   61     17.187     -9.462      1.496
  56   55     -0.129     -7.052      8.561
  61   51     18.693     -8.954      0.765
  -1   40     13.076     -6.999      6.810
  48   50     -0.646     -6.531      9.430
  52  643     11.996     -8.625     -6.541
  60   60     14.695     -4.123      3.504
  27   -2      7.703     -9.345      1.959
  77  168    -13.346     -8.357     -3.254
  55   56      3.561    -10.118     10.168
  63   64      4.626     -2.925     -3.267
  64   67     12.254      2.202      8.520
 156   72     -9.673     -2.133     -7.478
  65   70     14.739     -2.506     -4.618
  76   -2     -7.774     -6.632     -1.466
  69   71      4.331    -10.422     -9.773
  -1   -2     -9.576     -6.679     -2.951
  70   -2     11.237    -10.569      3.171
  72   -2      8.723     -7.509     -9.743
  43   -2     15.447     -3.158     -1.367
  71   -2     15.468     -7.355     -1.201
  24   15      9.499     -4.744     -7.452
 173   -2     19.412     -5.514     -2.995
  18   10      1.691     -5.919     -6.335
  79   26     -2.573     -6.127      2.559
  -1   -2     -3.782     -6.863      0.067
 154   -2     13.700     -0.417     -2.534
  80   79      8.705     -5.439     -7.283
  -1   81     -6.593     -3.055     -1.556
 111   44      0.349     -4.204      0.748
  -1  126     -2.626     -9.498      4.664
  -1   -2     -0.281      0.750      8.959
  -1  198     16.333      1.008      0.472
  -1   -2     -0.042     -0.393      1.707
 710  733      0.261      4.704     -8.929
  -1   -2     13.572      0.742     -2.507
  -1   -2     19.964     -0.124     -2.393
  -1   -2     20.533     -4.528     -3.990
 188  133     17.550      2.357     -1.598
  -1   -2     16.340     -2.990      0.277
  -1   -2    -12.519     -1.536     -9.817
  -1   23      4.951     -0.337      4.642
 127   29      3.316    -10.197      0.826
  98  100      4.290     -9.096    -11.481
  -1   -2    -11.543     -0.139      9.974
  -1  153      6.510    -11.080      3.523
  -1  101    -10.570     -5.309    -10.013
  -1   -2     16.760    -10.392     -0.462
  -1   -2     16.588     -8.487     -9.164
  -1   -2     -0.329     -1.498      9.278
  -1   -2     14.595     -9.626      3.874
  -1   -2     -6.407      3.759     -7.952
  -1   -2     -8.562     -0.434     -8.379
 110    1      7.210     -9.682     -7.472
  -1   -2     14.500      4.843      3.482
 171   -2     13.201      0.194     -1.479
 115  104     15.482    -10.283     -9.688
  -1   -2      0.783     -5.084      2.367
  -1   -2     -1.026      2.408     -3.772
  -1   -2     18.375     -5.294      1.531
 112  114     16.259     -2.100    -11.618
 117  113    -10.479      0.134     -3.727
  -1   -2     -7.186     -1.953    -10.112
  -1   -2      7.650     -8.692     10.039
  -1   77     -1.045     -7.873     -2.442
 121    8      5.117     -7.413     -0.236
 656  679     -8.082      4.888     -9.942
  -1   14     -1.585     -9.186      6.015
  -1   -2     10.876     -8.958     -4.995
  -1   75     11.931    -11.327     -0.457
 172   -2     -0.904      2.027     -3.169
 124  123    -12.362      1.598     -8.616
 128   -2     -4.611     -0.739      5.063
  97   -2      4.657    -10.382      2.182
  -1   89     19.194      4.819     -5.159
  44   34      7.472     -1.671     -7.883
  -1   -2     13.940     -7.691      9.939
 135   43     -5.913    -10.466      7.844
  -1   -2      6.147     -9.587    -10.879
  -1  513     21.107     -0.996     -3.730
  -1   -2      5.008      1.735     -4.704
 140   -2     15.977      1.122     -2.754
 143   68     15.369     -3.596     -2.863
 130   -2      1.168     -3.722     10.064
  -1   -2      7.319    -10.180      6.585
  -1  158     -7.473    -11.731     -6.154
 139  137     -5.867      2.570     -8.941
  54  142    -11.310     -9.879     -8.752
  -1  136      1.660     -4.113      9.484
 132  134      1.883     -1.594     11.908
  -1   38     19.766     -4.594     -3.291
  -1   80     -4.027    -10.432     -9.437
  -1  145      8.407     -9.940      6.861
  -1  130      2.838      1.839      0.152
   8  144      9.968     -7.272     -6.461
 144   82    -11.624     -9.073     -3.188
  -1   -2     18.346     -2.260      4.563
  -1   -2     17.410      2.669      5.103
 153  532     13.665     -9.817      4.839
  -1   -2     12.873      3.336     -4.332
  -1  120     -8.512     -7.458     -5.290
  86   -2    -11.264     -3.024     -5.028
 158  159      6.116     -2.496      8.348
  -1   -2     13.804     -3.079    -12.006
 166   -2     -1.686     -2.079      9.574
  -1   -2      9.921     -3.368      6.548
  -1   -2      6.736     -3.837      1.485
  -1  139     12.011     -3.788      3.410
  -1   -2     -0.832     -9.067      4.201
   5  157     -3.032     -2.186      9.807
  -1   -2      7.723     -9.061      4.496
  -1   -2     -0.281      0.750      8.959
 150   41     16.333      1.008      0.472
  -1   13     -0.042     -0.393      1.707
 566   54     13.572      0.742     -2.507
  -1   -2      0.261      4.704     -8.929
  -1  279     19.964     -0.124     -2.393
  -1   -2     20.533     -4.528     -3.990
  -1  154    -12.519     -1.536     -9.817
  -1   -2    -11.543     -0.139      9.974
  -1   -2      6.510    -11.080      3.523
  -1   -2     -0.329     -1.498      9.278
  -1  149     14.595     -9.626      3.874
  -1   -2     -8.562     -0.434     -8.379
  -1   -2     -6.407      3.759     -7.952
  -1   65     18.091     -5.222      0.464
 506  129     -1.026      2.408     -3.772
  -1   -2     14.500      4.843      3.482
  -1   -2      0.783     -5.084      2.367
  -1   -2     -8.082      4.888     -9.942
  -1   57     10.876     -8.958     -4.995
  -1   -2      9.711     -2.257     -0.864
  -1   -2     19.194      4.819     -5.159
  -1   -2      9.921     -3.368      6.548
  -1   -2      6.736     -3.837      1.485
  -1   -2     12.011     -3.788      3.410
  -1   -2     -3.032     -2.186      9.807
  -1   -2     -0.281      0.750      8.959
  -1   -2     -0.042     -0.393      1.707
  -1   -2     19.964     -0.124     -2.393
  -1   -2     13.572      0.742     -2.507
  -1   -2     20.533     -4.528     -3.990
  -1   -2      0.261      4.704     -8.929
  -1   -2    -12.519     -1.536     -9.817
  -1   -2    -11.543     -0.139      9.974
  -1   -2      6.510    -11.080      3.523
  -1   -2     -0.329     -1.498      9.278
  -1   -2     14.595     -9.626      3.874
  -1   -2     -8.562     -0.434     -8.379
  -1   -2     -6.407      3.759     -7.952
  -1   -2     14.500      4.843      3.482
  -1   -2     -1.026      2.408     -3.772
  -1   -2      0.783     -5.084      2.367
  -1   -2     -8.082      4.888     -9.942
  -1   -2     10.876     -8.958     -4.995
  -1   -2     19.194      4.819     -5.159
  -1   -2      9.921     -3.368      6.548
  -1   -2      6.736     -3.837      1.485
  -1   -2     12.011     -3.788      3.410
  -1   -2     -0.832     -9.067      4.201
  -1   -2     -3.032     -2.186      9.807
  -1   -2      7.723     -9.061      4.496
  -1   -2     -0.281      0.750      8.959
  -1   -2     19.964     -0.124     -2.393
  -1   -2     13.572      0.742     -2.507
  -1   -2     -0.042     -0.393      1.707
  -1   -2     20.533     -4.528     -3.990
  -1   -2      0.261      4.704     -8.929
  -1   -2    -11.543     -0.139      9.974
 231  258      6.510    -11.080      3.523
  -1   -2     -0.329     -1.498      9.278
  -1   -2     -6.407      3.759     -7.952
  -1   -2     14.595     -9.626      3.874
  -1   -2     -8.562     -0.434     -8.379
  -1   -2     18.091     -5.222      0.464
  -1   -2      0.783     -5.084      2.367
 184  125     -1.026      2.408     -3.772
  -1   -2     14.500      4.843      3.482
  -1   -2     -8.082      4.888     -9.942
  -1   -2     19.194      4.819     -5.159
  -1   -2     10.876     -8.958     -4.995
  -1   -2      6.736     -3.837      1.485
  -1   -2     12.011     -3.788      3.410
  -1   -2     -0.832     -9.067      4.201
  -1   -2     -3.032     -2.186      9.807
  -1   -2      7.723     -9.061      4.496
  -1   -2     -0.281      0.750      8.959
  -1   -2     13.572      0.742     -2.507
  -1   -2     19.964     -0.124     -2.393
  -1   -2     20.533     -4.528     -3.990
  -1   -2      0.261      4.704     -8.929
  -1   -2     -0.042     -0.393      1.707
  -1   -2    -11.543     -0.139      9.974
  -1   -2     -0.329     -1.498      9.278
  -1   -2     -6.407      3.759     -7.952
  -1   -2     -8.562     -0.434     -8.379
  -1   -2     14.595     -9.626      3.874
  -1   -2     18.091     -5.222      0.464
  -1   -2     14.500      4.843      3.482
  -1   -2      0.783     -5.084      2.367
  -1   -2     -8.082      4.888     -9.942
  -1   -2     19.194      4.819     -5.159
  -1   -2     10.876     -8.958     -4.995
  -1   -2      9.921     -3.368      6.548
  -1   -2      9.921     -3.368      6.548
  -1   -2      6.736     -3.837      1.485
  -1   -2     12.011     -3.788      3.410
  -1   -2     -0.832     -9.067      4.201
  -1   -2     -3.032     -2.186      9.807
  -1   -2      7.723     -9.061      4.496
  -1   -2     -0.281      0.750      8.959
  -1   -2     13.572      0.742     -2.507
  -1   -2     -0.042     -0.393      1.707
  -1   -2     20.533     -4.528     -3.990
  -1   -2      0.261      4.704     -8.929
  -1   -2    -11.543     -0.139      9.974
  -1   -2     -0.329     -1.498      9.278
  -1   -2     14.595     -9.626      3.874
  -1   -2     -6.407      3.759     -7.952
  -1   -2     -8.562     -0.434     -8.379
  -1   -2     14.500      4.843      3.482
  -1   -2      0.783     -5.084      2.367
  -1   -2     18.091     -5.222      0.464
  -1   -2     -8.082      4.888     -9.942
  -1   -2     10.876     -8.958     -4.995
  -1   -2     19.194      4.819     -5.159
  -1   -2      9.921     -3.368      6.548
  -1   -2      6.736     -3.837      1.485
  -1   -2     12.011     -3.788      3.410
  -1   -2     -0.832     -9.067      4.201
  -1   -2      7.723     -9.061      4.496
  -1   -2     -0.281      0.750      8.959
  -1   -2     13.572      0.742     -2.507
  -1   -2     20.533     -4.528     -3.990
  -1   -2    -12.519     -1.536     -9.817
  -1   -2      0.261      4.704     -8.929
  -1   -2     -0.042     -0.393      1.707
  -1   -2    -11.543     -0.139      9.974
  -1   -2     -0.329     -1.498      9.278
  -1   -2     14.595     -9.626      3.874
  -1   -2     -8.562     -0.434     -8.379
  -1   -2     -6.407      3.759     -7.952
  -1   -2     14.500      4.843      3.482
 331   -2     18.091     -5.222      0.464
  -1   -2      0.783     -5.084      2.367
  -1   -2     -8.082      4.888     -9.942
  -1   -2     10.876     -8.958     -4.995
  -1   -2     19.194      4.819     -5.159
  -1   -2      9.921     -3.368      6.548
  -1   -2      6.736     -3.837      1.485
  -1   -2     12.011     -3.788      3.410
  -1   -2     -0.832     -9.067      4.201
  -1   -2     -3.032     -2.186      9.807
  -1   -2      7.723     -9.061      4.496
  -1   -2     -0.042     -0.393      1.707
  -1   -2     -0.281      0.750      8.959
  -1   -2     13.572      0.742     -2.507
  -1   -2     20.533     -4.528     -3.990
  -1   -2    -12.519     -1.536     -9.817
  -1   -2      0.261      4.704     -8.929
  -1   -2    -11.543     -0.139      9.974
  -1   -2     -0.329     -1.498      9.278
  -1   -2     -6.407      3.759     -7.952
  -1   -2     14.595     -9.626      3.874
  -1   -2     -8.562     -0.434     -8.379
  -1   -2      0.783     -5.084      2.367
  -1   -2     14.500      4.843      3.482
  -1   -2     10.876     -8.958     -4.995
  -1   -2     -8.082      4.888     -9.942
  -1   -2     19.194      4.819     -5.159
  -1   -2      9.711     -2.257     -0.864
  -1   -2      6.736     -3.837      1.485
  -1   -2     12.011     -3.788      3.410
  -1   -2     -0.832     -9.067      4.201
  -1   -2     -3.032     -2.186      9.807
  -1   -2      7.723     -9.061      4.496
  -1   -2     -0.281      0.750      8.959
  -1   -2     13.572      0.742     -2.507
  -1   -2      0.261      4.704     -8.929
  -1   -2     20.533     -4.528     -3.990
  -1   -2    -12.519     -1.536     -9.817
  -1   -2    -11.543     -0.139      9.974
  -1   -2     -0.329     -1.498      9.278
  -1   -2     -0.042     -0.393      1.707
  -1   -2     14.595     -9.626      3.874
  -1   -2     -6.407      3.759     -7.952
  -1   -2     -8.562     -0.434     -8.379
  -1   -2     14.500      4.843      3.482
  -1   -2      0.783     -5.084      2.367
  -1   -2     -8.082      4.888     -9.942
  -1   -2     10.876     -8.958     -4.995
  -1   -2     19.194      4.819     -5.159
 357  384      9.711     -2.257     -0.864
  -1   -2      9.921     -3.368      6.548
  -1   -2      9.921     -3.368      6.548
  -1   -2      6.736     -3.837      1.485
  -1   -2     12.011     -3.788      3.410
  -1   -2     -0.832     -9.067      4.201
  -1   -2     -3.032     -2.186      9.807
  -1   -2      7.723     -9.061      4.496
  -1   -2     -0.281      0.750      8.959
  -1   -2     13.572      0.742     -2.507
  -1   -2     -0.042     -0.393      1.707
  -1   -2     20.533     -4.528     -3.990
  -1   -2      0.261      4.704     -8.929
 174  351    -12.519     -1.536     -9.817
  -1   -2    -11.543     -0.139      9.974
  -1   -2     -0.329     -1.498      9.278
  -1   -2     -8.562     -0.434     -8.379
  -1   -2     14.595     -9.626      3.874
  -1   -2     -6.407      3.759     -7.952
 375  402      0.783     -5.084      2.367
  -1   -2     14.500      4.843      3.482
  -1   -2     -8.082      4.888     -9.942
  -1   -2     10.876     -8.958     -4.995
  -1   -2     19.194      4.819     -5.159
  -1   -2      9.921     -3.368      6.548
  -1   -2      6.736     -3.837      1.485
  -1   -2     12.011     -3.788      3.410
  -1   -2     -0.832     -9.067      4.201
  -1   -2     -3.032     -2.186      9.807
  -1   -2      7.723     -9.061      4.496
  -1   -2     -0.281      0.750      8.959
  -1   -2     -0.042     -0.393      1.707
  -1   -2     13.572      0.742     -2.507
  -1   -2      0.261      4.704     -8.929
  -1   -2     20.533     -4.528     -3.990
  -1   -2    -11.543     -0.139      9.974
  -1   -2     -0.329     -1.498      9.278
  -1   -2     14.595     -9.626      3.874
  -1   -2     -8.562     -0.434     -8.379
  -1   -2     -6.407      3.759     -7.952
  -1   -2     14.500      4.843      3.482
  -1   -2     10.876     -8.958     -4.995
  -1   -2     -8.082      4.888     -9.942
  -1   -2     19.194      4.819     -5.159
  -1   -2      9.921     -3.368      6.548
  -1   -2      6.736     -3.837      1.485
  -1   -2     12.011     -3.788      3.410
  -1   -2     -3.032     -2.186      9.807
  -1   -2      7.723     -9.061      4.496
  -1   -2     -0.281      0.750      8.959
  -1   -2     13.572      0.742     -2.507
  -1   -2     -0.042     -0.393      1.707
  -1   -2     20.533     -4.528     -3.990
  -1   -2      0.261      4.704     -8.929
  -1   -2    -11.543     -0.139      9.974
 104   -2     -0.329     -1.498      9.278
  -1   -2     -6.407      3.759     -7.952
  -1   -2     -8.562     -0.434     -8.379
  -1   -2     14.595     -9.626      3.874
  -1   -2     14.500      4.843      3.482
  -1   -2     -8.082      4.888     -9.942
  -1   -2     10.876     -8.958     -4.995
  -1   -2     19.194      4.819     -5.159
  -1   -2      9.921     -3.368      6.548
  -1   -2      9.921     -3.368      6.548
  -1   -2      6.736     -3.837      1.485
  -1   -2     12.011     -3.788      3.410
  -1   -2     -0.832     -9.067      4.201
  -1   -2     -3.032     -2.186      9.807
  -1   -2      7.723     -9.061      4.496
  -1   -2     -0.042     -0.393      1.707
  -1   -2     -0.281      0.750      8.959
  -1   -2      0.261      4.704     -8.929
  -1   -2     13.572      0.742     -2.507
  -1   -2     20.533     -4.528     -3.990
  -1   -2    -11.543     -0.139      9.974
  -1   -2     -8.562     -0.434     -8.379
  -1   -2     -6.407      3.759     -7.952
  -1   -2     14.595     -9.626      3.874
  -1   -2     14.500      4.843      3.482
  -1   -2     -8.082      4.888     -9.942
  -1   -2     19.194      4.819     -5.159
  -1   -2     10.876     -8.958     -4.995
  -1   -2      9.921     -3.368      6.548
  -1   -2      6.736     -3.837      1.485
  -1   -2     12.011     -3.788      3.410
  -1   -2     -0.832     -9.067      4.201
  -1   -2     -3.032     -2.186      9.807
  -1   -2      7.723     -9.061      4.496
  -1   -2     -0.281      0.750      8.959
  -1   -2     13.572      0.742     -2.507
  -1   -2     -0.042     -0.393      1.707
  -1   -2     20.533     -4.528     -3.990
  -1   -2      0.261      4.704     -8.929
  -1   -2    -11.543     -0.139      9.974
  -1   -2     -8.562     -0.434     -8.379
  -1   -2     -6.407      3.759     -7.952
  -1   -2     14.595     -9.626      3.874
  -1   -2     14.500      4.843      3.482
  -1   -2     -8.082      4.888     -9.942
  -1   -2     10.876     -8.958     -4.995
  -1   -2     19.194      4.819     -5.159
  -1   -2      9.921     -3.368      6.548
  -1   -2      6.736     -3.837      1.485
  -1   -2     12.011     -3.788      3.410
  -1   -2     -0.832     -9.067      4.201
  -1   -2     -3.032     -2.186      9.807
  -1   -2      7.723     -9.061      4.496
  -1   -2     -0.281      0.750      8.959
  -1   -2     13.572      0.742     -2.507
  -1   -2     20.533     -4.528     -3.990
  -1   -2      0.261      4.704     -8.929
  -1   -2     -0.042     -0.393      1.707
  -1   -2    -11.543     -0.139      9.974
  -1   -2     -6.407      3.759     -7.952
  -1   -2     -8.562     -0.434     -8.379
  -1   -2     14.595     -9.626      3.874
  -1   -2     14.500      4.843      3.482
  -1   -2     -8.082      4.888     -9.942
  -1   -2     10.876     -8.958     -4.995
  -1   -2     19.194      4.819     -5.159
  -1   -2      9.921     -3.368      6.548
  -1   -2      6.736     -3.837      1.485
  -1   -2     12.011     -3.788      3.410
  -1   -2     -0.832     -9.067      4.201
  -1   -2     -3.032     -2.186      9.807
  -1   -2      7.723     -9.061      4.496
  -1   -2     -0.281      0.750      8.959
  -1   -2     13.572      0.742     -2.507
  -1   -2      0.261      4.704     -8.929
  -1   -2     -0.042     -0.393      1.707
  -1   -2     20.533     -4.528     -3.990
  -1   -2    -11.543     -0.139      9.974
  -1   -2     -6.407      3.759     -7.952
  -1   -2     -8.562     -0.434     -8.379
  -1   -2     14.595     -9.626      3.874
  -1   -2     14.500      4.843      3.482
  -1   -2     -8.082      4.888     -9.942
  -1   -2     10.876     -8.958     -4.995
  -1   -2     19.194      4.819     -5.159
  -1   -2      6.736     -3.837      1.485
   7   -2     12.011     -3.788      3.410
  -1   -2     -0.832     -9.067      4.201
  -1   -2     -3.032     -2.186      9.807
  -1   -2      7.723     -9.061      4.496
  -1   -2     -0.281      0.750      8.959
  -1   -2     -0.042     -0.393      1.707
  -1   -2     13.572      0.742     -2.507
  92   -2     20.533     -4.528     -3.990
  -1   -2      0.261      4.704     -8.929
  -1   -2    -11.543     -0.139      9.974
 120  517     -6.407      3.759     -7.952
  -1   -2     -8.562     -0.434     -8.379
 505   -2     14.595     -9.626      3.874
  -1   -2     14.500      4.843      3.482
  -1   -2     10.876     -8.958     -4.995
  -1   -2     -8.082      4.888     -9.942
  -1   -2     19.194      4.819     -5.159
  -1   -2      6.736     -3.837      1.485
  -1   -2     -0.832     -9.067      4.201
  -1   -2     -3.032     -2.186      9.807
  -1   -2      7.723     -9.061      4.496
  -1   -2     -0.281      0.750      8.959
  -1   -2     13.572      0.742     -2.507
  -1   -2     -0.042     -0.393      1.707
  -1   -2      0.261      4.704     -8.929
  -1   -2    -11.543     -0.139      9.974
  -1   -2     -8.562     -0.434     -8.379
  -1   -2     14.500      4.843      3.482
  -1   -2     10.876     -8.958     -4.995
  -1   -2     -8.082      4.888     -9.942
  -1   -2     19.194      4.819     -5.159
  -1   -2      6.736     -3.837      1.485
  -1   -2     -0.832     -9.067      4.201
  -1   -2     -3.032     -2.186      9.807
  -1   -2      7.723     -9.061      4.496
  -1   -2     -0.281      0.750      8.959
  -1   -2     -0.042     -0.393      1.707
  -1   -2     13.572      0.742     -2.507
  -1   -2      0.261      4.704     -8.929
  -1   -2    -11.543     -0.139      9.974
 324  140     -8.562     -0.434     -8.379
  -1   -2     14.500      4.843      3.482
  -1   -2     -8.082      4.888     -9.942
  -1   -2     10.876     -8.958     -4.995
  -1   -2     19.194      4.819     -5.159
  -1   -2      6.736     -3.837      1.485
  -1   -2     -0.832     -9.067      4.201
  -1   -2     -3.032     -2.186      9.807
  -1   -2      7.723     -9.061      4.496
  -1   -2     -0.281      0.750      8.959
  -1   -2     -0.042     -0.393      1.707
  -1   -2     13.572      0.742     -2.507
  -1   -2      0.261      4.704     -8.929
  -1   -2    -11.543     -0.139      9.974
  -1   -2     14.500      4.843      3.482
  -1   -2     -8.082      4.888     -9.942
  -1   -2     10.876     -8.958     -4.995
  -1   -2     19.194      4.819     -5.159
  -1   -2      6.736     -3.837      1.485
  -1   -2     -0.832     -9.067      4.201
  -1   -2     -3.032     -2.186      9.807
  -1   -2      7.723     -9.061      4.496
  -1   -2     -0.281      0.750      8.959
  -1   -2     -0.042     -0.393      1.707
  -1   -2     13.572      0.742     -2.507
  -1   -2      0.261      4.704     -8.929
  -1   -2    -11.543     -0.139      9.974
  -1   -2     14.500      4.843      3.482
  -1   -2     -8.082      4.888     -9.942
  -1   -2     10.876     -8.958     -4.995
  -1   -2     19.194      4.819     -5.159
  -1   -2      6.736     -3.837      1.485
  -1   -2     -0.832     -9.067      4.201
  -1   -2     -3.032     -2.186      9.807
  -1   -2      7.723     -9.061      4.496
  -1   -2     -0.281      0.750      8.959
  -1   -2     -0.042     -0.393      1.707
  -1   -2      0.261      4.704     -8.929
  -1   -2    -11.543     -0.139      9.974
  -1   -2     14.500      4.843      3.482
  -1   -2     -8.082      4.888     -9.942
 618   -2     10.876     -8.958     -4.995
  -1   -2     19.194      4.819     -5.159
  -1   -2      6.736     -3.837      1.485
  -1   -2     -0.832     -9.067      4.201
  -1   -2     -3.032     -2.186      9.807
  -1   -2      7.723     -9.061      4.496
  -1   -2     -0.281      0.750      8.959
  -1   -2     -0.042     -0.393      1.707
  -1   -2      0.261      4.704     -8.929
 569  595    -11.543     -0.139      9.974
  -1   -2     14.500      4.843      3.482
  -1   -2     -8.082      4.888     -9.942
  -1   -2     19.194      4.819     -5.159
  -1   -2     -0.832     -9.067      4.201
  -1   -2     -3.032     -2.186      9.807
  -1   -2      7.723     -9.061      4.496
  -1   -2     -0.281      0.750      8.959
  -1   -2     -0.042     -0.393      1.707
  -1   -2      0.261      4.704     -8.929
  -1   -2     14.500      4.843      3.482
  -1   -2     -8.082      4.888     -9.942
  -1   -2     19.194      4.819     -5.159
   6  634      6.736     -3.837      1.485
  -1   -2     -0.832     -9.067      4.201
  -1   -2     -3.032     -2.186      9.807
  -1   -2      7.723     -9.061      4.496
  -1   -2     -0.281      0.750      8.959
  -1   -2      0.261      4.704     -8.929
  -1   -2     -0.042     -0.393      1.707
  -1   -2     14.500      4.843      3.482
  -1   -2     -8.082      4.888     -9.942
  -1   -2     19.194      4.819     -5.159
  -1   -2     -0.832     -9.067      4.201
  -1   -2     -3.032     -2.186      9.807
  -1   -2      7.723     -9.061      4.496
  -1   -2     -0.281      0.750      8.959
  -1   -2     -0.042     -0.393      1.707
  -1   -2      0.261      4.704     -8.929
  -1   -2     14.500      4.843      3.482
  -1   -2     -8.082      4.888     -9.942
  -1   -2     19.194      4.819     -5.159
  -1   -2     -0.832     -9.067      4.201
  -1   -2     -3.032     -2.186      9.807
  -1   -2      7.723     -9.061      4.496
  -1   -2     -0.281      0.750      8.959
  -1   -2     -0.042     -0.393      1.707
  -1   -2      0.261      4.704     -8.929
  -1   -2     14.500      4.843      3.482
  -1   -2     -8.082      4.888     -9.942
  -1   -2     19.194      4.819     -5.159
  -1   -2     -0.832     -9.067      4.201
  -1   -2     -3.032     -2.186      9.807
  -1   -2     -0.281      0.750      8.959
  -1   -2      0.261      4.704     -8.929
 116   -2     -0.042     -0.393      1.707
  -1   -2     14.500      4.843      3.482
  -1   -2     -8.082      4.888     -9.942
  -1   -2     19.194      4.819     -5.159
  -1   -2     -0.832     -9.067      4.201
  -1   -2     -3.032     -2.186      9.807
  -1   -2      7.723     -9.061      4.496
 613  478     -0.281      0.750      8.959
  -1   -2      0.261      4.704     -8.929
  -1   -2     14.500      4.843      3.482
  -1   -2     -8.082      4.888     -9.942
  -1   -2     19.194      4.819     -5.159
  -1   -2     -0.832     -9.067      4.201
  -1   -2     -3.032     -2.186      9.807
 653   62      7.723     -9.061      4.496
  -1   -2      0.261      4.704     -8.929
  -1   -2     14.500      4.843      3.482
  -1   -2     -8.082      4.888     -9.942
  -1   -2     19.194      4.819     -5.159
  -1   -2     -0.832     -9.067      4.201
  -1   -2     -3.032     -2.186      9.807
  -1   -2      0.261      4.704     -8.929
  -1   -2     14.500      4.843      3.482
  -1   -2     19.194      4.819     -5.159
  -1   -2     -0.832     -9.067      4.201
 157   -2     -3.032     -2.186      9.807
  -1   -2      0.261      4.704     -8.929
  -1   -2     14.500      4.843      3.482
  -1   -2     -8.082      4.888     -9.942
  -1   -2     19.194      4.819     -5.159
  -1   -2     -0.832     -9.067      4.201
  -1   -2      0.261      4.704     -8.929
  -1   -2     14.500      4.843      3.482
  -1   -2     -8.082      4.888     -9.942
  -1   -2     19.194      4.819     -5.159
  -1   -2     -0.832     -9.067      4.201
  -1   -2      0.261      4.704     -8.929
  -1   -2     14.500      4.843      3.482
  -1   -2     19.194      4.819     -5.159
  -1  117     -8.082      4.888     -9.942
  -1   -2     -0.832     -9.067      4.201
  -1   -2      0.261      4.704     -8.929
  -1   -2     14.500      4.843      3.482
  -1   -2     19.194      4.819     -5.159
  -1   -2     -0.832     -9.067      4.201
  -1   -2      0.261      4.704     -8.929
  -1   -2     14.500      4.843      3.482
  -1   -2     19.194      4.819     -5.159
  -1   -2     -0.832     -9.067      4.201
  -1   -2      0.261      4.704     -8.929
  -1   -2     14.500      4.843      3.482
  -1   -2     19.194      4.819     -5.159
  -1   -2     -0.832     -9.067      4.201
  -1   -2      0.261      4.704     -8.929
  -1   -2     14.500      4.843      3.482
  -1   -2     19.194      4.819     -5.159
  -1   -2     -0.832     -9.067      4.201
  -1   -2      0.261      4.704     -8.929
  -1   -2     14.500      4.843      3.482
  -1   -2     19.194      4.819     -5.159
  -1   -2      0.261      4.704     -8.929
  -1   -2     14.500      4.843      3.482
  -1   -2     19.194      4.819     -5.159
  -1   -2      0.261      4.704     -8.929
  -1   -2     14.500      4.843      3.482
  -1   -2     19.194      4.819     -5.159
  -1   -2      0.261      4.704     -8.929
  -1   -2     14.500      4.843      3.482
  -1   -2     19.194      4.819     -5.159
  -1   -2      0.261      4.704     -8.929
  -1   -2     14.500      4.843      3.482
  88   -2     19.194      4.819     -5.159
  -1   -2      0.261      4.704     -8.929
  -1   -2     14.500      4.843      3.482
  -1   -2     14.500      4.843      3.482
 711  734     14.500      4.843      3.482
