326
   0   -2      8.831     -5.249      9.063
  28  116      3.643     -7.876      5.674
 143    2      7.302     -8.941      7.121
  33    0      9.962     -3.358      6.580
  -1   29     12.005     -5.793     -8.819
   3  160     15.295     -9.462      2.255
   7   19      6.403     -4.269     -2.774
  72    7     16.478     -6.447     -2.465
 129   -2     -4.802     -3.016      9.663
  -1   -2      6.741     -3.836      1.486
  -1   -2     11.862     -3.765      3.778
  -1   -2      7.280     -7.244     -1.507
  48   12     10.603     -5.352     -5.143
  -1   13     -1.684     -7.409     -6.616
  13   14      9.300     -2.611      7.947
  12   15     10.259     -8.082      7.185
  19   -2      8.279     -7.309      6.350
  -1   -2     -0.768     -9.059      4.373
  15   -2     -0.675     -2.320     -3.204
  -1   22      0.861     -9.878      5.643
  64   -2      7.203     -4.742     -6.818
  17   68     10.528      1.760      5.920
 147   20     12.056     -5.409      1.226
  -1  298     -2.065     -9.378      0.279
  20   21      3.798     -5.038     -3.484
  -1   -2     -3.044     -2.172      9.700
  25   -2      4.923     -8.573      5.277
  -1   32     11.947     -6.897      4.222
  31   88      9.674     -0.784     10.212
  -1   56     -1.436     -5.459      3.057
  29   31      5.056     -9.453      9.720
  36   34     -8.322     -7.470      2.131
  73   -2     10.172    -10.084     -3.003
  38  123    -11.792     -6.803     -9.907
  24   -2     10.753     -5.218      6.020
  -1   -2     -5.576     -5.345     -4.376
  40   38      9.434     -4.252      4.230
 212   -2     11.068     -1.750      3.705
 133  147      6.804     -2.312     -6.360
  41   50     17.605     -9.521      0.531
 163   40     -3.373     -9.293     -4.720
 171   73     13.181     -3.392      1.545
  -1  142     11.284     -9.930     10.350
  97   57    -11.695     -6.312     -5.326
  43   65     14.215     -6.748      5.370
  46   -2     15.576     -0.677     -5.199
  37   45     -3.247     -4.312     -5.509
  -1   -2      7.562     -9.047      4.913
 150   -2     17.858     -1.572     -3.063
  52   -2     -5.914     -8.183      3.045
  -1   53     -0.644     -6.532      9.432
  55   -2     11.968     -5.717    -10.917
  44   49     -0.132     -7.053      8.565
  85   59     -7.911     -3.962     -2.603
  58   83     18.690     -8.953      0.772
  57   52     14.122     -7.363     -6.039
  60   28     -2.145     -6.089      0.037
  54   67      9.828     -6.913      3.388
  59   -2     19.972     -8.598     -3.252
  69   -2     -8.302     -8.419     -0.590
 140   61     13.075     -6.999      6.814
  62   60     11.996     -8.624     -6.541
  -1   -2     14.692     -4.121      3.498
  -1   -2      5.327     -0.352      5.196
  84   66      4.626     -2.923     -3.270
 125   -2     12.254      2.197      8.522
 122   -2     -9.676     -2.133     -7.481
  94  103     -9.572     -6.678     -2.938
  66   69     14.751     -2.503     -4.649
  -1  141      8.724     -7.503     -9.740
  82   -2     -4.659    -10.564     -5.411
  68   -2     15.446     -3.156     -1.365
  -1   27     15.466     -7.356     -1.196
  10   -2      9.498     -4.741     -7.443
 168   -2     16.599     -9.881      2.893
  -1   -2     15.145    -10.225     -6.549
 124   76     -0.156     -6.801     -4.318
  76   -2     12.620      0.127     -3.372
  95   -2     -4.144     -2.896      3.373
  -1   -2     -4.170    -10.458     -8.935
 131   42     16.462     -9.322      2.767
  18   86      8.701     -5.441     -7.277
  77   85     -3.775     -6.865      0.081
  78   -2     18.771     -7.708      2.210
  53   -2     -7.434     -7.731      1.538
  -1   -2     -2.526     -9.361     -7.065
  11   -2     -1.753     -5.511     -6.718
  -1   -2     13.455     -9.786      9.040
  35   -2     -2.626     -9.497      4.663
  -1  150    -10.288     -3.784     -0.335
  92   90     -0.282      0.752      8.964
  -1   79     16.333      1.011      0.471
  -1   -2     -0.039     -0.388      1.714
  -1   -2     13.574      0.743     -2.511
  -1  312      0.275      4.702     -8.892
 128   -2     17.550      2.359     -1.598
  -1   -2     20.532     -4.527     -3.986
  87   -2     16.340     -2.989      0.279
  26   97    -12.519     -1.536     -9.816
 107  108      5.359    -10.193     -4.854
  -1   74     -0.177     -5.717    -11.986
  -1  133     14.073      3.092     -3.647
  -1   -2      0.008     -3.926      6.965
  -1   -2    -11.547     -0.138      9.982
 101   35    -10.570     -5.310    -10.009
  -1   -2     -0.339     -1.496      9.300
 108   -2      7.208     -9.678     -7.458
  -1   -2     -8.564     -0.433     -8.364
  -1   -2     -6.403      3.759     -7.948
  -1   33     -8.248     -6.708     -2.512
  -1   -2    -11.121     -8.337     11.539
  -1  111     18.092     -5.222      0.458
  -1   -2    -13.522     -4.176      2.601
  -1  175     -1.026      2.408     -3.773
  -1   44     16.261     -2.101    -11.622
  -1    5      0.777     -5.080      2.392
  -1   -2      6.514    -10.986      3.533
  -1  313     14.499      4.842      3.482
 118  115    -10.479      0.134     -3.725
  -1   -2     -7.190     -1.950    -10.118
 120    1      7.650     -8.692     10.041
  -1   -2     -8.081      4.889     -9.933
  -1   -2      2.430     -0.898      9.463
 188  197     10.877     -8.957     -4.989
 146   47     -1.581     -9.185      6.024
  83   -2     -9.660    -10.161     -4.105
  -1  122     -4.612     -0.737      5.060
  -1  139      4.472      6.118      5.301
  -1   -2    -12.361      1.599     -8.616
  -1   -2     19.191      4.818     -5.164
 132  126     -0.903      2.026     -3.169
  -1   39      7.477     -1.671     -7.860
  75   72     14.407     -8.578     -3.822
  -1  181      0.799     -1.657     -3.195
 134   -2     12.587     -6.974     10.745
 139  119      9.048     -9.900      8.791
 135   55      6.139     -9.586    -10.856
  -1   -2     20.848     -5.312      7.696
 166   -2    -12.947      2.460      9.730
 136   -2      4.996      1.735     -4.669
  -1  153     21.108     -0.997     -3.737
 137   -2      1.886     -1.595     11.903
 185   -2      0.392     -4.124      0.646
   9   24      4.852     -7.471      0.422
 189  136     -5.869      2.576     -8.941
  -1   -2     15.976      1.122     -2.756
 148  135     15.373     -3.597     -2.876
 149  145    -11.303     -9.876     -8.758
 151   -2      1.663     -4.111      9.486
  -1   -2     20.303     -3.048     11.062
  -1  128      2.837      1.835      0.154
  -1   51     -2.676     -8.415      6.676
  81  166      9.965     -7.272     -6.456
  -1   70     -9.920     -7.636     -8.805
  -1   91     17.411      2.670      5.101
 241   54     19.144     -0.539     -3.550
  -1   -2     23.822     -7.297     10.384
 180   -2    -11.267     -3.022     -5.026
  -1  148     16.019     -5.440      6.842
 160  149      6.117     -2.495      8.343
  -1   -2     13.793    -10.576      5.882
  -1  156      8.558    -10.610     -8.159
  39   -2      6.284     -2.962     -4.476
 173  105     -1.686     -2.080      9.567
  -1   -2     13.833     -3.080    -12.088
  -1   -2      3.770     -9.469      1.278
 162   -2    -11.476     -4.669     -6.314
  -1   -2     -7.962     -5.862    -11.257
  -1    6      6.741     -3.836      1.486
  -1   -2     12.010     -3.787      3.411
  -1   -2     -0.827     -9.065      4.215
  65  152     -3.031     -2.184      9.807
 249  253      7.723     -9.059      4.500
  86   -2     16.333      1.011      0.471
 176   -2     13.574      0.743     -2.511
  -1   -2     20.532     -4.527     -3.986
  -1   -2      0.275      4.702     -8.892
  -1  190    -10.288     -3.784     -0.335
  -1  100     -0.039     -0.388      1.714
  -1   -2    -11.547     -0.138      9.982
  -1   -2    -13.522     -4.176      2.601
  -1  173     -6.403      3.759     -7.948
  -1   -2     -8.564     -0.433     -8.364
  -1   -2     -1.026      2.408     -3.773
  -1   -2     14.499      4.842      3.482
 130   -2      0.777     -5.080      2.392
  -1  289      2.430     -0.898      9.463
 175   30     10.877     -8.957     -4.989
  -1   -2     -8.081      4.889     -9.933
  -1   -2     19.191      4.818     -5.164
  -1   -2     15.523     -9.444      3.006
  -1   -2      6.741     -3.836      1.486
   8  183     12.010     -3.787      3.411
  -1   -2     -0.768     -9.059      4.373
  -1   -2     -3.031     -2.184      9.807
  -1   -2      7.723     -9.059      4.500
  -1   -2     20.532     -4.527     -3.986
  -1   -2      0.275      4.702     -8.892
  -1   -2    -11.547     -0.138      9.982
  -1   -2     -8.564     -0.433     -8.364
  -1   -2     -6.403      3.759     -7.948
  -1   -2    -13.522     -4.176      2.601
  -1   -2     14.499      4.842      3.482
  -1   -2     -1.026      2.408     -3.773
 206  214      9.709     -2.255     -0.865
  -1   -2     19.191      4.818     -5.164
  -1   -2     15.523     -9.444      3.006
  -1   -2      6.741     -3.836      1.486
  -1   -2     -0.768     -9.059      4.373
  -1   -2     -3.031     -2.184      9.807
  -1   -2      7.723     -9.059      4.500
  90  188     20.532     -4.527     -3.986
  -1   -2      0.275      4.702     -8.892
  -1   -2    -11.547     -0.138      9.982
  -1   -2     -6.403      3.759     -7.948
  -1   -2     -8.564     -0.433     -8.364
  -1   -2    -13.522     -4.176      2.601
  -1   -2     14.499      4.842      3.482
 111   -2     -1.026      2.408     -3.773
  -1   -2      2.430     -0.898      9.463
  -1   -2     -8.081      4.889     -9.933
  -1   -2     19.191      4.818     -5.164
 222  228     15.523     -9.444      3.006
  -1   -2      6.741     -3.836      1.486
  -1   -2     -0.768     -9.059      4.373
  -1   -2     -3.031     -2.184      9.807
  -1   -2      7.723     -9.059      4.500
  -1   -2      0.275      4.702     -8.892
  -1   -2    -11.547     -0.138      9.982
  -1   -2     -6.403      3.759     -7.948
  -1   -2     -8.564     -0.433     -8.364
  -1   -2     14.499      4.842      3.482
 231  236    -13.522     -4.176      2.601
  -1   -2      2.430     -0.898      9.463
  -1   -2     -8.081      4.889     -9.933
  -1   -2     19.191      4.818     -5.164
  -1   -2      6.741     -3.836      1.486
  -1   -2     -0.768     -9.059      4.373
  -1   -2     -3.031     -2.184      9.807
  27   58      7.723     -9.059      4.500
  -1   -2      0.275      4.702     -8.892
  -1   -2    -11.547     -0.138      9.982
  -1   -2     -8.564     -0.433     -8.364
  -1   -2     -6.403      3.759     -7.948
  -1   -2     14.499      4.842      3.482
  -1   -2      2.430     -0.898      9.463
  -1   -2     19.191      4.818     -5.164
  -1   -2     -8.081      4.889     -9.933
  -1   -2      6.741     -3.836      1.486
  -1   -2     -0.768     -9.059      4.373
  -1   -2     -3.031     -2.184      9.807
  -1   -2      0.275      4.702     -8.892
  -1   -2    -11.547     -0.138      9.982
  -1   -2     -6.403      3.759     -7.948
  -1   -2     -8.564     -0.433     -8.364
  -1   -2     14.499      4.842      3.482
  -1   -2      2.430     -0.898      9.463
  -1   -2     -8.081      4.889     -9.933
  -1   -2     19.191      4.818     -5.164
  -1   -2      6.741     -3.836      1.486
  -1   -2     -0.768     -9.059      4.373
  -1   -2      0.275      4.702     -8.892
  -1   -2    -11.547     -0.138      9.982
  -1   -2     -6.403      3.759     -7.948
 106  281     -8.564     -0.433     -8.364
  -1   -2     14.499      4.842      3.482
  -1   -2      2.430     -0.898      9.463
  -1   -2     19.191      4.818     -5.164
  -1   -2      6.741     -3.836      1.486
  -1   -2     -0.768     -9.059      4.373
  -1   -2      0.275      4.702     -8.892
  -1   -2    -11.547     -0.138      9.982
  -1   -2     -6.403      3.759     -7.948
  -1   -2     14.499      4.842      3.482
  -1   -2      2.430     -0.898      9.463
  -1   -2     19.191      4.818     -5.164
  -1   -2      6.741     -3.836      1.486
  -1   -2     -0.768     -9.059      4.373
  -1   -2     -3.031     -2.184      9.807
  -1   -2      0.275      4.702     -8.892
  -1   -2    -11.547     -0.138      9.982
 109  109     -6.403      3.759     -7.948
  -1   -2     14.499      4.842      3.482
  -1   -2      2.430     -0.898      9.463
  -1   -2     19.191      4.818     -5.164
  -1   -2      6.741     -3.836      1.486
  -1   -2     -0.768     -9.059      4.373
  -1   -2      0.275      4.702     -8.892
  -1   -2    -11.547     -0.138      9.982
  -1   -2     14.499      4.842      3.482
  -1   -2      2.430     -0.898      9.463
  -1   -2     19.191      4.818     -5.164
  -1   -2      6.741     -3.836      1.486
 294   -2     -0.768     -9.059      4.373
  -1   -2     -3.031     -2.184      9.807
  -1   -2      0.275      4.702     -8.892
  -1   -2    -11.547     -0.138      9.982
  -1   -2     14.499      4.842      3.482
  -1   -2      2.430     -0.898      9.463
  -1   -2     19.191      4.818     -5.164
  -1   -2      6.741     -3.836      1.486
  -1   -2     -3.031     -2.184      9.807
  -1   -2      0.275      4.702     -8.892
  -1   -2    -11.547     -0.138      9.982
  -1   -2     14.499      4.842      3.482
 285   -2      2.430     -0.898      9.463
  -1   -2     19.191      4.818     -5.164
  -1   -2      6.741     -3.836      1.486
  -1   -2     -3.031     -2.184      9.807
  -1   -2      0.275      4.702     -8.892
 296  300    -11.547     -0.138      9.982
  -1   -2     14.499      4.842      3.482
  -1   -2     19.191      4.818     -5.164
 299  303      6.741     -3.836      1.486
  -1   -2      0.275      4.702     -8.892
  -1   -2     14.499      4.842      3.482
  -1   -2     19.191      4.818     -5.164
  -1   -2      0.275      4.702     -8.892
  -1   -2     14.499      4.842      3.482
  -1   -2     19.191      4.818     -5.164
  -1   -2     -3.031     -2.184      9.807
  -1   -2     14.499      4.842      3.482
  -1   -2     19.191      4.818     -5.164
  -1   89     14.499      4.842      3.482
  -1   -2     19.191      4.818     -5.164
  -1   -2     19.191      4.818     -5.164
