409
  -1   44     -3.889     -8.466      1.147
   1    2      0.029     -8.545      1.709
  10    5      1.402     -7.939      5.326
  -1   30     -4.568     -5.864     10.487
   5   89     -2.821     -7.941      5.795
  21  137     -4.656     -6.873      9.906
 174   -2      3.075     -9.725      3.483
   6    6     -3.676     -9.856     -4.305
   7   10      5.392     -7.381     -2.555
  14  133     -2.192      1.995      3.915
  83  164     10.593     -8.462     -7.835
  17   13     -2.645     -2.518      2.731
  -1   14      6.882     -1.263     -5.367
  13   16      3.110     -5.253     -1.022
   3   -2     -8.449    -10.285    -10.291
 137   50     -4.619     -9.389     -1.382
  19   21     -3.159     -6.418      8.635
 165  208      8.678     -9.077      1.205
  24   11     -9.091     -7.738     -0.233
  26  400     -1.239      0.060     -7.712
   9    0     -9.332     -9.033     -8.417
 155   -2     -2.379     -9.157     -8.469
 240   -2    -10.865     -9.515     -6.556
  -1   -2     -5.056    -10.311     -7.262
 198  156     -2.336     -8.638     -3.234
  16   83     -1.246     -8.089      5.072
  29   15      6.986      0.534     -3.160
 224  264      3.081     -9.711     -1.000
  -1  114      5.536     -6.385      9.254
 172   -2      3.865     -9.642      3.709
  31  388      8.757     -1.242     -0.515
  33   19      1.160     -4.140      8.032
  96   74     -4.684     -7.802      5.269
 320   -2     -7.179     -6.623      2.673
  -1   -2     -7.471      1.034      3.165
 167   -2     -1.837     -7.273      5.550
  81   81     15.837     -3.084      0.318
  -1   25     -6.257     -9.638     -1.123
 164   -2     11.350     -8.717     -2.337
  -1   -2      9.423     -1.982      2.497
 149   -2     -9.788    -10.679     -1.231
  40   32      0.038     -4.411      1.031
  43   38      6.482     -3.683      5.262
  77  136      8.037     -9.285      0.644
 104   52     -4.706     -7.866     -0.823
  53   48      9.869     -2.300      4.825
  90  216     13.047     -8.109     -1.916
  55  394     -5.862     -0.693     -5.382
 324   -2      9.285     -7.065      0.890
  52  313      7.601     -6.419      8.801
  51  402      1.371     -0.322     -6.593
  62  126      4.055     -9.235      4.515
 134   -2     -4.530    -10.045     -6.095
  57   -2     -7.791     -7.540      2.990
 190   -2    -12.287     -8.001     -2.745
  42  218      9.391     -6.033      7.798
 116   -2     18.926     -3.988     -4.054
 262   -2     18.625     -9.685     -7.760
 237  297     -2.306     -9.724     -5.004
  70   -2      1.890     -2.209     -4.585
 315   40     12.775     -9.383     -5.523
 285  246     -0.686     -3.261     -6.021
  -1   -2     10.131     -4.166      2.752
 314  158      1.745     -6.316      9.271
  25  178    -12.730     -3.827     -2.690
 299  214    -11.901    -10.004     -5.006
  66   60      1.941     -5.362     -6.361
 266   -2      9.938     -3.305      7.051
  74  397     13.360      0.442     -8.226
 109  162     -4.892     -8.221     -4.060
  79   -2      7.694     -4.400      7.503
 370   -2    -12.201    -10.632     -6.032
  -1   -2      1.799     -8.493     -7.796
 259   96     16.069     -7.400     -1.236
 185  275    -11.128     -7.322    -10.243
 130  192     -0.749     -6.467      9.205
  78  317      9.647     -1.716      6.401
  47   56     -4.768    -10.640     -6.265
  -1  319      9.765     -8.058      6.625
 385   61     13.622     -4.212      5.893
 117   -2     18.221     -9.465      2.070
  -1   -2      2.846     -9.773     -2.127
  15   -2      8.838     -7.472      6.089
 126   -2     -2.545     -2.567     -4.522
  88  310      0.458     -4.135      0.674
  92   90     10.574     -5.619      8.900
  35   85      1.853     -5.955      7.959
 133   86     -8.389    -10.024     -7.418
  22   -2      1.659     -7.569      1.443
  -1  171      4.839     -8.797     -0.303
 107  124     12.664     -8.411     -9.559
 265   -2     17.665     -2.181     -8.281
 269   17     -0.579     -5.704      4.790
 264  307      5.908     -4.192     -1.169
  -1  150     -0.608    -10.104    -10.111
  -1   -2      7.305     -4.780     -6.761
 103   -2     16.485     -4.309      5.895
  -1   -2      8.343     -1.823      0.695
 192   -2     19.015     -9.498     -3.485
  71   64      9.976      0.632      6.372
 371  278      5.309     -7.507     -7.341
 157   51     16.278     -3.954     -9.924
 325   73      8.122     -5.222    -10.709
 151  179    -10.216     -8.121     -1.411
 162   53      8.725     -4.849     -1.178
  98   46      7.336     -7.709      2.926
 239  201     16.552     -8.288     -6.076
 111   92      3.124     -2.394     -7.714
 333   71      8.762     -5.099      7.967
 292   -2      3.910     -9.553      1.175
  -1  223     -9.503     -7.792      2.776
  93  311     -1.007     -9.678     -9.091
 235  256     17.289     -7.492     -2.895
  95  265      5.356     -4.319      9.482
 119  170      3.372     -4.769      9.071
  -1    8     -7.809     -8.613     -7.596
 202   36     -9.600    -10.488     -8.798
  -1   -2      9.424      1.487      9.135
 242  251     19.617     -3.736     -3.033
 207   82     -0.756     -6.599      0.894
 124   -2      6.813     -0.986      9.310
 113   -2      6.855     -2.407     -6.400
 196   -2     -9.709     -8.739      2.190
 286   -2    -12.501     -7.191     -9.023
 163   -2      5.517     -8.749      3.898
 293  386     -2.865     -0.536     -1.442
 249   -2     19.851     -9.872     -3.484
 132  344      3.191     -2.050      2.855
  -1  285      6.732     -7.061      5.474
  -1   -2     12.377     -2.476      5.928
 307   -2     14.347     -5.271     -9.231
  -1  144     -2.688     -8.380      5.556
 182  120     -2.923     -9.770      3.899
  -1   -2     -6.658     -9.352     -9.986
  -1    7     -0.761     -8.461      4.054
  27   -2     -7.022     -9.003      2.502
   4  122      3.778     -7.765      5.490
  -1  125     -2.630      2.484      5.290
  -1    9      8.559    -10.149     -7.797
  -1  123      1.202    -10.537     -4.387
 345  302    -11.438     -0.652     -0.440
  68   -2      8.469     -9.190     -5.760
  -1   -2     -0.655     -7.794      2.997
  59   -2      2.575     -9.294     -9.568
 118  334     13.446     -6.891     -7.273
  20   -2      2.833     -8.879      1.973
 176   29     16.559     -6.603     -8.116
 148   -2      8.679     -9.176      7.837
 140   -2      3.084    -10.303      0.165
  -1   -2     -0.938     -1.631     -8.422
 166   -2    -12.593     -5.148     -3.523
 201  239      2.906    -10.460      2.730
 222  293     -1.966    -10.822      4.393
  -1  236     -4.665    -10.764     -3.518
 369  381    -13.383     -2.900     -3.164
 211   -2    -11.869     -6.277     -5.740
 175   -2     -0.076     -6.108      9.779
 178  315     -5.631     -4.465     -9.294
  -1  161     14.123     -6.712      7.187
 271   -2     -3.421    -10.601      2.906
  -1  221     -5.827     -9.493     -6.896
 313   65     13.863     -2.115     -3.290
 251  168     -3.043     -2.171      9.695
  -1  296     12.136     -5.619     -9.049
  -1   37     20.320     -7.235     -5.427
 169  291     18.162     -4.381     -3.235
  -1   -2     -0.295    -10.082     -3.243
 129  343     -5.652     -9.312      6.857
 232   -2     16.709     -9.419     -4.788
 142  299      2.996    -10.364      8.604
  -1   24    -10.892    -10.556    -10.217
 225  366     13.720     -7.254      7.916
 356  270     -6.982     -3.217      9.833
 223    1     -6.328     -6.732      3.221
  -1  131     19.937     -5.622     -4.194
  -1   -2      3.662     -9.951     -7.267
 368  115     13.302     -0.798      8.040
 255  249     -4.227    -10.713      4.182
  -1   88      9.802     -0.802     -0.827
  -1   -2     -7.522     -8.392     -8.747
  44  305    -13.212    -10.053     -4.682
 248  325     17.663     -1.234    -10.716
 161   -2      5.907     -8.002      9.017
 189  169     14.718     -0.205     -5.068
  -1   -2     16.882      0.959    -10.663
  -1   -2     19.836     -6.184     -8.844
  -1  215     20.488     -2.468     -0.367
 213  184     -1.266      4.210      2.262
 168   58     17.342     -8.207      2.265
 146   -2     19.681     -6.599      1.688
 195  238      1.949     -9.771      7.288
  -1  271     16.946     -9.295      2.232
 231   -2     19.384     -6.713     -4.345
 347   -2    -11.266    -10.885      1.315
 209  185     -3.316      2.647     -8.351
 220   -2     15.942     -2.472     -7.621
  -1  232     10.721     -8.181      6.956
 244   91     11.991     -4.902     -5.440
  -1    4      0.431     -6.687      6.792
  -1   57    -10.094     -8.315      1.979
 361  107     13.698     -9.724     -9.521
 226  106    -10.964     -8.207     -6.726
 150   42     -4.723    -10.385     -1.514
  -1   -2      1.457    -11.066      0.498
 300   -2     -6.719     -1.322     -7.568
  -1   -2      3.123     -9.717     -6.636
  -1   12     -4.790     -7.492      8.236
  -1   -2     -6.226     -2.856     -8.923
  -1   20      5.754     -8.579      7.299
 122   -2     -8.144     -9.900     -1.611
  56   -2      0.302     -7.729      6.690
  -1  130      4.028     -8.897     -9.539
 184  195     17.858     -1.401     -3.630
 197   -2     19.139     -5.502     -9.921
 322  100     16.340     -5.405     -5.687
  61   26     -2.270    -10.289     -7.045
  -1   -2      4.575     -6.437      1.603
 102  227     -5.741      0.748      5.822
  -1   39     20.301     -3.472     -6.702
 179   -2     17.796    -10.504     -9.405
 206   -2      9.328    -10.530     -7.568
  -1   27      8.751     -8.753     10.056
 305   -2    -10.519     -4.919     -7.525
  73  235     15.199     -3.087     -3.278
  -1   -2      5.099     -2.875     -4.622
  -1  300     -0.337     -8.580     -5.249
 303   -2      7.721     -7.442      0.407
  28  119     -1.268     -9.905      2.232
  -1  242     14.663     -4.773     -6.491
  -1   -2     19.979     -2.696     -5.340
  -1  341      0.955     -2.713     10.361
 321  121     14.766     -1.160     -5.527
 230  217     12.772     -2.670      9.350
 302   -2    -10.335     -9.398     -9.283
  -1  237     19.939     -8.822     -9.727
  86   -2     -5.869     -4.860     10.400
  -1  177     13.002     -5.618      6.851
  -1  109      2.891     -1.625     10.375
 243  349     -9.298     -1.083     -3.120
 135   43      8.316     -7.223      7.178
  -1   66     -7.516    -10.684     -0.115
  -1   72     18.081     -9.943      1.328
  18   41      6.829     -6.074      4.251
  -1  259     19.958     -2.873     -2.445
  -1  282      8.204     -5.517     -6.631
  82  357    -12.598     -7.399     -5.778
  -1   -2     -3.155     -1.660      3.180
 360   28     -7.140     -6.788     -4.873
 229   67     -1.107    -10.202      0.424
 246  142     -9.430     -5.075      0.808
  12   -2     -1.348     -7.720     -3.423
 121   -2     -4.989     -9.826      9.527
  -1   34     -5.624     -8.426     -6.958
 291  267     14.986     -7.496     -2.939
  -1   -2      8.101     -5.878      8.754
 338   -2     12.261      2.532      1.090
  -1   -2      4.376     -2.305      7.141
  -1  172      8.029     -6.473      6.089
  41   -2     -6.696    -10.071     -8.607
  -1   -2     15.279     -5.964     -8.231
  -1  255     11.159      1.207      8.621
 261   -2     -4.153     -8.379     -4.375
 256  330     14.063     -6.316      4.280
 276  295     11.095     -8.247     -4.356
 263   -2      6.718     -6.500     -7.676
  32  129      6.612     -9.991     -4.081
  -1   -2     -4.291     -6.795      9.598
  -1  148      2.668     -9.593      4.563
 298  346     -4.407      1.063      9.650
 253   -2     12.662     -9.511     -9.490
  -1   94     19.271     -1.025      0.325
 270   -2      8.240     -0.355     -3.766
  34  176     -9.323      0.090     -5.320
 218  314     17.870    -10.500     -7.351
 290  243     15.818     -0.282      5.463
 288   -2     12.619      0.638     -6.598
 106   -2      6.585     -6.298      9.116
  -1   -2     -4.785     -9.696      2.516
 357   -2     11.432      1.532     -1.037
 210  320     15.733     -2.636      7.716
  -1   -2     17.519     -8.912      3.471
 238  209      0.802     -4.880     -7.525
  -1  308      0.370     -9.772      7.839
 295  399     -9.179     -2.230     -9.857
 267   -2     17.629     -7.853     -6.919
  -1  101    -10.140     -9.408      0.162
  97   -2     12.272     -5.371     -7.410
 233  229     17.821     -9.323     -4.519
 181  369      6.385      2.021     -2.121
 227  287     19.937     -8.350     -3.938
 100  252      4.722     -4.279      5.077
  38  103      1.660     -7.175     -6.406
 277   -2     -0.273     -3.685     -8.340
  -1   -2      5.963     -3.004     -3.580
  -1  230     13.221     -2.986      7.614
  -1   -2     -1.785    -10.392      7.940
  -1   -2     -4.514     -5.724     -2.590
  -1  248     -3.447     -4.790      8.865
  -1   -2      0.652      3.239      9.990
  -1   -2      9.035     -5.744      9.457
  -1  284     -2.909     -3.541      3.642
 194  111     12.802     -6.314     -0.970
  -1   -2      7.140     -7.837     -6.472
  -1  250     19.799     -3.332     -2.760
  99   -2      0.969     -3.331     -5.512
  -1   -2      5.238     -6.266     -7.399
 110  222      5.321     -8.323      1.577
  -1  174      3.264     -9.203     -9.886
  -1   -2     15.959    -10.298    -10.438
 274   76     13.450     -5.172      4.799
 310  187     15.467     -0.102     -0.054
 336  244      4.588     -2.633      2.072
 173  303     18.529     -6.220      1.165
  -1   -2     -1.833    -10.124      6.724
  -1   -2     17.061     -8.185     -4.547
 330   -2      2.424     -0.152     -4.675
  -1   33      4.534    -10.180     -4.434
  -1  110     18.081     -7.468     -9.059
  -1   -2     14.094     -0.525     -3.287
  -1   -2     11.420     -1.552     -4.201
  -1  332    -11.238     -8.755      1.541
 158  225     -0.158     -9.780      7.285
  -1   55     -2.298     -2.907     -4.282
 105  202     19.161     -9.158     -4.265
 123  159     -3.706     -9.545     -5.216
  -1   62      9.425      3.673      8.986
 328  105     -2.320     -5.213     -3.488
  -1  241     10.334     -6.655     -4.960
 312   -2      8.023     -1.585     -1.573
 327   -2     18.627      0.948      0.853
  -1  378      7.283      0.330     -8.237
 257   -2     13.581     -2.608      6.137
 309   -2      4.283     -4.434     -5.217
  -1  191     19.459     -5.064      1.991
 203   -2     17.207     -7.369     -1.358
  -1  104     14.836     -0.350      4.061
  -1   69      7.698     -7.471      1.723
 199   -2      4.887     -7.416      1.750
 354  220      7.413      1.634     -3.251
  -1  276     18.736     -0.792     -9.592
  -1   45     17.820     -7.263      4.391
 128  283     -2.830     -9.925     -1.469
 108   -2    -11.289     -9.989     -8.810
 115   -2     -1.675     -8.778      0.782
  -1  261     12.387     -3.765     -7.746
  -1   -2      9.046     -0.786     -1.589
  -1  292     11.177      6.005      0.032
  -1  347    -12.398     -0.025     11.030
  -1  113     -7.838     -1.657    -10.208
  -1   -2    -11.379     -1.472      9.994
  -1  371      2.438     -0.899      9.441
 346  363     16.509      4.672      1.532
  -1  280     20.473     -2.835      9.245
  -1  206    -12.106    -11.108     -1.435
 125  108      5.682     -3.055      5.305
 353   68    -12.097     -6.129     -4.332
 365  323    -10.484      2.176     -5.651
  -1   -2     16.762      0.795     10.869
  -1   23     11.271     -9.853      2.402
  -1   84      3.962     -5.940     -7.385
 318   -2     -6.932     -7.835    -11.357
  -1   95     -8.643     -2.694     -6.389
 341   -2     18.460      2.540     -3.914
 351   -2      1.873     -1.592     11.930
  -1   -2     -2.897     -0.477    -10.899
  -1   -2     -8.424      0.684     -7.713
  -1   -2     -9.134     -3.423      0.192
  -1   -2     -9.201     -9.161    -12.265
  -1  331     20.457     -0.808     -3.474
  -1  373     14.080      3.448     10.280
  -1  383     16.621      1.636     -1.106
  -1   -2      8.783      2.203     -4.373
  -1   -2    -12.949     -4.643      6.905
 364  380    -11.715     -7.025      0.721
  -1  141      6.145      3.736      1.487
  -1   -2     -3.069     -4.159      9.416
  -1   -2     20.762      1.841      9.148
  -1   -2    -10.804     -4.186     -5.852
  -1  370     14.491      3.501     -8.408
  -1   63     20.424    -10.190     -4.392
 352  385      8.134      5.611      5.680
  -1  224     14.191     -1.714      9.658
  -1   -2      3.015     -5.237     -1.046
  30   -2      6.846     -1.272     -5.375
  -1  167      2.875     -9.809      3.475
  -1  389      1.167     -4.150      7.940
  89   -2      8.794     -1.233     -0.585
  -1   -2     10.122     -4.149      2.688
  48  140     -7.522      1.049      3.182
  -1   -2      1.414     -0.313     -6.767
 375  390      1.414     -0.313     -6.767
  -1   -2     -5.852     -0.699     -5.321
  -1   -2      1.943     -2.204     -4.783
 377  404      1.943     -2.204     -4.783
 153  116      9.628     -1.712      6.417
 143   -2     -2.759      2.494      4.956
 308   -2     -7.037     -8.535      2.807
 183  398      9.418     -1.974      2.457
  -1   -2      9.968     -2.314      5.095
 280   -2      8.246     -1.811      0.725
  -1   -2     10.122     -4.149      2.688
  -1   -2     10.079     -4.131      2.540
 386   -2     13.619     -4.175      5.588
 379  405      6.389     -3.672      5.318
  72  112      7.624     -4.824     -5.999
  -1   -2     10.079     -4.131      2.540
 381  407      9.968     -2.314      5.095
  54   70     10.331     -4.179      3.316
 387  409     10.079     -4.131      2.540
