373
   0    0      8.828     -5.253      9.052
 138   27      3.643     -7.877      5.677
  -1   16      9.160     -7.539      4.767
  48    2      7.301     -8.943      7.106
  -1   -2     -3.469     -9.795      2.571
   2   -2      9.965     -3.356      6.573
  74   -2     -0.397     -7.054      9.206
   5    4     -1.704     -7.968      6.692
 156   -2     -9.536     -6.654     -2.700
  46   -2     -5.711    -10.478     -3.270
  -1    8     -4.802     -3.015      9.676
  -1   -2      6.739     -3.836      1.491
   9  170     11.866     -3.766      3.776
  -1   12     10.602     -5.352     -5.142
  13   36     10.065     -5.195      7.713
  -1   -2     -1.686     -7.409     -6.621
 373   -2      9.297     -2.613      7.954
  -1   -2     10.259     -8.082      7.184
  -1   28     -0.771     -9.059      4.365
  17   18     -0.675     -2.321     -3.202
 121   19     10.531      1.760      5.923
  19   20      7.202     -4.742     -6.815
  -1   -2      3.800     -5.040     -3.477
  -1   39     -2.067     -9.379      0.264
  -1   -2     -3.041     -2.171      9.686
 141   -2      4.924     -8.578      5.275
  78   41     12.047     -5.394      1.213
  29   -2     14.206     -6.935     -9.217
  28   -2     11.951     -6.898      4.226
  36   22      6.193    -10.927      2.419
  30   31      9.675     -0.784     10.211
  31   30     -1.434     -5.460      3.047
  33   32     10.175    -10.085     -3.008
  12   54     12.247     -5.813     -8.482
 157   83     -9.959     -8.446      1.610
  38   33    -11.796     -6.804     -9.918
   4  165      1.384     -9.946      4.158
  44   -2     -5.576     -5.346     -4.376
 159  162     11.085     -1.745      3.664
  50   -2      6.807     -2.312     -6.352
  32   35     -8.321     -7.471      2.135
  -1    1      9.429     -4.251      4.241
  40   -2     -3.372     -9.294     -4.727
  27   21      3.994     -7.535      7.162
 106   73    -11.694     -6.310     -5.322
 295  168     -0.310     -5.551      5.049
  90   48     -8.397     -8.829      5.636
  67   29     14.213     -6.747      5.377
  -1   38     -3.246     -4.312     -5.509
 104   46    -10.833     -5.402     -8.813
  45   47     15.572     -0.678     -5.184
 165  175     17.609     -9.520      0.522
 145   50     -6.128     -9.758     10.223
  58   53     -8.304     -8.418     -0.602
  -1  355      7.558     -9.049      4.922
  60   58     19.950     -8.617     -3.362
 115   -2     13.052      0.150     -1.144
  -1   57     -0.644     -6.531      9.437
  55   -2      9.822     -6.915      3.371
  -1   -2     -7.912     -3.962     -2.606
  53   42     -5.915     -8.184      3.044
   7   -2     14.122     -7.364     -6.042
  59   62     18.691     -8.953      0.772
  61   -2      9.033    -10.644      8.345
  -1   51     17.866     -1.570     -3.042
 146   64    -12.442     -9.912     -3.011
  -1   -2      7.705     -9.333      1.960
  62   86      2.344    -10.025      7.058
  91  161     14.696     -4.124      3.511
  -1   -2     11.993     -8.625     -6.536
  -1  153      4.624     -2.927     -3.269
 101   -2     15.458     -3.172     -1.404
  70   71     14.746     -2.507     -4.637
  20   74     12.248      2.203      8.504
  73   -2     19.296     -5.613     -2.729
  -1   79      8.272     -4.596     -6.938
  -1   -2      8.719     -7.504     -9.732
  -1   81     15.465     -7.355     -1.195
 102   23      1.699     -5.921     -6.304
  -1   72    -11.651    -10.891     -0.778
  -1  112     18.011     -9.368     -8.340
  84    5      4.436     -4.556     -8.410
  77   93     -8.027     -6.598     -1.554
  -1   -2      6.827     -6.434     -7.983
 245   -2     -6.278     -5.054     -9.831
  65   -2     14.911    -10.163     -7.428
  42   -2     -3.772     -6.867      0.096
  -1   -2     -0.973     -6.760     -1.797
   6   -2     -6.743     -7.606     -1.655
  86   59     -6.595     -3.054     -1.550
  -1   89      8.707     -5.440     -7.288
  51   -2     16.867     -9.522      1.473
  -1   -2      7.142    -10.225      7.066
 179   -2      0.350     -4.203      0.739
 154  155     18.120      2.719      3.492
  -1   -2     -8.888     -7.606     -6.598
 265  283     -0.281      0.751      8.965
  76  160    -10.287     -3.782     -0.344
  -1   84     16.333      1.009      0.471
  -1   -2     13.573      0.743     -2.508
  -1   -2     -0.036     -0.391      1.715
  -1  144     19.964     -0.123     -2.392
 136   -2     20.533     -4.529     -3.992
  66   -2     16.341     -2.989      0.277
  -1   -2    -12.519     -1.537     -9.817
  -1   -2      0.282      4.699     -8.872
  -1   -2    -11.544     -0.139      9.977
  -1  117    -12.723    -10.351      6.933
  -1   -2     -0.826    -10.955     -9.858
  -1   -2     -0.320     -1.498      9.247
  -1   55     16.588     -8.488     -9.158
  -1   -2     -8.566     -0.434     -8.357
  -1   -2     14.598     -9.627      3.869
  -1   63     12.327     -6.880      8.538
  -1  164      5.113     -7.408     -0.226
  -1    7     18.372     -5.295      1.540
 109  115     -6.405      3.758     -7.951
  -1   40    -14.287     -5.242     -1.720
  -1   -2     14.500      4.843      3.483
 114  120     16.253     -2.100    -11.602
  -1   -2     -1.026      2.407     -3.771
 116  122    -10.479      0.134     -3.725
 118  124      7.650     -8.691     10.041
  -1   -2      2.430     -0.898      9.459
  64   -2     11.001     -9.968      9.653
  -1  359     -8.080      4.890     -9.939
  89   17     -1.572     -9.184      6.049
  -1   -2     10.878     -8.957     -4.998
  -1   95     19.191      4.818     -5.162
 158  151      5.242     -0.349      5.471
  -1  130    -12.363      1.597     -8.615
 131  159      9.047     -9.910      8.786
  -1   37      7.474     -1.670     -7.867
 127   -2     -4.611     -0.738      5.060
 100   -2     -0.903      2.026     -3.169
  95  116      6.137     -9.586    -10.850
 133  136     13.940     -7.688      9.938
 137   -2      0.794     -1.656     -3.173
 135   -2      4.996      1.736     -4.667
 167  146     15.975      1.122     -2.759
  -1  137    -10.270     -5.085      2.885
  -1   56     19.763     -4.595     -3.297
  -1   60     12.595     -6.974     10.731
 143  150     15.389     -3.597     -2.916
  -1   -2      4.657    -10.382      2.188
  -1   -2    -11.313     -9.881     -8.741
 346  141     -5.868      2.574     -8.945
 198   43      1.661     -4.112      9.481
 148   67      3.536    -10.106     10.234
 151  138      2.838      1.838      0.158
  -1   44     -5.099     -1.741     -4.584
 170   -2     18.899     -0.670     -2.940
 134  140      1.885     -1.592     11.906
  83   69      9.986     -7.272     -6.515
 152  158     13.661     -9.815      4.849
 105  354     -1.684     -2.082      9.574
 153  157     20.607     -8.318      9.677
 195   99    -11.263     -3.023     -5.032
  68   -2      6.284     -2.963     -4.478
  -1   -2      5.481     -5.378      3.993
  -1   -2      6.119     -2.493      8.337
 144   -2     -5.921    -10.259      2.615
  -1    6     -8.509    -10.197     -5.904
  -1   85     13.805     -3.082    -12.024
  -1   -2      9.921     -3.364      6.551
  39   14      9.921     -3.364      6.551
  -1  382      6.739     -3.836      1.491
  -1  387     -0.833     -9.067      4.199
  -1  163     -3.032     -2.185      9.803
 164  198     -3.442     -9.790      2.536
  -1   -2      7.721     -9.059      4.503
  -1  310     12.011     -8.576     -6.597
  -1   -2     -0.281      0.751      8.965
  -1   -2     -0.036     -0.391      1.715
 177   -2     16.333      1.009      0.471
  -1   -2     13.573      0.743     -2.508
  -1   -2     19.964     -0.123     -2.392
  -1   -2      0.282      4.699     -8.872
 103  182    -11.544     -0.139      9.977
  -1   -2     -0.320     -1.498      9.247
  -1  227     14.598     -9.627      3.869
  -1   -2     -8.566     -0.434     -8.357
  -1  200     14.500      4.843      3.483
  -1  193     -1.026      2.407     -3.771
  -1  380      2.430     -0.898      9.459
  -1   -2     -8.080      4.890     -9.939
  -1   -2     19.191      4.818     -5.162
  -1   -2     10.878     -8.957     -4.998
  -1   -2     -0.833     -9.067      4.199
  -1   -2     -3.032     -2.185      9.803
  -1   -2      7.721     -9.059      4.503
  -1   -2     -0.281      0.751      8.965
  -1   -2     13.573      0.743     -2.508
  -1   -2     -0.036     -0.391      1.715
  -1   -2      0.282      4.699     -8.872
  -1   -2     19.964     -0.123     -2.392
  -1   76    -12.519     -1.537     -9.817
  -1   -2     -0.320     -1.498      9.247
 197   -2    -14.287     -5.242     -1.720
 107   -2     -8.566     -0.434     -8.357
  87   15     14.598     -9.627      3.869
  -1   -2     14.500      4.843      3.483
  -1   -2     -1.026      2.407     -3.771
  -1   -2      2.430     -0.898      9.459
  -1   -2     -8.080      4.890     -9.939
  -1   -2     10.878     -8.957     -4.998
  -1   -2     19.191      4.818     -5.162
  -1   -2      6.739     -3.836      1.491
  -1   -2     -0.833     -9.067      4.199
  -1   -2     -3.032     -2.185      9.803
  -1   -2      7.721     -9.059      4.503
  -1   -2     -0.281      0.751      8.965
  -1   -2      0.282      4.699     -8.872
  -1   -2     19.964     -0.123     -2.392
  -1   -2     13.573      0.743     -2.508
  -1   -2     -0.036     -0.391      1.715
  -1   -2    -12.519     -1.537     -9.817
  93  148     -0.320     -1.498      9.247
  -1   -2     18.086     -5.223      0.468
  -1   -2     14.500      4.843      3.483
 111  132     -1.026      2.407     -3.771
  -1   -2      2.430     -0.898      9.459
  -1   -2     -8.080      4.890     -9.939
  -1   -2     10.878     -8.957     -4.998
  -1   -2     19.191      4.818     -5.162
  -1   -2      6.739     -3.836      1.491
  -1   -2     -0.833     -9.067      4.199
  -1   -2     -3.032     -2.185      9.803
  -1   -2      7.721     -9.059      4.503
  -1   -2     -0.281      0.751      8.965
  -1   -2     -0.036     -0.391      1.715
  -1   -2     13.573      0.743     -2.508
  -1   -2      0.282      4.699     -8.872
 117   -2     18.086     -5.223      0.468
  -1   -2     14.500      4.843      3.483
  -1   -2      2.430     -0.898      9.459
  -1   -2     -8.080      4.890     -9.939
  -1   -2     10.878     -8.957     -4.998
  -1   -2     19.191      4.818     -5.162
  -1   -2      6.739     -3.836      1.491
  -1   -2     -0.833     -9.067      4.199
  -1   -2     -3.032     -2.185      9.803
  -1   -2      7.721     -9.059      4.503
  -1   -2     -0.281      0.751      8.965
  -1   -2     -0.036     -0.391      1.715
  -1   -2     13.573      0.743     -2.508
  -1   -2      0.282      4.699     -8.872
  -1   -2     14.500      4.843      3.483
  -1   -2      2.430     -0.898      9.459
  -1   -2     -8.080      4.890     -9.939
  -1   -2     19.191      4.818     -5.162
 130   -2     10.878     -8.957     -4.998
  -1   -2      6.739     -3.836      1.491
  -1   -2     -0.833     -9.067      4.199
  -1   -2     -3.032     -2.185      9.803
  21  172     -2.095     -7.439     -7.762
  -1   -2     -0.281      0.751      8.965
 169   -2     13.573      0.743     -2.508
  -1   -2      0.282      4.699     -8.872
  -1   -2     -0.036     -0.391      1.715
  -1   -2     14.500      4.843      3.483
  -1   -2      2.430     -0.898      9.459
  -1   -2     -8.080      4.890     -9.939
  -1   -2     19.191      4.818     -5.162
  -1   -2      6.739     -3.836      1.491
  -1   -2     -0.833     -9.067      4.199
  -1   -2     -3.032     -2.185      9.803
  -1   -2      7.721     -9.059      4.503
  -1   -2     -0.281      0.751      8.965
 251  271     -0.036     -0.391      1.715
  -1   -2      0.282      4.699     -8.872
 171  270    -12.519     -1.537     -9.817
  -1   -2     14.500      4.843      3.483
  -1   -2     -8.080      4.890     -9.939
  -1   -2      2.430     -0.898      9.459
  -1   -2     19.191      4.818     -5.162
  -1   -2      6.739     -3.836      1.491
  -1   -2     -0.833     -9.067      4.199
  -1   -2     -3.032     -2.185      9.803
  -1   -2      7.721     -9.059      4.503
  -1   -2      0.282      4.699     -8.872
  -1   -2     14.500      4.843      3.483
  -1   -2      2.430     -0.898      9.459
  -1   -2     -8.080      4.890     -9.939
  -1   -2     19.191      4.818     -5.162
  -1   -2      6.739     -3.836      1.491
  -1   -2     -0.833     -9.067      4.199
  -1   -2     -3.032     -2.185      9.803
  -1   -2      7.721     -9.059      4.503
  -1   -2      0.282      4.699     -8.872
  -1   -2     14.500      4.843      3.483
  -1   -2     19.191      4.818     -5.162
  -1   -2      6.739     -3.836      1.491
  -1   -2     -0.833     -9.067      4.199
  -1   -2     -3.032     -2.185      9.803
  -1   -2      7.721     -9.059      4.503
  -1   -2      0.282      4.699     -8.872
  -1   -2     14.500      4.843      3.483
  -1   -2      2.430     -0.898      9.459
  -1   -2     -8.080      4.890     -9.939
  -1   -2     19.191      4.818     -5.162
  -1   -2      6.739     -3.836      1.491
  -1   -2     -0.833     -9.067      4.199
  -1   -2     -3.032     -2.185      9.803
 342   -2      7.721     -9.059      4.503
  -1   -2      0.282      4.699     -8.872
  -1   -2     14.500      4.843      3.483
  -1   -2      2.430     -0.898      9.459
  -1   -2     -8.080      4.890     -9.939
  -1   -2     19.191      4.818     -5.162
  -1   -2      6.739     -3.836      1.491
  -1   -2     -0.833     -9.067      4.199
  -1   -2     -3.032     -2.185      9.803
  -1   -2      0.282      4.699     -8.872
  -1   -2     14.500      4.843      3.483
  -1   -2      2.430     -0.898      9.459
  -1   -2     19.191      4.818     -5.162
  -1   -2     -8.080      4.890     -9.939
  -1   -2      6.739     -3.836      1.491
  -1   -2     -0.833     -9.067      4.199
  -1   -2     -3.032     -2.185      9.803
  -1   -2      0.282      4.699     -8.872
  -1   -2     14.500      4.843      3.483
  -1   -2      2.430     -0.898      9.459
  -1   -2     -8.080      4.890     -9.939
  -1   -2     19.191      4.818     -5.162
  -1   -2      6.739     -3.836      1.491
  -1   -2     -0.833     -9.067      4.199
  -1   -2      0.282      4.699     -8.872
  -1   -2     14.500      4.843      3.483
  -1   -2      2.430     -0.898      9.459
  -1   -2     19.191      4.818     -5.162
  -1   -2      6.739     -3.836      1.491
  -1   -2     -0.833     -9.067      4.199
  -1   -2      0.282      4.699     -8.872
  -1   -2     14.500      4.843      3.483
  -1   -2      2.430     -0.898      9.459
  -1   -2     19.191      4.818     -5.162
  -1   -2      6.739     -3.836      1.491
  -1   -2     -0.833     -9.067      4.199
  -1   -2     -3.032     -2.185      9.803
  -1   -2      0.282      4.699     -8.872
  -1   -2     14.500      4.843      3.483
  -1   -2      2.430     -0.898      9.459
  -1   -2     19.191      4.818     -5.162
 160   -2      6.739     -3.836      1.491
  -1   -2     -0.833     -9.067      4.199
  -1   -2      0.282      4.699     -8.872
  -1   -2     14.500      4.843      3.483
  -1   -2      2.430     -0.898      9.459
  -1   -2     19.191      4.818     -5.162
 375   -2     -0.833     -9.067      4.199
 341   -2     -3.032     -2.185      9.803
  -1   -2      0.282      4.699     -8.872
  -1   -2     14.500      4.843      3.483
 367   -2      2.430     -0.898      9.459
  -1   -2     19.191      4.818     -5.162
  -1   -2      0.282      4.699     -8.872
  -1   -2     14.500      4.843      3.483
  -1   -2     19.191      4.818     -5.162
  -1   -2      0.282      4.699     -8.872
  -1   -2     14.500      4.843      3.483
  -1   -2     19.191      4.818     -5.162
  -1   -2      0.282      4.699     -8.872
  -1   -2     14.500      4.843      3.483
  -1   -2     19.191      4.818     -5.162
  -1  402      0.282      4.699     -8.872
  -1   -2     14.500      4.843      3.483
  -1   -2     19.191      4.818     -5.162
  -1   -2     14.500      4.843      3.483
  -1   -2     19.191      4.818     -5.162
 391  403     14.500      4.843      3.483
  -1   -2     19.191      4.818     -5.162
