287
  24    1     -5.687     -8.399      0.190
 142   -2      1.922     -6.475      5.124
  -1    2     -0.540     -7.355     -0.043
 213  126     -0.791     -8.108     -0.003
  -1    7     -5.171     -6.143      2.102
  75   -2      1.257     -7.418      1.038
  -1  149     -8.640    -10.752     -1.809
   6   13     -3.456     -5.494     -0.157
  56   63      2.334     -8.513      1.006
   7   -2      3.319     -7.550      3.656
 104  138     -4.036     -7.786      7.568
  89   -2      2.902     -6.904      3.334
 130   10     11.740     -6.364     -9.785
   5  174     -8.189    -10.114      1.885
  76   -2     -1.260     -8.599      1.635
  45   24      1.104     -9.002      4.015
  36   -2     -3.416     -5.352      1.481
  13   -2      1.509     -7.953      7.373
  54   -2      3.751     -9.865     -8.812
  48   -2      4.251     -8.838     -8.599
 170   -2     -3.670     -6.279      8.873
  64   96     -5.611     -7.817      2.853
 163   14      3.102     -7.860      1.252
  30  165     -7.738     -8.187     -4.412
  95   -2     -5.430     -8.588     -0.444
 168   -2      2.111     -6.931      6.144
 140   -2     -6.872     -7.685     -2.615
  42   -2      5.170     -8.870     -9.085
  -1  127      8.317     -6.943     -9.242
  15   -2     -3.581     -9.628      3.304
 212  188     -2.755     -6.020     -2.298
 175   25     -6.685     -8.471      3.725
  33  239      5.650     -5.934     -8.287
  46  104      2.389     -6.515      4.532
  26   29     -3.167     -5.768      3.724
  55   58     -0.483     -7.045     -9.854
  -1   88      4.332     -9.621     -2.844
 110   17     -4.941     -8.916      3.785
  41   -2      2.541     -7.536      1.202
  -1   26      0.706     -7.055     -1.317
 137   44     -7.102     -9.907      3.604
 135   40     -5.295     -7.195      5.397
  62   38     -0.405     -8.163      0.249
 131   -2     -0.233     -9.899     -5.554
  -1   -2     12.328     -6.629     10.015
  44  148     -6.605    -10.394      0.828
  -1  245     -0.954     -9.216     -4.308
 145   -2     -4.882     -7.403      7.732
  -1   -2      5.064     -6.935     -3.148
  23  204    -13.006     -8.771     -7.047
  40   35     10.469     -6.098     -8.783
  -1   -2      3.637     -8.755     -0.254
  -1   -2      8.436     -7.273     -8.048
 225   -2     -0.501    -10.807     -9.537
  77   51     -3.655     -7.470      6.593
  -1   78     -3.203     -5.702      1.624
 155   39      3.332     -7.950     -1.233
  80   -2      8.288     -7.714     -5.342
  99   -2      4.599     -9.002     -5.200
 113   -2      0.122     -5.111      2.200
  61   60      0.494     -4.379     -1.439
  88   -2      1.286     -7.929      7.536
  -1   23     -3.254     -7.472     -7.690
 105  289      5.470     -9.495     -5.078
 112   -2     -7.717     -9.409      4.445
 138  321      2.913    -10.086     -7.675
  -1  114      6.533     -7.665     -9.750
 143  297      8.476     -6.137     -1.060
 185   -2      4.516     -8.575     -2.315
  83  255     -7.799    -10.307      3.045
  -1   -2     -5.948     -9.124     -1.011
  -1   47      6.006     -8.825     -6.206
 189   -2      5.336     -8.514     -7.589
 159   73      3.358     -7.383      0.143
  94  231     -8.690     -7.058     -1.892
 235  224      4.404     -6.829     -9.382
 146   99      8.259     -9.513     -9.649
 203  218      3.286     -8.190     -8.643
  17  230      1.039     -9.652     -3.458
  -1   42     -0.021     -8.911     -3.526
 194   -2      0.156     -4.660     -0.583
  -1   62      2.080     -8.664     -8.992
  -1   56      6.709     -7.063     -9.627
  49  156      0.305     -3.883      2.196
  20   -2      2.356     -8.725     -4.750
 197   -2      1.615     -7.170      6.148
 223   94      7.595     -6.539      2.354
 186   -2      0.346     -9.373     -5.256
 198  122      7.982     -5.757     -5.285
 224   -2      8.222     -3.807      0.516
   8   -2      5.325     -7.462      6.811
  97   -2     -5.809     -6.570      3.150
  38   65      3.521     -8.658     -7.030
  90   -2     11.686     -5.207      2.467
  82   84      1.248     -4.646      4.674
  -1  103      8.346     -8.353     -4.778
 148  121      4.138     -9.181     -6.525
 161  107     -5.502     -7.918      7.232
  -1  119      7.934     -6.954     -1.948
 117   -2     -6.962     -9.998      2.495
  65  117      1.488     -6.560     -3.526
 126   87     -6.984     -9.110      1.858
 152   79      1.169     -6.371     -3.992
 134   -2      6.283     -9.374     -5.001
 195   -2     -3.131     -4.997      4.809
 167   -2      5.553    -10.413     -7.171
  -1   -2      5.505     -8.606     -9.819
  -1   80     -0.133     -4.398      0.172
 103   -2      0.802     -4.393      0.203
  -1   91     -5.077     -7.710     -3.632
 136   -2      0.090     -6.072      8.536
  16   -2     -0.389     -7.387     -1.726
  -1   -2     12.769     -7.039      5.699
  -1    5      0.027     -7.802      0.505
  91   -2     -0.831     -7.039      3.008
  -1   -2      3.224     -8.415     -9.289
  32   -2     -4.633     -9.838     -2.457
 245  112      7.315     -7.142     -8.974
   9  316     -3.792     -6.494      1.916
 199   -2      3.117     -5.421      4.959
  27   -2     -0.388     -5.944     -6.022
  -1   22     -1.403     -4.738      2.233
 218   -2     -0.359     -8.201      3.821
  81  139      5.141     -6.736     -5.354
 172  154     -2.324    -10.816     -2.474
  -1  136     15.513     -8.352      4.898
  -1   -2     10.250     -7.912      4.862
 187   55     -2.359     -9.588      5.216
  -1  288     11.578     -6.972      2.922
  74   -2      1.295     -8.057      1.293
  -1   -2     -1.266     -3.830     -0.018
  -1   64      5.872     -7.740     -9.901
 125  140     -2.836     -9.984      7.980
  21  189     -3.374     -6.471      5.953
 156   49     -4.040     -9.591      1.757
  -1   54     -4.802     -7.321      0.850
  -1  150      6.133     -5.178     -9.080
  -1  221      0.922     -8.824      9.279
 230  246     13.302     -8.848     -1.948
 229  173     14.476     -7.330     10.053
  -1   -2      2.234     -7.597     -8.772
  -1   43     -5.130     -7.454     -2.501
 215   -2     -6.269     -7.222     -1.334
  -1    4      8.245     -7.111    -10.152
  50  317     -2.777    -10.892     -6.551
  18   -2      1.218     -7.971      0.364
  -1   -2     -1.550     -9.486      6.872
  -1   -2      4.575     -7.948     -7.231
 174   -2     -0.312     -9.565      4.329
  -1  133      0.011    -11.069     -4.370
  -1   16     -2.203     -9.418     -4.925
 227   48     -9.316     -9.684      2.289
 120   -2      2.104    -10.297     -1.949
  -1   -2     -0.800     -9.263     10.185
  -1  201      1.347    -10.892     -8.026
  -1  308      5.090     -6.342     -0.002
  52  190      1.994     -7.860     -8.633
  31   -2     -6.494     -7.816     -1.692
 208  296     -9.435     -6.106     -7.219
 166   -2     -1.797     -5.720      2.531
  12   12     -0.777     -8.641      4.243
  57   46     -3.598     -9.914      7.976
  66   71      4.825     -9.798     -5.732
  -1  172     -7.713     -7.311     -4.617
 133   -2      1.207    -10.774      1.932
  -1  144      2.243    -10.867     -2.790
  -1  247     -7.444     -9.078     10.272
 192   27      6.958     -7.968      3.106
  98   -2     13.241     -6.985      9.436
  -1   -2      9.629     -7.282     -7.224
  -1  169     -0.141     -5.495     -0.346
  -1   76     -1.680     -8.790     -2.844
  -1   -2     -3.988    -10.811     -8.768
 164    3      5.146     -8.157      5.346
 183   98      4.764     -8.964      1.478
  -1  278      1.024     -9.284      9.589
  37  196     -7.812     -8.886     -2.704
 219   -2     15.245     -6.833      7.150
  -1  123      7.121     -9.462     -1.365
  14  257     -5.522    -10.703     -1.068
  -1   -2      4.801     -8.089     -9.258
  -1   -2     -5.374     -7.954     -1.604
 149  167      9.468     -3.292      7.648
  -1   33      3.423     -8.704    -10.000
 221  248      2.890    -10.550     -5.850
  -1   -2      9.332     -0.435      8.087
  -1   37     -1.531     -5.621     -1.720
 118   72      9.650     -7.062     -6.642
  -1  111      8.204     -7.841     -3.946
  -1  186      6.148     -9.459    -10.674
 177  195     -5.490     -5.898      3.950
  71  242      4.777     -8.642      2.825
 184  184      5.905     -5.777     -5.177
  -1   74     -6.429     -8.624     10.183
 191  193     -4.123    -10.419     -3.071
  -1   -2      4.208     -8.729     -2.841
 241  307     12.856     -7.105     -4.911
  -1   -2     -2.203     -7.952     -5.779
 214   -2      2.903     -4.546      2.044
  -1  182      8.606     -8.728     -1.618
  -1   68      0.373     -9.456     -3.148
  -1  282      5.273     -6.505      2.873
  10  108      3.117     -9.616     -8.610
  -1   -2     -6.519     -4.222     -9.483
  69  263     12.157     -5.462      3.799
 115  277      6.106    -10.735     -8.704
  -1   66      4.793     -6.339     -3.394
  -1  236      4.372     -7.686     -8.095
  -1   -2     -4.481     -5.920     -0.743
 234   -2     10.234     -5.784     -6.213
  59  267     -0.135     -7.503      3.101
  79   93     -7.097     -7.568      4.869
  -1   45      4.397    -10.239     -9.045
 239   -2     13.522     -6.348     -5.384
  -1   57      1.599     -6.322      8.212
  -1  258    -10.599    -10.175      1.610
 123  151     -7.942    -10.254      0.280
  78  146     10.049     -8.100     -8.269
  -1  200     -2.830     -9.740     10.551
 132  100      6.029     -6.648     -1.093
  -1  157     -3.218     -9.207      6.189
 165  135     -2.127     -4.224      0.492
 209   -2      8.509     -7.155      5.563
  -1   -2     -6.719     -4.224     -5.009
  39    8     -4.559     -7.919      5.570
  -1   -2      3.798     -8.933     -1.789
  -1   -2     -3.091     -9.840      6.458
 181   97     10.970     -5.236      5.495
 228  222      9.176     -3.737     -6.545
 116  238      1.235    -10.780      3.807
 109  275     14.976     -7.229      4.548
  -1   -2     -3.523     -4.377      4.396
  -1   -2      7.230     -7.846    -10.571
 127  147     -0.974     -9.514      8.984
  -1  266     -3.761     -5.263     -8.166
  47  279     -0.378     -3.619      0.955
  -1   -2      3.006     -4.274      2.020
  -1   -2      3.812     -8.846     -9.770
 243  102     -4.242     -6.911     -9.338
  -1    6      2.146     -5.349      4.866
  -1   -2      8.505     -6.799    -10.045
 147   -2     13.570     -5.156      3.887
  -1  179     12.747     -4.980      9.610
 196   -2     -3.203    -10.144      7.907
  -1  287      0.684     -8.397     -6.893
  -1   -2      1.699    -10.860      4.709
  -1   -2      1.509     -6.527      7.029
 108   -2     -4.737    -10.370      4.294
  -1   -2     -5.783     -7.900     -1.585
 233   -2     12.975     -6.855      8.382
  72   83      1.700     -9.215     -5.853
  68  132     11.209     -5.965     -1.899
  -1  320      3.225     -7.251     -0.550
 100  319      0.462     -3.560     -7.999
 144   -2      9.985     -6.945     -6.286
  -1   69      1.496    -10.797     -9.121
  -1   -2     -0.146     -9.597      4.864
  -1  178      2.320     -7.384      0.367
  -1   -2     10.137     -7.715     -9.418
  -1  130      5.898     -6.506    -10.265
  -1  120      9.260     -5.959     -9.427
  -1  290      2.195     -3.051     -0.138
 216  294     14.084      3.094     -3.673
 238  291     16.793     -4.977      3.487
 250  243      6.357     -1.596     -1.538
  -1   -2     17.790     -1.554     -2.771
  -1  181     19.510     -6.972      0.939
  -1   20     12.983     -7.649    -11.631
  -1  309    -14.520     -6.019      4.270
  -1   -2      1.224     -2.304     -3.093
  -1  295      9.890     -1.626      7.327
  -1   -2     15.631     -2.972     -0.543
 173  199      9.701     -3.606      7.094
  -1  197     10.414     -2.021      5.424
  -1  215    -10.757     -3.228     -7.719
  -1   -2     -8.807     -3.940     -8.388
  -1  207    -11.620    -11.056     -0.139
  -1   -2     -0.506     -2.307      1.673
  -1  101      2.229     -1.360     -2.396
  -1   -2     -9.040     -2.300    -10.780
  -1  286     13.177      0.134     -1.482
  -1   -2     -7.121    -11.248      4.231
  -1  118     10.409     -3.765     -3.747
  -1   -2     16.390     -3.998     -9.757
  -1   -2    -13.266      3.109      4.848
  84   -2     -5.133     -9.703     -3.329
 226  322     17.790     -1.554     -2.771
