531
   0    0      8.824     -5.255      9.039
  49   -2      7.300     -8.941      7.111
   3  314      9.961     -3.359      6.578
   4    2     -4.668     -6.550     -4.993
  -1   -2     12.005     -5.790     -8.819
 114   49     16.477     -6.448     -2.463
  10   20     -4.801     -3.014      9.664
  -1    4      6.738     -3.836      1.491
  -1   -2     11.861     -3.766      3.778
  53    7      7.280     -7.245     -1.506
  13    8     10.602     -5.352     -5.143
   2   -2     10.064     -5.194      7.715
  -1   76     -1.686     -7.409     -6.624
  15   12     10.258     -8.081      7.183
  -1   -2      9.304     -2.611      7.933
  -1   -2      8.278     -7.310      6.353
 177   -2     -0.674     -2.320     -3.201
  -1  519     -0.770     -9.058      4.367
  -1   11      7.726     -4.591     -5.435
  19   17     10.530      1.757      5.925
 482   71      3.799     -5.038     -3.485
  26   21      2.763     -7.786      7.927
  25   18     12.053     -5.399      1.214
  24   42      4.919     -8.581      5.282
  18   -2     -2.066     -9.377      0.283
  -1  461     -3.043     -2.171      9.690
  27   -2     11.954     -6.900      4.235
  28   26      9.675     -0.784     10.211
  84  100     -1.433     -5.461      3.039
 169   -2      1.385     -9.946      4.161
 134   64      6.807     -2.312     -6.353
  29   -2     10.176    -10.084     -3.014
  44   -2     -5.574     -5.345     -4.384
 105   32    -11.795     -6.804     -9.918
  30   36     11.079     -1.747      3.677
  67   -2      9.434     -4.251      4.229
  23   77     -3.372     -9.293     -4.724
  40  158      4.140     -7.807      5.891
 164   25     14.216     -6.747      5.366
  43   40     15.579     -0.675     -5.200
  -1   44     -6.130     -9.756     10.227
  16   31     -3.249     -4.312     -5.522
  81   75     -5.915     -8.182      3.044
  97   -2     17.850     -1.571     -3.089
  -1  480      7.561     -9.050      4.916
  -1   -2     17.190     -9.463      1.487
  56   -2     -0.645     -6.531      9.430
  -1   56     -0.307     -5.548      5.025
  48   -2     -8.306     -8.416     -0.606
  -1   -2     -7.911     -3.962     -2.600
   9   -2     14.124     -7.364     -6.046
  47   -2      0.472     -6.169      8.437
  58   48     -0.131     -7.052      8.564
  60   72     11.969     -5.713    -10.911
 158  142      9.817     -6.918      3.353
  61   59     19.504     -8.654     -5.140
  42   51     18.693     -8.953      0.767
 146   -2     12.962     -6.998      7.075
  51   -2     13.054      0.154     -1.143
 144   61      3.568    -10.117     10.148
 159   -2     11.996     -8.625     -6.542
  -1   63      7.704     -9.339      1.959
  66   89     14.691     -4.120      3.496
 123   -2     12.259      2.194      8.538
 118   -2     14.763     -2.500     -4.684
  68  160      4.624     -2.923     -3.261
  39   66     -9.578     -6.678     -2.951
  -1   -2     15.457     -3.174     -1.398
  79  191      4.461    -10.915      3.294
 172   73     -1.682     -9.232      5.753
  -1   69     15.464     -7.353     -1.194
 131   -2     11.226    -10.564      3.195
  77   -2      9.501     -4.744     -7.457
 102   22      1.695     -5.918     -6.316
  76   -2      8.722     -7.507     -9.733
  -1   -2     -0.966     -6.757     -1.826
   8   -2      6.819     -6.431     -7.970
  54   33     -3.774     -6.865      0.091
  17   78      8.709     -5.439     -7.291
  91   -2    -11.524    -10.345     -6.015
 117   14      0.348     -4.204      0.742
  -1  143    -11.333     -9.815     -8.629
  87   79     -6.592     -3.052     -1.545
  -1   -2     14.902    -10.163     -7.419
  52   -2     17.289     -9.582      0.490
 185   53     -8.750     -2.340     -4.075
  -1  304     -0.280      0.751      8.962
  -1   -2     16.333      1.010      0.471
 195   -2     17.551      2.360     -1.600
 156   55     13.574      0.742     -2.512
  -1   -2     -0.039     -0.392      1.720
  -1  137     19.965     -0.122     -2.394
 281  301     20.533     -4.528     -3.991
  -1  126      4.405     -9.065    -11.153
  98   68     16.340     -2.989      0.276
  -1   -2      8.195    -11.132      8.594
 128   -2    -12.519     -1.536     -9.817
  -1   -2      0.270      4.701     -8.904
 103   90      9.323    -10.826      7.440
  -1   -2    -10.288     -3.780     -0.343
  -1   -2    -10.570     -5.310    -10.011
  -1   -2    -11.547     -0.138      9.983
 106   28      8.299    -11.004     -1.245
 110  102     -2.462    -10.604     11.590
  -1   -2     -0.329     -1.494      9.273
  -1   -2    -12.865     -6.596     -8.094
  -1   -2     -8.565     -0.433     -8.363
  -1  136     -6.404      3.759     -7.951
  -1   -2     14.596     -9.626      3.868
  -1   65     18.088     -5.220      0.466
 113  105      7.209     -9.678     -7.465
  33   -2     -8.249     -6.709     -2.514
  -1   -2      0.787     -5.082      2.360
  -1  199     14.500      4.842      3.479
  -1   -2     -1.027      2.410     -3.780
  -1  111     16.267     -2.101    -11.637
 120  114    -10.479      0.134     -3.724
  -1   -2      3.152     -6.655      4.542
 121  115      7.650     -8.691     10.039
  -1   -2     -8.082      4.891     -9.942
  -1   -2      2.421     -0.896      9.486
  -1   -2     10.878     -8.957     -4.999
  -1  149      4.470      6.119      5.309
  -1   23    -12.363      1.599     -8.619
 130   -2     -4.611     -0.738      5.060
  -1   -2     11.931    -11.325     -0.455
  -1  504      5.242     -0.349      5.470
 517  533     19.190      4.817     -5.167
 125   96     15.974    -11.296      0.644
 136  125     20.847     -5.313      7.692
 182   -2     -0.903      2.026     -3.165
 133   -2      6.141     -9.585    -10.865
 135  127     13.940     -7.689      9.936
  -1  129      5.005      1.735     -4.700
  -1   -2      4.592     -1.058      4.462
  -1   -2      4.659    -10.378      2.197
  -1   -2      1.166     -3.720     10.068
  -1   -2    -16.725     -9.232      7.464
  46   34      7.470     -1.671     -7.885
  -1   -2     -5.877    -10.460      7.752
  59  139     15.976      1.123     -2.760
 147  134      4.852     -7.474      0.411
 151  104     -5.866      2.574     -8.939
 179   41     18.893     -0.668     -2.925
  -1   37     -4.014    -10.436     -9.475
  75   54     12.115     -6.737      1.789
  -1   82     -2.433    -10.781      9.882
 140  144      1.660     -4.114      9.479
 143  140     15.366     -3.594     -2.859
  -1  118     -0.966     -9.501      9.004
  -1   43     -5.099     -1.741     -4.586
  50  150      9.980     -7.272     -6.500
 137  422      2.838      1.839      0.154
  -1   60     13.791     -2.531      4.494
  -1  341     13.670     -9.816      4.829
 161   80     17.409      2.670      5.104
  -1   39     16.013     -5.437      6.856
  -1   93     12.869      3.334     -4.330
  -1   -2      8.407     -9.920      6.871
  -1   13      6.950     -6.986      5.323
 165   74     -8.887    -12.088     -9.814
 139   -2      4.052    -10.229      7.713
 155   -2     -9.401     -8.230     -8.505
  -1  106     -8.512     -7.458     -5.300
 101  153    -11.265     -3.023     -5.031
  82   -2     -5.142    -12.184     -9.546
 167   -2      6.116     -2.492      8.346
 168  161     13.820     -3.080    -12.050
  -1  493      9.921     -3.366      6.549
  -1   -2      6.738     -3.836      1.491
  -1   -2     12.012     -3.787      3.404
  -1   19     -0.832     -9.066      4.202
  -1   -2     -3.033     -2.184      9.802
  88   52     17.497     -9.529      0.781
  -1    1      7.727     -9.060      4.489
  -1   -2     -0.280      0.751      8.962
  -1  156    -10.288     -3.780     -0.343
 190   -2     16.333      1.010      0.471
  -1   -2     13.574      0.742     -2.512
  -1   -2     19.965     -0.122     -2.394
  -1  201      8.195    -11.132      8.594
  -1   -2     20.533     -4.528     -3.991
 518  124      0.270      4.701     -8.904
  -1   -2     -0.039     -0.392      1.720
  -1   -2    -11.547     -0.138      9.983
  -1   -2     -0.329     -1.494      9.273
  -1   -2     -6.404      3.759     -7.951
  -1  285     -8.565     -0.433     -8.363
  -1   -2     14.596     -9.626      3.868
  -1   -2     14.500      4.842      3.479
 325  344     -1.027      2.410     -3.780
  -1   -2      0.787     -5.082      2.360
  -1   -2     -8.082      4.891     -9.942
  -1   57      9.046     -9.923      8.774
 493  146      2.421     -0.896      9.486
  -1   -2     10.878     -8.957     -4.999
  -1   -2     19.190      4.817     -5.167
  -1   -2      4.659    -10.378      2.197
  -1   -2      9.921     -3.366      6.549
  -1   -2      6.738     -3.836      1.491
  -1   -2     12.012     -3.787      3.404
  -1   -2     -0.832     -9.066      4.202
  -1   -2     -3.033     -2.184      9.802
  -1   -2      7.727     -9.060      4.489
  -1   -2     -0.280      0.751      8.962
  -1   -2     13.574      0.742     -2.512
  -1   -2      0.270      4.701     -8.904
  -1   -2     19.965     -0.122     -2.394
  -1   -2     -0.039     -0.392      1.720
  -1   -2     20.533     -4.528     -3.991
  -1   -2    -11.547     -0.138      9.983
  -1   -2     -0.329     -1.494      9.273
  -1   -2     -6.404      3.759     -7.951
  -1   -2     -8.565     -0.433     -8.363
  -1   -2     14.596     -9.626      3.868
  -1   -2     14.500      4.842      3.479
  -1   -2     -1.027      2.410     -3.780
  -1   -2      0.787     -5.082      2.360
  -1   -2     -8.082      4.891     -9.942
  -1   -2      2.421     -0.896      9.486
  -1   -2     10.878     -8.957     -4.999
  -1   -2     19.190      4.817     -5.167
  -1   -2     -5.877    -10.460      7.752
  -1   -2      9.921     -3.366      6.549
  -1   -2      9.921     -3.366      6.549
  -1   -2      6.738     -3.836      1.491
  -1   -2     12.012     -3.787      3.404
  -1   -2     -0.832     -9.066      4.202
  -1   -2     -3.033     -2.184      9.802
  -1   -2      7.727     -9.060      4.489
  -1   -2     -0.280      0.751      8.962
  -1   -2     -0.039     -0.392      1.720
  -1   -2     13.574      0.742     -2.512
  -1   -2     19.965     -0.122     -2.394
  -1   -2     20.533     -4.528     -3.991
  -1   -2      0.270      4.701     -8.904
  -1   -2    -11.547     -0.138      9.983
  -1   -2     -0.329     -1.494      9.273
  -1   -2     -6.404      3.759     -7.951
  -1   -2     -8.565     -0.433     -8.363
  -1   -2     14.596     -9.626      3.868
  -1   -2     14.500      4.842      3.479
  -1   -2     -1.027      2.410     -3.780
  -1  211     18.373     -5.291      1.535
  -1   -2      0.787     -5.082      2.360
  -1   -2      2.421     -0.896      9.486
  -1   -2      9.046     -9.923      8.774
  -1   -2     10.878     -8.957     -4.999
  -1   -2     -8.082      4.891     -9.942
  -1   -2     19.190      4.817     -5.167
 225  245     -5.877    -10.460      7.752
  -1   -2      9.921     -3.366      6.549
  -1   -2      6.738     -3.836      1.491
 252  272     12.012     -3.787      3.404
  -1   -2     -0.832     -9.066      4.202
  -1   -2     -3.033     -2.184      9.802
  -1   -2      7.727     -9.060      4.489
  -1   -2     -0.280      0.751      8.962
  -1   -2     13.574      0.742     -2.512
  -1   -2     19.965     -0.122     -2.394
  -1   -2     20.533     -4.528     -3.991
  -1   -2     -0.039     -0.392      1.720
  -1   -2      0.270      4.701     -8.904
  -1   -2    -11.547     -0.138      9.983
  -1   -2     -0.329     -1.494      9.273
  -1   -2     -6.404      3.759     -7.951
  -1   -2     -8.565     -0.433     -8.363
  -1   -2     14.596     -9.626      3.868
  -1   -2     14.500      4.842      3.479
  -1   -2      0.787     -5.082      2.360
  -1   -2     -1.027      2.410     -3.780
  -1   -2      2.421     -0.896      9.486
  -1   -2     10.878     -8.957     -4.999
  -1   -2     -8.082      4.891     -9.942
  -1   -2     19.190      4.817     -5.167
  -1   -2      9.046     -9.923      8.774
  -1   -2      9.921     -3.366      6.549
  -1   -2      6.738     -3.836      1.491
  -1   -2     -0.832     -9.066      4.202
  -1   -2     -3.033     -2.184      9.802
  -1   -2      7.727     -9.060      4.489
  -1   -2     -0.280      0.751      8.962
  -1   -2     -0.039     -0.392      1.720
  -1   -2     13.574      0.742     -2.512
  -1   -2      0.270      4.701     -8.904
  -1   -2     20.533     -4.528     -3.991
  -1   -2    -11.547     -0.138      9.983
 284  421     -0.329     -1.494      9.273
  -1   -2     -8.565     -0.433     -8.363
  -1   -2     -6.404      3.759     -7.951
  -1   -2     14.596     -9.626      3.868
  -1   -2     14.500      4.842      3.479
  -1   -2     -1.027      2.410     -3.780
  -1   -2      0.787     -5.082      2.360
  -1   -2      2.421     -0.896      9.486
  -1   -2     -8.082      4.891     -9.942
  -1   -2     10.878     -8.957     -4.999
  -1   -2     19.190      4.817     -5.167
  -1   -2      9.046     -9.923      8.774
  -1   -2      9.921     -3.366      6.549
  -1   -2      6.738     -3.836      1.491
  -1   -2     -0.832     -9.066      4.202
  -1   -2     -3.033     -2.184      9.802
  -1   -2      7.727     -9.060      4.489
  -1   -2     -0.280      0.751      8.962
  -1   -2     -0.039     -0.392      1.720
  -1   -2     13.574      0.742     -2.512
  -1   -2      0.270      4.701     -8.904
 141   -2     20.533     -4.528     -3.991
  -1   -2    -11.547     -0.138      9.983
  -1   -2     -6.404      3.759     -7.951
  -1   -2     -8.565     -0.433     -8.363
 187  152     14.596     -9.626      3.868
  -1   -2     14.500      4.842      3.479
  -1   -2     -1.027      2.410     -3.780
  -1   -2      0.787     -5.082      2.360
  -1   -2     -8.082      4.891     -9.942
  -1   -2     10.878     -8.957     -4.999
  -1   -2      2.421     -0.896      9.486
  -1   -2     19.190      4.817     -5.167
  -1   -2      9.921     -3.366      6.549
  -1   -2      9.921     -3.366      6.549
  -1   -2      6.738     -3.836      1.491
  -1   -2     -0.832     -9.066      4.202
  -1   -2     -3.033     -2.184      9.802
  -1   -2      7.727     -9.060      4.489
  -1   -2     -0.280      0.751      8.962
  -1   -2     -0.039     -0.392      1.720
  -1   -2     13.574      0.742     -2.512
  -1   -2      0.270      4.701     -8.904
  -1   -2    -11.547     -0.138      9.983
  -1   -2     -8.565     -0.433     -8.363
 112  107     -6.404      3.759     -7.951
  -1   -2     14.500      4.842      3.479
  -1   -2     -1.027      2.410     -3.780
   5  130      0.787     -5.082      2.360
  -1   -2     -8.082      4.891     -9.942
  -1   -2      2.421     -0.896      9.486
  -1   -2     10.878     -8.957     -4.999
  -1   -2     19.190      4.817     -5.167
  37   10      9.921     -3.366      6.549
  -1   -2      6.738     -3.836      1.491
  -1   -2     -0.832     -9.066      4.202
  -1   -2     -3.033     -2.184      9.802
  -1   -2      7.727     -9.060      4.489
  -1   -2     -0.280      0.751      8.962
  -1   -2     13.574      0.742     -2.512
  -1   -2     -0.039     -0.392      1.720
  -1   -2      0.270      4.701     -8.904
  -1   -2    -11.547     -0.138      9.983
  -1  145     -8.565     -0.433     -8.363
  -1   -2     14.500      4.842      3.479
  -1   -2     -1.027      2.410     -3.780
  -1   -2      2.421     -0.896      9.486
  -1   -2     -8.082      4.891     -9.942
  -1   -2     10.878     -8.957     -4.999
  -1   -2     19.190      4.817     -5.167
  -1   -2      6.738     -3.836      1.491
  -1   -2     -0.832     -9.066      4.202
  -1   -2     -3.033     -2.184      9.802
  -1   -2      7.727     -9.060      4.489
  -1   -2     -0.280      0.751      8.962
  -1   -2     -0.039     -0.392      1.720
  -1   -2     13.574      0.742     -2.512
  -1   -2      0.270      4.701     -8.904
 338  357    -11.547     -0.138      9.983
  -1   -2     14.500      4.842      3.479
  -1   -2     -1.027      2.410     -3.780
  -1   -2      2.421     -0.896      9.486
  -1   -2     -8.082      4.891     -9.942
  -1   -2     19.190      4.817     -5.167
  -1   -2     10.878     -8.957     -4.999
  -1   -2     -0.832     -9.066      4.202
  -1   -2     -3.033     -2.184      9.802
  -1   -2      7.727     -9.060      4.489
  -1   -2     -0.280      0.751      8.962
  -1   -2     13.574      0.742     -2.512
  -1   -2     -0.039     -0.392      1.720
  -1   -2      0.270      4.701     -8.904
  -1   -2     14.500      4.842      3.479
 153  342     -1.027      2.410     -3.780
  -1   -2      2.421     -0.896      9.486
  -1   -2     -8.082      4.891     -9.942
  -1   -2     10.878     -8.957     -4.999
  -1   -2     19.190      4.817     -5.167
  -1   -2      6.738     -3.836      1.491
  -1   -2     -0.832     -9.066      4.202
  -1   -2     -3.033     -2.184      9.802
  -1   -2      7.727     -9.060      4.489
  -1   -2     -0.280      0.751      8.962
  -1   -2      0.270      4.701     -8.904
  -1   -2     13.574      0.742     -2.512
  -1   -2     -0.039     -0.392      1.720
  -1   -2     14.500      4.842      3.479
  -1   -2      2.421     -0.896      9.486
  -1   -2     -8.082      4.891     -9.942
 127  414     10.878     -8.957     -4.999
  -1   -2     19.190      4.817     -5.167
  -1   -2      6.738     -3.836      1.491
  -1   -2     -0.832     -9.066      4.202
  -1   -2     -3.033     -2.184      9.802
  -1   -2      7.727     -9.060      4.489
  -1   -2     -0.280      0.751      8.962
  -1   -2     -0.039     -0.392      1.720
  -1   -2     13.574      0.742     -2.512
  -1   -2      0.270      4.701     -8.904
  -1   -2     14.500      4.842      3.479
  -1   -2      2.421     -0.896      9.486
  -1   -2     -8.082      4.891     -9.942
  -1   -2     19.190      4.817     -5.167
  -1   -2      6.738     -3.836      1.491
  -1   -2     -0.832     -9.066      4.202
  -1   -2     -3.033     -2.184      9.802
  -1   -2      7.727     -9.060      4.489
  -1   -2     -0.280      0.751      8.962
  -1   -2     -0.039     -0.392      1.720
  -1   -2      0.270      4.701     -8.904
  -1   -2     14.500      4.842      3.479
  -1   -2      2.421     -0.896      9.486
  -1   -2     -8.082      4.891     -9.942
  -1   -2     19.190      4.817     -5.167
  -1   -2      6.738     -3.836      1.491
  -1   -2     -0.832     -9.066      4.202
  -1   -2     -3.033     -2.184      9.802
  -1   -2     -0.280      0.751      8.962
  -1   -2      0.270      4.701     -8.904
  -1   -2     -0.039     -0.392      1.720
  -1   -2     14.500      4.842      3.479
  -1   -2      2.421     -0.896      9.486
  -1   -2     -8.082      4.891     -9.942
  -1   -2     19.190      4.817     -5.167
  -1   -2      6.738     -3.836      1.491
  -1   -2     -0.832     -9.066      4.202
  -1   -2     -3.033     -2.184      9.802
  -1   -2      7.727     -9.060      4.489
  89   -2     -0.280      0.751      8.962
 119   -2     -0.039     -0.392      1.720
  -1   -2      0.270      4.701     -8.904
  -1   -2     14.500      4.842      3.479
  -1   -2     -8.082      4.891     -9.942
  -1   -2      2.421     -0.896      9.486
  -1   -2     19.190      4.817     -5.167
  -1   -2      6.738     -3.836      1.491
  -1   -2     -0.832     -9.066      4.202
  -1   -2     -3.033     -2.184      9.802
  -1   -2      7.727     -9.060      4.489
  -1   -2      0.270      4.701     -8.904
  -1   -2     14.500      4.842      3.479
  -1   -2      2.421     -0.896      9.486
  -1   -2     -8.082      4.891     -9.942
  -1   -2     19.190      4.817     -5.167
  -1   -2      6.738     -3.836      1.491
  -1   -2     -0.832     -9.066      4.202
  -1   -2     -3.033     -2.184      9.802
  -1   -2      7.727     -9.060      4.489
  -1   -2      0.270      4.701     -8.904
  -1   -2     14.500      4.842      3.479
  -1   -2     19.190      4.817     -5.167
  -1   -2      6.738     -3.836      1.491
  -1   -2     -0.832     -9.066      4.202
  -1   -2     -3.033     -2.184      9.802
  -1   -2      7.727     -9.060      4.489
  -1   -2      0.270      4.701     -8.904
  -1   -2     14.500      4.842      3.479
  -1   -2      2.421     -0.896      9.486
  -1   -2     -8.082      4.891     -9.942
  -1   -2     19.190      4.817     -5.167
  -1   -2      6.738     -3.836      1.491
  -1   -2     -0.832     -9.066      4.202
  -1   -2     -3.033     -2.184      9.802
 462   -2      7.727     -9.060      4.489
  -1   -2      0.270      4.701     -8.904
  -1   -2     14.500      4.842      3.479
  -1   -2      2.421     -0.896      9.486
  -1   -2     -8.082      4.891     -9.942
  -1   -2     19.190      4.817     -5.167
 198   -2      6.738     -3.836      1.491
  -1   -2     -0.832     -9.066      4.202
  -1   -2     -3.033     -2.184      9.802
  -1   -2      0.270      4.701     -8.904
  -1   -2     14.500      4.842      3.479
  -1   -2      2.421     -0.896      9.486
  -1   -2     19.190      4.817     -5.167
 473  491     -8.082      4.891     -9.942
  -1   -2     -0.832     -9.066      4.202
  -1   -2     -3.033     -2.184      9.802
  -1   -2      0.270      4.701     -8.904
  -1   -2     14.500      4.842      3.479
  -1   -2      2.421     -0.896      9.486
  -1   -2     19.190      4.817     -5.167
  -1   -2     -0.832     -9.066      4.202
  -1   -2      0.270      4.701     -8.904
  -1   -2     14.500      4.842      3.479
  -1   -2      2.421     -0.896      9.486
  -1   -2     19.190      4.817     -5.167
  -1   -2     -0.832     -9.066      4.202
  -1   -2      0.270      4.701     -8.904
  -1   -2     14.500      4.842      3.479
  -1   -2      2.421     -0.896      9.486
  -1   -2     19.190      4.817     -5.167
  -1   -2     -0.832     -9.066      4.202
 443   -2     -3.033     -2.184      9.802
  -1   -2      0.270      4.701     -8.904
  -1   -2     14.500      4.842      3.479
  -1   -2      2.421     -0.896      9.486
  -1   -2     19.190      4.817     -5.167
  -1   -2     -0.832     -9.066      4.202
  -1   -2      0.270      4.701     -8.904
  -1   -2     14.500      4.842      3.479
  -1   -2      2.421     -0.896      9.486
  -1   -2     19.190      4.817     -5.167
 503   -2     -0.832     -9.066      4.202
  -1   -2      0.270      4.701     -8.904
  -1   -2     14.500      4.842      3.479
 126  101      2.421     -0.896      9.486
  -1   -2     19.190      4.817     -5.167
  -1   -2      0.270      4.701     -8.904
  -1   -2     14.500      4.842      3.479
  -1   -2     19.190      4.817     -5.167
  -1   -2      0.270      4.701     -8.904
  -1   -2     14.500      4.842      3.479
  -1   -2     19.190      4.817     -5.167
  -1   -2      0.270      4.701     -8.904
  -1   -2     14.500      4.842      3.479
  -1   -2     19.190      4.817     -5.167
  -1   -2      0.270      4.701     -8.904
  -1   -2     14.500      4.842      3.479
  -1   -2     19.190      4.817     -5.167
  -1   -2     14.500      4.842      3.479
  -1   -2     19.190      4.817     -5.167
 116  535     14.500      4.842      3.479
