405
   0    0      8.828     -5.253      9.048
  41    3      9.954     -3.362      6.604
   3   -2      7.301     -8.942      7.111
  -1  201     -3.450     -9.778      2.628
   7    2     -1.739     -7.789      6.793
  81    9      6.402     -4.269     -2.772
 162   58     -8.711     -8.866     -3.267
 115   61     16.480     -6.447     -2.462
  10    8     -4.803     -3.014      9.666
  -1    5      6.738     -3.836      1.489
  -1   -2     11.864     -3.767      3.778
  -1  157      7.281     -7.246     -1.503
  13   12     10.602     -5.352     -5.146
  -1   -2     -1.686     -7.409     -6.623
 165   14      9.303     -2.611      7.938
 200   21     10.260     -8.082      7.185
   2   16      8.280     -7.310      6.348
 126   26     -0.771     -9.058      4.366
  19   47     -0.675     -2.320     -3.205
  20   19     10.530      1.759      5.923
  21   91      7.203     -4.743     -6.820
  43   -2      5.464     -6.504      9.264
  29   -2      6.178    -10.930      2.492
  78   -2      3.798     -5.037     -3.482
  -1   -2     -3.047     -2.172      9.702
  -1   32     12.053     -5.398      1.218
  -1   42      4.921     -8.577      5.277
   1   27      2.765     -7.790      7.921
  18   -2     -2.064     -9.376      0.292
  47   62     11.951     -6.898      4.225
  31   92     -1.435     -5.461      3.043
  30   29      9.675     -0.784     10.213
  32   31     10.172    -10.085     -3.003
  35   33    -11.793     -6.802     -9.912
  -1   37     11.075     -1.741      3.689
  40   87     -8.325     -7.469      2.122
  14   -2     10.753     -5.219      6.017
 132   38      6.807     -2.312     -6.355
  48  119     -5.572     -5.345     -4.396
  23   34      1.382     -9.946      4.157
 117   -2    -12.228     -5.364     -3.748
  26  162      9.434     -4.252      4.232
  60   39     -4.424     -9.116     -1.348
 147   45      4.142     -7.808      5.898
 150   -2     -3.248     -4.312     -5.516
  -1   -2     14.215     -6.747      5.367
  49   41    -11.698     -6.309     -5.335
  50   43     15.573     -0.677     -5.189
  46   35     -8.425     -8.835      5.522
  -1   -2      7.556     -9.049      4.929
  52   96     -6.132     -9.756     10.230
  64   -2     17.855     -1.569     -3.081
  -1   -2     17.609     -9.521      0.517
  53   53     -8.303     -8.419     -0.595
  33   56     11.970     -5.716    -10.910
 110   -2     14.126     -7.364     -6.050
 141   46     17.784     -5.920      0.483
  57   54     -0.645     -6.531      9.436
  55   59     19.947     -8.617     -3.370
  89   63     -7.913     -3.962     -2.604
 142   11      9.821     -6.915      3.368
  -1   -2     -0.130     -7.052      8.557
  62   65     18.690     -8.954      0.770
 113   66     12.959     -6.997      7.084
  65  164    -12.488     -9.840     -2.800
  -1   30     -0.298     -5.552      5.042
  -1   -2      7.703     -9.334      1.961
 148   73      3.563    -10.115     10.164
  -1   -2     14.689     -4.123      3.494
 153   90     11.994     -8.625     -6.536
  -1   76      4.626     -2.925     -3.271
  72   79     14.743     -2.506     -4.622
  79  178    -11.752    -10.588     -0.645
  44   -2     -9.573     -6.679     -2.936
  73   75     12.254      2.205      8.521
  -1   10     15.457     -3.173     -1.397
 196   80     -9.683     -2.128     -7.430
  -1   -2     -7.616     -8.559     -9.645
  -1   82     11.236    -10.569      3.172
  75   83      9.499     -4.741     -7.449
  -1   -2     -5.843    -10.551     -3.480
  77   81     15.463     -7.353     -1.194
  -1   -2      8.721     -7.506     -9.734
  34   36     -8.028     -6.598     -1.554
  98   55     12.625      0.122     -3.352
 163    6     15.616     -4.725     -7.700
  67   72      3.173    -10.408      7.457
  -1   -2     14.914    -10.164     -7.438
  -1   -2     -0.177     -6.813     -4.225
  90   -2      8.712     -5.439     -7.295
  -1   -2      4.000     -5.165     -9.939
  -1   -2     -6.588     -3.055     -1.535
  -1   -2     16.461     -9.320      2.763
  82    7     -7.076     -7.729     -2.333
  -1   -2     -0.280      0.751      8.964
 128  167     17.549      2.361     -1.597
  -1  103     16.333      1.009      0.470
  -1  292     -0.037     -0.393      1.715
  -1   99      4.454     -9.053    -11.020
 157  110    -10.288     -3.781     -0.341
  -1  280     13.574      0.745     -2.513
  -1   -2     19.965     -0.123     -2.395
  -1  105     20.532     -4.528     -3.992
  -1   77     16.340     -2.989      0.277
  -1   -2      0.281      4.699     -8.877
  -1   -2    -12.519     -1.536     -9.818
  -1  158      9.706    -10.751      8.609
  -1   -2     -0.177     -5.717    -11.985
  -1   -2      4.951     -0.336      4.641
  -1   -2     -5.387    -11.117      4.728
  -1  208    -11.545     -0.138      9.974
  -1   -2     -0.320     -1.496      9.249
  80   -2     16.588     -8.488     -9.160
  -1   -2     -8.568     -0.433     -8.351
  -1   -2     14.596     -9.627      3.871
 116  189     -6.404      3.758     -7.949
 135  118      7.210     -9.679     -7.468
 107   44    -12.004    -10.313      4.551
  -1   93      0.784     -5.081      2.370
  -1   -2     14.499      4.843      3.478
 119  124     16.263     -2.102    -11.628
  -1   -2     -1.026      2.409     -3.775
 121  126    -10.479      0.135     -3.723
  -1   -2     -7.187     -1.950    -10.112
 122    1      7.651     -8.692     10.040
  -1   -2     -8.083      4.889     -9.940
  -1   -2      2.426     -0.899      9.474
  -1   -2    -15.883     -6.270      8.058
  -1   -2     19.191      4.817     -5.164
  -1   67     10.876     -8.958     -4.994
 130  227    -12.362      1.598     -8.616
  -1  144     20.851     -5.310      7.709
 220  133     -0.901      2.025     -3.174
  -1  138      9.710     -2.256     -0.860
  -1  137      6.142     -9.586    -10.865
  -1   60      1.166     -3.723     10.071
 136  136     13.940     -7.689      9.938
 140   -2     -9.313     -4.368     -1.005
 149   -2      5.019      1.736     -4.737
  -1   -2     12.605     -6.977     10.707
 152  145      1.882     -1.595     11.911
 146   -2     -5.864      2.573     -8.932
  -1   -2     20.557     -6.151      3.382
  -1   -2    -10.366     -5.405     -9.554
 101   52     18.891     -0.665     -2.920
  -1  147      4.852     -7.472      0.414
 139  146     15.975      1.122     -2.762
  -1   89    -11.318     -9.876     -8.728
 217   -2      1.659     -4.112      9.481
  -1   13     -1.325     -9.821    -12.159
 143   -2     15.365     -3.595     -2.857
 129   -2      2.837      1.838      0.155
  -1  151    -12.818     -6.833      8.124
  70   17      0.786     -1.652     -3.148
  -1   -2      9.972     -7.271     -6.482
  94  169     18.919      2.569      1.854
  -1   57      1.247     -8.467      7.385
 156   -2     20.582     -8.328      9.583
 154  210     13.669     -9.816      4.833
 131   88      8.407     -9.908      6.878
  97   -2    -11.266     -3.023     -5.027
  68  161     16.013     -5.440      6.855
  38  152      6.116     -2.491      8.351
 168  226     -1.687     -2.082      9.569
 114   86      1.857     -6.572      5.093
  36   25      3.785     -9.470      1.233
  -1   -2      9.921     -3.365      6.554
  -1   -2     -3.426     -9.772      2.526
  45   -2     -1.979     -7.802      6.256
  -1   -2      6.738     -3.836      1.489
  12   23     12.016     -3.788      3.401
  -1   -2     -0.832     -9.066      4.203
 255  278     -2.095     -7.440     -7.764
  -1  166     -3.033     -2.184      9.801
  -1  326      7.716     -9.060      4.517
  51   51     17.494     -9.529      0.788
  -1   -2     -0.280      0.751      8.964
  -1   -2     16.333      1.009      0.470
  -1   -2     13.574      0.745     -2.513
  -1   -2     -0.037     -0.393      1.715
  -1  156     19.965     -0.123     -2.395
  -1   -2      0.281      4.699     -8.877
 178   -2    -11.545     -0.138      9.974
  -1   -2     -0.320     -1.496      9.249
  -1   -2     -8.568     -0.433     -8.351
  -1   -2     14.596     -9.627      3.871
  -1   -2     -6.404      3.758     -7.949
  -1  244     -1.026      2.409     -3.775
  -1  180     14.499      4.843      3.478
  -1   -2      2.426     -0.899      9.474
  -1   -2     -8.083      4.889     -9.940
  -1   -2     19.191      4.817     -5.164
  -1   -2     10.876     -8.958     -4.994
 183   22      0.786     -1.652     -3.148
  -1   -2      9.921     -3.365      6.554
  -1   -2      6.738     -3.836      1.489
  -1   -2     -3.033     -2.184      9.801
  -1   -2      7.716     -9.060      4.517
 169    4     -3.441     -9.779      2.574
  -1   -2     -0.280      0.751      8.964
 182   -2     16.333      1.009      0.470
  -1   -2     -0.037     -0.393      1.715
  -1   -2     13.574      0.745     -2.513
  -1   -2     19.965     -0.123     -2.395
  -1  163    -12.519     -1.536     -9.818
  -1   -2      0.281      4.699     -8.877
  -1   -2     -0.320     -1.496      9.249
  -1   -2     -6.404      3.758     -7.949
  -1   -2     14.499      4.843      3.478
  -1  191     -1.026      2.409     -3.775
  -1   -2     -8.083      4.889     -9.940
  -1   -2      2.426     -0.899      9.474
  -1   -2     10.876     -8.958     -4.994
  -1   -2     19.191      4.817     -5.164
  -1   -2      9.921     -3.365      6.554
  -1   -2      6.738     -3.836      1.489
  -1   -2     -0.832     -9.066      4.203
  -1   -2     -0.832     -9.066      4.203
  -1   -2     -3.033     -2.184      9.801
  -1   -2      7.716     -9.060      4.517
  -1   -2     -0.280      0.751      8.964
  -1   -2     -0.037     -0.393      1.715
  -1   -2     13.574      0.745     -2.513
  -1   -2     19.965     -0.123     -2.395
  -1   -2    -12.519     -1.536     -9.818
  -1   -2      0.281      4.699     -8.877
  -1  120     -6.404      3.758     -7.949
 180   -2     14.596     -9.627      3.871
  -1   -2     14.499      4.843      3.478
  -1   -2      2.426     -0.899      9.474
  -1   -2     -8.083      4.889     -9.940
  -1   -2     10.876     -8.958     -4.994
  -1   -2     19.191      4.817     -5.164
  -1   -2      6.738     -3.836      1.489
  -1   -2     -0.832     -9.066      4.203
  -1   -2     -0.832     -9.066      4.203
  -1   -2     -3.033     -2.184      9.801
  -1   -2      7.716     -9.060      4.517
  -1   -2     -0.280      0.751      8.964
  -1   -2     13.574      0.745     -2.513
  -1   -2     19.965     -0.123     -2.395
  -1   -2      0.281      4.699     -8.877
  -1   -2    -12.519     -1.536     -9.818
  -1   -2     -0.037     -0.393      1.715
  -1   -2     14.499      4.843      3.478
  -1   -2      2.426     -0.899      9.474
  -1   -2     -8.083      4.889     -9.940
  -1   -2     10.876     -8.958     -4.994
  -1   -2     19.191      4.817     -5.164
  -1   -2      6.738     -3.836      1.489
  -1   -2     -0.832     -9.066      4.203
  -1   -2     -0.832     -9.066      4.203
  -1   -2     -3.033     -2.184      9.801
  -1   -2      7.716     -9.060      4.517
  -1   -2     -0.280      0.751      8.964
  -1   -2    -12.519     -1.536     -9.818
  -1   -2      0.281      4.699     -8.877
  -1   -2     -0.037     -0.393      1.715
  -1   -2     14.499      4.843      3.478
  -1   -2     -8.083      4.889     -9.940
  -1   -2      2.426     -0.899      9.474
  -1   -2     10.876     -8.958     -4.994
  -1   -2     19.191      4.817     -5.164
  -1   -2      6.738     -3.836      1.489
  -1   -2     -0.832     -9.066      4.203
  -1   -2     -0.832     -9.066      4.203
  -1   -2     -3.033     -2.184      9.801
  -1   -2      7.716     -9.060      4.517
  -1   -2     -0.280      0.751      8.964
  -1   -2     13.574      0.745     -2.513
 271   78    -12.519     -1.536     -9.818
 269   -2     -0.037     -0.393      1.715
  -1   -2      0.281      4.699     -8.877
  -1   -2     14.499      4.843      3.478
  -1   -2     -8.083      4.889     -9.940
  -1   -2      2.426     -0.899      9.474
  -1   -2     10.876     -8.958     -4.994
  -1   -2     19.191      4.817     -5.164
  -1   -2      6.738     -3.836      1.489
  -1   -2     -0.832     -9.066      4.203
  -1   -2     -0.832     -9.066      4.203
  -1   -2     -3.033     -2.184      9.801
  -1   -2      7.716     -9.060      4.517
  96  291     -0.280      0.751      8.964
  -1   -2     13.574      0.745     -2.513
  -1   -2      0.281      4.699     -8.877
  -1   -2     14.499      4.843      3.478
  -1   -2     -8.083      4.889     -9.940
  -1   -2      2.426     -0.899      9.474
  -1   -2     10.876     -8.958     -4.994
  -1   -2     19.191      4.817     -5.164
  -1   -2      6.738     -3.836      1.489
  -1   -2     -0.832     -9.066      4.203
  -1   -2     -0.832     -9.066      4.203
  -1   -2     -3.033     -2.184      9.801
  -1   -2      7.716     -9.060      4.517
  -1  181     13.574      0.745     -2.513
  -1   -2      0.281      4.699     -8.877
  -1   -2     14.499      4.843      3.478
  -1   -2     -8.083      4.889     -9.940
  -1   -2      2.426     -0.899      9.474
  -1   -2     19.191      4.817     -5.164
  -1   -2      6.738     -3.836      1.489
  -1   -2     -0.832     -9.066      4.203
  -1   -2     -0.832     -9.066      4.203
  -1   -2     -3.033     -2.184      9.801
  -1   -2      7.716     -9.060      4.517
  -1   -2      0.281      4.699     -8.877
  -1   -2     14.499      4.843      3.478
  -1   -2      2.426     -0.899      9.474
 171  274     10.876     -8.958     -4.994
  -1   -2     -8.083      4.889     -9.940
  -1   -2     19.191      4.817     -5.164
  -1   -2      6.738     -3.836      1.489
  -1   -2     -0.832     -9.066      4.203
  -1   -2     -0.832     -9.066      4.203
  -1   -2     -3.033     -2.184      9.801
  -1   -2      7.716     -9.060      4.517
  -1   -2      0.281      4.699     -8.877
  -1   -2     14.499      4.843      3.478
  -1   -2     -8.083      4.889     -9.940
  -1   -2      2.426     -0.899      9.474
  -1   -2     19.191      4.817     -5.164
  -1   -2      6.738     -3.836      1.489
  -1   -2     -0.832     -9.066      4.203
  -1   -2     -0.832     -9.066      4.203
  -1   -2     -3.033     -2.184      9.801
  -1   -2      7.716     -9.060      4.517
  -1   -2      0.281      4.699     -8.877
  -1   -2     14.499      4.843      3.478
  -1   -2      2.426     -0.899      9.474
  -1   -2     -8.083      4.889     -9.940
  -1   -2     19.191      4.817     -5.164
  -1   -2      6.738     -3.836      1.489
  -1   -2     -0.832     -9.066      4.203
  -1   -2     -0.832     -9.066      4.203
  -1   -2     -3.033     -2.184      9.801
  -1   -2      7.716     -9.060      4.517
  -1   -2      0.281      4.699     -8.877
  -1   -2     14.499      4.843      3.478
  -1   -2      2.426     -0.899      9.474
  -1   -2     -8.083      4.889     -9.940
  -1   -2     19.191      4.817     -5.164
  -1   -2      6.738     -3.836      1.489
  -1   -2     -0.832     -9.066      4.203
  -1   -2     -0.832     -9.066      4.203
  -1   -2     -3.033     -2.184      9.801
  -1   -2      0.281      4.699     -8.877
  -1   -2     14.499      4.843      3.478
  -1   -2     -8.083      4.889     -9.940
  -1   -2     19.191      4.817     -5.164
  -1   -2      6.738     -3.836      1.489
  -1   -2     -0.832     -9.066      4.203
  -1   -2     -0.832     -9.066      4.203
 155   -2     -3.033     -2.184      9.801
  54  176      7.716     -9.060      4.517
  -1   -2      0.281      4.699     -8.877
  -1   -2     14.499      4.843      3.478
  -1   -2      2.426     -0.899      9.474
 125  346     -8.083      4.889     -9.940
  -1   -2     19.191      4.817     -5.164
  -1   -2      6.738     -3.836      1.489
  -1   -2     -0.832     -9.066      4.203
  -1   -2     -0.832     -9.066      4.203
  -1   -2      0.281      4.699     -8.877
  -1   -2     14.499      4.843      3.478
  -1   -2      2.426     -0.899      9.474
  -1   -2     19.191      4.817     -5.164
  -1   -2      6.738     -3.836      1.489
  -1   -2     -0.832     -9.066      4.203
  -1   -2     -0.832     -9.066      4.203
  -1   -2      0.281      4.699     -8.877
  -1   -2     14.499      4.843      3.478
  -1   -2      2.426     -0.899      9.474
  -1   -2     19.191      4.817     -5.164
  -1   -2      6.738     -3.836      1.489
  -1   -2     -0.832     -9.066      4.203
  -1   -2     -0.832     -9.066      4.203
  -1   -2      0.281      4.699     -8.877
  -1   -2     14.499      4.843      3.478
 184  376      2.426     -0.899      9.474
  -1   -2     19.191      4.817     -5.164
 166  360      6.738     -3.836      1.489
  -1   -2      0.281      4.699     -8.877
  -1   -2     14.499      4.843      3.478
  -1   -2     19.191      4.817     -5.164
  -1   -2     -0.832     -9.066      4.203
 167  372     -0.832     -9.066      4.203
  -1   -2      0.281      4.699     -8.877
  -1   -2     14.499      4.843      3.478
  -1   -2     19.191      4.817     -5.164
  -1   -2      0.281      4.699     -8.877
  -1   -2     14.499      4.843      3.478
  -1   -2     19.191      4.817     -5.164
  -1   -2      0.281      4.699     -8.877
  -1   -2     14.499      4.843      3.478
  -1   -2     19.191      4.817     -5.164
  -1   -2     14.499      4.843      3.478
  -1   -2     19.191      4.817     -5.164
  -1   -2      0.281      4.699     -8.877
  -1   -2     14.499      4.843      3.478
  -1   -2     19.191      4.817     -5.164
 366  387      0.281      4.699     -8.877
 371  392     14.499      4.843      3.478
  -1   -2     19.191      4.817     -5.164
