311
   0    0      8.831     -5.249      9.061
   1   -2      7.304     -8.941      7.121
  -1   -2      9.963     -3.356      6.578
   3    5     15.351     -9.299      2.221
  42   -2      4.318     -7.883      5.445
  10   -2      6.398     -4.266     -2.766
  22   -2     -4.019     -3.192      7.476
  -1    6      6.742     -3.836      1.489
  -1  192     11.867     -3.766      3.776
  58  143      7.282     -7.245     -1.500
  13   73     10.604     -5.352     -5.147
  14   86     -1.685     -7.408     -6.622
  16   15     10.260     -8.082      7.184
 171   14      9.306     -2.609      7.932
  -1   -2      8.280     -7.309      6.349
  17   18     -0.675     -2.320     -3.202
  -1   -2     -0.771     -9.058      4.368
 124   21     10.530      1.759      5.923
   8   81      7.201     -4.742     -6.815
  -1   16      5.464     -6.504      9.272
  -1   24      3.799     -5.038     -3.481
  -1   -2     -3.046     -2.170      9.701
  52   -2      0.751     -9.860      5.952
  40   -2     -2.457     -9.427     -0.773
  -1   34     12.053     -5.392      1.227
  24   26      4.924     -8.574      5.277
 158   98    -12.313     -1.478     -9.277
  -1  239      6.153     -9.156      7.291
  59    1      3.185     -8.017      6.101
  -1   30      5.033     -9.444      9.633
  44   -2     11.946     -6.896      4.218
  27   28      9.675     -0.784     10.214
  -1   -2     -1.434     -5.460      3.043
  33    3     11.064     -1.745      3.713
  23   -2     10.752     -5.219      6.023
  -1   88     -4.428     -9.115     -1.339
  55   31     -8.328     -7.468      2.121
 107   46     -5.577     -5.344     -4.370
  32   33    -11.794     -6.802     -9.912
 137  162      6.806     -2.312     -6.351
  41   36      9.433     -4.251      4.232
 102   39     17.612     -9.522      0.515
 119   -2    -11.687     -6.314     -5.308
  61   44     14.213     -6.748      5.375
  48   52     -0.662     -6.525      9.388
  51   -2     -3.246     -4.313     -5.512
  45   45     15.576     -0.677     -5.190
  -1   -2      7.563     -9.050      4.913
  81   12      9.375     -4.915     -5.317
 128   -2     -2.934     -9.504      3.442
  46   -2     17.860     -1.571     -3.062
  53   -2     -0.128     -7.052      8.561
  49   49     -5.917     -8.184      3.046
  -1   84     -8.305     -8.418     -0.602
  71   57      9.821     -6.909      3.367
  29   51     11.964     -5.716    -10.917
  -1   -2      4.144     -9.067    -10.361
  57   55     14.123     -7.363     -6.040
   6   54     18.689     -8.954      0.775
  62   58     19.978     -8.594     -3.233
  79   56     -2.148     -6.090      0.029
  -1   -2      9.420     -3.890     10.323
  -1   61     11.995     -8.625     -6.537
 162   -2     14.691     -4.121      3.495
 111   20      4.625     -2.924     -3.268
  -1  171     -5.956     -2.390      9.284
  70   68     14.738     -2.507     -4.614
   9   -2     15.758     -6.439     -5.137
 148   71     15.455     -3.172     -1.397
  54   59     -9.573     -6.678     -2.940
 141   -2     -2.526     -3.801      3.104
  -1   -2     11.251    -10.575      3.139
  74    7     15.470     -7.351     -1.203
  -1   32     10.801    -11.196     -1.608
  98   -2      1.696     -5.917     -6.332
  -1  132     14.905    -10.165     -7.445
 117   77     12.634      0.120     -3.325
  36   82     -3.778     -6.864      0.064
  76   83     16.672     -9.558      1.934
  26   -2     -0.974     -6.758     -1.811
  -1   -2      0.587     -4.079      0.050
 166  152      8.715     -5.442     -7.300
  80   70     -4.175    -10.460     -8.914
  37  125     -9.419    -10.045     -4.945
  35   64      6.024     -2.997     -3.756
  -1   53     -6.596     -3.054     -1.559
 190  173     17.555      2.362     -1.608
  92   97     16.333      1.009      0.472
  -1   -2     13.573      0.743     -2.510
  -1   -2      4.499     -9.041    -10.893
 199  211     20.532     -4.529     -3.993
  -1   -2     19.965     -0.122     -2.394
 104   90     -0.284      0.745      8.960
  94   -2     16.340     -2.989      0.278
  -1   67     -5.643     -6.160      4.012
 136   78     -0.037     -0.391      1.717
  -1   -2      0.268      4.702     -8.911
   5   43    -12.686     -4.257     -9.400
  -1   -2    -10.290     -3.782     -0.335
 110   -2      4.819    -10.074     -6.530
  -1   -2    -11.544     -0.139      9.975
  73  104    -10.570     -5.310    -10.011
  -1   -2      8.304    -10.994     -1.251
  -1   -2     16.587     -8.488     -9.155
  -1   -2    -10.570      1.004     -4.128
  -1   -2    -10.858     -7.110     11.483
  -1  264     -8.567     -0.433     -8.361
  50   99      3.192    -10.532     -6.507
  99  106      7.206     -9.678     -7.454
 283  281     -6.405      3.758     -7.946
  -1   -2    -13.297     -4.079      2.396
 207  218     -1.027      2.408     -3.773
  -1   -2     18.375     -5.290      1.534
 131   -2     -0.970     -1.613     11.051
  -1   -2      5.112     -7.408     -0.221
  -1   -2     14.500      4.842      3.480
  -1   -2      3.544    -10.119     10.042
 115   -2     16.255     -2.100    -11.609
 118  118    -10.480      0.134     -3.727
  -1   -2      0.774     -5.080      2.394
  -1  120      7.649     -8.692     10.045
  -1   -2     -8.083      4.888     -9.943
  -1   66     -7.192     -1.950    -10.126
  -1   -2      2.427     -0.898      9.470
  20   76     -1.001     -7.876     -2.324
  18   65     11.936      2.178      7.520
  -1   -2      6.714     -7.853      6.039
 100   -2      8.384      0.136     -2.900
  -1   95     19.190      4.817     -5.163
 101    8     -4.612     -0.738      5.062
  -1  185     -3.407     -4.864      8.948
 142   80     14.225     -8.409      9.421
 187  130     -0.903      2.029     -3.176
  -1   38      7.474     -1.671     -7.870
 139  134     13.937     -7.693      9.948
  77  136      6.137     -9.586    -10.850
 140  139      5.004      1.735     -4.691
 144  141      1.878     -1.592     11.918
  -1   -2     20.303     -3.050     11.071
 130  135      7.320    -10.180      6.585
  -1   60     12.600     -6.977     10.715
  -1   -2     15.975      1.122     -2.758
 178   -2     18.893     -0.663     -2.932
  -1    2      6.339     -9.690      8.390
  -1   -2      0.801     -1.655     -3.192
 209   -2     -5.867      2.573     -8.939
  -1  124     -0.737     -9.305      8.669
 149   22     12.114     -6.738      1.791
  67  146     15.368     -3.594     -2.868
  -1  147    -11.318     -9.875     -8.723
  -1   48     19.761     -4.599     -3.299
 150  148      1.660     -4.113      9.483
 152   -2      9.970     -7.272     -6.470
 157   -2      8.100     -1.744     -2.659
 156   -2     17.406      2.671      5.112
  -1   -2     23.664     -7.562     10.184
  -1   -2      6.668     -6.487     -7.541
 143   -2     18.348     -2.260      4.584
   7   -2     13.670     -9.816      4.832
  -1   -2     19.273     -2.097     -5.673
 163  159      6.117     -2.496      8.344
  -1   -2      8.107     -9.934      7.835
 112  166     -9.883     -2.160     -6.704
  -1   40     -0.744    -10.144     -8.637
  96   -2    -11.266     -3.026     -5.027
  -1   -2     13.834     -3.082    -12.097
  -1  138    -11.028      3.068      3.070
  -1   -2      8.563    -10.612     -8.155
  -1   74     18.350     -9.555     10.281
 169   -2     18.686     -0.978      1.580
  -1   -2      6.768     -3.820      1.564
 173   41     12.021     -3.788      3.394
  -1   -2     -0.837     -9.067      4.193
  -1  163     -3.032     -2.182      9.806
  -1   -2      7.723     -9.061      4.502
  63  187     12.009     -8.575     -6.586
  -1  174     13.573      0.743     -2.510
  -1   -2     19.965     -0.122     -2.394
  93   -2     20.532     -4.529     -3.993
  -1   -2      0.268      4.702     -8.911
  -1  157    -10.290     -3.782     -0.335
  -1   -2    -11.544     -0.139      9.975
  -1   -2     -8.567     -0.433     -8.361
  -1   -2    -13.297     -4.079      2.396
  -1   -2     14.500      4.842      3.480
 120  142      0.774     -5.080      2.394
 312   -2     -1.027      2.408     -3.773
  -1   -2      2.427     -0.898      9.470
 125  123     10.878     -8.957     -4.997
  -1  144     -8.083      4.888     -9.943
  -1   -2     19.190      4.817     -5.163
  -1   -2     15.540     -9.284      2.858
  -1   -2      6.768     -3.820      1.564
  -1   -2     -0.771     -9.058      4.368
  -1   -2     -3.032     -2.182      9.806
  -1   -2      7.723     -9.061      4.502
  -1   -2     13.573      0.743     -2.510
  -1   -2      0.268      4.702     -8.911
  -1   -2     19.965     -0.122     -2.394
  -1   -2    -11.544     -0.139      9.975
  -1   -2     -8.567     -0.433     -8.361
  -1   -2    -13.297     -4.079      2.396
  -1   -2     14.500      4.842      3.480
  -1   -2     -8.083      4.888     -9.943
  -1   -2      2.427     -0.898      9.470
  -1   -2     19.190      4.817     -5.163
 189  204      9.708     -2.256     -0.865
  -1   -2     15.540     -9.284      2.858
  -1   -2      6.768     -3.820      1.564
  -1   -2     -0.771     -9.058      4.368
  -1   -2     -3.032     -2.182      9.806
  -1   -2      7.723     -9.061      4.502
  82   37     13.573      0.743     -2.510
  -1   -2     19.965     -0.122     -2.394
  -1   -2      0.268      4.702     -8.911
  -1   -2    -11.544     -0.139      9.975
  -1   -2     -8.567     -0.433     -8.361
  -1   -2    -13.297     -4.079      2.396
  -1   -2     14.500      4.842      3.480
  -1   -2      2.427     -0.898      9.470
  -1   -2     -8.083      4.888     -9.943
  -1   -2     19.190      4.817     -5.163
 213  222     15.540     -9.284      2.858
  -1   -2      6.768     -3.820      1.564
  -1   -2     -0.771     -9.058      4.368
  -1   -2     -3.032     -2.182      9.806
  -1   -2      7.723     -9.061      4.502
  -1   -2     19.965     -0.122     -2.394
  -1   -2      0.268      4.702     -8.911
  -1   -2    -11.544     -0.139      9.975
  -1   -2     -8.567     -0.433     -8.361
 224  232    -13.297     -4.079      2.396
  -1   -2     14.500      4.842      3.480
  -1   -2      2.427     -0.898      9.470
  -1   -2     -8.083      4.888     -9.943
  -1   -2     19.190      4.817     -5.163
  -1   -2      6.768     -3.820      1.564
  -1   -2     -0.771     -9.058      4.368
  -1   -2     -3.032     -2.182      9.806
  -1   -2     -8.567     -0.433     -8.361
  -1   -2      0.268      4.702     -8.911
  -1  155     19.965     -0.122     -2.394
  -1   -2    -11.544     -0.139      9.975
  -1   -2     14.500      4.842      3.480
  -1   -2     -8.083      4.888     -9.943
  -1   -2     19.190      4.817     -5.163
  -1   -2      6.768     -3.820      1.564
  -1   -2     -0.771     -9.058      4.368
 315   -2     -3.032     -2.182      9.806
 232  172      7.723     -9.061      4.502
  -1   -2      0.268      4.702     -8.911
  -1   -2    -11.544     -0.139      9.975
  -1   -2     -8.567     -0.433     -8.361
  -1   -2     14.500      4.842      3.480
  -1   -2      2.427     -0.898      9.470
  -1   -2     -8.083      4.888     -9.943
  -1   -2     19.190      4.817     -5.163
  -1   -2      6.768     -3.820      1.564
  -1   -2     -0.771     -9.058      4.368
  -1   -2      0.268      4.702     -8.911
  -1   -2    -11.544     -0.139      9.975
  -1   -2     -8.567     -0.433     -8.361
  -1   -2     14.500      4.842      3.480
  -1   -2      2.427     -0.898      9.470
  -1   -2     19.190      4.817     -5.163
  -1   -2      6.768     -3.820      1.564
  -1   -2     -0.771     -9.058      4.368
  -1   -2      0.268      4.702     -8.911
  -1   -2    -11.544     -0.139      9.975
  -1   -2     -8.567     -0.433     -8.361
  -1   -2     14.500      4.842      3.480
  -1   -2      2.427     -0.898      9.470
  -1   -2     19.190      4.817     -5.163
  -1   -2      6.768     -3.820      1.564
  -1   -2     -0.771     -9.058      4.368
  -1   -2      0.268      4.702     -8.911
  -1   -2    -11.544     -0.139      9.975
  -1   -2     -8.567     -0.433     -8.361
  -1   -2     14.500      4.842      3.480
  -1   -2      2.427     -0.898      9.470
  -1   -2     19.190      4.817     -5.163
  -1   -2      6.768     -3.820      1.564
  -1   -2      0.268      4.702     -8.911
  -1   -2    -11.544     -0.139      9.975
  -1   -2     14.500      4.842      3.480
 208  305      2.427     -0.898      9.470
  -1   -2     19.190      4.817     -5.163
  -1   -2      6.768     -3.820      1.564
  -1   -2     -0.771     -9.058      4.368
  -1   -2      0.268      4.702     -8.911
  -1   -2    -11.544     -0.139      9.975
  -1   -2     14.500      4.842      3.480
  -1   -2     19.190      4.817     -5.163
  -1   -2      6.768     -3.820      1.564
 174  293     -0.771     -9.058      4.368
  -1   -2      0.268      4.702     -8.911
 181  310    -11.544     -0.139      9.975
  -1   -2     14.500      4.842      3.480
  -1   -2     19.190      4.817     -5.163
 308  313      6.742     -3.836      1.489
  -1   -2      0.268      4.702     -8.911
  -1   -2     14.500      4.842      3.480
  -1   -2     19.190      4.817     -5.163
  -1   -2     14.500      4.842      3.480
  -1   -2     19.190      4.817     -5.163
  -1   -2      0.268      4.702     -8.911
  -1   -2     14.500      4.842      3.480
  -1   -2     19.190      4.817     -5.163
  -1   -2      0.268      4.702     -8.911
  -1   -2     14.500      4.842      3.480
  -1   -2     19.190      4.817     -5.163
