297
   0   58      8.327     -5.819     -3.372
 212   31     11.244     -6.858      2.055
 298  292     -5.429     -7.295      1.836
  57   -2      6.484     -9.045      1.481
   4   -2     -2.190     -7.397     10.107
   2    1     -6.410     -7.486      1.661
   7   10    -10.113     -4.515      3.173
   3    7      8.229     -9.203      9.148
 208   18      5.194     -8.551      1.872
  17   -2     14.075     -6.691     -2.606
  65   -2     -1.220     -9.308     -5.937
  -1   -2    -10.698     -8.633     -3.899
  -1   -2     11.720     -4.460      5.110
  95  100     13.445      0.806     -2.631
 187   27     12.145     -5.652    -10.061
 225   17     -0.027     -6.115      9.954
  70   -2      7.121     -8.803      8.519
  81  116     12.490     -2.711      5.328
 176   -2     -7.685     -7.027     -0.362
  -1   85     11.963     -5.399      4.059
 178  130     13.940     -2.338     -4.829
  25   -2     15.892     -3.268      4.058
 200   -2     -2.015     -9.903     -9.029
 275  186      9.111     -5.905      3.405
 137    4      6.955     -2.331      5.681
  -1   -2     17.573    -10.665      0.469
  -1   -2      4.266     -0.349      2.173
 161   74     12.781     -6.919      7.037
   9   95      3.776     -3.361      7.286
  -1   42     -8.329     -8.412     -0.630
  19   -2     17.812    -10.623     -7.072
  28   -2     -3.104     -0.721      4.689
  -1   98     -2.874     -2.183      9.584
 163   -2     13.410     -2.080     -3.065
 144   81     -8.341     -7.449      2.106
 151   -2     12.531     -3.830      2.083
 133  144     -0.666      0.135      1.378
  -1   -2      8.627     -8.800     -6.055
 221   -2     17.036     -9.767     -4.213
  73   -2      4.004     -9.486      0.971
 242  212      3.647     -3.343      0.899
 124   36     15.444     -3.192     -0.765
  -1   -2     15.017    -10.112     -6.569
 284   -2     19.301     -1.159     -2.733
 138   -2     15.438     -4.166      5.669
  -1   -2      1.824     -8.388     -3.997
 118   39     18.240     -7.259     -3.010
  16  223      9.201     -5.386     -8.914
  56  132      2.748     -9.797     -5.502
  52   46      3.325     -0.847      5.652
  -1   92      7.440     -5.808      0.547
  45   -2      2.306     -6.136      9.124
 152   -2     -3.270     -4.924      9.091
  38  149     18.727     -7.068     -8.628
 260   -2     14.220    -10.895     -4.452
  -1   77     12.097     -1.212     -0.605
 110  206     -4.200     -4.064      6.162
 183   30     15.132     -7.004      2.860
 279  182     -2.710     -3.635      4.147
  77  234     10.407     -7.947      1.272
 218  258      0.895    -10.033     -9.405
  -1   62     14.664     -3.666      9.565
  15   -2     10.192     -7.043      0.979
 131  127     17.949     -5.797      0.076
  -1   -2      7.822     -1.041      1.246
  -1   -2    -10.923     -6.237     -3.446
  -1  284     10.612      0.388      9.182
  -1   15     17.746     -5.989      0.789
  88   72      5.924     -6.471      8.567
 105   37     11.012     -0.654      6.166
  -1  105      2.633     -7.483     -0.543
  23  199     16.392    -10.808     -6.116
  -1   -2     13.817      1.789     -6.463
  69  175      8.175    -10.147      4.218
  -1   -2     -1.138    -10.792    -10.013
 229   60      1.391     -7.929      8.797
 165  118      7.717     -4.581     -5.408
  -1   -2     -0.724     -8.774      0.741
 223   -2     10.530      1.758      5.925
  -1    6      3.526     -7.485      8.420
 282  229     -9.924     -9.857     -8.704
  85   -2     -7.504     -1.016     -5.807
  -1   -2     13.838      0.879     -7.309
  51  128      6.630     -3.848      0.832
  -1   97     10.515     -3.353      5.214
 193  137     10.500     -5.413     -4.364
  -1  126     -0.538    -10.048     -8.172
  91  150      8.694     -6.423     -0.053
  96   -2     16.829     -6.595     -8.084
  -1   56     12.068     -5.398      1.252
  -1   59     10.803     -5.204      4.253
  87  165      5.027     -2.901     -4.395
 115   99      0.357     -5.510     -0.883
 257   -2     17.948      2.437      1.688
 126  281      1.183     -9.808      4.569
  -1   90     -4.701     -4.641      1.960
  -1  197      7.904     -9.101      4.027
  98   83      9.696     -3.289     -4.804
  -1   23     -4.779     -0.713      4.809
  -1   -2      5.334     -9.716     -9.388
  -1  160     12.578     -0.650      9.844
 250  202    -12.282     -4.780     -1.910
  -1   -2     13.302     -1.144      8.095
  -1  178     14.364     -6.727      5.363
 191   61      6.077     -1.530     -0.891
 179   32     -8.666     -5.478     -7.085
 296   -2     -7.860      0.780     -2.671
 195   14     15.847     -5.044      8.050
   6   -2      7.486     -9.325      3.819
 186    5     -0.448     -6.994      9.486
  -1   -2      5.474     -7.796     -0.514
  -1  198     -2.828     -6.077     -1.770
 209  214      7.443     -2.794      8.879
 146  209      8.271     -3.843      1.515
 117   65      5.330     -8.608      4.175
 107  171      8.670     -5.361      6.100
 274  135     18.782     -4.010     -3.835
 156   -2     12.853     -3.239     -0.766
  -1   -2     13.620     -2.428     -5.440
 263   -2     10.004      2.346    -10.099
  -1   -2     18.822     -3.544     -0.764
 297   -2     -6.371    -10.254     -3.360
 174  253     15.165     -3.507      2.832
  -1   12     11.720     -8.776     -1.526
 145   -2     14.758     -7.815     -3.496
   5   -2      3.909     -7.817      5.282
  47  112     14.737     -7.012      7.816
  -1  101      5.112     -8.332     10.084
  -1   -2     16.030     -6.939     -8.345
  -1   -2      5.734     -9.427     -6.683
  -1   28    -10.304     -7.883     -1.571
  -1  121      4.188     -9.812      1.177
  -1   -2     17.936    -10.947     -7.299
 157  129     13.993      4.713      1.499
 303   -2     -1.720     -0.314      7.060
  21   -2     12.464     -6.931      3.191
  -1   -2      0.952    -10.074      4.924
  82  115     20.239     -6.535     -3.809
  -1   -2      5.890     -7.864      8.137
 254   -2     10.965     -1.810      4.333
  -1   33      0.974     -8.953     -1.317
  -1   -2     13.657     -7.239      7.899
  75  237     -5.476     -5.425     -4.727
 216  193      2.668      1.592      9.309
 241   26      3.186     -3.747      4.929
 154   43     19.338     -7.858     -2.046
 160  225     -8.147     -8.995      4.139
 129   91     15.577     -0.675     -5.202
  67   -2     13.220     -4.080      6.955
  62   -2     -0.904     -8.330     -1.166
  -1   20     -5.229     -6.360     -7.912
 261   -2     16.309     -9.683     -1.392
  -1   41      6.508     -6.146      1.580
 185   -2     -0.515     -6.758     -3.180
  -1   21     17.844     -4.904      1.064
  -1   86      7.790    -10.248     -8.962
 227  276     13.051      0.152     -1.139
 292   -2     17.285     -0.393     -3.979
  -1   -2      5.035     -2.033     -0.913
  -1  152     14.119     -7.365     -6.030
  -1   76      4.246     -3.249      7.943
  50   16     -8.590     -2.915     -1.778
 207   -2     -5.725      2.247     -3.846
  -1  172     19.352    -10.163     -5.791
 264   44     18.693     -8.957      0.746
  40   -2     -8.587     -8.831     -3.807
 141   -2     -5.598      0.255    -10.489
 220   35     14.028     -0.310      7.523
 139  220     -7.098     -8.490      8.443
  -1  218     14.794     -2.419      2.005
 290  273      6.023     -5.409     -8.785
  -1   -2      4.279      3.162      2.086
  37   29     -1.433      0.019      0.494
 166  166     12.968      5.571     -4.858
  -1   -2     14.057     -8.658      8.891
 177   82    -10.710     -7.356     -8.616
 162   57      2.683     -6.471      6.218
 106   -2     -9.568     -6.679     -2.917
  -1  131     17.815     -9.674     -9.764
  -1   -2     13.920     -3.510     -4.396
  59   -2      4.379     -8.209      8.988
 109   11    -12.616     -9.281     -7.187
  80  141     -5.133     -2.666      5.729
  66   -2      7.892     -0.022     -7.251
  30   -2     18.411    -10.640     -2.541
 108   -2     19.162    -10.233     -3.979
  31  108     -3.290     -3.228      8.397
 245   -2      4.159     -5.936     -6.938
 171  153     -9.238     -2.137      2.810
  83   47     16.726     -8.185     -4.140
 100  169    -10.012     -6.383     -9.073
 119   -2     18.940     -6.018     -5.178
 287   68     -9.502     -7.703     -1.389
  -1  133     -5.576    -10.183    -10.494
 251   -2     12.044     -8.799     -5.707
 231  110     16.355     -6.195      0.249
  79   -2      3.099     -8.599      5.762
  -1  139      3.140      3.363      9.634
 277  123     12.655      4.379     -4.896
 247   -2      5.317     -2.288      2.614
  39   24     15.157     -4.544     -7.599
  -1   -2     10.632     -7.132      8.252
  -1  111     -4.966     -5.652     -8.698
  -1  231     11.858      3.320     -0.583
  -1  205     17.787     -1.592     -3.322
  -1   -2     -6.440     -9.886      0.806
  -1  235      6.301     -1.418      6.583
  -1   87     19.255      1.994     -3.668
  -1   -2     15.017     -7.196     -0.135
  93   -2     -8.922     -9.305     -4.784
  -1   -2      4.429     -2.375      7.405
 202  219     -9.509      0.234      0.689
 190   -2     -6.578     -3.040     -1.467
  -1   -2      4.943     -6.342      9.820
  20   -2     -6.306     -4.992    -10.474
 194   -2     18.541     -4.825     -1.121
  74   66      6.884     -6.499     -8.140
 240  269     -0.216     -4.084      2.436
  -1  210     15.532     -4.551     -4.356
 265  227     11.929      4.161     -1.156
 142  117     17.913     -6.398     -1.348
 167   22     -9.624     -9.971     -6.819
 112  168     15.798     -3.588     -3.911
  36  164      5.591     -9.197     -7.697
 243  194     -8.902     -7.934      3.146
 199  217     -6.969     -3.863      3.323
 184  192     17.752     -1.597     -6.248
  -1   -2     13.494      0.626    -10.275
  13  114     15.137     -9.631      4.965
  -1  154     15.266     -4.586      5.212
 266  125     -0.951     -0.701      5.389
  -1  189     -1.547     -4.139     -1.724
 294   50     19.631     -0.408      1.276
  -1   -2     -4.111     -8.554     -9.050
 237   -2      7.836     -3.039      2.913
 127  109     -6.632    -10.256     -8.827
  72   73     11.381     -0.260     -2.880
  -1   -2    -12.099     -5.403     -1.003
 211   75     13.100      2.253     -2.869
 113   -2     -4.464     -9.463     -7.385
  -1  162     -9.531    -10.449     -7.895
 280  103     -8.604     -1.701      2.140
 215  134      9.036      0.224     -8.875
  -1   -2     -4.409     -3.445     -5.511
 175  173      2.480     -1.694      5.989
 116   -2     14.403     -8.926     -2.464
 213  148     16.818      1.268     -6.626
  -1    2     -3.699     -9.216      0.792
 291  233     17.275     -6.718      3.579
  -1  181    -11.739     -3.530     -9.292
  -1  183     14.069      3.093     -3.637
 258   -2     21.042      3.378     -7.253
 271  161      7.082      3.941     -8.639
  -1  244     19.841      4.907     -2.484
  -1   -2    -16.685     -0.438      8.865
  -1  285    -16.971     -7.171      8.262
 270   -2     -8.569     -0.433     -8.350
 249  263      2.682      6.359     -9.697
  42   -2     13.804     -0.135     -4.450
  -1  272     -0.366      4.940    -11.039
  -1  147      1.013     -5.931     -8.324
  -1  257      3.976      2.201      9.808
  -1  221      7.890      6.879      4.000
  -1  249    -10.281      2.125     -8.582
  -1   -2     11.784      6.555      9.565
  -1  216    -11.581    -10.708     -8.179
 130   -2    -10.817      2.486      6.937
  -1   -2     19.190      4.817     -5.165
  32  167     11.026      1.494     11.637
  -1   79     -6.855     -7.517     -5.314
 256   94      5.003      1.735     -4.690
  -1   78      7.469      2.505      2.928
  -1   -2      8.860      6.124      5.964
  -1   -2    -14.560      3.205     -1.919
  -1  271     15.118      4.905     -7.994
 273   -2     -1.777      2.212     -1.477
 111   -2      4.743     -0.572      7.363
  -1   -2     -5.099     -1.737     -4.581
  -1  283      2.398      0.996     -9.421
  -1   -2     16.431      3.143      0.829
  -1   -2     -3.546      2.922     -0.670
  68  104     19.529      2.223     -0.913
  -1   -2     12.867      3.332     -4.322
 286   -2     18.613     -2.184      5.967
  -1   -2      3.128      0.902      6.246
  -1  200    -10.504     -1.837     11.511
 150   -2     18.805     -8.838    -12.115
 288  188     -9.422      3.090     -8.693
  43   -2      3.458     -6.795     -3.680
  -1   -2     11.980      1.134      1.561
  -1   25      5.416     -5.002      9.906
  -1  179      4.369     -4.522     -8.631
  -1  177      0.845     -0.273      3.908
  -1   -2     -8.401     -2.250      9.032
  -1   -2    -10.719     -8.618     -4.066
  -1  222     -5.306     -7.308      2.152
 299  294    -10.719     -8.618     -4.066
