222
   0    0      2.694     -4.771     -8.003
 145   -2     10.739     -7.120     -0.212
  34   -2      9.646     -8.186      6.857
  31   -2     12.062     -5.385      1.337
   1   55      8.361     -3.815      1.610
  32   -2     10.050     -4.091      8.908
  89   -2     18.767    -10.195     -3.150
 119   21     -5.174     -7.635      6.832
  60   90     -3.870     -6.493     -5.051
   7   -2      9.081     -7.535      4.941
  43  118     12.773     -3.185     -0.941
   9   56      0.573     -1.515      7.065
 157   -2     16.286     -9.610     -8.454
  99   -2     16.698     -6.989      3.325
   6   10      5.955     -8.703      2.976
  70   19      7.409     -8.904      4.763
  46   52    -10.270     -6.764     -4.338
  28   -2     13.170     -6.280     -1.121
  10   -2     -0.688     -1.418      5.081
  94  131      4.400     -2.912     -2.842
  16   18      6.402     -4.267     -2.753
  55   -2     -4.643     -3.088      9.858
 169  151     16.136      2.484     -6.390
  73   85     17.277     -7.442      2.457
  79  197      6.189     -3.987      0.037
  -1   -2    -12.775     -5.148     -3.939
  -1  121     11.836     -0.409     -8.197
 165   -2      6.699     -4.457      5.181
  -1  145      1.684      0.381     -9.601
  -1  107      4.682     -9.342      8.863
  59   22     17.959     -6.306     -3.968
 126   -2      7.296     -7.262     -1.736
  45   29     -0.673     -2.318     -3.195
  30   25      5.728     -9.110      8.399
 104   30     10.530      1.759      5.926
 139  125      7.202     -4.740     -6.816
 107   -2     12.548     -0.961      9.851
  47   -2     15.014     -1.842      6.095
  -1  190      4.678     -5.447      5.905
  52   38     -5.515     -3.065      0.661
 105   71      5.081     -8.312      9.820
  90   77     -0.688     -6.518      9.368
 179  135    -11.439     -7.416    -10.507
 230  206     -3.048     -2.171      9.707
  -1   -2      3.801     -5.038     -3.462
  56   82      2.761     -7.786      7.945
  49   26     10.397     -3.316      5.344
  35   -2     11.105     -9.945     -2.766
  -1   -2     16.764     -8.431     -8.727
  -1  143     12.710     -6.894      7.636
  -1   74     14.861     -9.671      3.245
  86   -2     -3.915     -7.719      7.575
  -1   44     -1.804     -7.440     -6.950
  -1   -2      1.888     -8.895      0.471
  37   -2      0.348     -7.784      5.963
 196   40     -3.708     -9.226     -3.649
 131   -2     19.706     -9.370     -4.304
   8   -2     12.248     -5.812     -8.482
  -1    3     12.588     -8.474     -4.358
 127   15      0.204     -1.680      8.847
  -1   48      9.675     -0.783     10.215
 128   39      5.138     -8.661      6.890
  67   -2     -8.325     -7.468      2.131
  -1  184     19.484     -4.209     -1.451
  -1  129     10.754     -5.218      6.018
  81  154     -5.579     -5.346     -4.363
  96   -2     11.652     -3.615      4.717
  68   23     11.077     -1.744      3.682
 120   45     16.081     -6.453     -5.877
 181  144     -8.160      0.757     -0.256
 216   79     -8.710     -6.744      1.749
  -1   53     -1.440     -5.457      3.074
  -1   -2     -7.061     -1.914     -9.803
 217  103     12.858     -8.957     -2.117
  18    5      9.461     -7.702      6.556
  -1   -2      4.139     -7.807      5.890
  19  101     19.703     -9.989     -4.037
 193   -2      0.166     -3.670      3.769
   2   -2      2.760     -9.233      4.376
  -1    9     20.175     -8.452     -2.414
  -1   31     19.721     -4.567     -3.627
  58   65     15.575     -0.676     -5.187
  -1    7      9.066     -3.280      6.477
 100   -2      6.363     -9.358      0.170
  -1   17      8.933     -5.684      4.249
 102   -2     -5.618     -4.529     -9.024
 143   -2     12.618     -4.064     -3.807
 111  140     17.249     -9.578     -3.087
  72   73     -0.132     -7.052      8.566
  -1   83      7.768     -0.071     -7.669
  85  130     17.856     -1.568     -3.061
  61   -2     18.278     -5.671     -1.539
  -1  163     -8.966     -3.597      0.013
  95  102     14.378     -8.951      9.684
 113   -2      9.018     -9.511      3.076
  26   -2     13.693     -7.666     -7.212
  69   -2     -6.147     -5.095     -9.470
 189  111     -5.258     -3.284     -5.574
  -1  106     12.097      4.626     -2.037
 220  122     -3.469     -4.885      8.799
  17   42      2.320     -6.131     -6.513
  -1   -2     -4.003     -9.423      7.470
  12   13     18.686     -8.953      0.777
  -1   93     14.690     -4.121      3.499
  -1   91      4.225     -3.508     -9.108
  -1  188     -3.941    -10.509     -9.672
 152   -2      6.904     -7.710     -4.417
  15   -2     15.745     -6.734      3.826
  64   -2      0.403     -4.984      3.560
 204   -2     -0.877     -6.202      7.296
  -1    4      8.357     -9.491      3.580
  -1  178     -7.829     -5.469      8.540
  -1   80     -4.901     -2.576     -2.302
 136  133     12.068     -6.690      1.748
  41   -2     12.251      2.204      8.514
 163   -2     -4.883     -8.615     -1.705
 155  138     14.737     -2.508     -4.607
 188   -2      6.325     -1.290      5.622
  84  110      1.911     -9.614     -2.756
  98  175    -13.524     -9.190     -5.249
  65   36      7.476     -9.097      8.571
  -1   -2     16.530     -9.812      3.767
  -1   -2     10.341      0.698    -10.203
  -1   -2     -3.567     -3.290      7.683
 130   89     -9.511     -7.964      1.706
 142  100     15.446     -3.158     -1.363
  48   97    -12.249     -9.417     -5.085
 171   67     12.626      0.119     -3.349
 150  124      8.972     -8.659      1.246
  -1   16     16.098    -10.068      4.410
 185   -2      8.142     -0.681      9.166
  -1   -2     -8.233    -10.172     -9.077
  13   41      6.301     -7.326      9.471
 154   -2      5.020     -4.229     -5.356
 215   92      9.647      2.526      4.198
  -1  150     -7.612     -7.374     -8.553
  27   87      5.379     -1.786     -3.983
 174  104     15.079     -4.492     -7.369
 122  127     -6.320     -1.498      1.063
  -1   -2     -0.970     -6.759     -1.803
  -1   -2     17.694    -10.606      2.030
  53   68     16.226     -7.444     -1.545
  78   -2      9.923     -8.036     -0.940
 218   12      3.555     -4.937      9.299
 183  117      5.903     -9.468     -8.589
  71    8     13.028     -6.233     -2.237
  -1    2      8.706     -5.441     -7.287
 186   -2     16.323     -6.453     -3.013
  66  136     -7.436     -7.731      1.563
  -1   -2     15.014    -10.186      1.151
  -1   -2      5.557     -7.306     10.835
 167   70     19.370     -2.801      0.436
 146   27     -2.705     -8.702     -0.869
  97  155      1.235     -1.057     -0.767
  -1   58      0.971     -6.026      2.364
  51   -2     -1.269     -2.104      2.534
 160   84     16.843     -2.032     -3.111
  -1   -2     16.332      1.017      0.470
  -1   -2     13.571      0.742     -2.507
  -1   -2      0.272      4.703     -8.899
  -1   -2     -3.968     -9.286    -10.823
  -1    6    -10.570     -5.308    -10.006
  -1  153     -6.919      0.650      6.810
  -1  198     -4.503      1.138     -8.607
 101   -2     10.262     -2.363      0.932
  77  148     -9.699     -3.114      7.655
 117   62    -10.287     -3.782     -0.349
 109  200     -2.743      1.524      2.488
 162   59      7.195     -9.674     -7.409
 175  170     -1.956      3.306     -5.542
 214   -2    -13.061      0.596      5.694
  -1   -2    -14.148     -9.279      6.310
 191   -2     -8.564     -0.434     -8.369
 201   -2     -6.405      3.760     -7.947
 144    1      4.831     -9.930     -6.513
 180   -2     -1.027      2.409     -3.775
   3   -2      4.783     -3.046     -5.204
 184   66     -9.576     -9.908      2.412
 224   76      2.425     -0.897      9.478
  -1   -2     18.015      2.454     -7.982
  -1   -2    -13.477     -9.155      8.370
  -1  152     -8.080      4.888     -9.934
  76   -2     -6.446     -9.258     -3.699
  -1   75    -13.828     -6.162     -1.040
  -1   -2     19.190      4.818     -5.162
  -1  147      9.019    -11.269     -0.747
  -1   -2     -9.058     -3.357     -9.428
 226  204     15.475     -5.070      7.516
  -1   -2     12.024     -2.760     -6.940
  -1  149     -9.991     -4.986     -9.970
  -1   -2     -3.042      1.785     -9.182
  -1  185    -11.977     -0.622    -10.329
 158   99      5.003      1.737     -4.690
 132   -2    -11.471    -10.296     -1.745
 219  183     15.345     -1.161      5.262
 140   -2     -5.865      2.574     -8.932
 198  123      1.877     -1.592     11.921
 170   -2     15.973      1.121     -2.751
  -1   -2     15.381     -3.597     -2.898
 153  186      9.970     -7.271     -6.469
  -1   -2     21.103      4.301    -12.180
  -1   -2      6.656     -6.485     -7.504
  -1  166     -9.747      4.942     -6.543
  -1   46     10.200     -1.037      1.333
  -1   -2     17.404    -10.107      4.528
 205   14     -4.895    -10.026    -10.418
  -1  158     -5.830      0.915     -6.173
 197  157     22.322     -7.718      9.181
  -1  176     12.766      1.075      9.488
  -1  113    -11.266     -3.023     -5.027
  -1   -2     19.038     -7.540      0.926
  -1  187     13.282      1.838     -4.988
  25   51      6.276     -2.962     -4.457
 213   86     -8.680     -3.895      7.150
 141  194      3.502     -5.047     -4.350
 225   -2     17.491     -9.528      0.800
  -1   -2     16.332      1.017      0.470
 229   -2     -8.080      4.888     -9.934
  -1   -2     19.190      4.818     -5.162
  -1  171      0.272      4.703     -8.899
  -1   -2     19.190      4.818     -5.162
 234   -2      0.272      4.703     -8.899
