61
  29   39     13.998     -5.681     -2.262
  -1   -2     10.462    -11.124     -1.469
   4    1     15.918     -5.169      2.837
   3   -2     16.691     -1.622      2.160
   2    0     15.473     -7.695     -3.326
  30   -2     14.843     -1.681     -2.619
  24   -2     11.671     -5.317      2.704
  50   28      6.521    -10.997     -7.591
  -1   17     14.157     -2.134     -3.997
  -1   -2      9.849     -6.445     -4.812
  10   20      8.571    -11.078     -3.786
   1   10     12.180     -9.643     -3.776
  -1   -2     10.803     -9.844      3.305
  13   54     11.896     -8.548     -8.763
  -1   27     -4.913    -10.594     -1.717
  18    7     12.620     -9.522     -7.631
  54   -2      9.945     -3.358      6.481
  -1   18     14.325     -7.754     -9.452
   6   -2     11.559     -9.475      2.115
  56   -2     -3.613     -4.878      8.419
  16   30     13.452    -10.950     -6.171
  28   -2     15.526     -8.234     -0.959
  33   -2     14.967    -10.707     -8.731
  -1   -2      9.676    -10.740     -8.930
  11   16     13.052     -9.701     -7.955
  47    5      9.494     -2.421      3.237
   8   22     10.654     -9.595      6.460
  -1   -2     14.948     -7.297     -3.808
  -1   -2      8.547     -9.031     -4.829
  57   55     18.579     -7.998      7.255
  -1   61     15.075     -0.741     -4.296
  -1    4     19.389     -1.152      1.541
  44   31     -0.984     -7.864      9.548
  53   57     -2.173    -10.305     -6.175
  -1    8     22.380     -6.218     -9.450
  -1   -2     13.178      0.209     -1.432
  21   13     16.989     -7.993     -8.889
  48   47     -5.781     -4.420     -9.123
  34   40     -7.724     -3.504      6.956
  45   34     15.624     -5.117      6.185
  17   14     13.080     -6.457      0.088
  35   -2     -7.100     -3.452      6.283
  -1   -2     19.839     -6.482      0.376
  40   -2     -9.841     -0.765     -7.528
  46   41     -8.466     -6.687     -1.771
  32   24    -11.267     -9.906     -9.222
  14    9     10.824     -4.305      4.312
  -1   -2     11.421     -5.473     -2.206
  36   -2     -7.236     -8.487     -0.598
  -1   -2      9.236    -10.408     -0.870
  58   21     -2.112     -6.315      5.838
  -1   29     19.267     -4.837      1.403
  -1   15      6.233     -8.818      1.472
  -1    2     17.350     -3.425      5.623
  38   25      1.011    -10.777      9.479
  19   49     16.156      3.659     -8.757
  52   -2     12.865      3.334     -4.320
  49   -2     -6.841     -7.788     -0.420
  37   -2     14.500     -8.423     -4.869
  -1   52      9.512     -6.650     -3.796
  23   58     13.178      0.209     -1.432
