636
  58   -2      8.829     -5.255      9.062
   1    1      6.583     -7.478      7.291
  23   -2      6.886     -7.353     -2.610
  -1    3      6.793     -9.065     -2.878
  -1   52      7.116     -8.787      8.345
  48   18      9.958     -3.361      6.592
   4    5      5.489     -5.064      4.985
  12    6     12.004     -5.793     -8.818
   6   -2      6.314     -4.258     -3.075
 189   -2     16.481     -6.447     -2.457
  -1   10      6.755     -3.828      1.552
  -1   -2     11.859     -3.771      3.793
  -1   50      6.462     -9.590     -5.362
  -1   17     -1.682     -7.407     -6.602
  60   16     10.601     -5.352     -5.133
  -1   -2      9.309     -2.615      7.922
  -1   19      8.275     -7.312      6.366
  15   58     -0.675     -2.319     -3.202
  98   21     -5.457     -7.385      7.851
  22   -2     -0.768     -9.058      4.377
  16   25      3.853     -9.414     -6.786
  19   96      7.204     -4.743     -6.816
  18   -2     10.529      1.760      5.923
  79   -2     12.087     -5.401      1.202
  46   -2      4.917     -8.585      5.296
 150   -2      3.799     -5.038     -3.477
  21  100     -2.449     -9.425     -0.753
  -1   -2     -3.042     -2.172      9.697
  -1   15      6.605     -9.328     -1.240
  28   -2     -6.006     -8.196      2.830
  -1  301     17.607     -9.522      0.533
  67    9     11.958     -6.902      4.275
 165  203    -12.311     -1.479     -9.276
  34   -2      6.550     -1.663     -2.228
  93   36     10.175    -10.089     -2.997
  -1   63     10.546     -8.104      6.487
  35   43      9.673     -0.784     10.212
  38   41     -1.440     -5.457      3.066
  -1   -2     16.376     -8.502     -8.871
  43   40     15.374    -10.140     -5.691
   5   -2     10.083    -11.024     -5.862
  61   22      6.812     -2.309     -6.333
  41   91     -5.575     -5.345     -4.376
  39   44     10.753     -5.219      6.023
  76   -2     -8.326     -7.470      2.129
  40  111    -11.791     -6.802     -9.902
  14   39      8.662     -1.242      9.737
   2   -2     10.040     -8.092      5.496
  17   -2      6.728     -8.828      7.146
  69  165      9.433     -4.251      4.235
 102  154      5.544     -9.473     -9.124
  77   -2      3.751     -7.910      4.821
  -1   54     14.218     -6.748      5.368
  -1   76     -5.130    -10.434     -4.388
  -1   26     -8.761     -8.109      5.551
  89   -2     -3.248     -4.312     -5.512
  -1   53     10.982     -1.810      4.293
  55   60     -0.646     -6.532      9.433
  65   77     15.571     -0.677     -5.190
  53   55     -0.134     -7.053      8.578
  -1   62      9.821     -6.918      3.373
 148   -2     17.856     -1.573     -3.066
  -1    7      6.981     -9.084      4.693
  30   49      3.201     -7.476      9.300
  78   51     -9.439     -8.484      2.866
  -1   70     11.967     -5.717    -10.923
  62   66     19.347     -8.762     -5.759
  82   71     12.221     -8.726     -7.201
  -1   -2     14.125     -7.365     -6.042
  33   -2     -7.523     -8.362      1.320
  -1   73     12.963     -6.999      7.081
  -1   89     18.681     -8.951      0.807
  56   65     -2.134     -6.091      0.069
 119   99     -7.913     -3.963     -2.608
 138   -2     -2.784     -3.362      9.128
  -1   -2     14.690     -4.122      3.494
  32   -2      9.036     -5.750      3.967
  13  131     -3.229     -9.425     -8.991
  42   81      4.627     -2.925     -3.266
  20  137      6.249     -9.473     -9.576
  81   85     12.259      2.199      8.536
  -1   -2     14.276    -10.978     -5.475
  70   67     15.463     -7.354     -1.184
  64   -2     14.252     -7.272     -3.587
  94   -2      8.271     -4.597     -6.929
  87   -2     16.563     -9.524      2.195
  72   -2     15.447     -3.157     -1.373
 146   -2     -1.272     -7.303      6.422
 177   83     12.634      0.122     -3.350
 156   -2      9.580     -7.229     -5.432
  44   72     18.700     -7.930     -0.643
 168   -2      3.909     -9.485      0.900
  -1   74    -11.483     -9.818     -8.104
  91   97     16.253    -10.167     -9.468
 157   -2     -7.614     -7.374     -8.566
  -1   94     -0.182     -6.812     -4.201
  95   98      2.720     -1.595      9.645
  -1   -2      8.706     -5.439     -7.274
 155   -2      1.181     -1.627     -4.332
  -1  121     16.648      3.806    -10.039
  99   -2     -6.588     -3.056     -1.536
 116   -2     18.118      2.718      3.502
 154   -2     18.311     -2.205      4.432
  -1   -2     -0.278      0.748      8.965
  -1   -2      9.100      6.163      8.852
  -1   -2    -12.955     -5.171     -4.372
  -1   -2     16.333      1.007      0.474
  -1   -2     -0.036     -0.391      1.709
  -1  150     19.964     -0.123     -2.393
 109   -2     16.340     -2.990      0.284
  -1  156     20.532     -4.527     -3.984
  -1   86     -0.172     -5.715    -11.965
  -1   -2      0.273      4.702     -8.895
  -1  157    -10.289     -3.787     -0.339
  -1   -2    -10.572     -5.311    -10.011
 384  402    -11.543     -0.139      9.973
  -1   -2     -2.276    -10.566    -12.374
  -1  158     -0.323     -1.497      9.261
  -1   46    -12.866     -6.595     -8.088
 163  180     14.593     -9.628      3.885
 631  568     -6.407      3.759     -7.956
  -1  159     -8.564     -0.435     -8.365
  -1   45     -8.249     -6.711     -2.507
  -1   11     18.093     -5.215      0.460
 124  103    -11.174    -11.726     -9.106
  -1   -2     14.499      4.841      3.485
 122  126     16.264     -2.102    -11.628
  -1   -2      0.773     -5.079      2.402
 331  146     -1.025      2.406     -3.770
  -1   -2    -10.478      0.131     -3.722
  86   95     -4.087     -9.084     -7.923
  -1   -2     20.852     -5.312      7.708
  -1  649     -8.081      4.888     -9.942
  -1   30     -1.587     -9.184      6.017
  -1   -2     14.320      0.505      0.130
  -1   -2     19.190      4.814     -5.162
 137   82     -4.611     -0.739      5.065
  -1  127    -12.362      1.597     -8.614
  -1   37      5.242     -0.351      5.472
 139   -2     -0.903      2.024     -3.165
  -1   47      7.471     -1.671     -7.885
  -1  164     21.105     -0.998     -3.725
 274   69      1.167     -3.724     10.069
 144  139      5.002      1.734     -4.687
 111   61     15.975      1.123     -2.756
  -1   84     15.367     -3.598     -2.860
 153   -2     -5.866      2.572     -8.939
  -1   -2     20.326     -3.052     11.180
 290   20     -5.098     -1.741     -4.585
  -1   -2     -8.802    -10.073     -7.222
 151  141      1.662     -4.112      9.486
  -1   23     -0.959     -9.502      9.035
  -1   -2      7.887     -9.979     -5.061
 161  152      2.840      1.836      0.157
 115  155     13.666     -9.816      4.848
  -1   -2      6.650     -6.484     -7.481
 134   -2    -11.474     -3.946     -6.385
 164   -2     16.012     -5.437      6.859
  -1  161      6.121     -2.498      8.340
  31  105    -11.263     -3.025     -5.027
  -1   -2      6.957     -6.983      5.313
 211   -2     -9.912     -2.155     -6.608
 167  160     12.864      3.335     -4.317
  -1   -2     13.812     -3.082    -12.029
  -1   -2     19.819     -8.653     -1.326
  -1   -2     10.620     -9.838     -9.541
  -1  630     -1.948     -2.168     10.271
 125   -2      9.621    -10.890      1.482
  -1   -2      6.814     -3.807      1.725
  47   28     12.020     -3.789      3.394
  -1   -2     -3.030     -2.185      9.807
  -1   -2     17.487     -9.527      0.814
 147   -2     13.881     -5.139     -2.627
  -1   -2    -12.955     -5.171     -4.372
  -1   24      9.100      6.163      8.852
  -1  330     -0.278      0.748      8.965
  -1  102     16.333      1.007      0.474
  -1   -2     19.964     -0.123     -2.393
  -1   -2     -0.036     -0.391      1.709
  -1   -2     20.532     -4.527     -3.984
  -1   -2      0.273      4.702     -8.895
  -1   -2    -12.518     -1.537     -9.816
  -1   -2    -11.543     -0.139      9.973
  -1   -2     -0.323     -1.497      9.261
 185  132     -6.407      3.759     -7.956
  -1  248     14.499      4.841      3.485
  -1   -2     -1.025      2.406     -3.770
  -1   -2      0.773     -5.079      2.402
 213   -2     18.093     -5.215      0.460
  -1   -2     14.320      0.505      0.130
  -1   -2     -8.081      4.888     -9.942
  -1   -2     20.852     -5.312      7.708
  -1   -2     19.190      4.814     -5.162
  -1    4      9.921     -3.366      6.551
  -1   -2      6.814     -3.807      1.725
  -1   -2     12.020     -3.789      3.394
 195   -2      7.205     -9.677     -7.426
  -1   -2     17.487     -9.527      0.814
  -1   -2     -3.030     -2.185      9.807
  -1   -2      5.534     -5.038      4.736
 199  220      5.534     -5.038      4.736
  -1   -2      9.100      6.163      8.852
  -1   -2    -12.955     -5.171     -4.372
  -1   -2     -0.278      0.748      8.965
  -1   -2     16.333      1.007      0.474
  -1   -2     19.964     -0.123     -2.393
  -1   -2     20.532     -4.527     -3.984
 182   34    -12.518     -1.537     -9.816
  -1   -2      0.273      4.702     -8.895
  -1   -2     -0.036     -0.391      1.709
  -1   -2    -11.543     -0.139      9.973
  -1   -2     -0.323     -1.497      9.261
  -1   -2     -8.564     -0.435     -8.365
  -1   -2     -1.025      2.406     -3.770
  -1   -2      0.773     -5.079      2.402
  -1   -2     20.852     -5.312      7.708
  -1   -2     -8.081      4.888     -9.942
  -1   -2     19.190      4.814     -5.162
  -1   -2     14.320      0.505      0.130
  -1   -2      9.921     -3.366      6.551
  -1   -2      6.814     -3.807      1.725
  -1   -2     12.020     -3.789      3.394
  -1   -2     17.487     -9.527      0.814
  -1   -2     -3.030     -2.185      9.807
  -1   -2      9.100      6.163      8.852
  -1   -2     -0.278      0.748      8.965
  -1   -2     16.333      1.007      0.474
  -1   -2    -12.955     -5.171     -4.372
  -1   -2      0.273      4.702     -8.895
  -1   -2     19.964     -0.123     -2.393
  -1   -2     20.532     -4.527     -3.984
  -1   -2     -0.036     -0.391      1.709
  -1   -2    -11.543     -0.139      9.973
  -1   -2     -0.323     -1.497      9.261
  -1   -2     -8.564     -0.435     -8.365
  -1   -2      0.773     -5.079      2.402
  -1   -2     -1.025      2.406     -3.770
  -1   -2     -8.081      4.888     -9.942
  -1   -2     20.852     -5.312      7.708
 239  188     14.320      0.505      0.130
  -1   -2     19.190      4.814     -5.162
  -1   -2      9.921     -3.366      6.551
  -1   -2      6.814     -3.807      1.725
  -1   -2     12.020     -3.789      3.394
  -1   -2     17.487     -9.527      0.814
  -1   -2     -3.030     -2.185      9.807
  -1   -2      9.100      6.163      8.852
  -1   -2     -0.278      0.748      8.965
  -1   -2    -12.955     -5.171     -4.372
  -1   -2     16.333      1.007      0.474
  -1   -2     19.964     -0.123     -2.393
  -1   -2     20.532     -4.527     -3.984
  -1   -2      0.273      4.702     -8.895
  -1   -2     -0.036     -0.391      1.709
  -1   -2    -11.543     -0.139      9.973
  -1   -2     -0.323     -1.497      9.261
  -1   -2     -8.564     -0.435     -8.365
 123  235      0.773     -5.079      2.402
  -1   -2     20.852     -5.312      7.708
  -1   -2     -1.025      2.406     -3.770
  -1   -2     -8.081      4.888     -9.942
  -1   -2     19.190      4.814     -5.162
  -1   -2      9.921     -3.366      6.551
  -1   -2      9.921     -3.366      6.551
  -1   -2      6.814     -3.807      1.725
  11  263     12.020     -3.789      3.394
  -1   -2     17.487     -9.527      0.814
  -1   -2     -3.030     -2.185      9.807
  -1   -2      9.100      6.163      8.852
  -1   -2     -0.036     -0.391      1.709
  -1   -2     16.333      1.007      0.474
  -1   -2     -0.278      0.748      8.965
  -1   -2    -12.955     -5.171     -4.372
  -1   -2     19.964     -0.123     -2.393
  -1   -2     20.532     -4.527     -3.984
  -1   -2      0.273      4.702     -8.895
  -1   -2    -11.543     -0.139      9.973
  -1   -2     -0.323     -1.497      9.261
  -1   -2     -8.564     -0.435     -8.365
  -1   -2     -1.025      2.406     -3.770
  -1   -2     20.852     -5.312      7.708
  -1   -2     -8.081      4.888     -9.942
  -1   -2     19.190      4.814     -5.162
  -1   -2      6.814     -3.807      1.725
 282   -2     17.487     -9.527      0.814
  -1   -2     -3.030     -2.185      9.807
  -1   -2      9.100      6.163      8.852
  -1   -2     -0.278      0.748      8.965
  -1   -2     16.333      1.007      0.474
  -1   -2    -12.955     -5.171     -4.372
 272   -2     19.964     -0.123     -2.393
  -1   -2     20.532     -4.527     -3.984
  -1   -2     -0.036     -0.391      1.709
  -1   -2      0.273      4.702     -8.895
  -1   -2    -11.543     -0.139      9.973
  -1   -2     -0.323     -1.497      9.261
  75  294     -8.564     -0.435     -8.365
  -1   -2     20.852     -5.312      7.708
  -1   -2     -1.025      2.406     -3.770
  -1   -2     -8.081      4.888     -9.942
 280  299     19.190      4.814     -5.162
  -1   -2      9.921     -3.366      6.551
  -1   -2      9.921     -3.366      6.551
  -1   -2     -3.030     -2.185      9.807
  -1   -2      9.100      6.163      8.852
  -1   -2     -0.278      0.748      8.965
  -1   -2     16.333      1.007      0.474
  49   -2    -12.955     -5.171     -4.372
  -1   -2     20.532     -4.527     -3.984
  -1   -2     -0.036     -0.391      1.709
  -1   -2      0.273      4.702     -8.895
  -1   -2    -11.543     -0.139      9.973
  -1   -2     -0.323     -1.497      9.261
  -1   -2     20.852     -5.312      7.708
 187  138     -1.025      2.406     -3.770
  -1   -2     -8.081      4.888     -9.942
  -1   -2      9.921     -3.366      6.551
  -1   -2      6.814     -3.807      1.725
  -1   -2     -3.030     -2.185      9.807
  -1   -2     16.333      1.007      0.474
  -1   -2      9.100      6.163      8.852
  -1   -2     -0.278      0.748      8.965
  -1   -2     20.532     -4.527     -3.984
  -1   -2     -0.036     -0.391      1.709
  -1   -2      0.273      4.702     -8.895
  -1   -2    -11.543     -0.139      9.973
  -1   -2     -0.323     -1.497      9.261
  -1   -2     20.852     -5.312      7.708
  -1   -2     -8.081      4.888     -9.942
  -1   -2      6.814     -3.807      1.725
  -1   -2     -3.030     -2.185      9.807
  -1   -2     -0.278      0.748      8.965
  -1   -2      9.100      6.163      8.852
  -1   -2     16.333      1.007      0.474
  -1   -2     -0.036     -0.391      1.709
  -1   -2     20.532     -4.527     -3.984
  -1   -2      0.273      4.702     -8.895
  -1   -2    -11.543     -0.139      9.973
 114  274     -0.323     -1.497      9.261
  -1   -2     -8.081      4.888     -9.942
  -1   -2     20.852     -5.312      7.708
  -1   -2      6.814     -3.807      1.725
  -1   -2     -3.030     -2.185      9.807
  -1   -2      9.100      6.163      8.852
  -1   -2     -0.036     -0.391      1.709
  -1   -2     16.333      1.007      0.474
  -1   -2     -0.278      0.748      8.965
  -1   -2     20.532     -4.527     -3.984
  -1   -2      0.273      4.702     -8.895
  -1   -2    -11.543     -0.139      9.973
  -1   -2     20.852     -5.312      7.708
  -1   -2     -8.081      4.888     -9.942
  -1   -2      6.814     -3.807      1.725
  -1   -2     -3.030     -2.185      9.807
  -1   -2      9.100      6.163      8.852
  -1   -2     16.333      1.007      0.474
  -1   -2     -0.278      0.748      8.965
  -1   -2     -0.036     -0.391      1.709
  -1   -2     20.532     -4.527     -3.984
  -1   -2      0.273      4.702     -8.895
  -1   -2    -11.543     -0.139      9.973
  -1   -2     20.852     -5.312      7.708
  -1   -2     -8.081      4.888     -9.942
  -1   -2      9.921     -3.366      6.551
  -1   -2      9.921     -3.366      6.551
  -1   -2      6.814     -3.807      1.725
  -1   -2     -3.030     -2.185      9.807
  -1   -2      9.100      6.163      8.852
 103  260     16.333      1.007      0.474
  -1   -2     20.532     -4.527     -3.984
  -1   -2      0.273      4.702     -8.895
 176  367     -0.036     -0.391      1.709
  -1   -2    -11.543     -0.139      9.973
  -1   -2     20.852     -5.312      7.708
  -1   -2     -8.081      4.888     -9.942
  -1   -2      9.921     -3.366      6.551
  -1   -2      9.921     -3.366      6.551
  -1   -2      6.814     -3.807      1.725
  -1   -2     -3.030     -2.185      9.807
  -1   -2      9.100      6.163      8.852
  -1   -2     20.532     -4.527     -3.984
  -1   -2      0.273      4.702     -8.895
  -1   -2    -11.543     -0.139      9.973
  -1   -2     20.852     -5.312      7.708
  -1   -2     -8.081      4.888     -9.942
  -1   -2      9.921     -3.366      6.551
  -1   -2      9.921     -3.366      6.551
  -1   -2      6.814     -3.807      1.725
  -1   -2     -3.030     -2.185      9.807
  -1   -2      9.100      6.163      8.852
  -1   -2     20.532     -4.527     -3.984
  -1   -2      0.273      4.702     -8.895
 112  117    -11.543     -0.139      9.973
  -1   -2     20.852     -5.312      7.708
  -1   -2     -8.081      4.888     -9.942
  -1   -2      9.921     -3.366      6.551
  -1   -2      6.814     -3.807      1.725
  -1   -2     -3.030     -2.185      9.807
  -1   -2      9.100      6.163      8.852
  -1   -2     20.532     -4.527     -3.984
  -1   -2      0.273      4.702     -8.895
  -1   -2     -8.081      4.888     -9.942
  -1   -2     20.852     -5.312      7.708
  -1   -2      6.814     -3.807      1.725
  -1   -2     -3.030     -2.185      9.807
  -1   -2      9.100      6.163      8.852
  -1   -2      0.273      4.702     -8.895
  -1   -2     20.532     -4.527     -3.984
  -1   -2     -8.081      4.888     -9.942
 128  424     20.852     -5.312      7.708
  -1   -2      9.921     -3.366      6.551
  -1   -2      9.921     -3.366      6.551
  -1   -2      6.814     -3.807      1.725
  -1   -2     -3.030     -2.185      9.807
  -1   -2      9.100      6.163      8.852
  -1   -2      0.273      4.702     -8.895
  -1   -2     20.532     -4.527     -3.984
  -1   -2     -8.081      4.888     -9.942
  -1   -2      9.921     -3.366      6.551
  -1   -2      6.814     -3.807      1.725
  -1   -2     -3.030     -2.185      9.807
  -1   -2      9.100      6.163      8.852
  -1   -2     20.532     -4.527     -3.984
  -1   -2      0.273      4.702     -8.895
  -1   -2     -8.081      4.888     -9.942
  -1   -2      6.814     -3.807      1.725
  -1   -2     -3.030     -2.185      9.807
  -1   -2      9.100      6.163      8.852
  -1   -2     20.532     -4.527     -3.984
  -1   -2      0.273      4.702     -8.895
  -1   -2     -8.081      4.888     -9.942
  -1   -2      9.921     -3.366      6.551
  -1   -2      9.921     -3.366      6.551
  -1   -2      6.814     -3.807      1.725
  -1   -2     -3.030     -2.185      9.807
  -1   -2      9.100      6.163      8.852
  -1   -2     20.532     -4.527     -3.984
  -1   -2      0.273      4.702     -8.895
  -1   -2     -8.081      4.888     -9.942
  -1   -2      9.921     -3.366      6.551
  -1   -2      9.921     -3.366      6.551
  -1   -2      6.814     -3.807      1.725
  -1   -2     -3.030     -2.185      9.807
  -1   -2      9.100      6.163      8.852
  -1   -2      0.273      4.702     -8.895
  -1   -2     20.532     -4.527     -3.984
  -1   -2     -8.081      4.888     -9.942
  -1   -2      6.814     -3.807      1.725
  -1   -2     -3.030     -2.185      9.807
  -1   -2     20.532     -4.527     -3.984
  -1   -2      0.273      4.702     -8.895
 443  170      9.100      6.163      8.852
  -1   -2     -8.081      4.888     -9.942
  -1   -2      9.921     -3.366      6.551
  -1   -2      6.814     -3.807      1.725
  -1   -2     -3.030     -2.185      9.807
  -1   -2     20.532     -4.527     -3.984
  -1   -2      0.273      4.702     -8.895
  -1   -2     -8.081      4.888     -9.942
  -1   -2      9.921     -3.366      6.551
  -1   -2      9.921     -3.366      6.551
  -1   -2      6.814     -3.807      1.725
  -1   -2     -3.030     -2.185      9.807
 110  445     20.532     -4.527     -3.984
  -1   -2      0.273      4.702     -8.895
  -1   -2     -8.081      4.888     -9.942
  -1   -2      9.921     -3.366      6.551
  -1   -2      9.921     -3.366      6.551
  -1   -2      6.814     -3.807      1.725
  -1   -2     -3.030     -2.185      9.807
  -1   -2      0.273      4.702     -8.895
  -1   -2     -8.081      4.888     -9.942
  -1   -2      9.921     -3.366      6.551
  -1   -2      6.814     -3.807      1.725
  -1   -2      0.273      4.702     -8.895
  -1   -2     -8.081      4.888     -9.942
  -1   -2      6.814     -3.807      1.725
  -1   -2     -3.030     -2.185      9.807
  -1   -2      0.273      4.702     -8.895
  -1   -2     -8.081      4.888     -9.942
  -1   -2      9.921     -3.366      6.551
  -1   -2      9.921     -3.366      6.551
  -1   -2      6.814     -3.807      1.725
  -1   -2     -3.030     -2.185      9.807
  -1   -2      0.273      4.702     -8.895
  -1   -2     -8.081      4.888     -9.942
  -1   -2      9.921     -3.366      6.551
  -1   -2      6.814     -3.807      1.725
  -1   -2     -3.030     -2.185      9.807
  -1   -2      0.273      4.702     -8.895
  -1   -2     -8.081      4.888     -9.942
  -1   -2      6.814     -3.807      1.725
  -1   -2     -3.030     -2.185      9.807
  -1   -2      0.273      4.702     -8.895
  -1   -2     -8.081      4.888     -9.942
  -1   -2      6.814     -3.807      1.725
  -1   -2     -3.030     -2.185      9.807
  -1   -2      0.273      4.702     -8.895
  -1   -2     -8.081      4.888     -9.942
  -1   -2      9.921     -3.366      6.551
  -1   -2      9.921     -3.366      6.551
  -1   -2      6.814     -3.807      1.725
  -1   -2     -3.030     -2.185      9.807
  -1   -2      0.273      4.702     -8.895
  -1   -2     -8.081      4.888     -9.942
  -1   -2      9.921     -3.366      6.551
  -1   -2      6.814     -3.807      1.725
  -1   -2     -3.030     -2.185      9.807
  -1   -2      0.273      4.702     -8.895
  -1   -2     -8.081      4.888     -9.942
  -1   -2      9.921     -3.366      6.551
  -1   -2      6.814     -3.807      1.725
  -1   -2     -3.030     -2.185      9.807
  -1   -2      0.273      4.702     -8.895
  -1   -2     -8.081      4.888     -9.942
  -1   -2      9.921     -3.366      6.551
  -1   -2      6.814     -3.807      1.725
  -1   -2     -3.030     -2.185      9.807
  -1   -2      0.273      4.702     -8.895
  -1   -2     -8.081      4.888     -9.942
  -1   -2      9.921     -3.366      6.551
  -1   -2      9.921     -3.366      6.551
  -1   -2      6.814     -3.807      1.725
  -1   -2     -3.030     -2.185      9.807
  -1   -2      0.273      4.702     -8.895
  -1   -2     -8.081      4.888     -9.942
  -1   -2      9.921     -3.366      6.551
  -1   -2      6.814     -3.807      1.725
  -1   -2     -3.030     -2.185      9.807
  -1   -2      0.273      4.702     -8.895
  -1   -2     -8.081      4.888     -9.942
  -1   -2      9.921     -3.366      6.551
  -1   -2      9.921     -3.366      6.551
  -1   -2      6.814     -3.807      1.725
  -1   -2     -3.030     -2.185      9.807
  -1   -2      0.273      4.702     -8.895
  -1   -2     -8.081      4.888     -9.942
  -1   -2      9.921     -3.366      6.551
  -1   -2      6.814     -3.807      1.725
  -1   -2     -3.030     -2.185      9.807
  -1   -2      0.273      4.702     -8.895
  -1   -2     -8.081      4.888     -9.942
  -1   -2      9.921     -3.366      6.551
  -1   -2      9.921     -3.366      6.551
  -1   -2      6.814     -3.807      1.725
  -1   -2     -3.030     -2.185      9.807
  -1   -2      0.273      4.702     -8.895
  -1   -2     -8.081      4.888     -9.942
  -1   -2      9.921     -3.366      6.551
  -1   -2      9.921     -3.366      6.551
  -1   -2      6.814     -3.807      1.725
  -1   -2     -3.030     -2.185      9.807
  -1   -2      0.273      4.702     -8.895
  -1   -2     -8.081      4.888     -9.942
  -1   -2      6.814     -3.807      1.725
  -1   -2     -3.030     -2.185      9.807
  -1   -2      0.273      4.702     -8.895
  -1   -2     -8.081      4.888     -9.942
  -1   -2      9.921     -3.366      6.551
  -1   -2      6.814     -3.807      1.725
  -1   -2     -3.030     -2.185      9.807
  -1   -2      0.273      4.702     -8.895
  -1   -2     -8.081      4.888     -9.942
  -1   -2      9.921     -3.366      6.551
  -1   -2      6.814     -3.807      1.725
  -1   -2     -3.030     -2.185      9.807
  -1   -2      0.273      4.702     -8.895
  -1   -2     -8.081      4.888     -9.942
  -1   -2      6.814     -3.807      1.725
  -1   -2     -3.030     -2.185      9.807
  -1   -2      0.273      4.702     -8.895
  -1   -2     -8.081      4.888     -9.942
  -1   -2      9.921     -3.366      6.551
  -1   -2      6.814     -3.807      1.725
  -1   -2     -3.030     -2.185      9.807
  -1   -2      0.273      4.702     -8.895
  -1   -2     -8.081      4.888     -9.942
 193  580      9.921     -3.366      6.551
  -1   -2      6.814     -3.807      1.725
  -1   -2     -3.030     -2.185      9.807
  -1   -2      0.273      4.702     -8.895
  -1   -2     -8.081      4.888     -9.942
 170  584      6.814     -3.807      1.725
  -1   -2     -3.030     -2.185      9.807
  -1   -2      0.273      4.702     -8.895
  -1   -2     -8.081      4.888     -9.942
  -1   -2     -3.030     -2.185      9.807
  -1   -2      0.273      4.702     -8.895
  -1   -2     -8.081      4.888     -9.942
  -1   -2     -3.030     -2.185      9.807
  -1   -2      0.273      4.702     -8.895
  -1   -2     -8.081      4.888     -9.942
  -1   -2     -3.030     -2.185      9.807
  -1   -2      0.273      4.702     -8.895
  -1   -2     -8.081      4.888     -9.942
  -1   -2     -3.030     -2.185      9.807
  -1   -2      0.273      4.702     -8.895
  -1   -2     -8.081      4.888     -9.942
  -1   -2      0.273      4.702     -8.895
  -1   -2     -8.081      4.888     -9.942
  -1   -2     -3.030     -2.185      9.807
  -1   -2      0.273      4.702     -8.895
  -1   -2     -8.081      4.888     -9.942
 612   -2     -3.030     -2.185      9.807
  -1   -2      0.273      4.702     -8.895
  -1   -2     -8.081      4.888     -9.942
  -1   -2      0.273      4.702     -8.895
  -1   -2     -8.081      4.888     -9.942
  -1   -2      0.273      4.702     -8.895
  -1   -2     -8.081      4.888     -9.942
  -1   -2      0.273      4.702     -8.895
  -1   -2     -8.081      4.888     -9.942
  -1   -2      0.273      4.702     -8.895
  -1   -2     -8.081      4.888     -9.942
  -1   -2      0.273      4.702     -8.895
  -1   -2     -8.081      4.888     -9.942
  -1   -2      0.273      4.702     -8.895
  -1   -2      0.273      4.702     -8.895
  -1   -2      0.273      4.702     -8.895
  -1   -2      0.273      4.702     -8.895
  -1   -2      0.273      4.702     -8.895
  -1   -2      0.273      4.702     -8.895
  -1   -2      0.273      4.702     -8.895
  -1   -2      0.273      4.702     -8.895
  -1   -2      0.273      4.702     -8.895
  -1   -2      0.273      4.702     -8.895
  -1   -2      0.273      4.702     -8.895
  -1   -2      0.273      4.702     -8.895
  -1   -2      0.273      4.702     -8.895
  -1   -2      0.273      4.702     -8.895
  -1   -2      0.273      4.702     -8.895
  -1   -2      0.273      4.702     -8.895
  -1   -2      0.273      4.702     -8.895
  -1   -2      0.273      4.702     -8.895
  -1   -2      0.273      4.702     -8.895
 181  661      0.273      4.702     -8.895
