520
   0    0      8.824     -5.256      9.039
 173   -2      7.303     -8.942      7.113
  80   11      9.160     -7.539      4.770
   2    2      9.962     -3.359      6.581
   3    3     -4.766     -6.708     -5.006
  39  335      2.577     -6.407      5.723
  50   -2     12.007     -5.790     -8.812
  -1   -2      3.216     -9.997      9.524
   8   76      6.398     -4.267     -2.768
 107   50     16.479     -6.447     -2.464
 488    6     -4.802     -3.014      9.671
  -1   -2      6.735     -3.837      1.482
  -1   -2     11.857     -3.766      3.777
  10   10     10.602     -5.353     -5.143
  13   -2      9.305     -2.612      7.933
  12   13     10.260     -8.081      7.183
 150   41     -0.675     -2.320     -3.203
  18   78      7.205     -4.742     -6.823
  -1   24     -0.770     -9.058      4.369
  17   19     10.529      1.757      5.925
  -1   -2     -5.217     -7.724      6.607
 143   -2      3.802     -5.037     -3.474
  -1   -2     -3.045     -2.171      9.704
 171   36     -2.455     -9.427     -0.761
  -1   23      4.920     -8.580      5.282
  25   22     12.055     -5.394      1.224
  -1   21      2.763     -7.785      7.926
 133   26     11.957     -6.900      4.238
  28   27      9.674     -0.783     10.208
  29   31     10.176    -10.084     -3.013
  -1   34     11.069     -1.745      3.703
  27   -2     -1.435     -5.460      3.045
  34   -2     -8.324     -7.470      2.126
  46  111     -5.574     -5.346     -4.383
  30   -2     10.754     -5.219      6.018
  31   -2      6.809     -2.311     -6.349
  32   -2      1.387     -9.946      4.156
  36  340      9.432     -4.251      4.236
  -1   -2     -4.424     -9.115     -1.345
 105   66    -11.693     -6.314     -5.324
  21   37      4.141     -7.808      5.894
  40   -2     14.218     -6.746      5.363
  -1   56     19.036     -7.916     -1.437
  -1   39     15.571     -0.677     -5.206
  15   32     -3.247     -4.311     -5.510
  -1   -2     -2.928     -9.502      3.432
  75  138      7.758     -0.068     -7.693
  38   51      0.495     -6.178      8.492
  19   48     -5.914     -8.184      3.048
  -1    1      7.557     -9.051      4.930
  72  151     14.123     -7.364     -6.041
  91   58     13.059      0.154     -1.155
  54   84     17.608     -9.519      0.520
 111    9      9.817     -6.918      3.353
 163   77     -7.912     -3.962     -2.607
  60   -2     -2.139     -6.092      0.055
  48   46     -0.648     -6.531      9.428
  -1   -2     18.693     -8.954      0.766
  -1   52     -0.129     -7.052      8.555
 154  140     17.856     -1.569     -3.068
   5   53     11.967     -5.715    -10.918
  57   55     19.923     -8.634     -3.473
  -1   -2     18.712    -10.910     -5.395
  -1   -2     13.075     -6.999      6.813
  59   -2     11.997     -8.626     -6.545
  58   -2      7.710     -9.340      1.948
  61   62     14.691     -4.123      3.507
  -1   35      9.040     -5.753      3.957
  20   65      4.622     -2.926     -3.262
  65   -2     14.766     -2.498     -4.693
 122   -2     -9.678     -2.128     -7.442
 145   -2     -2.190     -9.047      8.223
  96   -2     15.460     -3.173     -1.408
  67   -2     -9.573     -6.681     -2.942
 126   -2     11.238    -10.569      3.164
 189  145     15.465     -7.357     -1.194
 155   74      8.718     -7.503     -9.722
  82   72      9.500     -4.740     -7.450
  84   -2     -8.030     -6.598     -1.559
  62   68      2.707    -10.372      8.683
  -1   -2      1.184     -1.631     -4.342
  -1   42     -7.372     -9.799      6.578
   7  165     -4.166    -10.461     -8.945
  78   -2     -3.779     -6.864      0.063
  77   28     -0.978     -6.762     -1.795
  73   -2      8.704     -5.439     -7.287
 188   -2      0.350     -4.202      0.739
  81   82     -6.591     -3.056     -1.542
 185  173     16.870     -9.524      1.464
  -1  435     -0.280      0.751      8.963
  -1   -2     16.332      1.008      0.471
  -1   79    -13.219    -10.284      1.200
 193   -2     17.551      2.358     -1.597
  -1   -2      0.264      4.703     -8.914
  -1   -2     -0.035     -0.390      1.716
  -1   -2     19.965     -0.123     -2.394
  -1   -2     13.572      0.745     -2.509
  -1   43     20.532     -4.528     -3.988
  -1   94     16.341     -2.989      0.277
  -1   -2      8.194    -11.130      8.597
 125   -2    -12.519     -1.536     -9.817
  -1  164    -10.288     -3.782     -0.337
  -1   73     -0.182     -5.718    -11.999
  94   98      9.323    -10.824      7.442
  -1   -2    -11.548     -0.139      9.988
  -1   33    -10.570     -5.310    -10.013
 102  102      8.300    -11.003     -1.243
  -1   -2     -0.334     -1.498      9.290
  -1   -2     -8.560     -0.433     -8.379
  -1   -2     14.601     -9.628      3.858
  68  103     -2.449    -10.788     10.077
 164   -2     11.228     -9.937     10.367
  -1  332     -6.407      3.760     -7.951
 109  110      7.214     -9.680     -7.479
  -1    5     18.091     -5.221      0.458
 123   -2     -2.461    -10.604     11.554
 507  530     14.500      4.843      3.480
  -1   80      0.785     -5.081      2.365
 113   64     16.267     -2.102    -11.636
 502  436     -1.026      2.409     -3.774
  -1  116    -10.325      0.079     -3.338
 117  118      7.649     -8.692     10.042
  -1   -2     -7.188     -1.950    -10.113
 118   63     11.935      2.178      7.511
  -1   -2     -8.082      4.888     -9.932
  -1  128     16.675    -11.521      3.619
 491  514      2.436     -0.898      9.450
  -1  396     10.876     -8.957     -4.993
  -1   96    -12.362      1.599     -8.615
  -1   -2     19.190      4.818     -5.160
 129  124     -4.612     -0.737      5.061
  -1   71     11.931    -11.326     -0.453
 177   -2     -0.905      2.027     -3.166
 132  131      6.132     -9.586    -10.836
  -1   30      7.477     -1.670     -7.860
  -1  132     13.939     -7.688      9.942
 140  129     20.850     -5.311      7.699
 137  152      5.003      1.734     -4.687
  -1   -2    -16.487     -8.848      7.495
  -1  161      4.654    -10.380      2.180
 134  147      1.173     -3.722     10.051
  -1  308     21.102     -0.995     -3.722
 139   -2     -0.733     -9.303      8.680
 144  148     15.375     -3.596     -2.880
 146   59      3.529    -10.105     10.252
 141   -2     15.975      1.121     -2.757
 138   57     12.596     -6.976     10.726
 142  141      4.853     -7.474      0.414
 283   -2      1.661     -4.112      9.484
  -1   -2      1.866     -1.592     11.950
  -1   -2     -8.202     -7.630    -12.441
 459  142     -5.865      2.574     -8.936
  -1   -2     -5.863    -10.467      7.713
 128  380      2.838      1.840      0.151
 147   -2     -8.858    -12.104     -9.733
 151  162    -11.310     -9.881     -8.740
  -1   89     12.869      3.330     -4.328
  51   -2      9.981     -7.271     -6.501
  24   54      6.950     -6.984      5.332
  -1   60     14.695     -7.393    -11.407
  -1   -2      6.644     -6.482     -7.470
  -1  155     17.403      2.670      5.122
  -1   -2      8.409     -9.919      6.871
  -1   -2     16.496    -10.507     -1.333
  -1   38     16.013     -5.439      6.859
  79  160     -6.133    -11.863     -6.148
  89   -2    -11.265     -3.024     -5.025
 161  166      6.118     -2.494      8.351
  -1  167     13.810     -3.080    -12.029
  -1   29      3.786     -9.470      1.232
  -1   -2      6.735     -3.837      1.482
  -1   -2     12.005     -3.786      3.410
  -1   69     -0.832     -9.065      4.203
  -1   -2     -3.032     -2.183      9.805
  -1   -2      7.717     -9.060      4.518
  -1   -2     -0.280      0.751      8.963
  -1   -2     16.332      1.008      0.471
  -1   16     -0.035     -0.390      1.716
  -1   -2      8.194    -11.130      8.597
  -1  143     19.965     -0.123     -2.394
  -1   -2     20.532     -4.528     -3.988
  -1   -2     13.572      0.745     -2.509
  -1  130      0.264      4.703     -8.914
  -1   -2    -11.548     -0.139      9.988
  -1   -2     -0.334     -1.498      9.290
 148   85     -8.560     -0.433     -8.379
  -1   -2     -6.407      3.760     -7.951
  -1  312     14.601     -9.628      3.858
  -1   -2     18.377     -5.292      1.530
  -1   -2      0.785     -5.081      2.365
  -1  177     14.500      4.843      3.480
  -1   -2     -1.026      2.409     -3.774
  -1   -2      2.436     -0.898      9.450
  -1   -2     -8.082      4.888     -9.932
  -1   -2     10.876     -8.957     -4.993
  -1   88     19.190      4.818     -5.160
  -1   -2      0.804     -1.656     -3.203
  -1   -2     -5.863    -10.467      7.713
  -1  476      9.921     -3.366      6.552
  -1   -2      6.735     -3.837      1.482
  -1   -2     12.005     -3.786      3.410
  -1   -2     -0.832     -9.065      4.203
  -1   -2     -3.032     -2.183      9.805
  -1   -2      7.717     -9.060      4.518
  -1   -2     -0.280      0.751      8.963
  -1   -2     -0.035     -0.390      1.716
 112   -2     16.332      1.008      0.471
  -1   -2     19.965     -0.123     -2.394
  -1   -2     13.572      0.745     -2.509
  -1   -2     20.532     -4.528     -3.988
  -1   -2      0.264      4.703     -8.914
  -1   -2    -11.548     -0.139      9.988
  -1   -2     -0.334     -1.498      9.290
  -1   -2     -8.560     -0.433     -8.379
  -1   -2     -6.407      3.760     -7.951
  -1   -2     14.601     -9.628      3.858
  -1   -2     14.500      4.843      3.480
  -1   -2     -1.026      2.409     -3.774
  -1   -2      0.785     -5.081      2.365
  -1   -2     -8.082      4.888     -9.932
  -1   -2      2.436     -0.898      9.450
  -1   -2      9.048     -9.923      8.774
  -1   -2     19.190      4.818     -5.160
  -1   -2     10.876     -8.957     -4.993
  -1   -2      0.804     -1.656     -3.203
  76  250     -5.863    -10.467      7.713
  -1   -2      9.921     -3.366      6.552
  -1   -2      6.735     -3.837      1.482
  -1   -2     12.005     -3.786      3.410
  -1   -2     -0.832     -9.065      4.203
  -1   -2      7.717     -9.060      4.518
  -1   -2     -0.280      0.751      8.963
  -1   -2     -0.035     -0.390      1.716
  -1   -2     19.965     -0.123     -2.394
  -1   -2      0.264      4.703     -8.914
  -1   -2     13.572      0.745     -2.509
  -1   -2     20.532     -4.528     -3.988
  -1   -2    -11.548     -0.139      9.988
  -1   -2     -0.334     -1.498      9.290
  -1   -2     14.601     -9.628      3.858
  -1   -2     -8.560     -0.433     -8.379
  -1   -2     -6.407      3.760     -7.951
 215   -2     18.377     -5.292      1.530
  -1   -2     14.500      4.843      3.480
  -1   -2      0.785     -5.081      2.365
  -1   -2     -1.026      2.409     -3.774
  -1   -2      2.436     -0.898      9.450
  -1   -2     -8.082      4.888     -9.932
  -1   -2     19.190      4.818     -5.160
  -1   -2     10.876     -8.957     -4.993
  -1   -2      9.921     -3.366      6.552
  -1   -2      6.735     -3.837      1.482
   9  253     12.005     -3.786      3.410
  -1   -2     -0.832     -9.065      4.203
  -1   -2     -3.032     -2.183      9.805
  -1   -2      7.717     -9.060      4.518
  -1   -2     -0.280      0.751      8.963
  -1   -2     19.965     -0.123     -2.394
  -1   -2     13.572      0.745     -2.509
  -1   -2     20.532     -4.528     -3.988
  -1   -2     -0.035     -0.390      1.716
  -1   -2      0.264      4.703     -8.914
  -1   -2    -11.548     -0.139      9.988
  -1   -2     -0.334     -1.498      9.290
  -1   -2     -6.407      3.760     -7.951
  -1   -2     -8.560     -0.433     -8.379
  -1   -2     14.601     -9.628      3.858
  -1   -2     14.500      4.843      3.480
  -1   -2     -1.026      2.409     -3.774
  -1   -2      0.785     -5.081      2.365
  -1   -2      2.436     -0.898      9.450
  -1   -2     -8.082      4.888     -9.932
  -1   -2     10.876     -8.957     -4.993
  -1   -2     19.190      4.818     -5.160
  -1   -2      9.921     -3.366      6.552
  -1   -2      6.735     -3.837      1.482
  -1   -2     -3.032     -2.183      9.805
  -1   -2      7.717     -9.060      4.518
  -1   -2     -0.280      0.751      8.963
  -1   -2     -0.035     -0.390      1.716
  -1   -2     13.572      0.745     -2.509
 180   92     20.532     -4.528     -3.988
  -1   -2      0.264      4.703     -8.914
  -1   -2    -11.548     -0.139      9.988
 103  287     -0.334     -1.498      9.290
  -1   -2     -6.407      3.760     -7.951
  -1   -2     14.601     -9.628      3.858
  69   -2     -8.560     -0.433     -8.379
  -1   -2     -1.026      2.409     -3.774
  -1   -2     14.500      4.843      3.480
  -1   -2      0.785     -5.081      2.365
  -1   -2     -8.082      4.888     -9.932
  -1   -2      2.436     -0.898      9.450
  -1   -2     10.876     -8.957     -4.993
  -1   -2     19.190      4.818     -5.160
  -1   -2      9.921     -3.366      6.552
  -1   -2      6.735     -3.837      1.482
  -1   -2     -0.832     -9.065      4.203
  -1   -2      7.717     -9.060      4.518
  -1   -2     -0.280      0.751      8.963
  -1   -2     13.572      0.745     -2.509
  -1   -2     -0.035     -0.390      1.716
  -1   -2      0.264      4.703     -8.914
  -1   -2    -11.548     -0.139      9.988
  -1   -2     -6.407      3.760     -7.951
  -1   -2     14.601     -9.628      3.858
  -1   -2     14.500      4.843      3.480
  -1   -2     -1.026      2.409     -3.774
  -1   -2      0.785     -5.081      2.365
  -1   -2     -8.082      4.888     -9.932
  -1   -2      2.436     -0.898      9.450
  -1   -2     19.190      4.818     -5.160
  -1   -2     10.876     -8.957     -4.993
  -1   -2      6.735     -3.837      1.482
  -1   -2     -0.832     -9.065      4.203
  -1   -2     -3.032     -2.183      9.805
  -1   -2      7.717     -9.060      4.518
  -1   -2     -0.280      0.751      8.963
  -1   -2     -0.035     -0.390      1.716
  -1   -2     13.572      0.745     -2.509
  -1   -2      0.264      4.703     -8.914
  -1   -2    -11.548     -0.139      9.988
  -1   -2     14.601     -9.628      3.858
 306   -2     -6.407      3.760     -7.951
  -1   -2     14.500      4.843      3.480
 114  190     -1.026      2.409     -3.774
  -1   -2     -8.082      4.888     -9.932
  -1   -2      2.436     -0.898      9.450
  -1   -2     19.190      4.818     -5.160
  -1   -2     10.876     -8.957     -4.993
  -1   -2      6.735     -3.837      1.482
  -1   -2     -0.832     -9.065      4.203
  -1   -2     -3.032     -2.183      9.805
  -1   -2      7.717     -9.060      4.518
  -1   -2     -0.280      0.751      8.963
  -1   -2     13.572      0.745     -2.509
  -1   -2     -0.035     -0.390      1.716
  -1   -2      0.264      4.703     -8.914
 340  365    -11.548     -0.139      9.988
  87   -2     14.601     -9.628      3.858
  -1   -2     14.500      4.843      3.480
  -1   -2      2.436     -0.898      9.450
  -1   -2     -8.082      4.888     -9.932
  -1   -2     19.190      4.818     -5.160
  -1   -2     10.876     -8.957     -4.993
  -1   -2      6.735     -3.837      1.482
  -1   -2     -3.032     -2.183      9.805
  -1   -2      7.717     -9.060      4.518
  -1   -2     -0.280      0.751      8.963
  -1   -2     -0.035     -0.390      1.716
  -1   -2     13.572      0.745     -2.509
  -1   -2      0.264      4.703     -8.914
  -1   -2     14.500      4.843      3.480
  -1   -2     -8.082      4.888     -9.932
  -1   -2      2.436     -0.898      9.450
  -1   -2     10.876     -8.957     -4.993
  -1   -2     19.190      4.818     -5.160
  -1   -2      6.735     -3.837      1.482
  -1   -2     -0.832     -9.065      4.203
  -1   -2     -0.832     -9.065      4.203
  -1   -2     -3.032     -2.183      9.805
  -1   -2      7.717     -9.060      4.518
  -1   -2     -0.280      0.751      8.963
  -1   -2     -0.035     -0.390      1.716
  -1   -2     13.572      0.745     -2.509
  -1   -2      0.264      4.703     -8.914
  -1   -2     14.500      4.843      3.480
  -1   -2      2.436     -0.898      9.450
  -1   -2     -8.082      4.888     -9.932
  -1   -2     10.876     -8.957     -4.993
  -1   -2     19.190      4.818     -5.160
  -1   -2      6.735     -3.837      1.482
  -1   -2     -0.832     -9.065      4.203
  -1   -2     -0.832     -9.065      4.203
  -1   -2     -3.032     -2.183      9.805
  -1   -2      7.717     -9.060      4.518
  -1   -2     -0.280      0.751      8.963
  -1   -2     13.572      0.745     -2.509
  -1   -2      0.264      4.703     -8.914
  -1   -2     -0.035     -0.390      1.716
  -1   -2     14.500      4.843      3.480
  -1   -2      2.436     -0.898      9.450
  -1   -2     -8.082      4.888     -9.932
  -1   -2     10.876     -8.957     -4.993
  -1   -2     19.190      4.818     -5.160
  -1   -2      6.735     -3.837      1.482
  -1   -2     -0.832     -9.065      4.203
  -1   -2     -0.832     -9.065      4.203
  -1   -2     -3.032     -2.183      9.805
  -1   -2      7.717     -9.060      4.518
  -1   -2     -0.280      0.751      8.963
  -1   -2      0.264      4.703     -8.914
  -1   -2     -0.035     -0.390      1.716
  -1   -2     14.500      4.843      3.480
  -1   -2     -8.082      4.888     -9.932
  -1   -2      2.436     -0.898      9.450
 384   -2     10.876     -8.957     -4.993
  -1   -2     19.190      4.818     -5.160
  -1   -2      6.735     -3.837      1.482
  -1   -2     -0.832     -9.065      4.203
  -1   -2     -0.832     -9.065      4.203
  -1   -2     -3.032     -2.183      9.805
  -1   -2      7.717     -9.060      4.518
  -1   -2     -0.280      0.751      8.963
 412   -2     -0.035     -0.390      1.716
  -1   -2      0.264      4.703     -8.914
  -1   -2     14.500      4.843      3.480
  -1   -2     -8.082      4.888     -9.932
  -1   -2      2.436     -0.898      9.450
  -1   -2     19.190      4.818     -5.160
  -1   -2      6.735     -3.837      1.482
  -1   -2     -0.832     -9.065      4.203
  -1   -2     -0.832     -9.065      4.203
  -1   -2     -3.032     -2.183      9.805
  -1   -2      7.717     -9.060      4.518
  -1   -2      0.264      4.703     -8.914
  -1   -2     14.500      4.843      3.480
  -1   -2     -8.082      4.888     -9.932
  -1   -2      2.436     -0.898      9.450
  -1   -2     19.190      4.818     -5.160
  -1   -2      6.735     -3.837      1.482
  -1   -2     -0.832     -9.065      4.203
  -1   -2     -0.832     -9.065      4.203
  -1   -2     -3.032     -2.183      9.805
  -1   -2      7.717     -9.060      4.518
  -1   -2      0.264      4.703     -8.914
  -1   -2     14.500      4.843      3.480
  -1   -2     -8.082      4.888     -9.932
  -1   -2      2.436     -0.898      9.450
  -1   -2     19.190      4.818     -5.160
  -1   -2      6.735     -3.837      1.482
  -1   -2     -0.832     -9.065      4.203
  -1   -2     -0.832     -9.065      4.203
  -1   -2     -3.032     -2.183      9.805
  -1   -2      7.717     -9.060      4.518
  -1   -2      0.264      4.703     -8.914
  -1   -2     14.500      4.843      3.480
  -1   -2      2.436     -0.898      9.450
  -1   -2     -8.082      4.888     -9.932
  -1   -2     19.190      4.818     -5.160
  -1   -2      6.735     -3.837      1.482
  -1   -2     -0.832     -9.065      4.203
  -1   -2     -0.832     -9.065      4.203
  22  501     -3.032     -2.183      9.805
  -1   -2      7.717     -9.060      4.518
  -1   -2      0.264      4.703     -8.914
  -1   -2     14.500      4.843      3.480
  -1   -2     -8.082      4.888     -9.932
  -1   -2      2.436     -0.898      9.450
  -1   -2     19.190      4.818     -5.160
  -1   -2      6.735     -3.837      1.482
  -1   -2     -0.832     -9.065      4.203
  -1   -2     -0.832     -9.065      4.203
  -1   -2      7.717     -9.060      4.518
  -1   -2      0.264      4.703     -8.914
  -1   -2     14.500      4.843      3.480
  -1   -2      2.436     -0.898      9.450
  -1   -2     -8.082      4.888     -9.932
  -1   -2     19.190      4.818     -5.160
  -1   -2      6.735     -3.837      1.482
  -1   -2     -0.832     -9.065      4.203
  -1   -2     -0.832     -9.065      4.203
  45  470      7.717     -9.060      4.518
  -1   -2      0.264      4.703     -8.914
  -1   -2     14.500      4.843      3.480
  -1   -2      2.436     -0.898      9.450
  -1   -2     -8.082      4.888     -9.932
  -1   -2     19.190      4.818     -5.160
  -1   -2      6.735     -3.837      1.482
  -1   -2     -0.832     -9.065      4.203
  -1   -2     -0.832     -9.065      4.203
  -1   -2      0.264      4.703     -8.914
  -1   -2     14.500      4.843      3.480
 190  483     -8.082      4.888     -9.932
  -1   -2     19.190      4.818     -5.160
  -1   -2      6.735     -3.837      1.482
  -1   -2     -0.832     -9.065      4.203
  -1   -2     -0.832     -9.065      4.203
  -1   -2      0.264      4.703     -8.914
  -1   -2     14.500      4.843      3.480
  -1   -2      2.436     -0.898      9.450
  -1   -2     19.190      4.818     -5.160
 168   20      6.735     -3.837      1.482
  -1   -2     -0.832     -9.065      4.203
  -1   -2     -0.832     -9.065      4.203
  -1   -2      0.264      4.703     -8.914
  -1   -2     14.500      4.843      3.480
  -1   -2      2.436     -0.898      9.450
  -1   -2     19.190      4.818     -5.160
  -1   -2     -0.832     -9.065      4.203
  -1   -2     -0.832     -9.065      4.203
  -1   -2      0.264      4.703     -8.914
  -1   -2     14.500      4.843      3.480
 136  194      2.436     -0.898      9.450
  -1   -2     19.190      4.818     -5.160
  -1   -2     -0.832     -9.065      4.203
  -1   -2     -0.832     -9.065      4.203
  -1   -2      0.264      4.703     -8.914
  -1   -2     14.500      4.843      3.480
  -1   -2     19.190      4.818     -5.160
  -1   -2      0.264      4.703     -8.914
  -1   -2     14.500      4.843      3.480
  -1   -2     19.190      4.818     -5.160
  16  511     -0.832     -9.065      4.203
  -1   -2      0.264      4.703     -8.914
  -1   -2     14.500      4.843      3.480
  -1   -2     19.190      4.818     -5.160
  -1   -2      0.264      4.703     -8.914
  -1   -2     14.500      4.843      3.480
  -1   -2     19.190      4.818     -5.160
  -1   -2      0.264      4.703     -8.914
  -1   -2     14.500      4.843      3.480
  -1   -2     19.190      4.818     -5.160
  -1   -2     14.500      4.843      3.480
  -1   -2     19.190      4.818     -5.160
  -1   -2      0.264      4.703     -8.914
  -1   -2     14.500      4.843      3.480
  -1  127     19.190      4.818     -5.160
  -1  182      0.264      4.703     -8.914
  -1   -2     14.500      4.843      3.480
