692
   0    0      8.813     -5.262      9.023
  18   35      6.795     -9.069     -2.871
   4    2     13.194     -5.415     -2.359
   3    5      9.958     -3.360      6.585
  12    4      9.159     -7.538      4.767
  44   23     12.906     -5.310     -5.219
  45   28      6.498     -1.709     -2.639
 165   -2      6.398     -4.266     -2.767
  -1   -2     -4.801     -3.015      9.666
  -1   -2      6.735     -3.836      1.495
  -1   -2     11.854     -3.768      3.793
  -1  122      2.223    -10.409     -2.463
  52   -2     10.602     -5.352     -5.144
  14   89     -1.687     -7.410     -6.629
  15   13      9.297     -2.617      7.952
  20   -2     -0.675     -2.320     -3.205
  -1   40     -0.769     -9.059      4.366
  67   -2     11.656     -7.284      9.486
  21   90      7.201     -4.741     -6.809
  23   -2     10.528      1.757      5.921
  77   61      4.596     -8.653      6.032
  82   57     12.049     -5.399      1.227
 148   -2      3.798     -5.038     -3.487
  24   80     15.370    -10.141     -5.679
  -1  670     -3.044     -2.172      9.693
  28   29     17.609     -9.518      0.532
  -1   46     14.204     -6.933     -9.214
 167   24     -2.073     -9.381      0.251
 170   19     -1.679     -9.208      5.769
  -1   33      9.673     -0.783     10.207
  59   55     12.242     -5.809     -8.468
  64    7      6.933     -9.042      5.790
  80   34     11.949     -6.899      4.286
  -1   67     10.752     -5.218      6.027
  -1   -2     -1.441     -5.458      3.062
  39   -2     19.033     -7.916     -1.422
  -1   -2    -11.797     -6.805     -9.927
 117    1      6.609     -9.572     -5.800
  41   -2     -5.572     -5.345     -4.386
  50   42      3.988     -7.532      7.175
  38   37     11.074     -1.747      3.692
  -1  114     19.389     -8.729     -5.497
 133   -2      6.803     -2.313     -6.362
  17   -2     -8.327     -7.471      2.117
  69   -2      5.873     -9.606     -1.477
  -1    8      9.432     -4.251      4.235
  65   12     -3.377     -9.295     -4.724
 118   47      3.903     -7.816      5.254
  16   45     14.209     -6.746      5.389
  53   52     -3.246     -4.312     -5.511
 141   53     17.854     -1.571     -3.072
 108   77    -11.696     -6.314     -5.333
  57   50     -0.646     -6.532      9.428
  34    6      9.829     -7.093     -3.074
  70   73     15.571     -0.677     -5.185
  -1   -2      0.427     -9.809      1.415
  56   27     -0.136     -7.052      8.569
  48   58     14.103     -7.366     -6.009
  54   -2     -6.136     -9.759     10.224
  -1   59      7.767     -0.074     -7.659
 138   54     14.463     -9.553      4.174
  98   84     -5.914     -8.184      3.045
 153   88     16.517     -9.649      4.308
  62   38     -7.910     -3.962     -2.604
 151   81     15.743     -6.737      3.832
  -1   65     13.048      0.151     -1.135
  42   63     -8.303     -8.418     -0.603
  -1   -2      9.416     -3.889     10.335
 116   30     -0.308     -5.548      5.017
  -1   70      8.999      1.265      8.975
  -1   -2     14.691     -4.123      3.500
  -1   71      4.626     -2.926     -3.273
  75   -2     14.737     -2.507     -4.613
  -1   75     12.251      2.201      8.511
  -1  124     17.117     -6.819      4.018
   7   74      8.718     -7.505     -9.730
 160   -2     -9.574     -6.678     -2.949
 161   -2      8.740     -0.386      6.721
  85   -2     16.875     -9.526      1.458
  58   20     15.445     -3.156     -1.370
  81   -2      9.503     -4.743     -7.462
  60   62     -8.030     -6.599     -1.561
  25    3     15.022     -9.296     -1.605
  -1   87     -3.786     -6.862      0.067
  -1  168      9.059    -10.540     -9.429
 149   49      9.291     -7.225     -4.666
  87   -2     -2.571     -6.127      2.562
 541  167      2.718     -1.592      9.653
  88   79      8.711     -5.441     -7.294
 127   -2     17.054     -7.722     -5.536
 155   64     18.318     -2.204      4.452
 140   48     -4.172    -10.461     -8.938
  27   -2     -6.591     -3.053     -1.551
  -1   17      9.100      6.166      8.851
  -1   -2     16.333      1.009      0.473
  -1   -2     -0.279      0.749      8.960
 128  272     17.549      2.360     -1.593
  -1   -2     -0.036     -0.391      1.717
 159   -2     16.339     -2.988      0.283
  -1   -2     20.529     -4.526     -3.984
  -1  152      0.282      4.699     -8.874
  -1  481    -12.520     -1.537     -9.821
  -1  150     12.425      2.759     -1.807
  -1   -2     -0.180     -5.718    -11.997
  -1   -2     -5.658     -5.803    -10.491
  -1  165    -10.287     -3.784     -0.347
  -1   -2    -11.542     -0.140      9.965
  -1   -2    -10.570     -5.310    -10.015
  -1   -2     -0.320     -1.496      9.247
 112  188     -1.782    -10.998     -6.769
  -1  607     -6.404      3.758     -7.948
  -1   76     -8.562     -0.433     -8.377
  91   21      1.323     -4.029     -1.820
   8   31     15.122     -8.514     -5.567
  -1   94     14.866     -8.579     10.483
  -1  717     14.500      4.842      3.480
 121  119     16.255     -2.101    -11.610
  -1   -2     18.089     -5.218      0.466
  -1   -2     -1.025      2.408     -3.772
  -1   -2      0.771     -5.080      2.407
 123   -2    -10.478      0.135     -3.731
  -1   -2     -8.082      4.890     -9.935
  -1   -2     14.319      0.508      0.130
  66   66      5.110     -7.415     -0.225
  -1   -2     -3.925    -10.157      9.862
  -1  125     15.584     -7.577      6.133
  -1   98     19.190      4.816     -5.162
 131   -2     -0.905      2.026     -3.165
 126   -2    -12.363      1.600     -8.620
 129  129     -4.612     -0.739      5.057
  -1   -2     -7.192     -1.944    -10.118
  -1  133      6.136     -9.586    -10.855
  -1   72     -5.931    -10.464      7.887
  -1  131     20.843     -5.311      7.686
  -1   39      7.480     -1.670     -7.851
 135  135      4.998      1.734     -4.676
 152  142     20.328     -3.053     11.151
  63   -2      1.164     -3.721     10.073
 136   -2      3.179    -10.684     -6.526
  -1  170     15.680     -0.866      7.363
 111  103     15.974      1.124     -2.758
  -1   -2     -1.753     -8.284      8.344
 145   -2     -5.867      2.571     -8.941
 143  151    -11.320     -9.877     -8.702
 191   15      0.788     -1.651     -3.152
  -1   -2     -0.966     -9.502      9.006
 144   82     15.375     -3.594     -2.884
  -1   -2      2.838      1.838      0.159
  -1   18      6.643     -6.481     -7.477
 158  163     -5.256    -12.184     -9.167
  -1  159     18.920      2.570      1.852
  -1   -2     12.099     -9.831     -5.799
  -1   56     18.353     -0.896     -5.145
  -1   -2      7.216     -1.695      5.658
 169   -2    -11.266     -3.024     -5.025
  -1   -2      6.117     -2.496      8.341
  -1  162     16.011     -5.432      6.859
 163   85     12.864      3.341     -4.318
  -1   83      3.499     -1.050     -5.189
  -1   -2     -7.423    -10.194     -9.747
  -1   -2      9.919     -3.366      6.552
  -1   -2      9.919     -3.366      6.552
  -1  622      6.735     -3.836      1.495
 435  456     12.006     -3.786      3.417
  -1   -2     -0.827     -9.065      4.211
  -1   -2     -3.032     -2.185      9.803
 188   -2     12.762      0.143     -0.425
  -1   -2     -0.279      0.749      8.960
  -1   -2     16.333      1.009      0.473
  -1   -2      9.100      6.166      8.851
  -1   -2    -10.287     -3.784     -0.347
  -1   -2     -0.036     -0.391      1.717
  -1   -2     20.529     -4.526     -3.984
  -1  158    -12.520     -1.537     -9.821
  -1   -2      0.282      4.699     -8.874
  -1   -2    -11.542     -0.140      9.965
  -1  164     -0.320     -1.496      9.247
  -1  156     -6.404      3.758     -7.948
  -1   -2     -8.562     -0.433     -8.377
  -1   92      0.771     -5.080      2.407
  -1   -2     14.500      4.842      3.480
 513  148     -1.025      2.408     -3.772
  -1   -2     -8.082      4.890     -9.935
  -1   -2     14.319      0.508      0.130
 137  197     -5.931    -10.464      7.887
  -1   -2     19.190      4.816     -5.162
  -1   -2      9.708     -2.257     -0.860
  -1   -2      9.919     -3.366      6.552
  -1   -2      6.735     -3.836      1.495
  -1   -2     12.006     -3.786      3.417
  -1   -2     -0.827     -9.065      4.211
  -1   -2     -3.032     -2.185      9.803
 150   -2     16.333      1.009      0.473
  -1   -2      9.100      6.166      8.851
  -1   -2     -0.279      0.749      8.960
  -1   -2     20.529     -4.526     -3.984
  -1   -2      0.282      4.699     -8.874
  -1   -2    -10.287     -3.784     -0.347
  -1   -2    -11.542     -0.140      9.965
  -1   -2     -0.320     -1.496      9.247
  -1   -2     -0.036     -0.391      1.717
  -1   -2     -8.562     -0.433     -8.377
  -1   -2     -6.404      3.758     -7.948
  -1   -2     -1.025      2.408     -3.772
  -1   -2      0.771     -5.080      2.407
  -1   -2     14.500      4.842      3.480
  -1   -2     14.319      0.508      0.130
  -1   -2     -8.082      4.890     -9.935
  -1   -2     19.190      4.816     -5.162
  -1   -2      6.735     -3.836      1.495
  -1   -2     12.006     -3.786      3.417
  -1   -2     -0.827     -9.065      4.211
  -1   -2     -3.032     -2.185      9.803
  -1   -2    -10.287     -3.784     -0.347
  -1   -2     -0.279      0.749      8.960
  -1   -2     -0.036     -0.391      1.717
  -1   -2      9.100      6.166      8.851
  -1   -2     20.529     -4.526     -3.984
  -1   -2    -12.520     -1.537     -9.821
  -1   -2      0.282      4.699     -8.874
  -1   -2    -11.542     -0.140      9.965
  -1   -2     -0.320     -1.496      9.247
  -1   -2     -6.404      3.758     -7.948
  -1   -2     -8.562     -0.433     -8.377
  -1   -2     14.500      4.842      3.480
  -1   -2     -1.025      2.408     -3.772
  -1   -2      0.771     -5.080      2.407
  -1   -2     -8.082      4.890     -9.935
  -1   -2     14.319      0.508      0.130
  -1   -2     19.190      4.816     -5.162
  -1   -2      9.919     -3.366      6.552
  -1   -2      9.919     -3.366      6.552
  -1   -2      6.735     -3.836      1.495
  -1   -2     12.006     -3.786      3.417
  -1   -2     -0.827     -9.065      4.211
  -1   -2     -3.032     -2.185      9.803
  -1   -2     -0.279      0.749      8.960
  -1   -2      9.100      6.166      8.851
  -1   -2      0.282      4.699     -8.874
 291  312    -10.287     -3.784     -0.347
  -1   -2     20.529     -4.526     -3.984
  -1   -2    -12.520     -1.537     -9.821
  -1   -2     -0.036     -0.391      1.717
  -1   -2    -11.542     -0.140      9.965
  -1   -2     -0.320     -1.496      9.247
  -1   -2     -6.404      3.758     -7.948
  -1   -2     -8.562     -0.433     -8.377
  -1   -2     14.500      4.842      3.480
  -1   -2      0.771     -5.080      2.407
  -1   -2     -1.025      2.408     -3.772
  -1   -2     -8.082      4.890     -9.935
 125  195     14.319      0.508      0.130
 263  287      9.708     -2.257     -0.860
  -1   -2     19.190      4.816     -5.162
  -1   -2      9.919     -3.366      6.552
  -1   -2      6.735     -3.836      1.495
  -1   -2     12.006     -3.786      3.417
  -1   -2     -0.827     -9.065      4.211
  -1   -2     -3.032     -2.185      9.803
  -1   -2     -0.279      0.749      8.960
  -1   -2      0.282      4.699     -8.874
  -1   -2     -0.036     -0.391      1.717
  -1   -2      9.100      6.166      8.851
  -1   -2     20.529     -4.526     -3.984
  -1   -2    -12.520     -1.537     -9.821
  -1   -2    -11.542     -0.140      9.965
  -1   -2     -0.320     -1.496      9.247
  -1   -2     -6.404      3.758     -7.948
  -1   -2     -8.562     -0.433     -8.377
  -1   -2     14.500      4.842      3.480
  -1   -2      0.771     -5.080      2.407
  -1   -2     -1.025      2.408     -3.772
  -1   -2     -8.082      4.890     -9.935
  -1   -2     19.190      4.816     -5.162
  -1   -2      9.919     -3.366      6.552
  -1   -2      9.919     -3.366      6.552
  -1   -2      6.735     -3.836      1.495
  -1   -2     12.006     -3.786      3.417
  -1   -2     -0.827     -9.065      4.211
  -1   -2     -3.032     -2.185      9.803
  97  169     -0.036     -0.391      1.717
  -1   -2     20.529     -4.526     -3.984
  -1   -2      0.282      4.699     -8.874
  -1   -2    -12.520     -1.537     -9.821
  -1   -2    -11.542     -0.140      9.965
  -1   -2     -0.320     -1.496      9.247
  -1   -2     -6.404      3.758     -7.948
  -1   -2     -8.562     -0.433     -8.377
  -1   -2     -1.025      2.408     -3.772
  -1   -2     14.500      4.842      3.480
  -1   -2     -8.082      4.890     -9.935
  -1   -2     19.190      4.816     -5.162
  -1   -2      6.735     -3.836      1.495
  -1   -2     12.006     -3.786      3.417
  -1   -2     -0.827     -9.065      4.211
  -1   -2     -3.032     -2.185      9.803
  -1   -2      0.282      4.699     -8.874
 103  331     20.529     -4.526     -3.984
  -1   -2    -12.520     -1.537     -9.821
  -1   -2    -11.542     -0.140      9.965
  -1   -2     -0.320     -1.496      9.247
  -1   -2     -6.404      3.758     -7.948
  -1   -2     -8.562     -0.433     -8.377
  -1   -2     -1.025      2.408     -3.772
  -1   -2     14.500      4.842      3.480
  -1   -2     -8.082      4.890     -9.935
  -1   -2     19.190      4.816     -5.162
  -1   -2      6.735     -3.836      1.495
  -1   -2     12.006     -3.786      3.417
  -1   -2     -0.827     -9.065      4.211
  -1   -2     -3.032     -2.185      9.803
  -1   -2      0.282      4.699     -8.874
  -1   -2    -11.542     -0.140      9.965
  -1   -2     -0.320     -1.496      9.247
  -1   -2     -6.404      3.758     -7.948
  -1   -2     -8.562     -0.433     -8.377
  -1   -2     -1.025      2.408     -3.772
  -1   -2     14.500      4.842      3.480
  -1   -2      0.771     -5.080      2.407
  -1   -2     -8.082      4.890     -9.935
  -1   -2     19.190      4.816     -5.162
  -1   -2      6.735     -3.836      1.495
  -1   -2     12.006     -3.786      3.417
  -1   -2     -0.827     -9.065      4.211
  -1   -2     -3.032     -2.185      9.803
  -1   -2      0.282      4.699     -8.874
  -1   -2    -11.542     -0.140      9.965
  -1   -2     -0.320     -1.496      9.247
  -1   -2     -8.562     -0.433     -8.377
  -1   -2     -6.404      3.758     -7.948
  -1   -2     14.500      4.842      3.480
  -1   -2      0.771     -5.080      2.407
  -1   -2     -1.025      2.408     -3.772
  -1   -2     -8.082      4.890     -9.935
  -1   -2     19.190      4.816     -5.162
  -1   -2      6.735     -3.836      1.495
  -1   -2     12.006     -3.786      3.417
  -1   -2     -0.827     -9.065      4.211
  -1   -2     -3.032     -2.185      9.803
  -1   -2      0.282      4.699     -8.874
  -1   -2    -11.542     -0.140      9.965
  -1   -2     -0.320     -1.496      9.247
  -1   -2     -6.404      3.758     -7.948
  -1   -2     -8.562     -0.433     -8.377
  -1   -2     -1.025      2.408     -3.772
  -1   -2     14.500      4.842      3.480
  -1   -2      0.771     -5.080      2.407
  -1   -2     -8.082      4.890     -9.935
  -1   -2     19.190      4.816     -5.162
  -1   -2      9.919     -3.366      6.552
  -1   -2      9.919     -3.366      6.552
  -1   -2      6.735     -3.836      1.495
  -1   -2     12.006     -3.786      3.417
  -1   -2     -0.827     -9.065      4.211
  -1   -2     -3.032     -2.185      9.803
  -1   -2      0.282      4.699     -8.874
  -1   -2    -11.542     -0.140      9.965
  -1   -2     -0.320     -1.496      9.247
  -1   -2     -6.404      3.758     -7.948
  -1   -2     -8.562     -0.433     -8.377
  -1   -2     -1.025      2.408     -3.772
  -1   -2     14.500      4.842      3.480
  -1   -2      0.771     -5.080      2.407
  -1   -2     -8.082      4.890     -9.935
  -1   -2     19.190      4.816     -5.162
  -1   -2      9.919     -3.366      6.552
  -1   -2      6.735     -3.836      1.495
  -1   -2     12.006     -3.786      3.417
  22  375     -0.827     -9.065      4.211
  -1   -2     -3.032     -2.185      9.803
  -1   -2      0.282      4.699     -8.874
  -1   -2    -12.520     -1.537     -9.821
  -1   -2    -11.542     -0.140      9.965
  -1   -2     -0.320     -1.496      9.247
  -1   -2     -8.562     -0.433     -8.377
  -1   -2     -6.404      3.758     -7.948
  -1   -2      0.771     -5.080      2.407
  -1   -2     14.500      4.842      3.480
  -1   -2     -1.025      2.408     -3.772
  -1   -2     -8.082      4.890     -9.935
  -1   -2     19.190      4.816     -5.162
  -1   -2      9.919     -3.366      6.552
  -1   -2      6.735     -3.836      1.495
  -1   -2     12.006     -3.786      3.417
  -1   -2     -3.032     -2.185      9.803
  -1   -2      0.282      4.699     -8.874
  -1   -2    -12.520     -1.537     -9.821
  -1   -2    -11.542     -0.140      9.965
  -1   -2     -0.320     -1.496      9.247
  -1   -2     -6.404      3.758     -7.948
  -1   -2     -8.562     -0.433     -8.377
  -1   -2     14.500      4.842      3.480
  -1   -2     -1.025      2.408     -3.772
  -1   -2      0.771     -5.080      2.407
  -1   -2     -8.082      4.890     -9.935
  -1   -2     19.190      4.816     -5.162
  -1   -2      9.919     -3.366      6.552
  -1   -2      9.919     -3.366      6.552
  -1   -2      6.735     -3.836      1.495
  -1   -2     12.006     -3.786      3.417
  -1   -2     -3.032     -2.185      9.803
  -1   -2      0.282      4.699     -8.874
  -1   -2    -11.542     -0.140      9.965
  -1   -2     -0.320     -1.496      9.247
  -1   -2     -8.562     -0.433     -8.377
  -1   -2     -6.404      3.758     -7.948
  -1   -2     14.500      4.842      3.480
  -1   -2     -1.025      2.408     -3.772
  -1   -2      0.771     -5.080      2.407
  -1   -2     -8.082      4.890     -9.935
  -1   -2     19.190      4.816     -5.162
  -1   -2      9.919     -3.366      6.552
  -1   -2      9.919     -3.366      6.552
  -1   -2      6.735     -3.836      1.495
  -1   -2     12.006     -3.786      3.417
  -1   -2     -3.032     -2.185      9.803
  -1   -2      0.282      4.699     -8.874
  -1   -2    -12.520     -1.537     -9.821
  -1   -2    -11.542     -0.140      9.965
  -1   -2     -0.320     -1.496      9.247
  -1   -2     -8.562     -0.433     -8.377
  -1   -2     -6.404      3.758     -7.948
  -1   -2     14.500      4.842      3.480
 185   69      0.771     -5.080      2.407
  -1   -2     -1.025      2.408     -3.772
  -1   -2     -8.082      4.890     -9.935
  -1   -2     19.190      4.816     -5.162
  -1   -2      6.735     -3.836      1.495
  -1   -2     12.006     -3.786      3.417
  -1   -2     -3.032     -2.185      9.803
  -1   -2      0.282      4.699     -8.874
  -1   -2    -11.542     -0.140      9.965
  -1   -2     -0.320     -1.496      9.247
  -1   -2     -6.404      3.758     -7.948
  -1   -2     -8.562     -0.433     -8.377
  -1   -2     14.500      4.842      3.480
  -1   -2     -1.025      2.408     -3.772
  -1   -2     -8.082      4.890     -9.935
  -1   -2      9.919     -3.366      6.552
  -1   -2      9.919     -3.366      6.552
  -1   -2      6.735     -3.836      1.495
  -1   -2     12.006     -3.786      3.417
  -1   -2     -3.032     -2.185      9.803
  -1   -2      0.282      4.699     -8.874
  -1   -2    -12.520     -1.537     -9.821
  -1   -2    -11.542     -0.140      9.965
  -1   -2     -0.320     -1.496      9.247
  -1   -2     -6.404      3.758     -7.948
  -1   -2     -8.562     -0.433     -8.377
  -1   -2     14.500      4.842      3.480
  -1   -2     -1.025      2.408     -3.772
  -1   -2     -8.082      4.890     -9.935
  -1   -2      9.919     -3.366      6.552
  -1   -2      6.735     -3.836      1.495
  11   -2     12.006     -3.786      3.417
  -1   -2     -3.032     -2.185      9.803
  -1   -2      0.282      4.699     -8.874
  -1   -2    -11.542     -0.140      9.965
  -1   -2     -0.320     -1.496      9.247
  -1   -2     -6.404      3.758     -7.948
  -1   -2     -8.562     -0.433     -8.377
  -1   -2     14.500      4.842      3.480
  -1   -2     -1.025      2.408     -3.772
  -1   -2     -8.082      4.890     -9.935
  -1   -2      6.735     -3.836      1.495
  -1   -2     -3.032     -2.185      9.803
  -1   -2      0.282      4.699     -8.874
  -1   -2    -12.520     -1.537     -9.821
  -1   -2    -11.542     -0.140      9.965
 180  553     -0.320     -1.496      9.247
  -1   -2     -6.404      3.758     -7.948
  -1   -2     -8.562     -0.433     -8.377
  -1   -2     14.500      4.842      3.480
  -1   -2     -1.025      2.408     -3.772
  -1   -2     -8.082      4.890     -9.935
  -1   -2      6.735     -3.836      1.495
  -1   -2     -3.032     -2.185      9.803
  -1   -2      0.282      4.699     -8.874
 460  209    -12.520     -1.537     -9.821
  -1   -2    -11.542     -0.140      9.965
  -1   -2     -6.404      3.758     -7.948
  -1   -2     -8.562     -0.433     -8.377
  -1   -2     14.500      4.842      3.480
 120  132     -1.025      2.408     -3.772
  -1   -2     -8.082      4.890     -9.935
  -1   -2      9.919     -3.366      6.552
  -1   -2      6.735     -3.836      1.495
  -1   -2     -3.032     -2.185      9.803
  -1   -2      0.282      4.699     -8.874
  -1   -2    -11.542     -0.140      9.965
  -1   -2     -8.562     -0.433     -8.377
  -1   -2     -6.404      3.758     -7.948
  -1   -2     14.500      4.842      3.480
  -1   -2     -8.082      4.890     -9.935
  -1   -2      9.919     -3.366      6.552
  -1   -2      6.735     -3.836      1.495
  -1   -2     -3.032     -2.185      9.803
  -1   -2      0.282      4.699     -8.874
  -1   -2    -11.542     -0.140      9.965
  -1   -2     -8.562     -0.433     -8.377
  -1   -2     -6.404      3.758     -7.948
  -1   -2     14.500      4.842      3.480
  -1   -2     -8.082      4.890     -9.935
  -1   -2      9.919     -3.366      6.552
  -1   -2      6.735     -3.836      1.495
  -1   -2     -3.032     -2.185      9.803
  -1   -2      0.282      4.699     -8.874
  -1   -2    -11.542     -0.140      9.965
  -1   -2     -6.404      3.758     -7.948
  -1   -2     -8.562     -0.433     -8.377
  -1   -2     14.500      4.842      3.480
  -1   -2     -8.082      4.890     -9.935
  -1   -2      6.735     -3.836      1.495
  -1   -2     -3.032     -2.185      9.803
  -1   -2      0.282      4.699     -8.874
  -1   -2    -11.542     -0.140      9.965
  -1   -2     -6.404      3.758     -7.948
  -1   -2     -8.562     -0.433     -8.377
  -1   -2     14.500      4.842      3.480
  -1   -2     -8.082      4.890     -9.935
  -1   -2      9.919     -3.366      6.552
  -1   -2      9.919     -3.366      6.552
  -1   -2      6.735     -3.836      1.495
  -1   -2     -3.032     -2.185      9.803
  -1   -2      0.282      4.699     -8.874
  -1   -2    -11.542     -0.140      9.965
  -1   -2     -6.404      3.758     -7.948
  -1   -2     -8.562     -0.433     -8.377
  -1   -2     14.500      4.842      3.480
  -1   -2     -8.082      4.890     -9.935
  -1   -2      9.919     -3.366      6.552
  -1   -2      6.735     -3.836      1.495
  -1   -2      0.282      4.699     -8.874
  -1   -2    -11.542     -0.140      9.965
  -1   -2     -8.562     -0.433     -8.377
  -1   -2     -6.404      3.758     -7.948
  -1   -2     14.500      4.842      3.480
  -1   -2     -8.082      4.890     -9.935
  -1   -2      9.919     -3.366      6.552
  -1   -2      6.735     -3.836      1.495
  -1   -2     -3.032     -2.185      9.803
  -1   -2      0.282      4.699     -8.874
  -1   -2    -11.542     -0.140      9.965
  -1   -2     -6.404      3.758     -7.948
  -1   -2     -8.562     -0.433     -8.377
  -1   -2     14.500      4.842      3.480
  -1   -2     -8.082      4.890     -9.935
  -1   -2      6.735     -3.836      1.495
  -1   -2     -3.032     -2.185      9.803
  -1   -2      0.282      4.699     -8.874
  -1   -2    -11.542     -0.140      9.965
  -1   -2     -6.404      3.758     -7.948
  -1   -2     -8.562     -0.433     -8.377
  -1   -2     14.500      4.842      3.480
  -1   -2     -8.082      4.890     -9.935
  -1   -2      9.919     -3.366      6.552
  -1   -2      9.919     -3.366      6.552
  72   43      6.735     -3.836      1.495
  -1   -2     -3.032     -2.185      9.803
  -1   -2      0.282      4.699     -8.874
  -1   -2    -11.542     -0.140      9.965
  -1   -2     -8.562     -0.433     -8.377
 594   -2     -6.404      3.758     -7.948
  -1   -2     14.500      4.842      3.480
  -1   -2     -8.082      4.890     -9.935
  -1   -2      9.919     -3.366      6.552
  -1   -2     -3.032     -2.185      9.803
  -1   -2      0.282      4.699     -8.874
  -1   -2    -11.542     -0.140      9.965
  -1   -2     -8.562     -0.433     -8.377
  -1   -2     14.500      4.842      3.480
  -1   -2     -8.082      4.890     -9.935
 581  601      9.919     -3.366      6.552
  -1   -2     -3.032     -2.185      9.803
  -1   -2      0.282      4.699     -8.874
  -1   -2    -11.542     -0.140      9.965
  -1   -2     -8.562     -0.433     -8.377
  -1   -2     14.500      4.842      3.480
  -1   -2     -8.082      4.890     -9.935
  -1   -2     -3.032     -2.185      9.803
  -1   -2      0.282      4.699     -8.874
  -1   -2    -11.542     -0.140      9.965
 586  606     -8.562     -0.433     -8.377
  -1   -2     14.500      4.842      3.480
  -1   -2     -8.082      4.890     -9.935
  -1   -2     -3.032     -2.185      9.803
  -1   -2      0.282      4.699     -8.874
  -1   -2    -11.542     -0.140      9.965
  -1   -2     14.500      4.842      3.480
  -1   -2     -8.082      4.890     -9.935
  -1   -2     -3.032     -2.185      9.803
  -1   -2      0.282      4.699     -8.874
  -1   -2    -11.542     -0.140      9.965
  -1   -2     14.500      4.842      3.480
  -1   -2     -8.082      4.890     -9.935
  -1   -2     -3.032     -2.185      9.803
  -1   -2      0.282      4.699     -8.874
  -1   -2    -11.542     -0.140      9.965
  -1   -2     14.500      4.842      3.480
  -1   -2     -8.082      4.890     -9.935
  -1   -2     -3.032     -2.185      9.803
  -1   -2      0.282      4.699     -8.874
  -1   -2    -11.542     -0.140      9.965
  -1   -2     14.500      4.842      3.480
  -1   -2     -8.082      4.890     -9.935
  -1   -2     -3.032     -2.185      9.803
  -1   -2      0.282      4.699     -8.874
  -1   -2    -11.542     -0.140      9.965
  -1   -2     14.500      4.842      3.480
  -1   -2     -8.082      4.890     -9.935
  -1   -2     -3.032     -2.185      9.803
  -1   -2      0.282      4.699     -8.874
  -1   -2    -11.542     -0.140      9.965
  -1   -2     14.500      4.842      3.480
  -1   -2     -8.082      4.890     -9.935
  -1   -2     -3.032     -2.185      9.803
  -1   -2      0.282      4.699     -8.874
  -1   -2    -11.542     -0.140      9.965
  -1   -2     14.500      4.842      3.480
  -1   -2     -8.082      4.890     -9.935
  -1   -2     -3.032     -2.185      9.803
  -1   -2      0.282      4.699     -8.874
  -1   -2    -11.542     -0.140      9.965
  -1   -2     14.500      4.842      3.480
  -1   -2     -8.082      4.890     -9.935
  -1   -2     -3.032     -2.185      9.803
  -1   -2      0.282      4.699     -8.874
  -1   -2    -11.542     -0.140      9.965
  -1   -2     14.500      4.842      3.480
  -1   -2     -8.082      4.890     -9.935
  -1   -2     -3.032     -2.185      9.803
  -1   -2      0.282      4.699     -8.874
 107  663    -11.542     -0.140      9.965
  -1   -2     14.500      4.842      3.480
  -1   -2     -8.082      4.890     -9.935
  -1   -2     -3.032     -2.185      9.803
  -1   -2      0.282      4.699     -8.874
  -1   -2     14.500      4.842      3.480
  -1   -2     -8.082      4.890     -9.935
  -1   -2     -3.032     -2.185      9.803
  -1   -2      0.282      4.699     -8.874
  -1   -2     14.500      4.842      3.480
  -1   -2     -8.082      4.890     -9.935
 168   -2     -3.032     -2.185      9.803
  -1   -2      0.282      4.699     -8.874
  -1   -2     14.500      4.842      3.480
  -1   -2     -8.082      4.890     -9.935
  -1   -2      0.282      4.699     -8.874
  -1   -2     14.500      4.842      3.480
  -1   -2     -8.082      4.890     -9.935
  -1   -2      0.282      4.699     -8.874
  -1   -2     14.500      4.842      3.480
  -1   -2     -8.082      4.890     -9.935
  -1   -2      0.282      4.699     -8.874
  -1   -2     14.500      4.842      3.480
  -1   -2     -8.082      4.890     -9.935
  -1   -2      0.282      4.699     -8.874
  -1   -2     14.500      4.842      3.480
  -1   -2     -8.082      4.890     -9.935
  -1   -2      0.282      4.699     -8.874
  -1   -2     14.500      4.842      3.480
  -1   -2      0.282      4.699     -8.874
  -1   -2     14.500      4.842      3.480
  -1   -2     -8.082      4.890     -9.935
  -1   -2      0.282      4.699     -8.874
  -1   -2     14.500      4.842      3.480
  -1   -2     -8.082      4.890     -9.935
  -1   -2      0.282      4.699     -8.874
  -1   -2     14.500      4.842      3.480
 124  682     -8.082      4.890     -9.935
  -1   -2      0.282      4.699     -8.874
  -1   -2     14.500      4.842      3.480
  -1   -2      0.282      4.699     -8.874
  -1   -2     14.500      4.842      3.480
  -1   -2      0.282      4.699     -8.874
  -1   -2     14.500      4.842      3.480
  -1   -2      0.282      4.699     -8.874
  -1   -2     14.500      4.842      3.480
  -1   -2      0.282      4.699     -8.874
  -1   -2     14.500      4.842      3.480
  -1   -2      0.282      4.699     -8.874
  -1   -2     14.500      4.842      3.480
  -1   -2      0.282      4.699     -8.874
  -1   -2     14.500      4.842      3.480
  -1   -2      0.282      4.699     -8.874
  -1   -2     14.500      4.842      3.480
  -1   -2      0.282      4.699     -8.874
  -1   -2     14.500      4.842      3.480
 699  534      0.282      4.699     -8.874
  -1   -2     14.500      4.842      3.480
  -1   -2     14.500      4.842      3.480
  74   -2     14.500      4.842      3.480
