645
  13   -2      8.813     -5.264      9.011
  34    1      6.796     -9.069     -2.879
  -1   -2      9.961     -3.357      6.569
  43   -2      7.301     -8.942      7.114
   4   65     12.003     -5.791     -8.825
 140   -2     -4.821    -10.305     -7.243
  20    7     -4.802     -3.014      9.656
  -1    5      6.729     -3.839      1.468
  -1  316     11.859     -3.770      3.783
  -1  137      7.281     -7.245     -1.505
  10   11     10.601     -5.352     -5.140
   0   33     10.064     -5.195      7.714
  33   -2     -1.688     -7.410     -6.630
  12    2      9.298     -2.617      7.944
  51   16      8.278     -7.310      6.349
  67   -2      7.592     -6.205     -6.077
  81   -2     -0.673     -2.320     -3.196
  78   -2      7.724     -4.591     -5.431
  18   20     10.530      1.756      5.926
   3   45      4.918     -8.584      5.281
  -1  552     -3.049     -2.170      9.705
 134   77      3.800     -5.039     -3.484
  -1   -2     12.689     -6.621      8.396
   9   -2      8.403     -9.364      0.157
  24   -2     12.053     -5.399      1.220
  92   -2      6.552     -1.664     -2.242
 112   46     -2.076     -9.383      0.251
  27   71     12.940     -7.391      5.059
  28   31      9.675     -0.785     10.208
  -1   39     19.004     -9.758     -9.408
  21  105     11.069     -1.747      3.702
 167   32     -1.434     -5.460      3.048
  35  159    -11.796     -6.803     -9.922
 105   -2      6.613     -9.561     -5.810
  48   -2      1.385     -9.946      4.157
 107   75     -5.577     -5.347     -4.378
  37   38      6.806     -2.313     -6.358
  38   41      9.431     -4.251      4.232
 144   27     -3.374     -9.293     -4.724
  91   -2     19.031     -7.914     -1.418
  -1    3      7.577     -9.051      4.967
  57   -2     19.236     -8.762     -6.026
  -1   23      3.905     -7.818      5.262
 109   44     14.213     -6.745      5.375
  95   -2     10.180    -10.083     -3.026
  42   35     -3.246     -4.313     -5.514
  58   25     15.576     -0.676     -5.189
  45   48     -6.132     -9.759     10.218
  88   -2     17.855     -1.572     -3.067
  -1   55     -2.147     -6.088      0.039
  49   30     14.121     -7.363     -6.041
  46   70     -5.913     -8.184      3.043
  53   53     -0.647     -6.533      9.428
  -1    4     11.965     -5.714    -10.917
  -1   69     16.881    -10.287     -0.963
  94   -2      9.805     -6.922      3.323
  50   54     -7.912     -3.962     -2.605
  54   -2     -0.132     -7.052      8.561
  -1   -2     15.508      0.592     -7.283
  -1   -2     -8.306     -8.421     -0.609
 126   19     18.250     -9.371     -4.619
  26   -2     12.572     -6.869      7.953
  60   -2     11.993     -8.625     -6.540
  59   -2     14.693     -4.124      3.499
  65  115     12.249      2.197      8.505
 110   -2      3.936    -10.544     -9.053
 121   -2     15.757     -6.437     -5.125
  66   -2     15.457     -3.172     -1.402
  -1   -2      4.628     -2.926     -3.275
  -1   -2      0.865     -5.015      2.106
 143   52     -9.573     -6.679     -2.946
  -1   63     14.765     -2.499     -4.685
 129   42     19.370     -5.583     -2.885
  70  128      5.027    -10.975      1.739
  -1   15     12.748     -8.169      4.578
  -1   -2      1.412     -9.276      9.873
  19   12      1.699     -5.921     -6.318
  41   68     12.637      0.123     -3.336
  72   66      9.499     -4.742     -7.453
  77   -2     17.543     -9.436     -7.695
  -1   64     -8.030     -6.598     -1.561
  75   74     -3.786     -6.863      0.064
 142   73      3.593    -10.165      8.927
  31   -2     -0.971     -6.759     -1.810
  17   -2      7.407     -3.995     -3.749
  -1   76      8.702     -5.441     -7.283
  79   78     -6.592     -3.054     -1.542
  -1  174     18.119      2.719      3.497
  -1   -2     -0.280      0.749      8.960
  -1   -2     16.332      1.009      0.474
  -1   -2     -0.037     -0.391      1.716
  -1   -2     19.963     -0.122     -2.392
  -1   -2     20.528     -4.526     -3.981
  -1   -2      0.287      4.698     -8.861
  -1   67     16.338     -2.988      0.282
 413  142    -12.518     -1.538     -9.819
  -1   28      4.950     -0.337      4.639
  -1   -2    -11.540     -0.139      9.958
  -1   34      8.296    -11.009     -1.237
  96   98    -10.570     -5.310    -10.013
  -1   -2    -12.864     -6.598     -8.094
  -1   -2     15.567      4.686     -6.275
  -1   -2     -0.324     -1.497      9.256
  -1   -2     -8.572     -0.432     -8.334
  -1   -2     -6.406      3.758     -7.956
  -1    6     18.376     -5.292      1.526
  -1   -2     14.499      4.841      3.482
  -1   -2     -1.026      2.408     -3.771
 104   18      1.324     -4.027     -1.828
 149   -2     16.262     -2.100    -11.628
 108  108    -10.478      0.134     -3.726
  -1   -2      6.585      3.474     -4.936
  -1   -2      7.648     -8.691     10.040
  -1   -2     14.319      0.510      0.124
  -1   -2     -8.081      4.888     -9.938
  29   57     10.880     -8.957     -5.003
  80  120     -1.583     -9.187      6.017
 115   -2     -4.611     -0.738      5.060
  -1  127      9.710     -2.254     -0.861
  -1  369    -12.362      1.598     -8.618
  -1   -2     19.192      4.817     -5.156
  87  168     -5.917    -10.468      7.843
  -1   -2     20.826     -5.314      7.634
 119  126      6.143     -9.587    -10.874
 133  132      1.173     -3.722     10.061
  -1  156     21.103     -0.997     -3.725
  -1   51     16.216     -7.601     -7.270
 122  131      5.016      1.735     -4.725
 123  130      1.876     -1.592     11.929
  85  114     -3.046      1.789     -9.193
 101   -2     15.976      1.124     -2.760
  -1   -2     12.671    -11.020      9.170
  -1   50     -1.751     -8.283      8.338
 132   -2     -5.864      2.574     -8.933
  -1  124     12.583     -6.971     10.757
  -1   47     -5.098     -1.739     -4.584
 137   -2     15.381     -3.596     -2.900
  61   84     -0.964     -9.505      9.011
  -1   -2      1.658     -4.113      9.481
 138   -2      9.971     -7.272     -6.474
  52  116      8.955     -7.504    -10.374
 136  136    -11.296     -9.879     -8.771
  -1   -2      0.789     -1.654     -3.160
   5   -2      6.670     -6.486     -7.540
  -1  139      2.837      1.838      0.158
 216   82    -11.265     -3.021     -5.026
  -1   -2      1.108     -1.408      1.412
  -1   -2      6.118     -2.495      8.343
  84   59     15.962     -1.358      0.768
  -1   36      3.875    -10.744     -0.175
 118   90     17.209     -2.078     -4.001
  -1  486      9.920     -3.366      6.552
  -1   -2      9.920     -3.366      6.552
  -1   -2      6.729     -3.839      1.468
  -1   -2     12.020     -3.788      3.386
  -1  223     -0.828     -9.066      4.211
  -1   -2     -3.035     -2.182      9.798
  -1   -2     -0.280      0.749      8.960
  -1   -2     16.332      1.009      0.474
  86  175     13.573      0.742     -2.508
  -1   -2     19.963     -0.122     -2.392
  90   91     20.528     -4.526     -3.981
  -1   -2    -12.518     -1.538     -9.819
  -1   -2      0.287      4.698     -8.861
  -1   -2    -11.540     -0.139      9.958
  -1  143     -0.324     -1.497      9.256
  -1   -2     -6.406      3.758     -7.956
  68  181     -8.250     -6.709     -2.510
 502  491     -8.572     -0.432     -8.334
  -1   -2     14.499      4.841      3.482
  -1   -2     -1.026      2.408     -3.771
  -1  296      0.767     -5.083      2.411
  -1   -2     -8.081      4.888     -9.938
  -1   88     19.192      4.817     -5.156
  -1   72      0.789     -1.654     -3.160
  -1   -2      9.920     -3.366      6.552
  -1   -2      6.729     -3.839      1.468
  -1   -2     12.020     -3.788      3.386
  -1   -2     -0.828     -9.066      4.211
  -1   22      7.745     -9.060      4.536
  -1   -2     -0.280      0.749      8.960
  -1   -2     16.332      1.009      0.474
  -1   -2      0.287      4.698     -8.861
  -1   -2    -11.540     -0.139      9.958
  -1   -2     -0.324     -1.497      9.256
  -1   -2     -6.406      3.758     -7.956
  -1   -2     -8.572     -0.432     -8.334
  -1   -2     14.499      4.841      3.482
  -1   -2      0.767     -5.083      2.411
 162  179     18.092     -5.222      0.459
  -1   -2     -1.026      2.408     -3.771
  -1   -2     -8.081      4.888     -9.938
  -1   -2     19.192      4.817     -5.156
  -1   -2      0.789     -1.654     -3.160
  -1   -2      6.729     -3.839      1.468
  -1   -2     12.020     -3.788      3.386
  -1   -2     -0.828     -9.066      4.211
  -1   -2     -3.035     -2.182      9.798
  -1   -2      7.745     -9.060      4.536
  -1   -2     16.332      1.009      0.474
  -1   -2     -0.280      0.749      8.960
  -1   -2    -12.518     -1.538     -9.819
  -1   -2      0.287      4.698     -8.861
  -1   -2    -11.540     -0.139      9.958
  -1   -2     -0.324     -1.497      9.256
  -1   -2     -6.406      3.758     -7.956
  -1   -2     -8.572     -0.432     -8.334
  -1   -2     14.499      4.841      3.482
  -1   -2      0.767     -5.083      2.411
  -1   -2     -1.026      2.408     -3.771
  -1   -2     -8.081      4.888     -9.938
  -1   -2     19.192      4.817     -5.156
  -1   -2      9.920     -3.366      6.552
  -1   -2      9.920     -3.366      6.552
  -1   -2      6.729     -3.839      1.468
  -1   -2     12.020     -3.788      3.386
  -1   -2     -0.828     -9.066      4.211
  -1   -2     -3.035     -2.182      9.798
  -1   -2      7.745     -9.060      4.536
  -1   -2     -0.280      0.749      8.960
  83   -2     16.332      1.009      0.474
  -1   -2      0.287      4.698     -8.861
  -1   -2    -12.518     -1.538     -9.819
  -1   -2    -11.540     -0.139      9.958
  -1   -2     -0.324     -1.497      9.256
  -1   -2     -8.572     -0.432     -8.334
  -1   -2     -6.406      3.758     -7.956
  -1   -2     14.499      4.841      3.482
  -1   -2     -1.026      2.408     -3.771
  -1   -2      0.767     -5.083      2.411
  -1   -2     -8.081      4.888     -9.938
  -1   -2     19.192      4.817     -5.156
  -1   -2      9.920     -3.366      6.552
  -1   -2      6.729     -3.839      1.468
  -1   -2     12.020     -3.788      3.386
  16   -2     -0.828     -9.066      4.211
  -1   -2     -3.035     -2.182      9.798
  -1   -2      7.745     -9.060      4.536
  -1   -2     -0.280      0.749      8.960
  -1   -2      0.287      4.698     -8.861
  -1   -2    -11.540     -0.139      9.958
  -1   -2     -0.324     -1.497      9.256
  -1   -2     -8.572     -0.432     -8.334
  -1   -2     -6.406      3.758     -7.956
  -1   -2     -1.026      2.408     -3.771
  -1   -2     14.499      4.841      3.482
  -1   -2      0.767     -5.083      2.411
  -1   -2     -8.081      4.888     -9.938
  -1   -2     19.192      4.817     -5.156
  -1   -2      6.729     -3.839      1.468
  -1   -2     12.020     -3.788      3.386
  -1   -2     -3.035     -2.182      9.798
  -1   -2      7.745     -9.060      4.536
  -1   -2     -0.280      0.749      8.960
  -1   -2      0.287      4.698     -8.861
  -1   -2    -11.540     -0.139      9.958
  -1   -2     -0.324     -1.497      9.256
  -1   -2     -8.572     -0.432     -8.334
  -1   -2     -6.406      3.758     -7.956
  -1   -2     14.499      4.841      3.482
  -1   -2     -1.026      2.408     -3.771
  -1   -2      0.767     -5.083      2.411
  -1   -2     -8.081      4.888     -9.938
  -1   -2     19.192      4.817     -5.156
  -1   -2      6.729     -3.839      1.468
  -1   -2     12.020     -3.788      3.386
  -1   -2     -3.035     -2.182      9.798
  -1   -2      7.745     -9.060      4.536
  -1   -2     -0.280      0.749      8.960
  -1   -2      0.287      4.698     -8.861
  -1   -2    -11.540     -0.139      9.958
  -1   -2     -0.324     -1.497      9.256
  -1   -2     -6.406      3.758     -7.956
  -1   -2     -8.572     -0.432     -8.334
  -1   -2     14.499      4.841      3.482
  -1   -2     -1.026      2.408     -3.771
  -1   -2      0.767     -5.083      2.411
  -1   -2     -8.081      4.888     -9.938
  -1   -2      9.920     -3.366      6.552
  -1   -2      9.920     -3.366      6.552
  -1   -2      6.729     -3.839      1.468
  -1   -2     12.020     -3.788      3.386
  -1   -2     -3.035     -2.182      9.798
  -1   -2      7.745     -9.060      4.536
  -1   -2     -0.280      0.749      8.960
  -1   -2    -12.518     -1.538     -9.819
  -1   -2      0.287      4.698     -8.861
  -1   -2    -11.540     -0.139      9.958
  -1   -2     -0.324     -1.497      9.256
  -1   -2     -6.406      3.758     -7.956
  -1   -2     -8.572     -0.432     -8.334
  -1   -2     14.499      4.841      3.482
  -1   -2     -1.026      2.408     -3.771
 106   -2      0.767     -5.083      2.411
  -1   -2     -8.081      4.888     -9.938
  -1   -2      9.920     -3.366      6.552
  -1   -2      6.729     -3.839      1.468
 309   -2     12.020     -3.788      3.386
  -1   -2     -3.035     -2.182      9.798
  -1   -2      7.745     -9.060      4.536
  -1   -2     -0.280      0.749      8.960
  -1   -2    -12.518     -1.538     -9.819
  -1   -2      0.287      4.698     -8.861
  -1   -2    -11.540     -0.139      9.958
  -1   -2     -0.324     -1.497      9.256
  -1   -2     -8.572     -0.432     -8.334
  -1   -2     -6.406      3.758     -7.956
  -1   -2     14.499      4.841      3.482
  -1   -2     -1.026      2.408     -3.771
  -1   -2     -8.081      4.888     -9.938
  -1   -2      9.920     -3.366      6.552
  -1   -2      6.729     -3.839      1.468
  -1   -2     -3.035     -2.182      9.798
  -1   -2      7.745     -9.060      4.536
  -1   -2     -0.280      0.749      8.960
  -1   -2      0.287      4.698     -8.861
  -1   -2    -11.540     -0.139      9.958
  -1   -2     -0.324     -1.497      9.256
  -1   -2     -6.406      3.758     -7.956
  -1   -2     -8.572     -0.432     -8.334
  -1   -2     14.499      4.841      3.482
  -1   -2     -1.026      2.408     -3.771
  -1   -2     -8.081      4.888     -9.938
  -1   -2      9.920     -3.366      6.552
  -1   -2      6.729     -3.839      1.468
  -1   -2     -3.035     -2.182      9.798
  -1   -2      7.745     -9.060      4.536
  -1   -2     -0.280      0.749      8.960
  -1   -2    -12.518     -1.538     -9.819
  -1   -2      0.287      4.698     -8.861
  -1   -2    -11.540     -0.139      9.958
  -1   -2     -0.324     -1.497      9.256
  -1   -2     -6.406      3.758     -7.956
  -1   -2     -8.572     -0.432     -8.334
  -1   -2     -1.026      2.408     -3.771
  -1   -2     14.499      4.841      3.482
  -1   -2     -8.081      4.888     -9.938
  -1   -2      9.920     -3.366      6.552
  -1   -2      9.920     -3.366      6.552
  -1   -2      6.729     -3.839      1.468
  -1   -2     -3.035     -2.182      9.798
  -1   -2      7.745     -9.060      4.536
  -1   -2     -0.280      0.749      8.960
  -1   -2      0.287      4.698     -8.861
  -1   -2    -12.518     -1.538     -9.819
  -1   -2    -11.540     -0.139      9.958
  -1   -2     -0.324     -1.497      9.256
  -1   -2     -6.406      3.758     -7.956
  -1   -2     -8.572     -0.432     -8.334
  -1   -2     14.499      4.841      3.482
  -1   -2     -1.026      2.408     -3.771
  -1   -2     -8.081      4.888     -9.938
  -1   -2      9.920     -3.366      6.552
  -1   -2      6.729     -3.839      1.468
  -1   -2     -3.035     -2.182      9.798
  -1   -2      7.745     -9.060      4.536
  -1   -2     -0.280      0.749      8.960
  -1   -2      0.287      4.698     -8.861
  -1   -2    -12.518     -1.538     -9.819
  -1   -2    -11.540     -0.139      9.958
  -1   -2     -0.324     -1.497      9.256
  -1   -2     -6.406      3.758     -7.956
  -1   -2     -8.572     -0.432     -8.334
  -1   -2     14.499      4.841      3.482
  -1   -2     -1.026      2.408     -3.771
  -1   -2     -8.081      4.888     -9.938
  -1   -2      9.920     -3.366      6.552
  -1   -2      9.920     -3.366      6.552
  -1   -2      6.729     -3.839      1.468
  -1   -2     -3.035     -2.182      9.798
  -1   -2      7.745     -9.060      4.536
  -1   -2     -0.280      0.749      8.960
  -1   -2      0.287      4.698     -8.861
 114   37    -12.518     -1.538     -9.819
  -1   -2    -11.540     -0.139      9.958
  -1   -2     -0.324     -1.497      9.256
  -1   -2     -6.406      3.758     -7.956
  -1   -2     -8.572     -0.432     -8.334
  -1   -2     14.499      4.841      3.482
  -1   -2     -1.026      2.408     -3.771
  -1   -2     -8.081      4.888     -9.938
  -1   -2      9.920     -3.366      6.552
  -1   -2      6.729     -3.839      1.468
  -1   -2     -3.035     -2.182      9.798
  -1   -2      7.745     -9.060      4.536
  -1   -2     -0.280      0.749      8.960
  -1   -2      0.287      4.698     -8.861
  -1   -2    -11.540     -0.139      9.958
  -1   -2     -0.324     -1.497      9.256
  -1   -2     -6.406      3.758     -7.956
  -1   -2     -8.572     -0.432     -8.334
  -1   -2     14.499      4.841      3.482
 102  125     -1.026      2.408     -3.771
  -1   -2     -8.081      4.888     -9.938
  -1   -2      9.920     -3.366      6.552
  -1   -2      9.920     -3.366      6.552
  -1   -2      6.729     -3.839      1.468
  -1   -2     -3.035     -2.182      9.798
  -1   -2      7.745     -9.060      4.536
  -1   -2     -0.280      0.749      8.960
  -1   -2      0.287      4.698     -8.861
  -1   -2    -11.540     -0.139      9.958
  -1   -2     -0.324     -1.497      9.256
  -1   -2     -6.406      3.758     -7.956
  -1   -2     -8.572     -0.432     -8.334
  -1   -2     14.499      4.841      3.482
  -1   -2     -8.081      4.888     -9.938
  -1   -2      9.920     -3.366      6.552
  -1   -2      9.920     -3.366      6.552
  -1   -2      6.729     -3.839      1.468
  -1   -2     -3.035     -2.182      9.798
  -1   -2      7.745     -9.060      4.536
  -1   -2     -0.280      0.749      8.960
  -1   -2      0.287      4.698     -8.861
  -1   -2    -11.540     -0.139      9.958
  -1   -2     -0.324     -1.497      9.256
  -1   -2     -8.572     -0.432     -8.334
  -1   -2     -6.406      3.758     -7.956
  -1   -2     14.499      4.841      3.482
  -1   -2     -8.081      4.888     -9.938
  -1   -2      6.729     -3.839      1.468
  -1   -2     -3.035     -2.182      9.798
  -1   -2      7.745     -9.060      4.536
  -1   -2     -0.280      0.749      8.960
  -1   -2      0.287      4.698     -8.861
  -1   -2    -11.540     -0.139      9.958
  -1   -2     -0.324     -1.497      9.256
  -1   -2     -8.572     -0.432     -8.334
  -1   -2     -6.406      3.758     -7.956
  -1   -2     14.499      4.841      3.482
  -1   -2     -8.081      4.888     -9.938
  -1   -2      9.920     -3.366      6.552
  -1   -2      6.729     -3.839      1.468
  -1   -2     -3.035     -2.182      9.798
  -1   -2      7.745     -9.060      4.536
  -1   -2     -0.280      0.749      8.960
  -1   -2      0.287      4.698     -8.861
  -1   -2    -11.540     -0.139      9.958
  -1   -2     -0.324     -1.497      9.256
  -1   -2     -8.572     -0.432     -8.334
  -1   -2     -6.406      3.758     -7.956
  -1   -2     14.499      4.841      3.482
  -1   -2     -8.081      4.888     -9.938
  -1   -2      9.920     -3.366      6.552
  -1   -2      6.729     -3.839      1.468
  -1   -2     -3.035     -2.182      9.798
  -1   -2      7.745     -9.060      4.536
  -1   -2     -0.280      0.749      8.960
  -1   -2      0.287      4.698     -8.861
  -1   -2    -11.540     -0.139      9.958
  -1   -2     -0.324     -1.497      9.256
  -1   -2     -6.406      3.758     -7.956
  -1   -2     -8.572     -0.432     -8.334
  -1   -2     14.499      4.841      3.482
  -1   -2     -8.081      4.888     -9.938
  -1   -2      6.729     -3.839      1.468
  -1   -2     -3.035     -2.182      9.798
  -1   -2      7.745     -9.060      4.536
  -1   -2     -0.280      0.749      8.960
  -1   -2      0.287      4.698     -8.861
  -1   -2    -11.540     -0.139      9.958
 404   -2     -0.324     -1.497      9.256
  -1   -2     -6.406      3.758     -7.956
  -1   -2     -8.572     -0.432     -8.334
  -1   -2     14.499      4.841      3.482
  -1   -2     -8.081      4.888     -9.938
  -1   -2      9.920     -3.366      6.552
  -1   -2      6.729     -3.839      1.468
  -1   -2     -3.035     -2.182      9.798
  -1   -2      7.745     -9.060      4.536
  -1   -2     -0.280      0.749      8.960
  -1   -2      0.287      4.698     -8.861
  -1   -2    -11.540     -0.139      9.958
  -1   -2     -6.406      3.758     -7.956
  -1   -2     -8.572     -0.432     -8.334
  -1   -2     14.499      4.841      3.482
  -1   -2     -8.081      4.888     -9.938
  -1   -2      9.920     -3.366      6.552
  -1   -2      6.729     -3.839      1.468
  -1   -2     -3.035     -2.182      9.798
  -1   -2      7.745     -9.060      4.536
  -1   -2     -0.280      0.749      8.960
  -1   -2      0.287      4.698     -8.861
  -1   -2    -11.540     -0.139      9.958
  -1   -2     -8.572     -0.432     -8.334
  -1   -2     -6.406      3.758     -7.956
  -1   -2     14.499      4.841      3.482
  -1   -2     -8.081      4.888     -9.938
  -1   -2      6.729     -3.839      1.468
  -1   -2     -3.035     -2.182      9.798
  -1   -2      7.745     -9.060      4.536
  -1   -2     -0.280      0.749      8.960
  -1   -2      0.287      4.698     -8.861
  -1   -2    -11.540     -0.139      9.958
  -1   -2     -8.572     -0.432     -8.334
  -1   -2     -6.406      3.758     -7.956
  -1   -2     14.499      4.841      3.482
  -1   -2     -8.081      4.888     -9.938
  -1   -2      9.920     -3.366      6.552
  -1   -2      9.920     -3.366      6.552
  -1   -2      6.729     -3.839      1.468
  -1   -2     -3.035     -2.182      9.798
  -1   -2      7.745     -9.060      4.536
  -1   -2     -0.280      0.749      8.960
  -1   -2      0.287      4.698     -8.861
  -1   -2    -11.540     -0.139      9.958
 165  463     -6.406      3.758     -7.956
  -1   -2     14.499      4.841      3.482
  -1   -2     -8.081      4.888     -9.938
  32    0      9.920     -3.366      6.552
  -1   -2      6.729     -3.839      1.468
  -1   -2     -3.035     -2.182      9.798
  -1   -2      7.745     -9.060      4.536
  -1   -2     -0.280      0.749      8.960
  -1   -2      0.287      4.698     -8.861
  -1   -2    -11.540     -0.139      9.958
  -1   -2     14.499      4.841      3.482
  -1   -2     -8.081      4.888     -9.938
  -1   -2      6.729     -3.839      1.468
  -1   -2     -3.035     -2.182      9.798
  -1   -2      7.745     -9.060      4.536
  -1   -2     -0.280      0.749      8.960
  -1   -2      0.287      4.698     -8.861
  -1   -2    -11.540     -0.139      9.958
  -1   -2     14.499      4.841      3.482
  -1   -2     -8.081      4.888     -9.938
  -1   -2      6.729     -3.839      1.468
  -1   -2     -3.035     -2.182      9.798
  -1   -2      7.745     -9.060      4.536
  -1   -2     -0.280      0.749      8.960
  -1   -2      0.287      4.698     -8.861
  -1   -2    -11.540     -0.139      9.958
  -1   -2     14.499      4.841      3.482
  -1   -2     -8.081      4.888     -9.938
  -1   -2      6.729     -3.839      1.468
  -1   -2      7.745     -9.060      4.536
  -1   -2     -0.280      0.749      8.960
  -1   -2      0.287      4.698     -8.861
  -1   -2    -11.540     -0.139      9.958
  -1   -2     14.499      4.841      3.482
  -1   -2     -8.081      4.888     -9.938
  -1   -2      6.729     -3.839      1.468
  -1   -2     -3.035     -2.182      9.798
  -1   -2      7.745     -9.060      4.536
  -1   -2     -0.280      0.749      8.960
  -1   -2      0.287      4.698     -8.861
  -1   -2    -11.540     -0.139      9.958
  -1   -2     14.499      4.841      3.482
  -1   -2     -8.081      4.888     -9.938
  -1   -2      6.729     -3.839      1.468
  -1   -2     -3.035     -2.182      9.798
  -1   -2      7.745     -9.060      4.536
  -1   -2     -0.280      0.749      8.960
  -1   -2      0.287      4.698     -8.861
  -1   -2    -11.540     -0.139      9.958
  -1   -2     14.499      4.841      3.482
  -1   -2     -8.081      4.888     -9.938
   6   62      6.729     -3.839      1.468
  -1   -2      7.745     -9.060      4.536
  -1   -2     -0.280      0.749      8.960
  -1   -2      0.287      4.698     -8.861
  -1   -2    -11.540     -0.139      9.958
  -1   -2     14.499      4.841      3.482
  -1   -2     -8.081      4.888     -9.938
  -1   -2     -3.035     -2.182      9.798
  -1   -2      7.745     -9.060      4.536
  -1   -2     -0.280      0.749      8.960
  -1   -2      0.287      4.698     -8.861
  -1   -2    -11.540     -0.139      9.958
  -1   -2     14.499      4.841      3.482
  -1   -2     -8.081      4.888     -9.938
  -1   -2     -3.035     -2.182      9.798
  -1   -2      7.745     -9.060      4.536
  -1   -2     -0.280      0.749      8.960
  -1   -2      0.287      4.698     -8.861
 559  539    -11.540     -0.139      9.958
  -1   -2     14.499      4.841      3.482
  -1   -2     -8.081      4.888     -9.938
  -1   -2     -3.035     -2.182      9.798
  -1   -2      7.745     -9.060      4.536
  -1   -2     -0.280      0.749      8.960
  -1   -2      0.287      4.698     -8.861
  -1   -2     14.499      4.841      3.482
  -1   -2     -8.081      4.888     -9.938
  -1   -2     -3.035     -2.182      9.798
  -1   -2      7.745     -9.060      4.536
  -1   -2     -0.280      0.749      8.960
  -1   -2      0.287      4.698     -8.861
  -1   -2     14.499      4.841      3.482
  -1   -2     -8.081      4.888     -9.938
  -1   -2     -3.035     -2.182      9.798
  -1   -2      7.745     -9.060      4.536
 591  392     -0.280      0.749      8.960
  -1   -2      0.287      4.698     -8.861
  -1   -2     14.499      4.841      3.482
  -1   -2     -8.081      4.888     -9.938
 580   -2     -3.035     -2.182      9.798
  -1   -2      7.745     -9.060      4.536
  -1   -2      0.287      4.698     -8.861
  -1   -2     14.499      4.841      3.482
  -1   -2     -8.081      4.888     -9.938
  -1   -2      7.745     -9.060      4.536
  -1   -2      0.287      4.698     -8.861
  -1   -2     14.499      4.841      3.482
  -1   -2     -8.081      4.888     -9.938
  -1   -2      7.745     -9.060      4.536
  -1   -2      0.287      4.698     -8.861
  -1   -2     14.499      4.841      3.482
  -1   -2     -8.081      4.888     -9.938
  -1   -2      7.745     -9.060      4.536
  -1   -2      0.287      4.698     -8.861
  -1   -2     14.499      4.841      3.482
 169  133     -8.081      4.888     -9.938
 590   -2      7.745     -9.060      4.536
  -1   -2      0.287      4.698     -8.861
  -1   -2     14.499      4.841      3.482
  -1   -2      0.287      4.698     -8.861
  -1   -2     14.499      4.841      3.482
  -1   -2      0.287      4.698     -8.861
  -1   -2     14.499      4.841      3.482
  -1   -2      0.287      4.698     -8.861
  -1   -2     14.499      4.841      3.482
  -1   -2      0.287      4.698     -8.861
  -1   -2     14.499      4.841      3.482
  -1   -2      0.287      4.698     -8.861
  -1   -2     14.499      4.841      3.482
  -1   -2      0.287      4.698     -8.861
  -1   -2     14.499      4.841      3.482
  -1   -2      0.287      4.698     -8.861
  -1   -2     14.499      4.841      3.482
  -1   -2      0.287      4.698     -8.861
  -1   -2     14.499      4.841      3.482
  -1   -2      0.287      4.698     -8.861
  -1   -2     14.499      4.841      3.482
  -1   -2      0.287      4.698     -8.861
  -1   -2     14.499      4.841      3.482
  -1   -2      0.287      4.698     -8.861
  -1   -2     14.499      4.841      3.482
  -1   -2      0.287      4.698     -8.861
  -1   -2     14.499      4.841      3.482
  -1   -2     14.499      4.841      3.482
  -1   -2      0.287      4.698     -8.861
  -1   -2     14.499      4.841      3.482
 627  600      0.287      4.698     -8.861
  -1   -2     14.499      4.841      3.482
