331
   3   61     19.053     -8.255     -2.192
  -1  127     10.222     -2.636      5.701
 102  160      8.480     -1.763     -0.714
   1    2     -5.966     -7.489     -0.843
   2    1     -6.763     -7.647     -0.991
  -1   -2     10.057     -5.943      1.855
   5   10     -5.356     -8.957     -9.950
   6    4     -8.603     -2.471      3.086
 120    6     10.727     -6.866      0.499
  60   72     15.101     -6.735      4.867
  50   -2     11.871     -5.747     -7.198
  10   -2     -3.998     -1.101      8.915
  13   -2     -5.280     -1.892      7.881
  14  324     16.050     -0.997     -2.889
  26   12    -10.034     -8.501     -5.230
 241   23      8.062     -4.608     -6.553
  19   93      6.023     -3.352      6.187
 166   -2     14.518     -4.987      1.415
  -1  167      7.995     -8.268      7.533
  11   16     -0.618     -6.583      9.950
  -1  136     20.200    -10.538     -4.424
  22   14     -6.201     -4.865     -0.088
  54  159     11.497     -1.202     -1.217
  -1   -2     -4.242     -6.992      6.263
  91   -2     12.745     -0.679     -9.662
 154  205     19.656     -8.210     -5.838
 140   -2      4.116     -7.572      7.256
 257   11     15.536     -2.559     -6.559
 130  260      5.601     -8.619      4.002
 212  109      7.660     -9.208      2.192
  34  116     18.763     -3.521     -3.550
  37   22      3.114      1.276     -0.393
  -1  105     14.098     -6.166      8.345
 126    5     10.698     -3.870     -0.368
 226   -2     -5.213     -7.727      7.202
  -1   70     12.056     -5.440     -8.817
 173   43     16.450     -4.640      5.372
  -1   15     13.347     -4.944      5.409
  39   30     -1.792      2.250      5.932
  35   -2     15.503     -4.377     -7.689
  36   24     -1.084      1.446     -9.400
 330   -2     -4.912     -3.036     -9.697
 148   -2      8.192     -6.948      5.082
 107   -2     -4.102     -7.032      7.944
 313   26     -4.651     -6.619      6.536
 304   -2     -7.667     -6.481     -4.279
 284  192     16.419     -2.667      5.837
  49   34     -8.629     -0.461      2.958
  -1   95      2.495     -3.619      5.714
  -1   38      5.727     -7.784     -0.706
 214   -2     16.295     -6.727      4.219
  -1   89     -1.960     -8.792      3.420
  17  300     16.327     -4.406      5.809
 215   -2     -6.165     -8.810     -2.228
 171   -2     18.953     -4.375     -5.950
  23   -2     10.579     -4.277      3.166
  -1  195      2.381     -4.677      1.038
  69  137      3.643     -6.211     -2.646
 189  174     16.238      1.853      4.623
  20  128     12.634     -7.014      7.820
 178   -2     16.290     -2.532     -8.864
 235   -2      3.103     -0.908      7.729
  68  240     18.266     -2.961     -7.792
 129   -2      6.911     -8.550      7.041
 314  293     18.066      0.515     -2.818
  -1   49     -9.573     -5.387     -9.303
 276  264      7.844     -0.526     -1.152
 293   -2      3.831      1.033      3.699
  63  243     17.224     -9.324     -9.138
  -1   -2      6.123     -8.601     -6.924
  74   -2     -4.783     -6.392      4.454
 174   -2     10.223     -8.402      3.170
 183   -2      9.247     -1.023      5.297
 176   -2      4.722     -4.548      2.463
 213   -2      9.223     -7.178     -4.237
 109  208     14.317     -2.228     -0.015
 244   -2      7.423     -0.857      6.499
 162   -2     16.059     -8.437     -2.250
  98   92     13.515     -8.937      1.426
  -1   66      6.700     -9.303      4.294
  79   64     13.424      0.560      7.710
  -1   94     11.750     -7.951      1.223
  -1   58      1.769     -7.563     -0.798
 124   -2      4.498    -10.267     -2.190
 169   -2      0.794     -7.915      0.296
 190  200      7.679     -9.755     -8.736
  -1   20      4.977     -9.840      0.899
  46  106     11.909     -4.467      5.632
 196   -2     18.426      2.586     -1.852
 229  107      9.226      3.118     -9.074
  -1   -2     14.400     -8.211      8.399
  99   19      6.298     -1.247      5.475
  38   -2     16.519     -3.102      0.221
  78   -2     11.915     -3.789      3.648
  86   78     13.898      2.697      0.445
  96  194      8.961     -9.080      7.667
  -1  111     -5.563     -9.657      9.267
  -1   13      4.679     -9.361      4.424
  61   87     10.111     -6.401      5.786
 292   -2     12.457      3.399     -6.019
  -1   -2    -13.084     -4.820     -3.788
 133  102      9.142     -6.555      1.669
 277   -2    -12.324     -5.495     -3.091
 134   85     11.565     -6.204     -5.872
 305  215     -8.261     -1.448     -9.559
  40   -2      8.489     -7.548     10.095
  93   -2     10.702      1.636      6.442
 122    8     -5.765     -4.452     -9.877
  -1   67     15.669      0.585     -7.681
  -1   28     11.235     -9.919     -0.298
 155  234     16.768     -6.700     -8.685
  95   35     16.011     -9.556      4.142
 179    3      8.103     -8.201      2.351
 198   -2     18.521    -10.153     -2.836
  -1   -2     -3.047     -2.169      9.701
 193   21      1.808     -6.738     -7.180
  -1   73      6.893    -10.990     -7.426
  81   99      9.464      2.002      7.829
  89   -2     -9.977     -8.117     -4.282
 145   -2     -0.128     -6.128      9.703
  -1   -2     16.296     -9.072      6.437
 103   -2      9.099     -9.990     -0.208
  -1   -2      9.676     -0.783     10.215
  -1   -2      1.741     -5.319     -1.515
 262   -2      3.146      0.338     -5.176
 321   -2      4.532    -10.445    -10.381
  -1   -2     18.677     -3.968     -9.641
  62   -2     12.740     -8.038      1.365
 138   76      8.273     -3.842      1.527
 177  210     16.280      0.856      6.010
 231  185     14.222     -9.388      0.638
 236  233      4.855     -9.689     -5.763
  90  118     14.412     -0.748     -2.339
  66   -2     -8.320     -7.470      2.149
  -1  188     -8.170     -8.651      5.970
  -1   71      8.225     -8.714      8.654
   7  211      7.063    -10.318     -9.165
 199  100     17.116     -0.957      0.206
 170   53     12.110     -3.454      3.738
  -1  138      7.988     -8.986      6.126
 147   -2      2.454     -6.388      5.077
  -1  135     13.972     -0.208      9.428
  -1   -2      5.310     -8.885     -8.444
 348  296     -3.138     -9.252      3.556
 286   39     -7.967     -5.606      4.162
 205   -2     12.797     -6.407      8.351
 123   42      4.235     -7.567      2.496
  -1   -2     18.636     -3.764     -9.348
  25   74      4.143     -4.180      8.640
  -1  123     -6.496     -2.971     -2.729
  84    0      6.321     -7.344      9.439
  -1   -2     -6.338     -8.413     -9.104
  -1   -2      2.147      0.392      1.789
  -1  230      8.325      0.856      5.651
  -1   -2     -2.288     -6.078     -0.334
 298  251      5.712      4.734      2.050
  -1   -2     18.813     -9.792     -5.609
  -1   44     12.788      0.066     -2.830
  -1   -2      2.699     -5.053     10.027
 202   -2    -11.128     -4.773      0.786
 312  144     -2.629      3.032     -0.277
 266  184      5.166     -2.932     -4.775
 222   -2      6.867     -6.991     -0.246
  28  244     11.821     -2.009      8.902
  -1  175     19.587     -7.249     -9.767
 137   -2      9.375     -4.913     -5.309
  -1  225     20.063     -4.662     -7.057
  -1  197      7.148     -1.076      5.755
  18   41     11.056     -4.377     -2.352
 210  171     17.587     -0.499     -2.904
  42  229     -2.804     -3.640     -0.201
  73  193     -2.083     -6.522      3.343
  -1   -2     -3.811     -1.178      7.247
  -1   83     13.355     -1.824     -7.301
 115   -2     -6.478     -8.598      7.846
  44  247      5.343     -9.300     -3.203
  -1   -2     10.916     -6.475      7.101
  -1   80      9.030     -7.516      5.084
  41  203     16.880     -2.991     -1.283
  -1   40      0.792     -4.169     -0.533
 327  232     -2.891      1.822     -8.970
  -1   -2     14.102     -7.357     -6.015
 233   -2     18.990    -10.127     -3.037
  -1   -2      4.924     -8.749      5.124
  -1   -2     -3.370     -4.890      9.048
  92  238     -4.521     -7.762      6.059
 227  181     18.232     -6.210     -8.431
  -1  226     18.934     -5.419     -1.365
 220  209      1.634      1.024      4.330
  76  191     11.195     -5.259      5.853
 237  290      0.354     -0.213      0.749
 250  165      0.968     -9.873      3.563
  -1   -2     18.071     -7.754     -8.378
  -1  134     18.374     -9.784     -8.878
 197  126    -10.683     -4.011     -8.586
  -1  257     18.229      2.446     -7.830
  -1  147     12.962     -6.859     -4.535
  21  124     10.327     -8.770      2.510
  -1   -2     10.849     -5.127     -9.651
 287   -2     16.033     -9.017      4.441
 273  245     -6.672     -5.570     -4.000
 234  204     18.344     -9.136      1.139
 200  227     12.365      2.176     -8.618
 165   -2     -1.996     -8.701     -0.619
 105   33     14.467     -3.321     -0.331
  -1  148     13.918    -11.280     -7.498
  65  272     -9.294     -6.652    -10.612
  53  152    -12.830     -8.240     -6.181
 142   27     12.187     -6.963      8.552
  -1   -2     14.550    -10.229     -4.255
  94   25     19.657     -2.237     -0.346
 252  198      1.688     -5.916     -6.351
  -1   46     20.643     -5.105     -1.136
 151  103     -9.572     -6.677     -2.927
  -1  168     16.693     -7.861    -10.372
  -1  130      9.610      5.233      1.791
 203  314    -11.594     -2.943     -5.992
  -1  224     -1.874     -9.193      5.275
  -1  321     13.460     -5.791    -10.277
 141  212     -2.490     -9.304     -5.458
 230  129     18.034     -6.141      2.122
 194  182     -0.340     -8.917      5.662
 185  256     -2.227     -8.103      5.768
  -1   -2     18.553     -8.165     -9.282
  -1  141      7.885     -0.021     -7.251
  -1   -2      3.458      2.889     -3.060
 267   32     -5.457     -8.694      8.706
 291  163     -5.557     -7.775     -1.271
  -1  235     13.589     -7.527      0.632
  -1   62     -3.847     -3.277      7.011
  -1  223     -6.931      0.526     -2.166
  -1   -2      1.876     -4.070      9.990
 315  217      7.607      1.380      2.712
  -1   -2     18.209     -7.144     -5.563
 232  180      8.423     -3.904     10.177
 268  261      6.947     -2.868      4.845
  -1  237     15.699      3.172      8.857
  -1  228    -12.027    -10.797     -8.457
  -1  318     -1.403     -2.012      2.914
  43  236     18.475     -3.630      0.106
  -1  277     15.067    -11.090     -8.049
  -1   -2      5.353     -3.602      4.978
  -1   -2     13.972     -5.532      9.841
  -1  177     16.414     -3.360      6.512
  30   -2     11.675     -1.114      8.798
  -1  201     -8.548     -0.996      7.187
  -1   -2     -9.406     -3.113      5.933
  -1  166      2.222     -5.620      8.421
 106   -2      1.839     -8.736     -0.366
 172   -2     -1.104     -2.281      5.414
  -1   -2      3.154     -4.042      8.057
  70   -2     -5.340     -5.169      2.914
  -1   -2      6.044     -6.449     -5.796
  97  113      8.859      1.957      8.499
  -1   91     11.747     -8.515      3.022
 278  179     -5.109     -4.774     -6.589
 108  250     16.329     -6.813      6.247
 301  271      4.706     -0.675      7.946
  -1   -2     -4.287     -2.777      4.300
 243  214      3.002      4.909      5.583
  -1   45     13.431     -5.777     -5.756
 310   -2     14.220      0.629     -0.413
  -1  189     19.028      2.517      2.251
 309  316    -11.685     -1.444     -9.755
 207   -2     -1.414     -6.480    -10.676
 180   -2      7.032     -9.697     -2.828
  58   29     15.963     -9.937      2.645
  -1   -2     11.317      4.971      6.353
 265   -2     -8.796     -1.672      1.487
  -1   68      8.628     -1.507     -4.449
 259  295    -13.075     -9.744     -1.306
  -1   -2    -10.919     -5.662     -4.192
  -1  202     16.705      2.054    -10.204
 157   -2      2.592     -4.512     -1.340
 256   57     12.678     -8.876      1.959
 152  246     -2.631     -7.626      1.473
  -1   -2     12.011     -8.686     -6.552
  -1  132     -5.900     -4.635      6.052
  75   55      5.121     -3.746      9.263
  -1  104     15.500     -7.656     -3.762
  -1   96     -4.958    -10.275     -9.727
  55  162     -5.909     -6.799      1.252
 249  306     15.923     -9.899    -10.065
 127  140     19.075     -2.587     -7.009
  -1   -2     20.127      4.825     -1.339
  -1  286    -10.575      2.142     -5.894
 324   -2     -6.677     -9.928    -10.540
 104  149    -10.850     -9.441     -1.385
  -1   -2    -12.675      2.294     -3.575
  -1  270    -11.543     -0.139      9.973
 160  309      6.158      4.444      9.469
  33  153     -5.783     -4.091    -10.227
  -1  298      4.796      3.090      2.361
  -1   52     13.753     -3.469    -10.843
  -1  146      3.507    -10.924     -4.712
  -1  220      6.975      5.954     -1.533
 325   69     -0.478    -10.232     -9.505
  -1   -2     18.278      2.569     10.717
  -1   -2     11.932      2.179      7.502
 191   37     -7.175     -3.202    -11.644
  -1   -2     19.191      4.817     -5.161
 223  218    -11.844     -9.826     -9.620
  -1   -2    -10.466      2.112     -7.957
  64   56      4.745     -0.055      6.090
 261  297     -4.373     -6.581    -11.243
  -1   18      3.181     -6.691      4.098
  -1   -2    -10.773      0.349     -5.409
 279   -2     -5.397     -3.229     11.817
 303  155     -4.962     -0.279     -4.904
  -1   -2     -1.821     -9.820     -3.996
  -1   -2     15.095      1.984    -11.597
  -1   -2      1.714     -8.334    -10.171
  -1   -2     22.299      1.513      5.942
  -1  258     -7.166     -8.877    -11.845
  -1   -2    -14.636     -5.913      1.680
  -1   -2      7.424     -1.226     12.043
  -1  151      5.598      5.269     -4.952
  -1   -2      7.015     -1.819      2.506
 282  173     -1.493     -0.859      1.373
 112   90     -3.034     -2.182      9.805
 245   -2      3.023      2.928     -2.933
  83  325    -12.846     -4.789     -3.238
  -1   -2    -12.675      2.294     -3.575
 335  328     -6.238     -4.791     -0.520
  -1   -2     -1.136      2.191      7.422
  -1   -2    -12.675      2.294     -3.575
 344  333     -1.136      2.191      7.422
  -1   -2    -12.675      2.294     -3.575
  -1    7     -4.367     -1.926      9.814
 342  332    -12.675      2.294     -3.575
 343   -2     -4.367     -1.926      9.814
