243
   0    0      8.830     -5.249      9.052
  -1   -2     -2.652     -9.401     -1.039
 140   -2      7.301     -8.942      7.117
  29    2      9.960     -3.359      6.587
  46   68     15.453     -8.257      3.551
  98   -2     16.132    -10.475      2.121
  -1   -2      6.398     -4.266     -2.770
 146   -2     15.249     -7.191     -0.942
  -1   -2      6.748     -3.836      1.468
  -1   11     11.866     -3.762      3.774
  12   13      7.280     -7.244     -1.502
  13   15     10.603     -5.352     -5.144
  35   14     -1.683     -7.408     -6.617
  15   -2      9.296     -2.611      7.958
  16   -2     10.259     -8.082      7.187
 144   50     -0.675     -2.320     -3.204
  19   -2      8.287     -7.303      6.329
  18   -2     10.528      1.759      5.922
  -1  230     -0.772     -9.058      4.367
  90   24      7.202     -4.740     -6.816
  -1   40     12.055     -5.399      1.231
  -1   22      5.464     -6.503      9.269
  76   -2      3.801     -5.039     -3.471
  -1  158     -3.045     -2.170      9.701
  -1   -2    -12.311     -1.479     -9.276
  -1   28      2.763     -7.788      7.934
  53   29      4.923     -8.570      5.280
  32   31     11.939     -6.892      4.191
 132   35      9.673     -0.783     10.210
  65   91     -1.434     -5.460      3.047
 154   69     10.756     -5.217      6.011
  10   58     10.173    -10.085     -3.003
  -1   39     18.655    -10.106     -2.542
  34   53     -8.322     -7.471      2.132
  79   88     17.378     -9.519     -2.452
  39   -2     11.073     -1.744      3.695
  64   -2     11.034     -4.333      5.799
  -1   76      6.807     -2.312     -6.349
  38   41    -11.791     -6.801     -9.905
 153   -2     -5.575     -5.345     -4.383
  41   66      9.434     -4.251      4.231
  86   -2      6.454     -7.904     -8.495
  95    4     17.603     -9.520      0.535
  40   -2     -4.426     -9.115     -1.341
   2   -2      4.143     -7.808      5.898
  -1   47    -11.693     -6.311     -5.320
 175   -2     17.842     -1.573     -3.111
  82   49     15.575     -0.677     -5.190
  17   38     -3.247     -4.313     -5.511
 117   17     14.219     -6.747      5.365
  77   -2     -0.648     -6.531      9.423
  -1  128     -2.931     -9.502      3.447
  52   20     -6.126     -9.756     10.218
  -1   42      7.774     -0.075     -7.646
  -1   -2      7.558     -9.050      4.921
  56   59     -0.136     -7.054      8.580
  71   36     -5.916     -8.183      3.044
  -1  167      8.020     -9.361      1.143
 103   43     13.051      0.152     -1.142
  96   55     -8.298     -8.413     -0.581
  58   65     18.690     -8.954      0.772
  94   64     -7.913     -3.961     -2.605
  63   89     -2.144     -6.087      0.045
  59   -2     11.969     -5.715    -10.915
  42   46     15.960     -9.982      4.599
  45   37     15.746     -6.734      3.831
  68   71     20.002     -8.574     -3.119
  -1   82     14.693     -4.123      3.502
  75  123     11.992     -8.625     -6.531
 162    6     -7.671    -10.029     -8.834
 104   -2      4.622     -2.924     -3.260
  69   79     15.754     -6.439     -5.154
 151   -2     -9.575     -6.678     -2.947
  73   72     12.253      2.205      8.517
  67   -2     15.456     -3.173     -1.400
 182  119     -9.685     -2.126     -7.421
  74   -2     14.744     -2.507     -4.621
  81  118      1.091     -5.059      1.467
  85   75      2.600     -9.758      5.397
  83   -2     11.661     -9.074     -7.040
  78   90      9.497     -4.740     -7.444
 171   26      1.694     -5.920     -6.319
 166   -2      5.561     -9.480     -9.185
  -1   63      3.539    -10.456     -7.218
  99   83     14.910    -10.162     -7.408
  43   -2     -9.823     -6.320     -1.304
  -1   62     -3.780     -6.864      0.059
  87   87      3.503     -9.859     -7.405
 160  132      1.549      1.533      3.717
  -1   -2     -2.816     -9.391     -4.409
  14   -2     -0.975     -6.760     -1.798
  20   -2      8.710     -5.439     -7.295
 150   86     -4.171    -10.461     -8.931
 143   -2      0.347     -4.204      0.751
  -1   -2      9.475     -5.515      6.051
  57   93     -6.597     -3.055     -1.557
  -1   -2     14.630    -10.435     -7.065
 124  107      1.844      1.764      6.948
  -1   -2     -0.035     -0.388      1.716
 159   74     16.332      1.011      0.473
  -1   -2     13.574      0.742     -2.512
  -1   -2      0.282      4.698     -8.869
  -1   -2     19.964     -0.122     -2.394
 155   -2     20.531     -4.526     -3.985
  -1   -2    -10.288     -3.782     -0.341
  -1   -2     16.340     -2.988      0.279
 114  103     -4.876      2.065     -3.187
  -1   23      8.074      2.958     -0.021
  -1  232    -11.542     -0.138      9.969
  -1   -2    -10.570     -5.309    -10.011
  -1   -2     -0.254     -1.482      9.069
  -1   -2     -8.850    -10.112     -7.038
  -1   94     18.621      2.527      2.505
  -1   -2     -6.404      3.761     -7.949
 198  122     -8.561     -0.434     -8.373
   7  111     -8.249     -6.709     -2.511
 148   -2      6.643     -9.561    -10.706
  -1   -2     14.500      4.844      3.481
 122  114     16.260     -2.100    -11.624
 110  203    -10.479      0.135     -3.720
  -1   -2     17.764     -8.173     -4.600
  -1    8     18.092     -5.219      0.460
  27   61      5.115     -7.408     -0.222
  -1    1      7.651     -8.691     10.042
  -1   -2      2.426     -0.898      9.477
  -1   77     -7.190     -1.949    -10.117
  -1  124     -8.081      4.889     -9.940
  -1  133      4.465      6.114      5.317
 134  182     20.853     -5.310      7.712
 129  216    -12.362      1.599     -8.618
  -1   33      8.115    -11.091     -0.696
 135  116     -0.903      2.026     -3.175
  -1   -2     19.192      4.817     -5.155
 127  129     -4.611     -0.737      5.062
 152   -2    -14.539    -10.051      5.183
 138  138      7.479     -1.670     -7.855
 139   -2      5.008      1.736     -4.702
 141  121      1.884     -1.596     11.899
 147   -2     -5.867      2.576     -8.941
  -1   -2     10.728     -9.717     -9.127
  50  187     15.976      1.124     -2.756
  -1   21      0.785     -1.653     -3.153
  -1  147      1.660     -4.112      9.480
  -1  172     21.102     -0.995     -3.718
  -1   -2    -11.310     -9.875     -8.728
 142   -2      1.167     -3.719     10.066
 156  149      9.972     -7.273     -6.481
  72  145     15.370     -3.595     -2.871
  -1  151      8.963     -7.502    -10.391
  -1    3     -5.490    -10.770     -1.569
  -1    5     13.673     -9.818      4.830
  -1   -2     13.790     -2.530      4.493
  -1  100     18.347     -2.257      4.597
 164  159      6.116     -2.495      8.344
 177  126    -11.266     -3.023     -5.026
 158   30     12.873      3.333     -4.331
  -1   54     18.167     -6.655      7.860
 168  163     13.824     -3.080    -12.061
  -1  160      8.561    -10.613     -8.155
 165   85      3.775     -9.468      1.267
 238  242      6.748     -3.836      1.468
   8   27     -0.838     -9.065      4.189
  25   -2     -2.317     -9.398     -0.395
   3   -2      7.720     -9.059      4.505
  -1   -2     13.574      0.742     -2.512
  -1   -2     -0.035     -0.388      1.716
  -1   -2    -10.288     -3.782     -0.341
  -1   57     19.964     -0.122     -2.394
  -1   -2      0.282      4.698     -8.869
  -1  156    -12.519     -1.537     -9.817
  -1   -2    -11.542     -0.138      9.969
  -1  226     -6.404      3.761     -7.949
  -1   96     14.500      4.844      3.481
  -1   -2     18.092     -5.219      0.460
  -1   -2      2.426     -0.898      9.477
  -1  248     19.192      4.817     -5.155
  -1   56     10.728     -9.717     -9.127
 188  142      0.785     -1.653     -3.153
  -1   -2      6.748     -3.836      1.468
  -1   -2     -0.838     -9.065      4.189
  -1   -2     -3.083     -2.169      9.668
  -1   -2    -10.288     -3.782     -0.341
  -1   -2     13.574      0.742     -2.512
  -1   -2     19.964     -0.122     -2.394
 176  205     -0.035     -0.388      1.716
  -1   -2      0.282      4.698     -8.869
  -1   -2    -12.519     -1.537     -9.817
  -1   -2    -11.542     -0.138      9.969
  -1   -2     -6.404      3.761     -7.949
  -1   -2     14.500      4.844      3.481
  -1   -2      2.426     -0.898      9.477
  -1   -2     19.192      4.817     -5.155
  -1   -2      6.748     -3.836      1.468
  -1   -2     -0.838     -9.065      4.189
 174   -2     13.574      0.742     -2.512
  -1   -2     19.964     -0.122     -2.394
  -1   -2    -12.519     -1.537     -9.817
  -1   -2      0.282      4.698     -8.869
  -1   -2    -11.542     -0.138      9.969
  -1   -2     -6.404      3.761     -7.949
  -1   -2     14.500      4.844      3.481
  -1   -2      2.426     -0.898      9.477
  -1   -2     19.192      4.817     -5.155
  -1   -2      6.748     -3.836      1.468
  -1   -2     -0.838     -9.065      4.189
  -1   -2     -3.083     -2.169      9.668
  -1   -2     19.964     -0.122     -2.394
  -1   -2      0.282      4.698     -8.869
  -1   -2    -11.542     -0.138      9.969
  -1   -2     -6.404      3.761     -7.949
  -1   -2     14.500      4.844      3.481
  -1   -2      2.426     -0.898      9.477
  -1   -2     19.192      4.817     -5.155
  -1   -2      6.748     -3.836      1.468
 222   -2     -0.838     -9.065      4.189
  -1   -2     -3.083     -2.169      9.668
  -1   -2      0.282      4.698     -8.869
  -1   -2    -11.542     -0.138      9.969
  -1   -2     -6.404      3.761     -7.949
  -1   -2     14.500      4.844      3.481
 211  220      2.426     -0.898      9.477
  -1   -2     19.192      4.817     -5.155
  -1   -2      6.748     -3.836      1.468
  -1   -2     -3.083     -2.169      9.668
  -1   -2      0.282      4.698     -8.869
 224   -2    -11.542     -0.138      9.969
 126   -2     -6.404      3.761     -7.949
  -1   -2     14.500      4.844      3.481
  -1   -2     19.192      4.817     -5.155
  -1   -2      6.748     -3.836      1.468
  -1   -2      0.282      4.698     -8.869
  -1   -2     14.500      4.844      3.481
  -1   -2     19.192      4.817     -5.155
 170   -2      6.748     -3.836      1.468
 242  173      0.282      4.698     -8.869
  -1   -2     14.500      4.844      3.481
  -1   -2     19.192      4.817     -5.155
 229  214     -3.083     -2.169      9.668
  -1   -2     14.500      4.844      3.481
  -1   -2     19.192      4.817     -5.155
  -1   -2     14.500      4.844      3.481
  -1   -2     19.192      4.817     -5.155
  -1  181     19.192      4.817     -5.155
