485
  14   -2      8.825     -5.255      9.042
   2    2      9.960     -3.360      6.580
  26   -2      9.159     -7.540      4.772
 112   -2      7.300     -8.943      7.110
  36    4     -3.164     -9.267     -4.852
   3  131     -2.134     -8.028      7.742
   4    5     -5.166     -7.730     -5.104
   6   20      6.401     -4.271     -2.771
  -1    8     -4.805     -3.018      9.669
  -1  432      6.737     -3.837      1.485
  -1   -2     11.859     -3.766      3.786
  28   -2     10.603     -5.353     -5.144
  -1   81     -1.686     -7.409     -6.620
  12   14      9.298     -2.614      7.951
  -1   16     10.258     -8.082      7.186
  -1  127     -0.768     -9.059      4.373
  15   17     -0.676     -2.320     -3.204
  16   18     10.530      1.757      5.925
  76   -2      7.203     -4.743     -6.817
  -1   -2      5.465     -6.505      9.266
 412   77      3.799     -5.038     -3.483
  -1   23     12.053     -5.401      1.225
 441  468     -3.045     -2.171      9.699
  21   41      4.919     -8.580      5.283
  67   -2     14.206     -6.935     -9.218
 140   24      3.182     -8.019      6.103
  27   30      9.674     -0.784     10.208
  -1   -2     11.954     -6.899      4.237
 347   29     10.176    -10.085     -3.009
  11   31     10.755     -5.219      6.017
  25   52     -1.436     -5.461      3.045
 159   -2     -5.575     -5.347     -4.376
  30   36    -11.795     -6.804     -9.915
  33   33      1.384     -9.946      4.159
  34   -2      6.805     -2.313     -6.362
  -1   39     11.081     -1.746      3.673
  35   38      9.433     -4.252      4.230
  -1   -2      3.904     -7.818      5.260
  22  158      3.996     -7.533      7.159
 141   -2     17.849     -1.576     -3.092
  -1   43     14.216     -6.747      5.368
  -1   32     -3.246     -4.312     -5.508
  41   44     15.576     -0.677     -5.187
  -1   -2     -6.132     -9.757     10.228
  80   49      9.376     -4.915     -5.317
  -1  426      7.560     -9.050      4.915
  -1   53     -5.917     -8.184      3.042
  78   -2     -2.142     -6.092      0.052
  44   -2     17.608     -9.519      0.525
  50   -2     -7.913     -3.963     -2.607
  49   56     14.122     -7.364     -6.040
 113   -2     13.058      0.153     -1.154
  55   58     19.931     -8.630     -3.437
  -1    3     11.969     -5.715    -10.910
  53   54     -0.128     -7.052      8.558
  47   -2      9.048    -10.675      8.306
  52   71      9.817     -6.917      3.355
  48   51     -0.644     -6.530      9.438
   5   -2      3.044    -10.016      9.043
  54   -2     18.693     -8.953      0.767
 145   -2     -8.301     -8.419     -0.592
  59   66     14.692     -4.124      3.497
  60   64     11.998     -8.626     -6.545
  98   25      7.706     -9.337      1.953
 128  195     20.146     -9.084      0.050
 133   -2      4.625     -2.924     -3.265
  64   -2     15.457     -3.174     -1.403
 116   -2     -9.681     -2.129     -7.442
  74   74     -9.569     -6.680     -2.936
  65   70     14.771     -2.499     -4.706
  72   78     15.441     -7.318     -1.147
  51   55     -8.027     -6.599     -1.549
  73   -2      2.906    -10.274      8.146
  -1  144     -8.265     -8.670    -10.507
  -1   79     -3.776     -6.865      0.079
 156   -2     12.267      3.333      0.890
  10   28     -0.972     -6.758     -1.802
  -1   -2      8.710     -5.441     -7.290
 154   59     16.466     -9.321      2.761
  -1   86     -6.598     -3.054     -1.550
  -1   -2     -6.551    -11.044     -5.580
  79   -2     14.908    -10.164     -7.439
  -1   85     18.116      2.717      3.505
 160   -2     -7.050     -9.675      8.593
 250  391     -0.280      0.750      8.963
  -1   -2     -0.037     -0.388      1.711
  -1   -2     16.332      1.009      0.471
  -1   -2    -10.288     -3.783     -0.338
  -1   -2      8.196    -11.123      8.609
  -1   -2     19.965     -0.123     -2.395
  -1   61     13.572      0.743     -2.510
  -1   -2     20.532     -4.529     -3.988
  -1   69     16.340     -2.990      0.278
  23  102    -12.519     -1.537     -9.813
  -1   -2     -0.182     -5.718    -11.997
  -1   -2      0.269      4.702     -8.913
  -1   -2    -11.541     -0.139      9.967
  -1   34    -10.570     -5.309    -10.011
  -1   63      8.301    -11.001     -1.242
 444  160     -0.334     -1.497      9.290
  -1  283     11.231     -9.935     10.370
  -1   -2     -8.564     -0.434     -8.368
  -1   -2    -12.862     -6.598     -8.087
 252  282     -6.405      3.758     -7.946
  -1   -2     14.599     -9.628      3.866
 100  111      7.211     -9.679     -7.470
  -1  172     14.500      4.842      3.476
 105   -2     16.252     -2.100    -11.602
  -1   -2     -1.028      2.410     -3.778
  -1   84      0.772     -5.083      2.402
  -1   -2     18.091     -5.221      0.466
 108  119    -10.479      0.135     -3.724
  -1  187     17.766     -8.173     -4.600
  -1   -2      7.650     -8.692     10.040
  -1   -2     -8.082      4.890     -9.939
  -1   -2      2.422     -0.899      9.483
  62   -2     11.935      2.179      7.509
  -1   -2      9.048     -9.920      8.781
 118  191      4.468      6.114      5.306
  -1   -2     19.188      4.818     -5.171
  -1   -2     10.878     -8.958     -5.001
  -1   -2     -1.582     -9.186      6.021
 120   -2    -12.362      1.598     -8.619
 119   76     11.931    -11.327     -0.452
 124  126     -4.611     -0.738      5.063
 158  150      5.243     -0.350      5.469
  -1   37      7.479     -1.670     -7.851
 130  346     -0.904      2.026     -3.167
 127  148      1.170     -3.725     10.057
 131  132      5.012      1.734     -4.714
 129  133      6.140     -9.587    -10.859
 126  136     13.940     -7.689      9.934
  -1   -2      0.801     -1.656     -3.190
  -1   -2    -15.499     -7.601      7.617
  84  138     15.976      1.121     -2.755
 134  140     12.589     -6.975     10.742
 135   45     -5.878    -10.464      7.754
 185   -2      0.379     -4.127      0.684
 136  137      1.871     -1.594     11.942
  -1  139      4.854     -7.473      0.418
  -1  156      3.535    -10.106     10.239
  -1   -2      7.325    -10.183      6.573
  97   -2     -8.680     -5.607     -8.282
 142   -2     15.377     -3.597     -2.882
 143   -2     -4.867     -9.560      9.989
 144  149     -5.866      2.573     -8.936
  -1   -2      1.660     -4.114      9.484
  71   21      6.660     -6.488     -7.517
  -1   42     -5.097     -1.739     -4.581
  69  147     19.766     -4.594     -3.299
  -1   -2     18.893     -0.675     -2.912
  -1   -2      2.839      1.839      0.158
 151  151      9.972     -7.272     -6.469
 150   -2     20.578     -8.328      9.564
  -1   35     -8.645    -10.654      6.141
 153   80     -5.957    -10.263      2.574
  -1   -2     -8.728    -12.031     -9.398
  -1   -2     16.010     -5.434      6.866
  -1   60     -8.508     -7.454     -5.285
  89   75    -11.266     -3.022     -5.025
 169  280     -1.686     -2.078      9.572
  -1   -2      6.117     -2.496      8.341
  -1   65     13.822     -3.082    -12.052
  -1    7      0.575     -5.980     11.432
  -1  100     17.202     -2.080     -3.972
  -1  308      9.920     -3.366      6.549
  -1    6      6.737     -3.837      1.485
  -1   -2     12.005     -3.786      3.423
 132   26     -0.830     -9.066      4.210
  -1    1      7.722     -9.061      4.501
  -1   -2     -0.280      0.750      8.963
  -1   -2     -0.037     -0.388      1.711
  -1   -2     16.332      1.009      0.471
  -1  157    -10.288     -3.783     -0.338
  -1   -2     19.965     -0.123     -2.395
 455  130      0.269      4.702     -8.913
  -1   -2     13.572      0.743     -2.510
  -1   -2     20.532     -4.529     -3.988
  -1   -2    -11.541     -0.139      9.967
  -1   -2     -0.334     -1.497      9.290
  -1   82     14.599     -9.628      3.866
  -1   -2     -8.564     -0.434     -8.368
  -1   -2     -6.405      3.758     -7.946
 109  186     18.375     -5.292      1.533
  -1   -2     14.500      4.842      3.476
  -1   -2      0.772     -5.083      2.402
  -1  141     -1.028      2.410     -3.778
  -1  471      2.422     -0.899      9.483
  -1   -2     -8.082      4.890     -9.939
  -1   -2     19.188      4.818     -5.171
  -1   -2     10.878     -8.958     -5.001
 192   -2      9.709     -2.255     -0.855
 216  246      9.048     -9.920      8.781
  88   46     18.893     -0.675     -2.912
  -1   -2      0.801     -1.656     -3.190
  -1   -2      9.920     -3.366      6.549
  -1   -2      6.737     -3.837      1.485
   7  199     12.005     -3.786      3.423
  -1   -2     -0.830     -9.066      4.210
  -1   -2     -3.033     -2.184      9.803
  -1   -2      7.722     -9.061      4.501
  -1   -2     -0.280      0.750      8.963
 152  370     16.332      1.009      0.471
 203   -2    -10.288     -3.783     -0.338
  -1   -2     19.965     -0.123     -2.395
  -1   -2     13.572      0.743     -2.510
  -1   -2     20.532     -4.529     -3.988
  -1   -2     -0.037     -0.388      1.711
  -1   -2      0.269      4.702     -8.913
  -1   -2    -11.541     -0.139      9.967
  -1   -2     -0.334     -1.497      9.290
  -1   -2     -6.405      3.758     -7.946
  -1   -2     -8.564     -0.434     -8.368
  -1   -2     14.599     -9.628      3.866
  -1   -2     14.500      4.842      3.476
  -1   -2     -1.028      2.410     -3.778
  -1   -2      0.772     -5.083      2.402
  -1   -2      2.422     -0.899      9.483
  -1   -2     -8.082      4.890     -9.939
  -1   -2     10.878     -8.958     -5.001
  -1   -2     19.188      4.818     -5.171
 186   -2      0.801     -1.656     -3.190
  -1   -2      9.920     -3.366      6.549
  -1   -2      6.737     -3.837      1.485
  -1   -2     -3.033     -2.184      9.803
  -1   -2      7.722     -9.061      4.501
  -1   -2     -0.280      0.750      8.963
  -1   -2     -0.037     -0.388      1.711
  -1   -2     13.572      0.743     -2.510
  -1   -2     20.532     -4.529     -3.988
  -1   -2      0.269      4.702     -8.913
  -1   -2    -11.541     -0.139      9.967
  -1   -2     -0.334     -1.497      9.290
  -1   -2     -6.405      3.758     -7.946
  -1   -2     14.599     -9.628      3.866
 103  301     -8.564     -0.434     -8.368
  -1   -2     -1.028      2.410     -3.778
  -1   -2     14.500      4.842      3.476
  -1   -2      0.772     -5.083      2.402
  -1   -2     -8.082      4.890     -9.939
  -1   -2      2.422     -0.899      9.483
  -1   -2     10.878     -8.958     -5.001
  -1   -2     19.188      4.818     -5.171
  -1   -2      9.920     -3.366      6.549
  -1   -2      6.737     -3.837      1.485
  -1   -2     -0.830     -9.066      4.210
  -1   -2      7.722     -9.061      4.501
  -1   -2     -0.280      0.750      8.963
  -1   -2     13.572      0.743     -2.510
  -1   -2     -0.037     -0.388      1.711
  -1   -2      0.269      4.702     -8.913
 226   -2     20.532     -4.529     -3.988
  -1   -2    -11.541     -0.139      9.967
  -1   -2     -0.334     -1.497      9.290
  -1   -2     -6.405      3.758     -7.946
  -1   -2     14.599     -9.628      3.866
  -1   -2     14.500      4.842      3.476
  -1   -2     -1.028      2.410     -3.778
  -1   -2      0.772     -5.083      2.402
  -1   -2     -8.082      4.890     -9.939
  -1   -2      2.422     -0.899      9.483
  -1   -2     19.188      4.818     -5.171
  -1   -2     10.878     -8.958     -5.001
  -1   -2      6.737     -3.837      1.485
  -1   -2     -0.830     -9.066      4.210
  -1   -2     -3.033     -2.184      9.803
  -1   -2      7.722     -9.061      4.501
  -1   -2     -0.280      0.750      8.963
  -1   -2     -0.037     -0.388      1.711
  -1   -2     13.572      0.743     -2.510
  -1   -2      0.269      4.702     -8.913
  -1   -2    -11.541     -0.139      9.967
 363   -2     -0.334     -1.497      9.290
  -1   -2     14.599     -9.628      3.866
  -1   -2     -6.405      3.758     -7.946
  -1   -2      0.772     -5.083      2.402
  -1   -2     14.500      4.842      3.476
  -1   -2     -1.028      2.410     -3.778
  -1   -2     -8.082      4.890     -9.939
  -1   -2      2.422     -0.899      9.483
  -1   -2     19.188      4.818     -5.171
  -1   -2     10.878     -8.958     -5.001
  31    0      9.920     -3.366      6.549
  -1   -2      6.737     -3.837      1.485
  -1   -2     -0.830     -9.066      4.210
 351  379     -2.095     -7.440     -7.759
  -1   -2     -3.033     -2.184      9.803
  -1   -2      7.722     -9.061      4.501
  -1   -2     -0.280      0.750      8.963
  -1   -2     13.572      0.743     -2.510
  -1   -2     -0.037     -0.388      1.711
  -1   -2      0.269      4.702     -8.913
 287  317    -11.541     -0.139      9.967
 253  154     14.599     -9.628      3.866
  -1   -2     -6.405      3.758     -7.946
 148  115     -1.028      2.410     -3.778
  -1   -2     14.500      4.842      3.476
  -1   -2      2.422     -0.899      9.483
  -1   -2     -8.082      4.890     -9.939
  -1   -2     19.188      4.818     -5.171
  -1   -2     10.878     -8.958     -5.001
  -1   -2      6.737     -3.837      1.485
  -1   -2     -3.033     -2.184      9.803
  -1   -2      7.722     -9.061      4.501
  -1   -2     -0.280      0.750      8.963
  -1   -2     -0.037     -0.388      1.711
  -1   -2     13.572      0.743     -2.510
  -1   -2      0.269      4.702     -8.913
 122   -2     -6.405      3.758     -7.946
  -1   -2     14.500      4.842      3.476
  -1   -2     -8.082      4.890     -9.939
  -1   -2      2.422     -0.899      9.483
  -1   -2     10.878     -8.958     -5.001
  -1   -2     19.188      4.818     -5.171
  -1   -2      6.737     -3.837      1.485
  -1   -2     -0.830     -9.066      4.210
  -1   -2     -0.830     -9.066      4.210
  -1   -2     -3.033     -2.184      9.803
  -1   -2      7.722     -9.061      4.501
  -1   -2     -0.280      0.750      8.963
  -1   -2     -0.037     -0.388      1.711
  -1   -2     13.572      0.743     -2.510
  -1   -2      0.269      4.702     -8.913
  -1   -2     14.500      4.842      3.476
  -1   -2      2.422     -0.899      9.483
  -1   -2     -8.082      4.890     -9.939
  -1   -2     10.878     -8.958     -5.001
  -1   -2     19.188      4.818     -5.171
  -1   -2      6.737     -3.837      1.485
  -1   -2     -0.830     -9.066      4.210
  -1   -2     -0.830     -9.066      4.210
  -1   -2     -3.033     -2.184      9.803
  -1   -2      7.722     -9.061      4.501
  -1   -2     -0.280      0.750      8.963
  -1   -2     13.572      0.743     -2.510
  -1   -2      0.269      4.702     -8.913
  -1   -2     -0.037     -0.388      1.711
  -1   -2     14.500      4.842      3.476
  -1   -2      2.422     -0.899      9.483
  -1   -2     -8.082      4.890     -9.939
  -1   -2     10.878     -8.958     -5.001
  -1   -2     19.188      4.818     -5.171
  -1   -2      6.737     -3.837      1.485
  -1   -2     -0.830     -9.066      4.210
  -1   -2     -0.830     -9.066      4.210
  -1   -2     -3.033     -2.184      9.803
  -1   -2      7.722     -9.061      4.501
  -1   -2     -0.280      0.750      8.963
  -1   -2      0.269      4.702     -8.913
  -1   -2     -0.037     -0.388      1.711
  -1   -2     14.500      4.842      3.476
  -1   -2     -8.082      4.890     -9.939
  -1   -2      2.422     -0.899      9.483
  -1   -2     10.878     -8.958     -5.001
  -1   -2     19.188      4.818     -5.171
  -1   -2      6.737     -3.837      1.485
  -1   -2     -0.830     -9.066      4.210
  -1   -2     -0.830     -9.066      4.210
  -1   -2     -3.033     -2.184      9.803
  -1   -2      7.722     -9.061      4.501
  -1   -2     -0.280      0.750      8.963
  -1   -2     13.572      0.743     -2.510
  -1   99     -0.037     -0.388      1.711
  -1   -2      0.269      4.702     -8.913
  -1   -2     14.500      4.842      3.476
  -1   -2     -8.082      4.890     -9.939
  -1   -2      2.422     -0.899      9.483
 188  362     10.878     -8.958     -5.001
  -1   -2     19.188      4.818     -5.171
  -1   -2      6.737     -3.837      1.485
  -1   -2     -0.830     -9.066      4.210
  -1   -2     -0.830     -9.066      4.210
  -1   -2     -3.033     -2.184      9.803
  -1   -2      7.722     -9.061      4.501
  -1   -2      0.269      4.702     -8.913
  -1   -2     14.500      4.842      3.476
  -1   -2     -8.082      4.890     -9.939
  -1   -2      2.422     -0.899      9.483
  -1   -2     19.188      4.818     -5.171
  -1   -2      6.737     -3.837      1.485
  -1   -2     -0.830     -9.066      4.210
  -1   -2     -0.830     -9.066      4.210
  -1   -2     -3.033     -2.184      9.803
  -1   -2      7.722     -9.061      4.501
  -1   -2      0.269      4.702     -8.913
  -1   -2     14.500      4.842      3.476
  -1   -2     -8.082      4.890     -9.939
  -1   -2      2.422     -0.899      9.483
  -1   -2     19.188      4.818     -5.171
  -1   -2      6.737     -3.837      1.485
  -1   -2     -0.830     -9.066      4.210
  -1   -2     -0.830     -9.066      4.210
  -1   -2     -3.033     -2.184      9.803
  -1   -2      7.722     -9.061      4.501
  -1   -2      0.269      4.702     -8.913
  -1   -2     14.500      4.842      3.476
  -1   -2      2.422     -0.899      9.483
  -1   -2     -8.082      4.890     -9.939
  -1   -2     19.188      4.818     -5.171
  -1   -2      6.737     -3.837      1.485
  -1   -2     -0.830     -9.066      4.210
  -1   -2     -0.830     -9.066      4.210
  -1   -2     -3.033     -2.184      9.803
  -1   -2      7.722     -9.061      4.501
  -1   -2      0.269      4.702     -8.913
  -1   -2     14.500      4.842      3.476
  -1   -2     -8.082      4.890     -9.939
  -1   -2      2.422     -0.899      9.483
  -1   -2     19.188      4.818     -5.171
  -1   -2      6.737     -3.837      1.485
  -1   -2     -0.830     -9.066      4.210
  -1   -2     -0.830     -9.066      4.210
 155   -2     -3.033     -2.184      9.803
  -1   -2      7.722     -9.061      4.501
  -1   -2      0.269      4.702     -8.913
  -1   -2     14.500      4.842      3.476
  -1   -2      2.422     -0.899      9.483
  -1   -2     -8.082      4.890     -9.939
  -1   -2     19.188      4.818     -5.171
  -1   -2      6.737     -3.837      1.485
  -1   -2     -0.830     -9.066      4.210
  -1   -2     -0.830     -9.066      4.210
 170   -2      7.722     -9.061      4.501
  -1   -2      0.269      4.702     -8.913
  -1   -2     14.500      4.842      3.476
  -1   -2      2.422     -0.899      9.483
  -1   -2     -8.082      4.890     -9.939
  -1   -2     19.188      4.818     -5.171
  -1   -2      6.737     -3.837      1.485
  -1   -2     -0.830     -9.066      4.210
  -1   -2     -0.830     -9.066      4.210
  -1   -2      0.269      4.702     -8.913
  -1   -2     14.500      4.842      3.476
  -1   -2     -8.082      4.890     -9.939
  -1   -2     19.188      4.818     -5.171
  -1   -2      6.737     -3.837      1.485
  -1   -2     -0.830     -9.066      4.210
  -1   -2     -0.830     -9.066      4.210
  -1   -2      0.269      4.702     -8.913
  -1   -2     14.500      4.842      3.476
  -1   -2      2.422     -0.899      9.483
 411  439     -8.082      4.890     -9.939
  -1   -2     19.188      4.818     -5.171
  -1   -2      6.737     -3.837      1.485
  -1   -2     -0.830     -9.066      4.210
  -1   -2     -0.830     -9.066      4.210
  -1   -2      0.269      4.702     -8.913
  -1   -2     14.500      4.842      3.476
  -1   -2      2.422     -0.899      9.483
  -1   -2     19.188      4.818     -5.171
  -1   -2      6.737     -3.837      1.485
  -1   -2     -0.830     -9.066      4.210
  -1   -2     -0.830     -9.066      4.210
  -1   -2      0.269      4.702     -8.913
  -1   -2     14.500      4.842      3.476
  -1   -2      2.422     -0.899      9.483
  -1   -2     19.188      4.818     -5.171
 165   68      6.737     -3.837      1.485
  -1   -2     -0.830     -9.066      4.210
  -1   -2     -0.830     -9.066      4.210
  -1   -2      0.269      4.702     -8.913
  -1   -2     14.500      4.842      3.476
  95  108      2.422     -0.899      9.483
  -1   -2     19.188      4.818     -5.171
  -1   -2      0.269      4.702     -8.913
  -1   -2     14.500      4.842      3.476
  -1   -2     19.188      4.818     -5.171
  -1   -2     -0.830     -9.066      4.210
 168  467     -0.830     -9.066      4.210
  -1   -2      0.269      4.702     -8.913
  -1   -2     14.500      4.842      3.476
  -1   -2     19.188      4.818     -5.171
  -1   -2      0.269      4.702     -8.913
  -1   -2     14.500      4.842      3.476
  -1   -2     19.188      4.818     -5.171
  -1   -2      0.269      4.702     -8.913
  -1   -2     14.500      4.842      3.476
  -1   -2     19.188      4.818     -5.171
  -1   -2     14.500      4.842      3.476
  -1   -2     19.188      4.818     -5.171
  -1   -2      0.269      4.702     -8.913
  -1   -2     14.500      4.842      3.476
  -1   -2     19.188      4.818     -5.171
  94  482      0.269      4.702     -8.913
  -1   -2     14.500      4.842      3.476
