641
  64   21      8.814     -5.264      9.013
   2   -2      6.798     -9.070     -2.872
  -1   -2      9.958     -3.362      6.583
  19   43     18.761     -9.582     -7.188
  53    3      9.164     -7.536      4.747
   4   -2     12.003     -5.789     -8.806
  71   -2     19.591     -8.738     -6.147
 172    6     16.480     -6.446     -2.459
   7   -2      6.399     -4.268     -2.772
   6    7     -4.801     -3.015      9.663
  -1    5      6.732     -3.838      1.486
  -1   -2     11.855     -3.769      3.794
   9   11     10.602     -5.351     -5.141
  11   89     -1.688     -7.410     -6.631
  12    2      9.308     -2.614      7.921
  -1  107      7.863     -7.964     10.240
  -1   20     -0.769     -9.059      4.369
 162   16     -0.672     -2.320     -3.196
  -1   -2      7.205     -4.744     -6.824
  17   -2     10.530      1.759      5.926
 131    1      3.799     -5.038     -3.488
 148   58      0.538    -10.188      5.957
 127  130      4.914     -8.585      5.295
 156   61     12.059     -5.407      1.233
  22  128     -2.065     -9.377      0.287
  -1   -2     -3.046     -2.171      9.698
  28   24     16.399     -8.491     -8.958
 118   -2      6.550     -1.665     -2.236
  29   31     -1.441     -5.459      3.069
  24   78     12.125     -7.781     -2.954
  30   34      6.612     -9.571     -5.810
  27   30      9.674     -0.784     10.211
   5   32      6.932     -9.041      5.792
  31   36    -11.796     -6.804     -9.921
  10   -2     10.755     -5.218      6.016
  36   40     -8.328     -7.470      2.113
 108   -2     -5.576     -5.347     -4.375
  13   37     11.966     -6.905      4.292
  35   -2      6.807     -2.313     -6.354
  39  165      9.432     -4.251      4.235
  -1   -2      3.989     -7.533      7.173
  57  532     11.089     -1.745      3.654
  79   -2     -3.375     -9.294     -4.726
  18   56      8.062     -5.492     -8.733
  33   60      3.904     -7.818      5.261
  70    4     16.419     -6.800     -9.647
  32   38     13.309     -8.068     -0.071
  44   -2     15.573     -0.677     -5.183
  15   -2     -3.248     -4.312     -5.514
  -1   53     -0.647     -6.532      9.426
  47   54     -6.134     -9.758     10.222
  51   55     -0.136     -7.053      8.567
  26   79     18.632     -8.855      0.232
 147   50     17.856     -1.569     -3.070
  -1   -2     11.968     -5.715    -10.916
  54   -2     -2.149     -6.088      0.036
  -1   -2      9.808     -6.920      3.338
 125   65     -5.913     -8.184      3.042
  41   28     13.075     -6.998      6.819
  -1   -2      1.290     -8.148      3.623
  67   64     -8.307     -8.419     -0.615
  55   35     -7.914     -3.962     -2.612
  99   -2     14.067      3.050     -3.622
  -1   71      8.991      1.268      8.998
  40  164      1.388     -9.945      4.140
 500   -2     14.693     -4.124      3.504
  -1   75     14.767     -2.497     -4.700
  61  115      4.625     -2.925     -3.277
 140   -2     17.580     -9.239     -9.164
  -1   73     17.120     -6.820      4.026
 115  426     -9.669     -2.133     -7.457
  45   81     -9.567     -6.682     -2.934
  -1   44     19.224    -10.404     -9.283
  -1   -2      8.715     -7.501     -9.713
  -1   85      9.501     -4.742     -7.452
 133  103     15.446     -3.158     -1.364
  74   -2     17.343     -9.480     -9.625
  -1   -2     12.633      0.117     -3.329
  77   84     15.007     -7.193     -0.127
  -1   74     -8.028     -6.599     -1.558
  -1   88     -3.782     -6.867      0.074
  58   87     -0.970     -6.760     -1.821
  91   91     18.316     -2.204      4.439
  82   90      2.720     -1.596      9.647
  -1  172     18.116      2.721      3.506
  81   92     -6.593     -3.054     -1.550
  -1   80      6.794     -6.982      5.256
 116   93     -2.629     -9.499      4.653
  -1   -2      6.627     -7.056      7.855
 178  143     -3.918     -9.864      7.417
  -1   -2     -0.279      0.750      8.962
  -1   -2     16.332      1.009      0.474
  -1   -2    -10.291     -3.785     -0.341
  -1   -2      9.097      6.168      8.859
  72  160     16.339     -2.988      0.283
  -1  142     19.963     -0.121     -2.389
  -1   -2     20.529     -4.527     -3.982
  -1   -2    -12.518     -1.537     -9.817
  -1   -2      0.275      4.699     -8.890
  -1   -2     -0.039     -0.388      1.714
  -1   -2      8.294    -11.011     -1.226
  -1   -2    -11.545     -0.139      9.980
  -1   -2     -8.570    -10.808      8.632
  98  111    -10.569     -5.311    -10.014
  -1  157     -0.324     -1.495      9.260
  -1   48    -12.867     -6.597     -8.101
  -1   -2     -6.404      3.758     -7.949
  -1   -2     -8.566     -0.434     -8.361
 102   83     12.316     -9.582      1.621
  -1  136     15.566      4.682     -6.270
  -1   -2     14.499      4.842      3.480
 128   -2     22.695     -5.128     10.298
  -1   -2     18.089     -5.224      0.466
  -1  383      1.322     -4.030     -1.819
 104  119     16.267     -2.101    -11.637
  -1   -2     -1.026      2.407     -3.774
  -1   -2      0.773     -5.081      2.390
 112   -2      7.650     -8.693     10.035
 109  123    -10.477      0.135     -3.724
 113   18     11.929      2.179      7.492
  -1   -2     -8.078      4.891     -9.939
  -1  135     -3.988    -11.158      1.865
 134   15     -1.578     -9.186      6.032
  -1   -2     19.190      4.817     -5.157
  85   59     14.319      0.508      0.126
 120  131     -4.610     -0.738      5.062
  -1  543    -12.362      1.598     -8.616
  -1   29      5.242     -0.349      5.469
 111  134     -0.903      2.028     -3.169
  -1   46     13.939     -7.687      9.947
  -1    8     20.593     -8.326      9.653
  -1  192      4.658    -10.383      2.182
  -1  137      4.997      1.733     -4.668
  -1   -2     22.861     -5.448      8.928
 138  155      1.170     -3.725     10.063
  -1   41      7.477     -1.671     -7.862
  69   -2     15.975      1.122     -2.759
  49   -2     15.374     -3.597     -2.877
  -1  141     20.329     -3.047     11.178
  -1   -2     -1.751     -8.284      8.339
  90   62     18.898     -0.666     -2.941
  -1   17      6.669     -6.488     -7.545
  -1   -2     -5.866      2.574     -8.935
  -1   -2      0.796     -1.656     -3.174
  -1   -2     -7.793    -10.121     -8.485
  -1   -2     -4.020    -10.432     -9.449
 415   39      1.661     -4.112      9.475
 143  144      2.837      1.839      0.158
 144  149    -11.303     -9.878     -8.759
  -1   69     16.014     -5.437      6.853
  -1   -2      9.979     -7.271     -6.489
  -1   -2      2.952    -10.178      8.399
 511   51     -5.098     -1.738     -4.584
  -1  152     -5.257    -12.183     -9.161
  -1   -2      9.531     -5.497     -9.527
  -1   -2      7.216     -1.695      5.656
 146   23     12.865      3.330     -4.317
 158  439     -1.686     -2.078      9.573
 166   63    -11.264     -3.027     -5.032
  -1  163      6.117     -2.496      8.343
 151  162      8.560    -10.614     -8.158
  -1  533      9.921     -3.368      6.552
  -1   -2      9.921     -3.368      6.552
  -1   -2      6.732     -3.838      1.486
  -1   -2     12.008     -3.787      3.414
  -1   -2     -0.830     -9.065      4.206
  -1   -2     -3.032     -2.183      9.803
 157   47     -2.311     -9.396     -0.369
  -1  199     -0.279      0.750      8.962
  -1   -2     16.332      1.009      0.474
  -1   -2      9.097      6.168      8.859
  -1   -2     19.963     -0.121     -2.389
  -1   -2     -0.039     -0.388      1.714
  -1   -2      0.275      4.699     -8.890
  -1  241     20.529     -4.527     -3.982
  -1  158    -10.291     -3.785     -0.341
 167  106      8.294    -11.011     -1.226
  -1   -2    -11.545     -0.139      9.980
  -1   -2     -0.324     -1.495      9.260
  -1  521     -6.404      3.758     -7.949
  -1   -2     -8.566     -0.434     -8.361
  -1   -2      0.773     -5.081      2.390
  -1   -2     18.089     -5.224      0.466
  -1  198     14.499      4.842      3.480
  -1  140     -1.026      2.407     -3.774
  -1  100     19.190      4.817     -5.157
  -1   -2     -8.078      4.891     -9.939
 119  190      9.708     -2.258     -0.862
  -1   -2      6.732     -3.838      1.486
  -1   -2     12.008     -3.787      3.414
  -1   -2     -0.830     -9.065      4.206
  -1   -2     -3.032     -2.183      9.803
  -1   -2     16.332      1.009      0.474
 160  110     -0.279      0.750      8.962
  -1   -2     -0.039     -0.388      1.714
  -1   -2    -10.291     -3.785     -0.341
  -1   -2     20.529     -4.527     -3.982
  -1   -2     19.963     -0.121     -2.389
  -1   -2      0.275      4.699     -8.890
  87  203      9.097      6.168      8.859
  -1   -2    -11.545     -0.139      9.980
  -1   -2     -0.324     -1.495      9.260
  -1   -2     -6.404      3.758     -7.949
  -1   -2     -8.566     -0.434     -8.361
  -1   -2     18.089     -5.224      0.466
  -1   -2     14.499      4.842      3.480
  -1   -2     -1.026      2.407     -3.774
  -1   -2      0.773     -5.081      2.390
  -1   -2     -8.078      4.891     -9.939
  -1   -2     19.190      4.817     -5.157
  -1   -2      9.921     -3.368      6.552
  -1   -2      6.732     -3.838      1.486
  -1   -2     12.008     -3.787      3.414
  -1   -2     -0.830     -9.065      4.206
  -1   -2     -3.032     -2.183      9.803
  -1   -2     16.332      1.009      0.474
  -1   -2     19.963     -0.121     -2.389
  89   95    -10.291     -3.785     -0.341
  -1   -2     20.529     -4.527     -3.982
  -1   -2      0.275      4.699     -8.890
  -1   -2     -0.039     -0.388      1.714
  -1   -2    -11.545     -0.139      9.980
  -1   -2     -0.324     -1.495      9.260
  -1   -2     -6.404      3.758     -7.949
  -1   -2     -8.566     -0.434     -8.361
  -1   -2     -1.026      2.407     -3.774
  -1   -2     14.499      4.842      3.480
  -1   -2      0.773     -5.081      2.390
  -1   -2     -8.078      4.891     -9.939
  -1   -2     19.190      4.817     -5.157
  -1   -2      9.921     -3.368      6.552
  -1   -2      9.921     -3.368      6.552
  -1   -2      6.732     -3.838      1.486
  -1   -2     12.008     -3.787      3.414
  -1   -2     -3.032     -2.183      9.803
  -1   -2     16.332      1.009      0.474
  -1   -2     -0.039     -0.388      1.714
  -1   -2     20.529     -4.527     -3.982
  -1   -2      0.275      4.699     -8.890
  -1   -2    -12.518     -1.537     -9.817
  -1   -2    -11.545     -0.139      9.980
  -1   -2     -0.324     -1.495      9.260
  -1   -2     -8.566     -0.434     -8.361
  -1   -2     -6.404      3.758     -7.949
  -1   -2     14.499      4.842      3.480
  -1   -2     -1.026      2.407     -3.774
  -1   -2     -8.078      4.891     -9.939
  -1   -2     19.190      4.817     -5.157
  -1   -2      9.921     -3.368      6.552
  -1   -2      9.921     -3.368      6.552
  -1   -2      6.732     -3.838      1.486
  -1   -2     12.008     -3.787      3.414
  -1   -2     -0.830     -9.065      4.206
  -1   -2     -3.032     -2.183      9.803
 142  223     16.332      1.009      0.474
 205  102     20.529     -4.527     -3.982
  -1   -2    -12.518     -1.537     -9.817
  -1   -2      0.275      4.699     -8.890
  -1   -2    -11.545     -0.139      9.980
  -1   -2     -0.324     -1.495      9.260
  -1   -2     -6.404      3.758     -7.949
  -1   -2     -8.566     -0.434     -8.361
  -1   -2     14.499      4.842      3.480
  -1   -2     -1.026      2.407     -3.774
  -1   -2      0.773     -5.081      2.390
  -1   -2     -8.078      4.891     -9.939
  -1   -2     19.190      4.817     -5.157
  -1   -2      9.921     -3.368      6.552
  -1   -2      6.732     -3.838      1.486
  -1   -2     12.008     -3.787      3.414
  -1   -2     -0.830     -9.065      4.206
  -1   -2      0.275      4.699     -8.890
  -1   -2    -11.545     -0.139      9.980
  -1   -2     -0.324     -1.495      9.260
  -1   -2     -6.404      3.758     -7.949
  -1   -2     -8.566     -0.434     -8.361
  -1   -2     14.499      4.842      3.480
  -1   -2      0.773     -5.081      2.390
 110  274     18.089     -5.224      0.466
  -1   -2     -1.026      2.407     -3.774
  -1   -2     -8.078      4.891     -9.939
  -1   -2     19.190      4.817     -5.157
  -1   -2      6.732     -3.838      1.486
  -1   -2     12.008     -3.787      3.414
  -1   -2     -0.830     -9.065      4.206
  -1   -2     -3.032     -2.183      9.803
  -1   -2    -12.518     -1.537     -9.817
  -1   -2      0.275      4.699     -8.890
  -1   -2    -11.545     -0.139      9.980
  -1   -2     -0.324     -1.495      9.260
  -1   -2     -6.404      3.758     -7.949
  -1   -2     -8.566     -0.434     -8.361
  -1   -2     14.499      4.842      3.480
  -1   -2      0.773     -5.081      2.390
  -1   -2     -1.026      2.407     -3.774
  -1   -2     -8.078      4.891     -9.939
  -1   -2     19.190      4.817     -5.157
  -1   -2      9.921     -3.368      6.552
  -1   -2      9.921     -3.368      6.552
  -1   -2      6.732     -3.838      1.486
  -1   -2     12.008     -3.787      3.414
  14  315     -0.830     -9.065      4.206
  -1   -2     -3.032     -2.183      9.803
  -1   -2      0.275      4.699     -8.890
  -1   -2    -12.518     -1.537     -9.817
  -1   -2    -11.545     -0.139      9.980
  -1   -2     -0.324     -1.495      9.260
  -1   -2     -8.566     -0.434     -8.361
  -1   -2     -6.404      3.758     -7.949
  -1   -2     14.499      4.842      3.480
  -1   -2     -1.026      2.407     -3.774
  -1   -2      0.773     -5.081      2.390
  -1   -2     -8.078      4.891     -9.939
  -1   -2     19.190      4.817     -5.157
  -1   -2      9.921     -3.368      6.552
  -1   -2      6.732     -3.838      1.486
  -1   -2     12.008     -3.787      3.414
  -1   -2     -3.032     -2.183      9.803
  -1   -2      0.275      4.699     -8.890
  -1   -2    -11.545     -0.139      9.980
  -1   -2     -0.324     -1.495      9.260
  -1   -2     -8.566     -0.434     -8.361
  -1   -2     -6.404      3.758     -7.949
  -1   -2     -1.026      2.407     -3.774
  -1   -2     14.499      4.842      3.480
  -1   -2      0.773     -5.081      2.390
  -1   -2     -8.078      4.891     -9.939
  -1   -2     19.190      4.817     -5.157
  -1   -2      6.732     -3.838      1.486
  -1   -2     12.008     -3.787      3.414
  -1   -2     -3.032     -2.183      9.803
  -1   -2      0.275      4.699     -8.890
  -1   -2    -11.545     -0.139      9.980
  -1   -2     -0.324     -1.495      9.260
  -1   -2     -8.566     -0.434     -8.361
  -1   -2     -6.404      3.758     -7.949
  -1   -2     14.499      4.842      3.480
  -1   -2     -1.026      2.407     -3.774
 107   -2      0.773     -5.081      2.390
  -1   -2     -8.078      4.891     -9.939
  -1   -2      6.732     -3.838      1.486
  -1   -2     12.008     -3.787      3.414
  -1   -2     -3.032     -2.183      9.803
  -1   -2      0.275      4.699     -8.890
  -1   -2    -11.545     -0.139      9.980
  -1   -2     -0.324     -1.495      9.260
  -1   -2     -6.404      3.758     -7.949
  -1   -2     -8.566     -0.434     -8.361
  -1   -2     14.499      4.842      3.480
  -1   -2     -1.026      2.407     -3.774
  -1   -2     -8.078      4.891     -9.939
  -1   -2      9.921     -3.368      6.552
  -1   -2      9.921     -3.368      6.552
  -1   -2      6.732     -3.838      1.486
  -1   -2     12.008     -3.787      3.414
  -1   -2     -3.032     -2.183      9.803
  -1   -2    -12.518     -1.537     -9.817
  -1   -2      0.275      4.699     -8.890
  -1   -2    -11.545     -0.139      9.980
  -1   -2     -0.324     -1.495      9.260
  -1   -2     -6.404      3.758     -7.949
  -1   -2     -8.566     -0.434     -8.361
  -1   -2     14.499      4.842      3.480
  -1   -2     -1.026      2.407     -3.774
  -1   -2     -8.078      4.891     -9.939
  -1   -2      9.921     -3.368      6.552
  -1   -2      6.732     -3.838      1.486
   8  402     12.008     -3.787      3.414
  -1   -2     -3.032     -2.183      9.803
  -1   -2    -12.518     -1.537     -9.817
  -1   -2      0.275      4.699     -8.890
  -1   -2    -11.545     -0.139      9.980
  -1   -2     -0.324     -1.495      9.260
  -1   -2     -8.566     -0.434     -8.361
  -1   -2     -6.404      3.758     -7.949
  -1   -2     14.499      4.842      3.480
  -1   -2     -1.026      2.407     -3.774
  -1   -2     -8.078      4.891     -9.939
  -1   -2      9.921     -3.368      6.552
  -1   -2      6.732     -3.838      1.486
  -1   -2     -3.032     -2.183      9.803
  -1   -2      0.275      4.699     -8.890
  -1   -2    -11.545     -0.139      9.980
  -1   -2     -0.324     -1.495      9.260
  -1   -2     -6.404      3.758     -7.949
  -1   -2     -8.566     -0.434     -8.361
  -1   -2     14.499      4.842      3.480
  -1   -2     -1.026      2.407     -3.774
  -1   -2     -8.078      4.891     -9.939
  -1   -2      9.921     -3.368      6.552
  -1   -2      6.732     -3.838      1.486
  -1   -2     -3.032     -2.183      9.803
  -1   -2    -12.518     -1.537     -9.817
  -1   -2      0.275      4.699     -8.890
  -1   -2    -11.545     -0.139      9.980
  -1   -2     -0.324     -1.495      9.260
  -1   -2     -6.404      3.758     -7.949
  -1   -2     -8.566     -0.434     -8.361
  -1   -2     -1.026      2.407     -3.774
  -1   -2     14.499      4.842      3.480
  -1   -2     -8.078      4.891     -9.939
  -1   -2      9.921     -3.368      6.552
  -1   -2      9.921     -3.368      6.552
  -1   -2      6.732     -3.838      1.486
  -1   -2     -3.032     -2.183      9.803
  -1   -2      0.275      4.699     -8.890
  -1   -2    -11.545     -0.139      9.980
  -1   -2     -0.324     -1.495      9.260
  -1   -2     -6.404      3.758     -7.949
  -1   -2     -8.566     -0.434     -8.361
  -1   -2     14.499      4.842      3.480
  -1   -2     -1.026      2.407     -3.774
  -1   -2     -8.078      4.891     -9.939
  -1   -2      9.921     -3.368      6.552
  -1   -2      6.732     -3.838      1.486
  -1   -2     -3.032     -2.183      9.803
  -1   -2      0.275      4.699     -8.890
  -1   -2    -11.545     -0.139      9.980
  -1   -2     -0.324     -1.495      9.260
  -1   -2     -6.404      3.758     -7.949
  -1   -2     -8.566     -0.434     -8.361
  -1   -2     14.499      4.842      3.480
  -1   -2     -1.026      2.407     -3.774
  -1   -2     -8.078      4.891     -9.939
  -1   -2      9.921     -3.368      6.552
  -1   -2      9.921     -3.368      6.552
  -1   -2      6.732     -3.838      1.486
  -1   -2     -3.032     -2.183      9.803
  -1   -2      0.275      4.699     -8.890
  -1   -2    -11.545     -0.139      9.980
  -1   -2     -0.324     -1.495      9.260
  -1   -2     -6.404      3.758     -7.949
  -1   -2     -8.566     -0.434     -8.361
  -1   -2     14.499      4.842      3.480
  -1   -2     -1.026      2.407     -3.774
  -1   -2     -8.078      4.891     -9.939
  -1   -2      9.921     -3.368      6.552
  -1   -2      6.732     -3.838      1.486
  -1   -2     -3.032     -2.183      9.803
  -1   -2      0.275      4.699     -8.890
  -1   -2    -11.545     -0.139      9.980
  -1   -2     -0.324     -1.495      9.260
  -1   -2     -6.404      3.758     -7.949
  -1   -2     -8.566     -0.434     -8.361
  -1   -2     14.499      4.842      3.480
 407  432     -1.026      2.407     -3.774
  -1   -2     -8.078      4.891     -9.939
  -1   -2      9.921     -3.368      6.552
  -1   -2      9.921     -3.368      6.552
  -1   -2      6.732     -3.838      1.486
  -1   -2     -3.032     -2.183      9.803
  -1   -2      0.275      4.699     -8.890
  -1   -2    -11.545     -0.139      9.980
  -1   -2     -0.324     -1.495      9.260
  -1   -2     -6.404      3.758     -7.949
  -1   -2     -8.566     -0.434     -8.361
  -1   -2     14.499      4.842      3.480
  -1   -2     -8.078      4.891     -9.939
  -1   -2      9.921     -3.368      6.552
  -1   -2      9.921     -3.368      6.552
  -1   -2      6.732     -3.838      1.486
  -1   -2     -3.032     -2.183      9.803
  -1   -2      0.275      4.699     -8.890
  -1   -2    -11.545     -0.139      9.980
  -1   -2     -0.324     -1.495      9.260
  -1   -2     -8.566     -0.434     -8.361
  -1   -2     -6.404      3.758     -7.949
  -1   -2     14.499      4.842      3.480
  -1   -2     -8.078      4.891     -9.939
  -1   -2      6.732     -3.838      1.486
  -1   -2     -3.032     -2.183      9.803
  -1   -2      0.275      4.699     -8.890
  -1   -2    -11.545     -0.139      9.980
  -1   -2     -0.324     -1.495      9.260
  -1   -2     -8.566     -0.434     -8.361
  -1   -2     -6.404      3.758     -7.949
  -1   -2     14.499      4.842      3.480
  -1   -2     -8.078      4.891     -9.939
  -1   -2      9.921     -3.368      6.552
  -1   -2      6.732     -3.838      1.486
  -1   -2     -3.032     -2.183      9.803
  -1   -2      0.275      4.699     -8.890
  -1   -2    -11.545     -0.139      9.980
 169   -2     -0.324     -1.495      9.260
  -1   -2     -8.566     -0.434     -8.361
  -1   -2     -6.404      3.758     -7.949
  -1   -2     14.499      4.842      3.480
  -1   -2     -8.078      4.891     -9.939
  -1   -2      9.921     -3.368      6.552
  -1   -2      6.732     -3.838      1.486
  -1   -2     -3.032     -2.183      9.803
  -1   -2      0.275      4.699     -8.890
  -1   -2    -11.545     -0.139      9.980
  -1   -2     -6.404      3.758     -7.949
  -1   -2     -8.566     -0.434     -8.361
  -1   -2     14.499      4.842      3.480
  -1   -2     -8.078      4.891     -9.939
  -1   -2      6.732     -3.838      1.486
  -1   -2     -3.032     -2.183      9.803
  -1   -2      0.275      4.699     -8.890
  -1   -2    -11.545     -0.139      9.980
  -1   -2     -6.404      3.758     -7.949
  -1   -2     -8.566     -0.434     -8.361
  -1   -2     14.499      4.842      3.480
  -1   -2     -8.078      4.891     -9.939
  -1   -2      9.921     -3.368      6.552
  -1   -2      6.732     -3.838      1.486
  -1   -2     -3.032     -2.183      9.803
  -1   -2      0.275      4.699     -8.890
  -1   -2    -11.545     -0.139      9.980
  -1   -2     -6.404      3.758     -7.949
  -1   -2     -8.566     -0.434     -8.361
  -1   -2     14.499      4.842      3.480
  -1   -2     -8.078      4.891     -9.939
  -1   -2      9.921     -3.368      6.552
  -1   -2      6.732     -3.838      1.486
  -1   -2     -3.032     -2.183      9.803
  -1   -2      0.275      4.699     -8.890
  -1   -2    -11.545     -0.139      9.980
  -1   -2     -8.566     -0.434     -8.361
  -1   -2     -6.404      3.758     -7.949
  -1   -2     14.499      4.842      3.480
  -1   -2     -8.078      4.891     -9.939
  -1   -2      6.732     -3.838      1.486
  -1   -2     -3.032     -2.183      9.803
  -1   -2      0.275      4.699     -8.890
  -1   -2    -11.545     -0.139      9.980
 121   -2     -8.566     -0.434     -8.361
  -1   -2     -6.404      3.758     -7.949
  -1   -2     14.499      4.842      3.480
  -1   -2     -8.078      4.891     -9.939
  -1   -2      9.921     -3.368      6.552
  -1   -2      6.732     -3.838      1.486
  -1   -2     -3.032     -2.183      9.803
  -1   -2      0.275      4.699     -8.890
  -1   -2    -11.545     -0.139      9.980
 176  147     -6.404      3.758     -7.949
  -1   -2     14.499      4.842      3.480
  -1   -2     -8.078      4.891     -9.939
  -1   -2      6.732     -3.838      1.486
  -1   -2     -3.032     -2.183      9.803
  -1   -2      0.275      4.699     -8.890
  -1   -2    -11.545     -0.139      9.980
  -1   -2     14.499      4.842      3.480
  -1   -2     -8.078      4.891     -9.939
  -1   -2      6.732     -3.838      1.486
  -1   -2     -3.032     -2.183      9.803
  -1   -2      0.275      4.699     -8.890
  -1   -2    -11.545     -0.139      9.980
  -1   -2     14.499      4.842      3.480
  -1   -2     -8.078      4.891     -9.939
  -1   -2      6.732     -3.838      1.486
  -1   -2     -3.032     -2.183      9.803
  -1   -2      0.275      4.699     -8.890
  -1   -2    -11.545     -0.139      9.980
  -1   -2     14.499      4.842      3.480
  -1   -2     -8.078      4.891     -9.939
  -1   -2      6.732     -3.838      1.486
  -1   -2      0.275      4.699     -8.890
  -1   -2    -11.545     -0.139      9.980
  -1   -2     14.499      4.842      3.480
  -1   -2     -8.078      4.891     -9.939
 154   72      6.732     -3.838      1.486
  -1   -2     -3.032     -2.183      9.803
  -1   -2      0.275      4.699     -8.890
  -1   -2    -11.545     -0.139      9.980
  -1   -2     14.499      4.842      3.480
  -1   -2     -8.078      4.891     -9.939
  -1   -2     -3.032     -2.183      9.803
  -1   -2      0.275      4.699     -8.890
  -1   -2    -11.545     -0.139      9.980
  -1   -2     14.499      4.842      3.480
  -1   -2     -8.078      4.891     -9.939
  -1   -2      0.275      4.699     -8.890
  -1   -2    -11.545     -0.139      9.980
  -1   -2     14.499      4.842      3.480
  -1   -2     -8.078      4.891     -9.939
  -1   -2     -3.032     -2.183      9.803
  -1   -2      0.275      4.699     -8.890
  -1   -2    -11.545     -0.139      9.980
  -1   -2     14.499      4.842      3.480
  -1   -2     -8.078      4.891     -9.939
  -1   -2     -3.032     -2.183      9.803
  -1   -2      0.275      4.699     -8.890
 556  588    -11.545     -0.139      9.980
  -1   -2     14.499      4.842      3.480
  -1   -2     -8.078      4.891     -9.939
  -1   -2     -3.032     -2.183      9.803
  -1   -2      0.275      4.699     -8.890
  -1   -2     14.499      4.842      3.480
  -1   -2     -8.078      4.891     -9.939
  -1   -2     -3.032     -2.183      9.803
  -1   -2      0.275      4.699     -8.890
  -1   -2     14.499      4.842      3.480
  -1   -2     -8.078      4.891     -9.939
 567  599     -3.032     -2.183      9.803
  -1   -2      0.275      4.699     -8.890
  -1   -2     14.499      4.842      3.480
  -1   -2     -8.078      4.891     -9.939
  -1   -2      0.275      4.699     -8.890
  -1   -2     14.499      4.842      3.480
  -1   -2     -8.078      4.891     -9.939
  -1   -2      0.275      4.699     -8.890
  -1   -2     14.499      4.842      3.480
  -1   -2     -8.078      4.891     -9.939
  -1   -2      0.275      4.699     -8.890
  -1   -2     14.499      4.842      3.480
 488  625     -8.078      4.891     -9.939
  -1   -2      0.275      4.699     -8.890
  -1   -2     14.499      4.842      3.480
  -1   -2      0.275      4.699     -8.890
  -1   -2     14.499      4.842      3.480
  -1   -2      0.275      4.699     -8.890
  -1   -2     14.499      4.842      3.480
  -1   -2      0.275      4.699     -8.890
  -1   -2     14.499      4.842      3.480
  -1   -2      0.275      4.699     -8.890
  -1   -2     14.499      4.842      3.480
  -1   -2      0.275      4.699     -8.890
  -1   -2     14.499      4.842      3.480
  -1   -2      0.275      4.699     -8.890
  -1   -2     14.499      4.842      3.480
  -1   -2      0.275      4.699     -8.890
  -1   -2     14.499      4.842      3.480
  -1   -2      0.275      4.699     -8.890
  -1   -2     14.499      4.842      3.480
  -1   -2      0.275      4.699     -8.890
  -1   -2     14.499      4.842      3.480
  -1   -2      0.275      4.699     -8.890
  -1   -2     14.499      4.842      3.480
  -1   -2      0.275      4.699     -8.890
  -1   -2     14.499      4.842      3.480
  -1   -2      0.275      4.699     -8.890
  -1   -2     14.499      4.842      3.480
  -1   -2      0.275      4.699     -8.890
  -1   -2     14.499      4.842      3.480
  -1   -2     14.499      4.842      3.480
  -1   -2      0.275      4.699     -8.890
  -1   -2     14.499      4.842      3.480
 612  174      0.275      4.699     -8.890
 615  647     14.499      4.842      3.480
