242
   0    0      8.825     -5.251      9.041
   1   -2      7.302     -8.941      7.117
  20  169      9.957     -3.359      6.596
  43   -2      9.450     -4.230      4.296
   8   -2     15.926     -8.228      3.249
 108    4     -7.243     -9.757     -8.971
  86   92     14.817     -7.243     -0.274
  57   34     -8.062     -8.390      1.018
 128   -2      6.403     -4.267     -2.764
  58   -2     16.476     -6.449     -2.465
  -1  229     -4.804     -3.015      9.664
  -1   -2      6.741     -3.840      1.444
  70   29     11.879     -3.761      3.751
 124   86      7.280     -7.244     -1.503
  -1    6     10.601     -5.351     -5.139
  18   -2     -1.685     -7.408     -6.615
  -1   15      9.304     -2.609      7.938
 104   30     10.260     -8.082      7.185
 160   -2     -0.676     -2.320     -3.202
  24   -2     10.531      1.760      5.926
  -1   25     -0.770     -9.059      4.366
   2   19      8.287     -7.301      6.329
  11   20      7.200     -4.742     -6.809
   7    2      3.371     -7.997      5.608
  25   -2      3.802     -5.036     -3.472
  28   -2     -2.073     -9.379      0.260
  68   -2      4.927     -8.570      5.272
  -1   -2     -3.045     -2.171      9.700
  30   32     12.053     -5.393      1.228
  19   -2     11.939     -6.892      4.182
  65   -2     -1.439     -5.458      3.066
  32   33      9.674     -0.784     10.212
  34   53     10.172    -10.085     -3.000
  17   59     12.244     -5.811     -8.471
  16   -2     -8.326     -7.470      2.125
  -1   36     10.754     -5.219      6.018
  27   24      4.908     -9.419      9.540
  47  115     -5.576     -5.345     -4.373
  -1   38    -11.790     -6.803     -9.900
 176  138      6.808     -2.311     -6.347
  -1   40     -4.423     -9.117     -1.347
  -1   39     11.079     -1.744      3.680
  40   46     18.649    -10.124     -2.662
   9    5     17.606     -9.520      0.530
  45   -2      4.144     -7.808      5.900
 118   -2    -11.689     -6.310     -5.309
  -1   45     14.214     -6.748      5.374
 166   -2     -3.246     -4.311     -5.510
 179   -2      4.052     -9.426      5.867
 123  146     15.572     -0.678     -5.184
  -1   -2      7.558     -9.052      4.924
 154   77     -0.300     -5.550      5.044
 149   -2     14.167     -7.663      9.455
  44  148     15.060    -10.218     -6.856
  -1   -2      7.766     -0.070     -7.688
 136   -2     -5.913     -8.185      3.043
  99   61     13.055      0.155     -1.151
  56   -2     -0.648     -6.529      9.427
  59   56     -0.130     -7.053      8.562
  63   69     14.126     -7.363     -6.050
 135   -2     17.860     -1.570     -3.059
  64   -2     18.690     -8.955      0.768
  -1   35     -7.912     -3.962     -2.602
  54   66     11.995     -8.625     -6.535
  67   68     20.005     -8.572     -3.111
  -1   -2      6.293     -7.365      9.498
  -1   -2     13.073     -6.998      6.820
  77   80     14.695     -4.123      3.509
  51  144      4.625     -2.924     -3.266
  75   18     12.251      2.205      8.511
  74   74     14.743     -2.509     -4.622
 102   -2     15.457     -3.172     -1.398
  -1    7     -9.574     -6.677     -2.941
 205   -2     17.325     -6.027      0.992
  31   -2      9.305     -7.987      7.334
  -1   -2     -7.619     -8.720     -4.963
 163   76      1.686     -5.917     -6.341
  -1   90      9.501     -4.743     -7.454
 117   -2      5.561     -9.479     -9.188
   6   -2     11.692     -5.784    -10.380
  -1   42     13.976     -8.491     10.487
  -1   95     18.739    -11.104     -3.767
  -1   63     -3.787     -6.862      0.062
  60   87      3.497     -9.855     -7.395
  89   89     -0.976     -6.761     -1.794
  73   60     -9.290     -7.477     -1.701
  90   78      8.712     -5.442     -7.302
 184   84     -8.911     -7.935      3.134
  -1   -2     13.675     -9.347     -5.083
  98   -2     -9.708     -7.128     -6.872
  -1   -2      0.351     -4.205      0.736
  84   88     -2.533     -9.360     -7.090
  33   55     -3.978     -7.043      3.519
  -1   12      8.309     -7.518      1.462
  93   94     -6.597     -3.052     -1.556
 158   98     16.094     -9.817     -2.121
  66   41      9.141     -3.808      7.518
 198   -2     17.549      2.360     -1.596
 194   -2     16.332      1.010      0.471
  -1   -2     13.573      0.742     -2.509
  -1   -2     -0.039     -0.389      1.711
  -1  161    -10.286     -3.779     -0.338
  -1   -2     19.965     -0.122     -2.392
  -1   -2      0.275      4.701     -8.889
  -1   72     16.340     -2.988      0.279
  -1  133      4.550     -9.027    -10.754
  -1   -2    -12.520     -1.537     -9.818
 170  153     -4.877      2.064     -3.188
  -1   -2    -11.543     -0.139      9.975
 219   -2    -10.570     -5.310    -10.010
  -1  163     -0.259     -1.483      9.085
  -1   -2      3.439    -10.406     -5.782
 120   -2     -8.565     -0.434     -8.362
 106   -2      7.204     -9.678     -7.442
  -1   -2     -6.405      3.760     -7.948
  -1   99     14.620    -11.082     -3.739
 171   51     14.596     -9.628      3.872
  82  121      6.632     -9.562    -10.672
 155   -2      9.895     -6.807      3.619
  -1  110     -1.027      2.409     -3.775
  -1   -2      1.083      0.256     -7.858
 127  122     16.267     -2.102    -11.639
  -1   -2     14.500      4.843      3.479
 130  123    -10.478      0.134     -3.720
  -1    3      7.650     -8.692     10.044
  -1  117     18.093     -5.214      0.461
  -1   -2      2.432     -0.898      9.459
 132  185     21.371     -8.144      4.751
  -1  135     -0.904      2.028     -3.169
  -1  108     19.193      4.817     -5.160
 139  129    -12.363      1.599     -8.616
 142  127     -4.613     -0.737      5.062
  -1  166     10.742    -11.071     -7.670
  -1   70      7.481     -1.669     -7.843
  -1   -2     -3.922    -10.669     -6.753
 141   17      2.839      1.858      0.165
 151  139      5.013      1.735     -4.717
  -1   -2    -13.578     -3.273     10.292
  -1   -2     12.636     -6.988     10.624
  -1   50     19.763     -4.595     -3.300
 138   -2      6.192     -1.952      2.479
 153  141      1.870     -1.592     11.944
 161   -2     15.373     -3.597     -2.873
  -1   -2     17.655     -5.843      7.096
  -1   -2     10.727     -9.720     -9.119
 152  107     15.975      1.122     -2.757
  -1  188      0.807     -1.658     -3.216
 110  147     -5.868      2.574     -8.939
  -1  142      1.661     -4.112      9.482
 187   -2     18.897     -0.667     -2.935
  -1  150     -4.011    -10.437     -9.494
  -1  152    -12.773     -9.938     -1.446
  94   -2     18.921      2.568      1.851
  -1  156      9.977     -7.272     -6.496
 200   -2      6.639     -6.480     -7.449
  -1  103     12.869      3.334     -4.330
  -1   44     -5.095     -1.737     -4.574
  -1   -2     16.010     -5.432      6.863
  -1   -2     -2.859    -10.434     -1.882
  39   65      6.120     -2.494      8.341
 191   -2     -1.685     -2.081      9.575
 109   -2    -11.265     -3.023     -5.028
  -1   -2     18.162     -6.646      7.852
  -1   -2     16.806     -5.372    -12.000
 178  168     13.809     -3.084    -12.019
  36    9      6.312     -2.960     -4.558
  -1   -2      6.741     -3.840      1.444
  -1   -2     -0.833     -9.066      4.199
  -1   -2     -3.083     -2.169      9.668
   5   -2      6.493     -7.381      8.985
 185  192    -10.286     -3.779     -0.338
  -1  174     13.573      0.742     -2.509
  -1   -2     19.965     -0.122     -2.391
  -1   -2     -0.039     -0.389      1.711
 254  242      0.275      4.701     -8.889
  -1  151    -12.520     -1.537     -9.818
  -1   -2    -11.543     -0.139      9.975
  -1   -2     -0.259     -1.483      9.085
  -1  217     -6.405      3.760     -7.948
  -1  101     14.500      4.843      3.479
  -1   -2     -1.027      2.409     -3.775
  -1   -2      2.432     -0.898      9.459
  -1   -2     19.193      4.817     -5.160
  -1   -2      6.741     -3.840      1.444
  -1   -2     -0.833     -9.066      4.199
  -1   -2     13.573      0.742     -2.509
  -1   -2     19.965     -0.122     -2.391
  -1   -2    -12.520     -1.537     -9.818
  -1   -2      0.275      4.701     -8.889
  -1   -2    -11.543     -0.139      9.975
  -1   -2     -0.259     -1.483      9.085
  -1   -2     -6.405      3.760     -7.948
  -1   -2     -1.027      2.409     -3.775
  -1   -2     14.500      4.843      3.479
  -1   -2      2.432     -0.898      9.459
  -1   -2     19.193      4.817     -5.160
  -1   -2      6.741     -3.840      1.444
  -1   -2     -0.833     -9.066      4.199
  -1   -2     -3.083     -2.169      9.668
  -1   -2     19.965     -0.122     -2.391
  -1   -2      0.275      4.701     -8.889
  -1   -2    -11.543     -0.139      9.975
  -1   -2     -0.259     -1.483      9.085
  -1   -2     -6.405      3.760     -7.948
  -1   -2     14.500      4.843      3.479
  -1   -2     -1.027      2.409     -3.775
  -1   -2      2.432     -0.898      9.459
  -1   -2     19.193      4.817     -5.160
  -1   -2      6.741     -3.840      1.444
  22  222     -0.833     -9.066      4.199
  -1   -2     -3.083     -2.169      9.668
  -1   -2      0.275      4.701     -8.889
  -1   -2    -11.543     -0.139      9.975
 177   -2     -0.259     -1.483      9.085
  -1   -2     -6.405      3.760     -7.948
  -1   -2     14.500      4.843      3.479
  -1   -2     -1.027      2.409     -3.775
 225  211      2.432     -0.898      9.459
  -1   -2     19.193      4.817     -5.160
  -1   -2      6.741     -3.840      1.444
  -1   -2     -3.083     -2.169      9.668
  -1   -2      0.275      4.701     -8.889
 111  224    -11.543     -0.139      9.975
  -1   -2     -6.405      3.760     -7.948
  -1   -2     14.500      4.843      3.479
  -1   -2     19.193      4.817     -5.160
  -1   -2      6.741     -3.840      1.444
  -1   -2      0.275      4.701     -8.889
 196   -2     -6.405      3.760     -7.948
  -1   -2     14.500      4.843      3.479
 129  235     -1.027      2.409     -3.775
  -1   -2     19.193      4.817     -5.160
 249  238      6.741     -3.840      1.444
 107   -2      0.275      4.701     -8.889
  -1   -2     14.500      4.843      3.479
  -1   -2     19.193      4.817     -5.160
  26   -2     -3.083     -2.169      9.668
  -1   -2     14.500      4.843      3.479
  -1   -2     19.193      4.817     -5.160
  -1   -2     14.500      4.843      3.479
  -1   -2     19.193      4.817     -5.160
  -1   -2     19.193      4.817     -5.160
