589
  10    0      8.823     -5.258      9.036
   3   -2      7.301     -8.941      7.114
   2   -2      9.959     -3.359      6.581
   4    4     -4.048     -6.442     -4.890
 109   48     16.477     -6.449     -2.465
 160    5      6.400     -4.269     -2.779
 154   -2      3.313     -9.999      9.199
 552    7     -4.805     -3.019      9.650
  -1   -2      6.738     -3.836      1.490
  -1   -2     11.858     -3.767      3.785
  -1   10      7.281     -7.245     -1.505
  28   11     10.604     -5.353     -5.148
  -1   -2     -1.687     -7.409     -6.625
  11   13      9.305     -2.613      7.931
   0  148     10.259     -8.081      7.182
  48   -2      8.280     -7.310      6.348
  81   16     -0.673     -2.320     -3.197
  -1   19      7.203     -4.743     -6.818
 115   18     10.532      1.760      5.925
  -1   25     -0.769     -9.058      4.371
  -1   -2     -3.040     -2.173      9.686
  -1   -2      3.800     -5.038     -3.472
  17   -2      2.763     -7.788      7.930
  21   22     12.057     -5.397      1.225
 562   37     -2.059     -9.374      0.305
  -1   24      4.923     -8.581      5.274
  38   51     11.959     -6.900      4.243
  25   27      9.674     -0.785     10.210
  23   74     12.245     -5.812     -8.478
  26   49     -1.438     -5.459      3.058
  -1   30     10.755     -5.219      6.014
 100   62     10.174    -10.084     -3.011
  30   -2     -5.575     -5.346     -4.378
  29   38    -11.794     -6.803     -9.915
  27  117     11.074     -1.749      3.692
  32   47      1.385     -9.946      4.157
  35   64      6.808     -2.312     -6.349
  36   36      9.433     -4.252      4.233
  18   82     -3.373     -9.294     -4.724
  78   69    -11.989     -8.373     -1.958
  -1   -2     14.218     -6.747      5.364
  39    1      4.141     -7.809      5.894
  -1   -2     -3.247     -4.312     -5.510
  40   70    -11.688     -6.315     -5.314
 153  486     15.578     -0.677     -5.193
 138   67     17.860     -1.573     -3.050
  97   46     -5.913     -8.184      3.048
  44   -2     -6.130     -9.758     10.220
  -1   -2      7.559     -9.050      4.923
  79   -2      9.375     -4.916     -5.319
  80   55     -7.905     -3.962     -2.605
  69   -2     14.124     -7.364     -6.042
  60   45     -8.304     -8.420     -0.604
  54   54     18.696     -8.954      0.759
  46   -2     -0.131     -7.053      8.559
  24   -2      9.816     -6.919      3.348
  53   58     19.495     -8.663     -5.186
  49   50     -0.648     -6.531      9.427
 458   -2     13.055      0.156     -1.149
  -1   39     13.075     -6.999      6.814
  20   -2      7.704     -9.341      1.960
  58   -2     11.999     -8.626     -6.548
  -1   -2     14.695     -4.123      3.510
  -1  106     17.186     -9.460      1.493
  61   -2      4.622     -2.924     -3.260
  64   68      4.329    -10.381     -9.755
  -1  118     12.258      2.199      8.532
  56   -2     15.460     -3.175     -1.405
 178   -2     -9.675     -2.131     -7.449
  71   -2     -9.573     -6.679     -2.944
  63   66     14.767     -2.498     -4.697
 127   14     11.241    -10.570      3.159
 143   -2      7.544    -10.186      6.005
  -1   72      8.726     -7.504     -9.739
 117   26     15.446     -7.319     -1.152
 167   -2     12.268      3.334      0.888
  -1   79     -3.785     -6.862      0.053
  72   81      8.707     -5.441     -7.287
  73   80     -0.973     -6.758     -1.813
  -1   83     -6.595     -3.053     -1.559
  -1   -2     -4.166    -10.462     -8.943
  -1   -2      3.999     -5.164     -9.938
  83   -2     17.366    -10.648      1.468
  84   -2     -2.633     -9.497      4.653
  -1   -2     -0.280      0.751      8.964
  -1  134     16.333      1.009      0.470
  86  606     17.548      2.358     -1.594
  -1   -2    -10.288     -3.783     -0.341
  -1   -2     13.573      0.742     -2.510
  -1   -2     19.965     -0.124     -2.395
  -1   -2     -0.038     -0.389      1.716
  -1   -2     20.533     -4.528     -3.991
  65   94     16.340     -2.990      0.276
  -1  153    -12.520     -1.537     -9.816
 575  602      0.270      4.701     -8.903
  -1   96      4.384     -9.071    -11.211
  -1   75     -0.183     -5.718    -12.003
  -1  151      8.194    -11.143      8.591
  -1   -2    -11.541     -0.140      9.968
  98   99    -10.571     -5.310    -10.013
  -1   28      8.300    -11.004     -1.240
  -1   -2     -0.335     -1.497      9.286
  -1   -2     -6.403      3.759     -7.952
  -1   -2     -8.569     -0.433     -8.348
  -1   -2     14.597     -9.628      3.867
 156  145    -10.523    -10.663    -10.228
 102  105      7.211     -9.680     -7.474
  -1   31     -8.248     -6.709     -2.513
  -1   -2     14.500      4.842      3.480
  -1    6     18.085     -5.220      0.474
 112  111     16.263     -2.102    -11.628
  -1  139     -1.028      2.407     -3.775
 114  112    -10.479      0.135     -3.725
 116    2      7.650     -8.691     10.040
  -1   -2      0.780     -5.083      2.373
  -1   -2     -8.082      4.889     -9.934
  -1   65     -7.192     -1.948    -10.127
  -1   -2      2.422     -0.898      9.483
 124  119     -1.581     -9.185      6.023
  -1   -2     10.882     -8.957     -5.007
  -1   -2     -4.611     -0.738      5.062
  -1   -2     19.191      4.818     -5.162
  -1   -2    -12.363      1.599     -8.619
 152  146      5.242     -0.350      5.469
 126  188      4.465      6.117      5.314
  -1   -2     -8.260    -11.947     -8.187
  70  124     11.931    -11.326     -0.455
  -1  436     -0.902      2.027     -3.173
 130   35      7.479     -1.670     -7.856
  -1  126      1.166     -3.721     10.072
 134   -2      6.147     -9.587    -10.876
  -1  150      4.655    -10.381      2.184
 141  140      1.879     -1.595     11.916
 132  127     13.940     -7.689      9.938
 135  131      5.004      1.733     -4.691
  -1  100     16.409    -11.428     -0.400
 171   44     18.899     -0.669     -2.935
  -1   43     -5.911    -10.458      7.849
 104  135      4.854     -7.472      0.416
 146  144     15.368     -3.597     -2.864
 140  141     -5.865      2.573     -8.935
  90   -2     15.976      1.122     -2.758
  55   56      3.534    -10.106     10.242
  -1   32    -11.315     -9.879     -8.722
 142  190     19.763     -4.596     -3.295
 148   -2      1.660     -4.112      9.480
 147   -2      2.838      1.840      0.158
 145  143      9.980     -7.272     -6.496
  -1   84     18.918      2.571      1.860
 108   -2     13.659     -9.815      4.859
  96  550      8.408     -9.927      6.869
  68   21      6.651     -6.484     -7.495
  -1  121      6.117     -2.495      8.349
  -1   -2     20.576     -8.330      9.556
  -1   -2     16.013     -5.433      6.854
  -1   78     12.865      3.333     -4.318
  -1  158    -15.409    -10.105      8.643
  -1   -2    -11.267     -3.023     -5.022
 101  564     -1.689     -2.083      9.565
  -1   15      6.946     -6.988      5.336
 159  157     13.823     -3.083    -12.059
  -1  539      9.921     -3.365      6.546
  -1   -2      6.738     -3.836      1.490
 321  349     12.003     -3.787      3.424
  -1   -2     -0.832     -9.065      4.202
  -1   -2     -3.031     -2.187      9.808
  -1   -2      7.718     -9.060      4.515
  -1  335     -0.280      0.751      8.964
  -1   -2     16.333      1.009      0.470
  -1   -2     -0.038     -0.389      1.716
  -1   -2     13.573      0.742     -2.510
  -1  137     19.965     -0.124     -2.395
  -1   -2    -10.288     -3.783     -0.341
 350  378     20.533     -4.528     -3.991
  -1   -2      0.270      4.701     -8.903
  -1   -2      8.194    -11.143      8.591
  -1   -2    -11.541     -0.140      9.968
  -1  156     -0.335     -1.497      9.286
  -1  434     -8.569     -0.433     -8.348
  -1   59     14.597     -9.628      3.867
  -1  418     -6.403      3.759     -7.952
  -1   -2     -1.028      2.407     -3.775
  -1  167     14.500      4.842      3.480
  -1  133      0.780     -5.083      2.373
  -1   -2     -8.082      4.889     -9.934
  -1   -2      2.422     -0.898      9.483
  -1   -2     19.191      4.818     -5.162
  -1   -2     10.882     -8.957     -5.007
 131   -2     -0.902      2.027     -3.173
  -1   -2     -5.911    -10.458      7.849
 218  246     -4.044     -6.430     -5.066
  -1   -2      6.738     -3.836      1.490
  -1   -2     12.003     -3.787      3.424
  -1   -2     -0.832     -9.065      4.202
  -1   -2     -3.031     -2.187      9.808
  -1   -2      7.718     -9.060      4.515
  -1   -2    -10.288     -3.783     -0.341
  -1   -2     -0.280      0.751      8.964
 149   -2     16.333      1.009      0.470
  -1   -2     -0.038     -0.389      1.716
  -1   -2     19.965     -0.124     -2.395
  -1   -2     13.573      0.742     -2.510
  -1   -2     20.533     -4.528     -3.991
  -1   -2      0.270      4.701     -8.903
  -1   -2      8.194    -11.143      8.591
  -1   -2    -11.541     -0.140      9.968
  -1   -2     -0.335     -1.497      9.286
  -1   -2     -8.569     -0.433     -8.348
  -1   -2     -6.403      3.759     -7.952
  -1   -2     14.597     -9.628      3.867
  -1   -2     14.500      4.842      3.480
 181   29      0.780     -5.083      2.373
  -1   -2     -1.028      2.407     -3.775
  -1   -2      2.422     -0.898      9.483
  -1   -2     -8.082      4.889     -9.934
  -1   -2     19.191      4.818     -5.162
  -1   -2     10.882     -8.957     -5.007
  -1   -2     -5.911    -10.458      7.849
  -1   -2      9.921     -3.365      6.546
  -1   -2      9.921     -3.365      6.546
  -1   -2      6.738     -3.836      1.490
  -1   -2     12.003     -3.787      3.424
  -1   -2     -0.832     -9.065      4.202
  -1   -2     -3.031     -2.187      9.808
  -1   -2      7.718     -9.060      4.515
  -1   -2     -0.280      0.751      8.964
  -1   -2     13.573      0.742     -2.510
  -1   -2     19.965     -0.124     -2.395
  -1   -2    -10.288     -3.783     -0.341
  -1   -2     20.533     -4.528     -3.991
  -1   -2      8.194    -11.143      8.591
  -1   -2      0.270      4.701     -8.903
  -1   -2     -0.038     -0.389      1.716
  -1   -2    -11.541     -0.140      9.968
  -1   -2     -0.335     -1.497      9.286
  -1   -2     -8.569     -0.433     -8.348
  -1   -2     -6.403      3.759     -7.952
  -1   -2     14.597     -9.628      3.867
  -1   -2     14.500      4.842      3.480
  -1   -2     -1.028      2.407     -3.775
  -1   -2      2.422     -0.898      9.483
  -1   -2     -8.082      4.889     -9.934
  -1   -2     10.882     -8.957     -5.007
  -1   -2     19.191      4.818     -5.162
  -1   -2     -5.911    -10.458      7.849
  -1   -2      9.921     -3.365      6.546
  -1   -2      6.738     -3.836      1.490
  -1   -2     12.003     -3.787      3.424
  -1   -2     -0.832     -9.065      4.202
  -1   -2     -3.031     -2.187      9.808
  -1   -2      7.718     -9.060      4.515
  -1   -2     -0.280      0.751      8.964
  -1   -2      0.270      4.701     -8.903
  -1   -2     -0.038     -0.389      1.716
  -1   -2     19.965     -0.124     -2.395
  -1   -2     13.573      0.742     -2.510
  -1   -2     20.533     -4.528     -3.991
  -1   -2      8.194    -11.143      8.591
  88  279    -10.288     -3.783     -0.341
  -1   -2    -11.541     -0.140      9.968
  -1   -2     -0.335     -1.497      9.286
  -1   -2     -8.569     -0.433     -8.348
  -1   -2     14.597     -9.628      3.867
  -1   -2     -6.403      3.759     -7.952
  -1   -2     14.500      4.842      3.480
  -1   -2     -1.028      2.407     -3.775
  -1   -2     -8.082      4.889     -9.934
  -1   -2      2.422     -0.898      9.483
  -1   -2     10.882     -8.957     -5.007
  -1   -2     19.191      4.818     -5.162
  -1   -2     -5.911    -10.458      7.849
  -1   -2      6.738     -3.836      1.490
  -1   -2     12.003     -3.787      3.424
  -1   -2     -0.832     -9.065      4.202
  -1   -2     -3.031     -2.187      9.808
  -1   -2      7.718     -9.060      4.515
  -1   -2     -0.280      0.751      8.964
  -1   -2     -0.038     -0.389      1.716
  -1   -2      8.194    -11.143      8.591
  -1   -2     19.965     -0.124     -2.395
  -1   -2     20.533     -4.528     -3.991
  -1   -2     13.573      0.742     -2.510
  -1   -2      0.270      4.701     -8.903
  -1   -2    -11.541     -0.140      9.968
  -1   -2     -0.335     -1.497      9.286
  -1   -2     -8.569     -0.433     -8.348
  -1   -2     -6.403      3.759     -7.952
  -1   -2     14.597     -9.628      3.867
  -1   -2     18.370     -5.292      1.542
  -1   -2     14.500      4.842      3.480
  -1   -2     -1.028      2.407     -3.775
  -1   -2      2.422     -0.898      9.483
  -1   -2     -8.082      4.889     -9.934
  -1   -2     10.882     -8.957     -5.007
  -1   -2     19.191      4.818     -5.162
 318   -2     -5.911    -10.458      7.849
  -1   -2      9.921     -3.365      6.546
  -1   -2      6.738     -3.836      1.490
  -1   -2     12.003     -3.787      3.424
  -1   -2     -0.832     -9.065      4.202
  -1   -2     -3.031     -2.187      9.808
  -1   -2      7.718     -9.060      4.515
  -1   -2     -0.280      0.751      8.964
  -1   -2     -0.038     -0.389      1.716
  -1   -2     19.965     -0.124     -2.395
  -1   -2     13.573      0.742     -2.510
  -1   -2     20.533     -4.528     -3.991
  -1   -2      0.270      4.701     -8.903
  -1   -2    -11.541     -0.140      9.968
  -1   -2     -0.335     -1.497      9.286
  -1   -2     -8.569     -0.433     -8.348
  -1   -2     -6.403      3.759     -7.952
  -1   -2     14.597     -9.628      3.867
  -1   -2     14.500      4.842      3.480
  -1   -2     -1.028      2.407     -3.775
  -1   -2     -8.082      4.889     -9.934
  -1   -2      2.422     -0.898      9.483
  -1   -2     19.191      4.818     -5.162
  -1   -2     10.882     -8.957     -5.007
  -1   -2      9.921     -3.365      6.546
  -1   -2      6.738     -3.836      1.490
  -1   -2     12.003     -3.787      3.424
  -1   -2     -0.832     -9.065      4.202
  -1   -2      7.718     -9.060      4.515
  -1   -2     -0.280      0.751      8.964
  -1   -2     -0.038     -0.389      1.716
  -1   -2     19.965     -0.124     -2.395
  -1   -2      0.270      4.701     -8.903
  -1   -2     13.573      0.742     -2.510
  -1   -2     20.533     -4.528     -3.991
  -1   -2    -11.541     -0.140      9.968
  85  142     -0.335     -1.497      9.286
  -1   -2     14.597     -9.628      3.867
  -1   -2     -8.569     -0.433     -8.348
  -1   -2     -6.403      3.759     -7.952
  -1   -2     18.370     -5.292      1.542
  -1   -2     14.500      4.842      3.480
  -1   -2     -1.028      2.407     -3.775
  -1   -2      2.422     -0.898      9.483
  -1   -2     -8.082      4.889     -9.934
  -1   -2     19.191      4.818     -5.162
  -1   -2     10.882     -8.957     -5.007
  -1   -2      9.921     -3.365      6.546
  -1   -2      6.738     -3.836      1.490
   7   -2     12.003     -3.787      3.424
  -1   -2     -0.832     -9.065      4.202
  -1   -2     -3.031     -2.187      9.808
  -1   -2      7.718     -9.060      4.515
  -1   -2     -0.280      0.751      8.964
  -1   -2     19.965     -0.124     -2.395
  -1   -2     13.573      0.742     -2.510
  -1   -2     20.533     -4.528     -3.991
  -1   -2     -0.038     -0.389      1.716
  -1   -2      0.270      4.701     -8.903
  -1   -2    -11.541     -0.140      9.968
  -1   -2     -6.403      3.759     -7.952
 122  136     -8.569     -0.433     -8.348
  -1   -2     14.597     -9.628      3.867
  -1   -2     14.500      4.842      3.480
  -1   -2     -1.028      2.407     -3.775
  -1   -2      2.422     -0.898      9.483
  -1   -2     -8.082      4.889     -9.934
  -1   -2     10.882     -8.957     -5.007
  -1   -2     19.191      4.818     -5.162
  -1   -2      9.921     -3.365      6.546
  -1   -2      6.738     -3.836      1.490
  -1   -2     -3.031     -2.187      9.808
  -1   -2      7.718     -9.060      4.515
  -1   -2     -0.280      0.751      8.964
  -1   -2     -0.038     -0.389      1.716
  -1   -2     13.573      0.742     -2.510
  -1   -2     20.533     -4.528     -3.991
  -1   -2      0.270      4.701     -8.903
  -1   -2    -11.541     -0.140      9.968
 390   -2     -6.403      3.759     -7.952
 103  401     14.597     -9.628      3.867
  -1   -2     -1.028      2.407     -3.775
  -1   -2     14.500      4.842      3.480
  -1   -2     -8.082      4.889     -9.934
  -1   -2      2.422     -0.898      9.483
  -1   -2     10.882     -8.957     -5.007
  -1   -2     19.191      4.818     -5.162
  -1   -2      6.738     -3.836      1.490
  -1   -2     -0.832     -9.065      4.202
  -1   -2      7.718     -9.060      4.515
  -1   -2     -0.280      0.751      8.964
  -1   -2     13.573      0.742     -2.510
  -1   -2     -0.038     -0.389      1.716
  -1   -2      0.270      4.701     -8.903
  -1   -2    -11.541     -0.140      9.968
  -1   -2     14.500      4.842      3.480
  -1   -2     -1.028      2.407     -3.775
  -1   -2     -8.082      4.889     -9.934
  -1   -2      2.422     -0.898      9.483
  -1   -2     19.191      4.818     -5.162
  -1   -2     10.882     -8.957     -5.007
  -1   -2      6.738     -3.836      1.490
  -1   -2     -0.832     -9.065      4.202
  -1   -2     -3.031     -2.187      9.808
  -1   -2      7.718     -9.060      4.515
  -1   -2     -0.280      0.751      8.964
  -1   -2     -0.038     -0.389      1.716
  -1   -2     13.573      0.742     -2.510
  -1   -2      0.270      4.701     -8.903
  -1   -2    -11.541     -0.140      9.968
  -1   -2     14.500      4.842      3.480
 408   -2     -1.028      2.407     -3.775
  -1   -2     -8.082      4.889     -9.934
  -1   -2      2.422     -0.898      9.483
  -1   -2     19.191      4.818     -5.162
  -1   -2     10.882     -8.957     -5.007
  -1   -2      6.738     -3.836      1.490
  -1   -2     -0.832     -9.065      4.202
  -1   -2     -3.031     -2.187      9.808
  -1   -2      7.718     -9.060      4.515
  -1   -2     -0.280      0.751      8.964
  -1   -2     13.573      0.742     -2.510
  -1   -2     -0.038     -0.389      1.716
  -1   -2      0.270      4.701     -8.903
 421  449    -11.541     -0.140      9.968
  -1   -2     14.500      4.842      3.480
  -1   -2      2.422     -0.898      9.483
  -1   -2     -8.082      4.889     -9.934
  -1   -2     19.191      4.818     -5.162
  -1   -2     10.882     -8.957     -5.007
  -1   -2      6.738     -3.836      1.490
  -1   -2     -3.031     -2.187      9.808
  -1   -2      7.718     -9.060      4.515
  -1   -2     -0.280      0.751      8.964
  -1   -2     -0.038     -0.389      1.716
  -1   -2     13.573      0.742     -2.510
  -1   -2      0.270      4.701     -8.903
  -1   -2     14.500      4.842      3.480
  -1   -2     -8.082      4.889     -9.934
  -1   -2      2.422     -0.898      9.483
  -1   -2     10.882     -8.957     -5.007
  -1   -2     19.191      4.818     -5.162
  -1   -2      6.738     -3.836      1.490
  -1   -2     -0.832     -9.065      4.202
  -1   -2     -0.832     -9.065      4.202
  -1   -2     -3.031     -2.187      9.808
  -1   -2      7.718     -9.060      4.515
  -1   -2     -0.280      0.751      8.964
  -1   -2     -0.038     -0.389      1.716
  89   -2     13.573      0.742     -2.510
  -1   -2      0.270      4.701     -8.903
  -1   -2     14.500      4.842      3.480
  -1   -2      2.422     -0.898      9.483
  -1   -2     -8.082      4.889     -9.934
  -1   -2     10.882     -8.957     -5.007
  -1   -2     19.191      4.818     -5.162
  -1   -2      6.738     -3.836      1.490
  -1   -2     -0.832     -9.065      4.202
  -1   -2     -0.832     -9.065      4.202
  -1   -2     -3.031     -2.187      9.808
  -1   -2      7.718     -9.060      4.515
  -1   -2     -0.280      0.751      8.964
  -1   -2      0.270      4.701     -8.903
  -1   -2     -0.038     -0.389      1.716
  -1   -2     14.500      4.842      3.480
  -1   -2      2.422     -0.898      9.483
  -1   -2     -8.082      4.889     -9.934
  -1   -2     10.882     -8.957     -5.007
  -1   -2     19.191      4.818     -5.162
  -1   -2      6.738     -3.836      1.490
  -1   -2     -0.832     -9.065      4.202
  -1   -2     -0.832     -9.065      4.202
  -1   -2     -3.031     -2.187      9.808
  -1   -2      7.718     -9.060      4.515
  -1  102     -0.280      0.751      8.964
  -1   -2      0.270      4.701     -8.903
 169  508     -0.038     -0.389      1.716
  -1   -2     14.500      4.842      3.480
  -1   -2     -8.082      4.889     -9.934
  -1   -2      2.422     -0.898      9.483
 185  478     10.882     -8.957     -5.007
  -1   -2     19.191      4.818     -5.162
  -1   -2      6.738     -3.836      1.490
  -1   -2     -0.832     -9.065      4.202
  -1   -2     -0.832     -9.065      4.202
  -1   -2     -3.031     -2.187      9.808
  -1   -2      7.718     -9.060      4.515
  -1   -2      0.270      4.701     -8.903
  -1   -2     14.500      4.842      3.480
  -1   -2     -8.082      4.889     -9.934
  -1   -2      2.422     -0.898      9.483
  -1   -2     19.191      4.818     -5.162
  -1   -2      6.738     -3.836      1.490
  -1   -2     -0.832     -9.065      4.202
  -1   -2     -0.832     -9.065      4.202
  -1   -2     -3.031     -2.187      9.808
  -1   -2      7.718     -9.060      4.515
  -1   -2      0.270      4.701     -8.903
  -1   -2     14.500      4.842      3.480
  -1   -2     -8.082      4.889     -9.934
  -1   -2      2.422     -0.898      9.483
  -1   -2     19.191      4.818     -5.162
  -1   -2      6.738     -3.836      1.490
  -1   -2     -0.832     -9.065      4.202
  -1   -2     -0.832     -9.065      4.202
  -1   -2     -3.031     -2.187      9.808
  -1   -2      7.718     -9.060      4.515
  -1   -2      0.270      4.701     -8.903
  -1   -2     14.500      4.842      3.480
  -1   -2     -8.082      4.889     -9.934
  -1   -2      2.422     -0.898      9.483
  -1   -2     19.191      4.818     -5.162
  -1   -2      6.738     -3.836      1.490
  -1   -2     -0.832     -9.065      4.202
  -1   -2     -0.832     -9.065      4.202
  -1   -2     -3.031     -2.187      9.808
  -1   -2      7.718     -9.060      4.515
  -1   -2      0.270      4.701     -8.903
  -1   -2     14.500      4.842      3.480
  -1   -2      2.422     -0.898      9.483
  -1   -2     -8.082      4.889     -9.934
  -1   -2     19.191      4.818     -5.162
  -1   -2      6.738     -3.836      1.490
  -1   -2     -0.832     -9.065      4.202
  -1   -2     -0.832     -9.065      4.202
  -1   -2      7.718     -9.060      4.515
  -1   -2      0.270      4.701     -8.903
  -1   -2     14.500      4.842      3.480
  -1   -2     -8.082      4.889     -9.934
  -1   -2      2.422     -0.898      9.483
  -1   -2     19.191      4.818     -5.162
   6   -2      6.738     -3.836      1.490
  -1   -2     -0.832     -9.065      4.202
  -1   -2     -0.832     -9.065      4.202
  -1   -2      7.718     -9.060      4.515
  -1   -2      0.270      4.701     -8.903
  -1   -2     14.500      4.842      3.480
  -1   -2      2.422     -0.898      9.483
  -1   -2     -8.082      4.889     -9.934
  -1   -2     19.191      4.818     -5.162
  -1   -2     -0.832     -9.065      4.202
  -1   -2     -0.832     -9.065      4.202
  -1   -2      7.718     -9.060      4.515
  -1   -2      0.270      4.701     -8.903
  -1   -2     14.500      4.842      3.480
 560  587      2.422     -0.898      9.483
  -1   -2     -8.082      4.889     -9.934
  -1   -2     19.191      4.818     -5.162
  -1   -2     -0.832     -9.065      4.202
  -1   -2     -0.832     -9.065      4.202
  -1   -2      0.270      4.701     -8.903
  -1   -2     14.500      4.842      3.480
 177  562     -8.082      4.889     -9.934
  -1   -2     19.191      4.818     -5.162
  -1   -2     -0.832     -9.065      4.202
  -1   -2     -0.832     -9.065      4.202
  -1   -2      0.270      4.701     -8.903
  -1   -2     14.500      4.842      3.480
  -1   -2     19.191      4.818     -5.162
  -1   -2     -0.832     -9.065      4.202
  -1   -2     -0.832     -9.065      4.202
  -1   -2      0.270      4.701     -8.903
  -1   -2     14.500      4.842      3.480
  -1   -2     19.191      4.818     -5.162
  -1   -2     -0.832     -9.065      4.202
  -1   -2     -0.832     -9.065      4.202
  -1   -2      0.270      4.701     -8.903
  -1   -2     14.500      4.842      3.480
  -1   -2     19.191      4.818     -5.162
  -1   -2     -0.832     -9.065      4.202
  -1   -2     -0.832     -9.065      4.202
  -1   -2      0.270      4.701     -8.903
  -1   -2     14.500      4.842      3.480
  -1   -2     19.191      4.818     -5.162
  -1   -2      0.270      4.701     -8.903
  -1   -2     14.500      4.842      3.480
  -1   -2     19.191      4.818     -5.162
  13  589     -0.832     -9.065      4.202
  -1   -2      0.270      4.701     -8.903
  -1   -2     14.500      4.842      3.480
  -1   -2     19.191      4.818     -5.162
  -1   -2      0.270      4.701     -8.903
  -1   -2     14.500      4.842      3.480
  -1   -2     19.191      4.818     -5.162
  -1   -2      0.270      4.701     -8.903
  -1   -2     14.500      4.842      3.480
  -1   -2     19.191      4.818     -5.162
  -1   -2     14.500      4.842      3.480
  -1   -2     19.191      4.818     -5.162
  -1   -2      0.270      4.701     -8.903
  -1   -2     14.500      4.842      3.480
 579   -2     19.191      4.818     -5.162
  -1   93      0.270      4.701     -8.903
  -1   -2     14.500      4.842      3.480
