363
  -1  101     11.400     -1.124     -0.768
   1    0     -7.383     -1.435      3.020
  98  274      9.693     -9.148     -8.779
  -1   19     13.442     -5.569      0.125
   9    1     -4.900     -8.418     -9.294
   6   -2     -6.730     -8.375     -3.643
   7    7     -3.615      0.579      7.893
 225   76      9.215      4.065     10.142
  -1  105      7.782     -9.289      1.845
  11   12     -4.722      0.049      7.381
 267   15     17.520     -5.419      3.509
  -1   61      9.394     -7.714      6.180
  12   14     -4.967     -3.722      0.135
 212   89     16.138     -7.472      0.308
  14   16      6.220     -1.509      4.353
 138   17     12.504     -6.176      5.723
  41   -2     18.275     -1.641     -2.774
 217  251     14.634     -0.677     -0.425
   8  106     -8.938     -4.184      7.305
  22   20     18.235     -0.491     -3.062
  29   -2     13.875     -6.838     -8.438
 101   -2     18.776     -3.634     -3.021
 214   -2     10.166     -8.926     -2.196
  71   18     15.363     -4.539     -4.814
 156   -2    -10.254     -7.418      1.983
  82  305     11.153     -7.328      3.999
 171   -2     12.101     -5.448     -8.985
  -1   -2     13.539     -0.042      3.218
  50   92      7.739     -4.799      2.947
 179   -2      6.744     -5.023     -1.839
 247   58     13.210     -2.985     -0.107
  28   44     -1.668      3.691      5.241
 145  142      9.667     -8.610      5.143
  36  119     16.911     -4.055      0.929
 227   36      6.725      1.487     -1.386
  65  109      7.084     -6.879     -5.283
  -1  135     19.902     -8.023     -2.706
 186  140     16.876     -9.532      1.297
 114  125      9.129      1.977      8.540
  39  137      7.511     -7.362      0.234
 148   -2     -2.477     -6.974      3.036
  33   47     -3.940     -2.020     -8.594
  42   -2     12.779     -3.017      0.714
 110   56     11.369     -8.465      4.011
 143  248     14.865     -4.557      4.407
 323   -2     -7.322     -7.820      0.186
  40   96     -4.827     -6.836     -0.302
  -1  159      8.452      0.248      8.487
 170  340     -7.787     -3.976     -2.615
  -1  122     11.242     -1.713      3.624
  48   -2     17.995     -7.358     -5.040
 157   41      1.338     -6.943      8.061
  75   -2     17.093     -7.023      4.735
  54   50     16.318     -1.354     -1.796
  -1   68     14.869     -3.062      0.320
 155  144      6.600     -4.260     -2.810
  45   -2     -7.462     -7.659      4.594
  -1   -2     16.627     -7.938     -2.231
 176   59     -8.104     -6.277     -6.605
 280   72     -9.029     -3.416     -8.973
  -1   -2      1.988     -5.950     -5.711
  -1  288     18.835     -9.006      0.172
 175  227      7.795     -3.353      9.760
  -1  265      4.077     -5.010     -9.764
  16   82     15.494     -4.387     -7.521
  -1   -2     -0.176     -9.185     -7.665
  92   87     17.228     -5.419     -5.406
 318   49     -6.250     -8.835     -0.809
  84   67     11.310     -8.335     -5.279
 147   -2     11.332     -9.338     -5.080
  52   10      9.816     -5.371      6.280
 124   -2     -7.746     -7.688     -3.707
   5  203     15.664     -6.497      2.021
 245   -2     17.695     -8.201     -1.623
  80   34      6.299     -4.782     -0.617
 192   -2     -1.823     -6.333      0.965
 120   42     19.012     -4.491     -6.914
  -1   -2     13.827     -7.048      6.978
 287   -2     18.714     -8.158     -8.251
 246  327      1.963     -1.385      4.801
 286   94      5.698     -1.961      8.080
 187   -2     14.096     -6.835      4.768
  -1  152     -8.954     -7.312     -9.607
  87   95     -3.500     -4.727      2.776
  94  230      7.158     -7.047      8.289
  -1   -2     11.648     -7.419     -0.286
 125  338     20.008      0.954     -2.322
  -1  257      9.324     -9.231      6.251
  26   39     17.403     -1.643     -4.261
 129   -2      6.233     -3.703      2.842
  -1   27    -12.155     -8.024      2.113
 315  102     16.178      0.813      6.766
   3   -2      0.627     -7.569     -4.431
 118   43     -1.222     -8.120      1.008
  -1   90      8.110     -8.270     10.570
 122   -2     11.376      1.479      8.420
  -1   -2     -7.345     -7.306     -1.180
 181  310     12.259      6.088     -7.353
 154  128      7.374     -8.757      7.639
 213   23     16.426      3.218      0.192
  -1   -2     21.171     -7.149     -4.559
  49   -2      7.390     -2.734      8.229
  99   38     13.641     -1.675      5.484
  68   -2     -9.358     -9.069     -6.611
  -1   -2      9.323     -4.273    -10.171
  -1   55     11.089     -0.931      6.707
  -1   -2    -10.766      3.381     -4.606
  -1   -2     14.772      0.764      0.125
  -1   73     17.536     -6.331     -5.508
 205   -2     11.350     -1.281      8.575
  -1   -2     15.836     -6.720      3.805
 149   80     15.192     -5.244      7.476
  34   86      5.460     -6.502      9.281
  27   -2     15.979     -7.614      4.777
  38  116      9.591     -4.881     -4.312
 140    5     -7.044     -8.413     -3.009
 141  217    -10.471     -5.092     -1.691
  -1  321      1.396     -8.431     10.416
  -1   54     -3.048     -2.169      9.704
 263  221      0.336     -9.775      5.643
  -1  173     18.059    -10.244     -8.722
  -1  199     -5.684     -7.019      8.913
 132   -2     -3.976     -5.196     -7.089
 273  108      6.731     -8.195     10.268
  -1   -2     18.274     -1.989      2.507
  21  131      7.011     -9.257      5.053
 207   -2     13.993     -0.002     -1.181
  -1   -2     14.689     -5.943      7.258
 168  269     13.190     -3.264     -1.589
 137   -2      3.179     -8.016      6.121
 321  150    -12.042     -9.958     -4.528
  -1   -2     -7.570     -3.154      2.189
  59  218     11.178     -8.889      0.382
  -1  177     19.906     -0.535     -1.412
  -1  213     13.467     -7.189     10.145
  -1  120     13.214     -3.446      8.386
  -1   -2    -13.718     -9.640     -1.817
 332  281     15.660     -9.523     -8.205
  -1   -2     11.396     -4.137      6.616
 210  236      2.974     -2.783     -6.262
 211  113      8.589     -8.299     -4.139
  -1   -2    -12.605     -8.503     -0.695
 153  256     17.313     -8.922     -2.608
  -1   30      4.774     -4.659      2.995
  -1  107     -5.432     -7.712      6.086
 183  155     -0.622     -6.525      9.461
  -1   -2      5.839     -1.440      6.563
  -1   -2      0.099      1.062     -0.730
 163  201    -10.620     -0.510      1.650
  51  275    -11.735    -10.026     -6.824
 184   -2     -5.208     -8.345     -5.764
  -1   78     -7.738     -2.774     -1.159
 241   25      9.798      0.566      9.114
  -1   71    -10.785     -4.666      1.750
   4   13     12.309     -5.684      1.553
 224   -2      5.530     -9.224     -2.065
  -1  335     17.626      2.893      3.062
 271  232     -3.674     -9.175     -3.133
  63  315     18.153      6.279      0.137
  23  138     19.288      2.356     -5.058
  -1   -2     19.268      4.808     -5.026
  66  129     -3.098     -5.632     -9.104
  -1  246      1.404     -9.728      4.418
  30  171      5.739      0.835      1.519
  -1   -2      5.323     -8.879     -8.409
 206  160     12.344      3.188      0.691
 231   -2      2.501     -2.353      2.338
  -1  278      0.325     -6.078     -0.493
 312  334     12.166      2.194      9.133
 296  215    -11.980     -1.192     -6.389
  85  243     -6.329     -8.588      4.746
  86   -2      8.711     -7.469      5.902
  -1    2     14.647     -7.872     -3.320
 278   28     13.108     -5.501     -6.897
  -1   -2     15.495     -2.138      7.881
  -1   75      1.183     -7.165      5.526
  55   -2     18.502     -2.518     -3.214
  -1   29     -3.291     -4.295     -5.604
 279   -2     -7.032     -2.132     -8.427
  -1  224     -1.308     -0.236      9.100
  -1   -2     14.431      0.545     -4.607
  -1   -2     16.685     -7.703     -2.576
 253  175     -3.009     -4.719     10.831
 239  262     20.173     -4.555     -4.478
  -1  267      5.843     -2.994      7.170
  43  242     17.751     -3.233      3.212
 182  136      7.302     -3.167      9.675
 191  146     17.141     -3.910      5.393
  -1   -2     20.043     -1.984     -7.697
  -1   -2     15.904    -10.985     -8.360
 300   31     15.618     -0.283     -9.320
 104  158     17.041      1.726     -1.978
 243   -2      5.709    -10.116     -7.342
 123   -2     10.565     -6.488      8.608
 249  190     20.321     -1.037     -1.131
  58   -2      3.853      2.706      3.580
 203   -2     12.792     -0.084     -1.905
  91   52     -0.428     -5.583      4.920
  -1  176     17.240     -0.849     -0.018
  61   -2     16.536     -5.986      2.547
 294  314     18.003     -9.376     -7.334
  72   -2      4.802     -0.354     -0.094
 208   -2      3.850     -2.970      4.376
 223   -2     -9.797     -0.595     -9.248
 185   -2      9.739      0.238      0.278
  -1  331     11.616      5.958      2.328
  -1   32     18.418     -9.346    -10.607
 340   -2     13.228      1.952     -5.445
 193  206     17.900      6.807     -4.289
 209  252      4.390     -7.159     -2.266
  -1  204      7.354     -8.582     10.026
 204   53      6.741     -9.571     -4.041
 107   -2      6.377     -9.732     -0.358
  -1  294    -13.848     -2.797     -3.136
 268   -2      4.536      1.010      5.524
  13  289      9.906     -2.805      2.175
  -1  342     -1.924     -0.822      7.698
  88   -2      4.130     -7.537      7.480
  -1   97      7.896     -0.024     -7.227
  -1  161     14.836     -8.865      2.847
 257   -2     16.317     -1.365      0.185
 304   66      8.012     -5.774      8.892
 281   -2     -2.093     -3.693      2.648
 251   -2      3.387     -7.114      5.747
 325   -2     16.682      0.947     -2.320
  69   -2     -9.080     -4.966     -7.826
  77   -2     13.340     -6.766     -0.850
 161   -2     -7.950     -8.452      2.832
  -1  244     18.839     -1.217     -8.309
 189  264      7.310      1.590     -6.737
 228   93      3.423      2.626      8.061
 194   57    -12.023     -4.785     -1.299
  -1   37     17.603     -7.550      1.947
 177  114     13.615     -4.894      6.770
 150   -2     -9.574     -6.675     -2.933
  -1   84      5.377      1.755     -5.754
  83   -2     18.258     -6.006      1.082
  -1   -2      1.769     -3.597      8.517
  -1   79      6.577     -6.306     -7.105
  -1   99     -1.897     -6.709      0.103
  -1   -2     -9.093     -3.532      0.830
  -1   -2     -5.720      2.433     -9.534
 202   -2     -4.049     -5.030      6.328
  -1  145     17.473     -8.086     -9.579
  -1   69     13.454     -7.326      4.740
  -1  143     10.357     -0.107      7.465
 159   -2     11.717      1.317      3.405
 238  245      3.408      5.514      3.538
  90   26      9.713     -1.891      3.872
 121  166     10.185      4.690      4.965
  -1   64     13.219     -3.301      1.778
  56    3     12.403     -8.720     -1.071
 233  292     -6.446      1.108     -5.908
 254  234     13.434      6.802      2.348
 277  188     11.511     -0.967      6.924
  -1   -2     16.914     -8.328     -6.983
  -1  216      5.931     -4.070     -8.271
  -1   48     -8.031     -6.598     -1.549
  57   65      5.985     -3.255      5.153
  -1  241     -8.895     -0.548     -9.518
  -1  259     10.781     -3.497     -4.217
 327   -2     -9.797     -2.139     -7.871
 310   51     18.501     -2.855     -8.682
  -1   -2     14.694      0.751      5.329
 326   -2     17.009    -10.017     -0.624
 237  235      9.551     -4.174      3.350
  -1   22     11.767     -6.502      7.407
  -1  179      9.405     -9.898     -0.423
 282   -2     -1.145     -8.603     -6.280
  -1   -2      6.320     -7.317      9.424
 232   -2    -12.605    -10.468     -4.890
  -1  156      3.043     -4.801     -7.893
 322    6    -11.990     -8.367     -4.564
  44  229      4.629      1.996      2.969
  -1   -2      4.777     -5.289      6.552
 297   -2     14.609      5.878     -8.937
  97   70      7.039     -6.237     -4.538
  -1   -2     -8.390     -0.727     -1.206
  -1  133     -7.338     -2.324      3.130
 250   -2      8.713     -5.439     -7.293
  -1  280     -0.074     -0.588     -0.936
  -1   -2     -4.938     -8.808    -10.089
 288   85      9.690    -10.025     -7.444
 269   -2      3.161     -8.566      9.258
  62   60     16.295     -9.484      0.930
  -1  181      7.392     -9.808      0.930
 317   -2      5.453      1.550      7.963
 131   77     -4.910     -5.581     -5.463
 113   74     -6.129     -7.588      6.163
 234  139     -4.908     -9.538      9.774
 260  233     15.887     -3.908      7.484
  -1  157      0.298      0.109     -5.593
  -1   98     17.997     -6.992     -2.053
 291   -2      2.830     -8.725     -2.035
  -1   -2     -7.140     -8.951     -8.698
 146   -2     15.502      0.199    -10.636
 308   -2     -5.118     -9.113     -4.690
  -1   46      4.647     -7.566      6.843
  -1   -2     -5.912     -3.015     -4.578
  -1   -2      3.963      6.172      5.793
  -1  225     20.272     -3.253     -5.381
  10   -2     13.905     -8.166     -3.451
 299   -2    -12.589     -6.416     -5.373
  -1   -2     -7.360     -2.108     -7.664
  -1  276      7.254     -8.564     -5.947
  -1   81     -4.873     -3.046      9.870
  -1  183     20.245      2.615      8.647
 259   -2     -7.813    -10.132     -5.802
  -1  180     16.769    -10.901    -10.744
  -1  304    -12.460      1.671      7.372
  -1   -2    -12.403     -5.390     -3.045
 306   -2    -13.831     -4.509      6.960
   0   -2     15.905     -2.880      1.847
  -1  303     18.246      0.319      7.850
 292  309      4.710      3.753     -1.024
  -1  168     15.200      4.448      7.218
  -1  323      8.500      6.835      5.863
 162   -2     -7.275      0.527     -1.181
 293   -2     -8.641      3.030     -0.163
  -1   -2     10.732     -0.406     -0.206
  -1  266      6.149      0.013     11.671
 222   -2      5.810      0.084     -6.226
  -1   -2      1.880     -1.593     11.922
 112   -2     -8.101     -2.384     -1.170
 316  174     -6.676      1.799     -3.223
  -1  147     12.885      4.997     -2.318
  -1   -2      4.863      4.771      4.434
 285  192      0.801     -1.653     -3.187
  -1   -2    -14.283     -9.032      8.214
  -1   -2      1.622      3.366      1.314
  -1  254     15.483    -10.885     -2.356
  -1   -2    -10.814    -10.871      5.665
  -1   -2     19.366      3.036      8.152
  -1  282     -7.740     -1.757     -8.334
  -1   -2     21.383     -7.462      4.908
  -1   45      1.728     -8.337    -10.127
  -1   -2     22.392     -6.003      5.045
  -1   35     -9.932    -10.831     -6.911
  -1  247     12.471      5.705      8.049
  -1   -2      3.446      6.723      6.283
  89   -2     -4.817     -8.412     -9.667
  -1   -2    -10.752      3.404     -4.662
  -1  351     -3.700     -2.038     -7.953
 324   -2     17.759      2.899      2.757
 307   -2      8.500      6.835      5.863
  -1   -2     -3.700     -2.038     -7.953
 338  339     -3.048     -2.169      9.704
 345  347     -4.969     -3.676     -0.142
  -1   -2     -1.231      3.645      6.226
  -1   -2    -10.752      3.404     -4.662
  -1   -2     -3.700     -2.038     -7.953
 355  356     -1.231      3.645      6.226
  -1   -2    -10.752      3.404     -4.662
 350   -2     -3.700     -2.038     -7.953
  -1   -2     -4.036      0.007      8.859
 353  354    -10.752      3.404     -4.662
  -1   -2      6.445     -4.796     -0.049
  -1   -2     -9.191     -3.448     -8.528
 360  134      6.445     -4.796     -0.049
  -1   -2     -9.191     -3.448     -8.528
 354  355     -4.036      0.007      8.859
 358  357     -9.191     -3.448     -8.528
 363  361     -2.022     -6.477      1.139
