81
   3    3     -2.227     -8.980     -3.827
  29   -2     13.572     -6.967     -7.362
  60   26      4.998     -9.905     -4.814
   5    5      4.171     -7.975     -2.133
  53   -2      8.013     -8.513     -2.648
  -1   -2      4.956     -8.074     -5.942
  32   -2      6.805     -9.013     -1.433
  59   -2    -11.581     -7.958     -6.635
  -1   40      0.832    -10.646     -4.955
  -1    1     -3.500     -9.272      3.003
  -1    7     12.026     -8.400     -7.073
  -1   73     -7.240    -10.178      5.362
  63   36      4.453     -8.369      6.338
  -1   57      4.361     -8.084      7.275
  51   -2      5.701     -8.689     -7.141
  -1   -2      3.827     -9.350     -2.416
  52   42     -5.538     -9.338     -4.969
  67   51     16.136     -6.358      7.621
  -1   -2     16.841     -7.571     -9.200
   8   -2     -1.837    -10.541     -3.475
  47   62      6.341     -7.092      1.629
  35   48     15.082     -6.604      3.641
   0   19     -1.262     -8.772     -2.858
  57   -2     10.775     -8.493     -7.328
  56   -2     18.246     -6.471     -1.908
  -1   -2     -0.044    -10.266      7.866
  -1    9      4.021     -6.474      2.352
  -1   35     11.001     -8.241     -9.651
  -1   -2     11.273     -8.298     -9.477
  -1   -2      3.610     -7.527      0.825
  43   -2     16.148     -1.858     -8.950
   2   -2     14.738     -8.187     -8.737
  -1   -2      8.324     -9.565     -7.462
  22   50      9.330     -0.435      8.090
  -1    4      6.834     -9.677     -0.429
  66   -2     -8.824     -6.687      0.820
  26   -2      9.473     -3.295      7.640
  44   16      7.566     -6.391      0.463
  46   -2      2.364     -7.616      9.967
  -1   28      7.500     -7.295      0.977
  -1   70      4.737     -5.489      6.080
   1   32     -4.709     -7.863     -6.301
  -1   54     16.512     -7.874     -5.840
  -1   39     11.445     -7.732     -8.677
  -1   80      9.482     -5.180      9.145
  39   45     -5.801     -8.881     -8.836
  -1   18     15.349     -7.939     -8.662
  61    8     -8.792     -6.915     -0.717
  -1   52     16.842     -6.755      3.568
  -1   55     -7.491     -7.686      1.758
  42   -2     -8.636     -9.535     -7.261
  -1    2      0.305    -10.150     -3.600
  -1   -2     13.020     -7.387     -7.014
  13   21      6.999     -9.407     -4.002
  14   -2     -0.162     -9.798      5.060
  12   -2     13.092     -5.495      4.502
  18   -2      5.195     -9.572     -6.043
  62   34      0.425     -5.438      6.915
  74   -2     10.888     -7.521     -4.747
  -1   14      2.284    -11.094      1.838
  64   -2      8.115     -3.873      1.034
  -1   17     -9.629     -9.409     -6.090
  10   78      6.688     -7.845     -5.400
  -1   -2     21.206     -8.070      0.890
  -1   77     16.146     -2.373     -8.996
  50   66      8.197      6.231     10.883
  54   38     10.799     -4.304      4.377
  48   47     -6.672     -4.189    -10.099
  -1   -2      8.186     -8.429     -8.591
  -1   74     -3.395     -4.862      8.976
  40   -2     15.046     -6.307     -3.889
  49   63     11.387     -0.153     -7.764
  65   61     18.043     -4.454     -3.245
  -1    6     -0.090    -11.224      0.068
  -1   53     -8.974    -10.739      8.603
  69   -2     12.868      3.336     -4.323
  71   -2     -8.011    -10.811      6.381
  -1   30     -5.493     -8.074      4.155
  70   82     16.161      3.659     -8.769
  -1   67      9.543     -3.961      9.270
  -1   44     -6.009    -11.252      1.541
