722
   0    0      8.819     -5.262      9.014
 140    2      7.299     -8.941      7.108
   3    3      9.960     -3.360      6.577
  28    4     12.008     -5.790     -8.819
  57  141      3.639    -10.149     10.276
 153   -2      6.399     -4.267     -2.772
   6   -2     -4.804     -3.015      9.661
  -1    6      6.738     -3.837      1.488
  -1    9     11.860     -3.767      3.786
   8   11     10.602     -5.352     -5.145
  -1  147      7.280     -7.245     -1.507
   9   -2     -1.686     -7.410     -6.623
 151   13      9.296     -2.617      7.958
  91   -2     10.256     -8.081      7.184
   1   14      8.277     -7.310      6.350
 142   44     -0.674     -2.319     -3.202
  32  684     -0.772     -9.059      4.364
  15   16     10.529      1.758      5.921
  14   -2      7.204     -4.743     -6.824
 572   76      3.803     -5.038     -3.469
  -1   -2     -3.046     -2.173      9.702
  20   20      4.918     -8.583      5.285
  22   78      2.764     -7.790      7.920
  13   23     -2.061     -9.375      0.287
  19   -2     12.055     -5.397      1.218
  24   26      9.674     -0.784     10.207
 122   -2      6.551     -1.664     -2.242
  27   -2     11.966     -6.902      4.261
  25   32     10.177    -10.084     -3.015
  74  116     -1.434     -5.461      3.042
  -1   56     10.753     -5.218      6.021
  -1   34    -11.795     -6.803     -9.920
  29   30     -8.326     -7.470      2.121
 126   35      6.805     -2.314     -6.360
  -1  163      1.384     -9.945      4.157
  31   -2     11.073     -1.747      3.691
  -1   -2      9.432     -4.251      4.231
  -1   29     -5.577     -5.344     -4.367
  18   -2     -3.372     -9.293     -4.726
 139   -2     -3.246     -4.313     -5.511
  -1   -2      4.137     -7.807      5.888
  -1   -2      7.556     -9.049      4.923
 161   -2     15.569     -0.679     -5.186
 150   27     14.215     -6.747      5.364
  43   -2     -6.128     -9.757     10.217
  42   50     -5.914     -8.183      3.048
 136   -2     17.852     -1.573     -3.089
  -1   -2      2.901     -5.102      7.387
  83   45     17.606     -9.518      0.522
  44   46     19.454     -8.688     -5.347
  46   55     -7.913     -3.963     -2.607
  -1   -2     14.122     -7.364     -6.045
  -1   59     -8.303     -8.421     -0.600
  53   62     18.694     -8.954      0.762
  76   28     -2.142     -6.091      0.046
  -1   52     -0.650     -6.530      9.422
  54   -2      9.811     -6.920      3.332
 146   -2     11.968     -5.715    -10.924
  47   60     -0.131     -7.053      8.556
  50   66      2.626    -10.316      8.905
  58  115     13.054      0.151     -1.145
  70   63     14.690     -4.124      3.492
  48   -2     11.994     -8.627     -6.539
 617   65      7.702     -9.345      1.959
  67   68      4.620     -2.925     -3.255
   4   71     14.751     -2.502     -4.657
 154   24     15.457     -3.173     -1.402
  65  112     -9.572     -6.680     -2.940
  21    7     15.757     -6.439     -5.131
  -1   36      9.040     -5.753      3.959
  69   67      4.324    -10.426     -9.756
  75   77      8.716     -7.501     -9.716
 118   73     11.244    -10.572      3.148
  33   69     -8.223     -6.818     -2.729
  71   -2      9.498     -4.742     -7.450
  -1   84     -5.366    -10.728     -4.765
  72   74     15.438     -7.318     -1.145
  -1   39     15.968     -7.501     -7.971
  95   -2      1.694     -5.920     -6.329
  66   81     -0.969     -6.758     -1.809
  -1   83      8.706     -5.441     -7.290
  79   85    -12.087     -9.219     -1.420
  -1   79     -3.788     -6.864      0.047
  81   82     -6.593     -3.055     -1.558
 170   58     16.462     -9.320      2.755
  77   -2     -5.033    -10.513     -0.334
 121   48     -2.633     -9.497      4.648
  -1   -2     -0.281      0.751      8.959
  92   87     16.333      1.009      0.471
  -1   -2     -0.037     -0.390      1.715
  87   -2     17.548      2.359     -1.596
  -1   93    -13.051    -10.370      8.231
  -1   -2     13.573      0.743     -2.514
  -1   -2     19.964     -0.124     -2.392
 131   94     20.532     -4.529     -3.989
 155   75     16.340     -2.990      0.276
  -1  154    -12.520     -1.537     -9.817
 132  159     14.081      3.095     -3.670
  -1   -2     16.761    -10.386     -0.466
  -1   -2      0.273      4.703     -8.902
 236  266      6.508    -11.084      3.527
  -1   25      4.950     -0.337      4.639
  -1    5      3.315    -10.198      0.826
  -1   99      4.273     -9.102    -11.524
  -1   -2    -11.547     -0.139      9.982
  -1   -2    -10.570     -5.310    -10.011
 610  407     -0.328     -1.496      9.266
  30  178    -12.864     -6.594     -8.089
  -1  109     18.095     -5.228      0.445
 108   -2     16.588     -8.488     -9.166
  -1   -2     14.590     -9.626      3.884
 464  476     -6.404      3.758     -7.946
 125    1      7.207     -9.680     -7.467
  -1   -2     -8.566     -0.432     -8.364
  82  113      1.323     -4.030     -1.816
 242  272     -1.026      2.408     -3.775
  -1   -2     14.499      4.842      3.479
 111  117     16.260     -2.100    -11.624
  -1   51      0.791     -5.083      2.344
 112  118    -10.478      0.135     -3.726
  -1   -2      7.649     -8.692     10.041
  -1   -2     -8.082      4.890     -9.938
  63  122     11.934      2.179      7.508
  -1   -2     10.876     -8.957     -4.998
  -1  152     -8.900    -10.765      3.376
 119  125    -12.363      1.598     -8.618
  -1   -2     19.191      4.817     -5.168
 123  126     -4.612     -0.738      5.060
  -1   72     11.931    -11.327     -0.459
  93   -2     -0.902      2.027     -3.170
  -1   -2      7.473     -1.673     -7.873
  -1   -2      6.141     -9.587    -10.867
 127  131     13.940     -7.688      9.935
 129   -2      5.001      1.734     -4.690
 138  139      1.883     -1.594     11.915
  -1  111     -5.913    -10.467      7.836
  -1  136      4.852     -7.475      0.413
  -1  148     -0.729     -9.304      8.693
  -1  137     15.976      1.121     -2.759
  -1   18      6.659     -6.486     -7.519
  -1   43     19.762     -4.596     -3.295
  -1  151    -11.317     -9.879     -8.718
 143   38      6.552     -9.695      7.838
  -1  128      1.166     -3.720     10.065
  -1   -2     15.378     -3.597     -2.890
  -1  144     20.311     -3.052     11.089
 165   -2     18.904     -0.667     -2.955
 137   -2      1.660     -4.111      9.480
  -1  134      2.838      1.839      0.156
 113   19      0.784     -1.653     -3.139
 135   -2     -9.015    -12.157    -10.140
 133   -2     -5.866      2.573     -8.935
  -1  142     18.919      2.570      1.854
  61   15     -5.098     -1.740     -4.585
  -1   37     -4.025    -10.433     -9.452
  -1   -2      9.970     -7.271     -6.473
  -1   -2      8.404     -9.944      6.863
 145  156     13.666     -9.816      4.835
 148   -2      4.055    -10.232      7.692
  -1  158     16.013     -5.439      6.856
  -1   -2     12.870      3.335     -4.330
  85   -2    -11.265     -3.023     -5.029
 102  649     -1.689     -2.081      9.564
  -1   -2      6.118     -2.497      8.346
 128   33     15.937     -1.356      0.811
  -1   -2     13.823     -3.080    -12.073
 141   -2     18.687     -0.978      1.584
  -1   -2      9.920     -3.367      6.548
  -1   -2      9.920     -3.367      6.548
  -1  579      6.738     -3.837      1.488
  -1   -2     -0.835     -9.067      4.197
  -1   -2     -3.032     -2.185      9.806
  -1  643      7.714     -9.059      4.518
  -1   -2     -0.281      0.751      8.959
  -1   -2     16.333      1.009      0.471
  -1   -2     13.573      0.743     -2.514
  -1   -2     19.964     -0.124     -2.392
  -1  621     -0.037     -0.390      1.715
  -1  129      0.273      4.703     -8.902
  -1   -2    -12.520     -1.537     -9.817
  -1   -2      6.508    -11.084      3.527
  -1   -2    -11.547     -0.139      9.982
  -1   -2     -0.328     -1.496      9.266
  -1   -2     14.590     -9.626      3.884
  -1   -2     -6.404      3.758     -7.946
  -1   -2     -8.566     -0.432     -8.364
  -1  169     14.499      4.842      3.479
  -1   -2      0.791     -5.083      2.344
  -1   -2     -1.026      2.408     -3.775
  -1   -2     -8.082      4.890     -9.938
  -1   -2     10.876     -8.957     -4.998
  -1   -2     19.191      4.817     -5.168
  -1   -2     -5.913    -10.467      7.836
  -1   -2      9.920     -3.367      6.548
  -1   -2      6.738     -3.837      1.488
  -1   -2     -0.835     -9.067      4.197
  -1   -2     -3.032     -2.185      9.806
  -1   -2      7.714     -9.059      4.518
  -1   -2     -0.281      0.751      8.959
  -1   -2     16.333      1.009      0.471
  -1   -2     19.964     -0.124     -2.392
  -1   -2     13.573      0.743     -2.514
  -1   -2      0.273      4.703     -8.902
  -1   -2     -0.037     -0.390      1.715
  -1   -2    -12.520     -1.537     -9.817
  -1   -2    -11.547     -0.139      9.982
  -1   -2      6.508    -11.084      3.527
  -1   -2     -0.328     -1.496      9.266
  -1   -2     14.590     -9.626      3.884
  -1   -2     -6.404      3.758     -7.946
  -1   -2     -8.566     -0.432     -8.364
  -1   -2     14.499      4.842      3.479
  -1   -2      0.791     -5.083      2.344
  -1   -2     -1.026      2.408     -3.775
  -1   -2     -8.082      4.890     -9.938
  -1   -2     10.876     -8.957     -4.998
  -1   -2     19.191      4.817     -5.168
 130   -2     -5.913    -10.467      7.836
  -1   -2      9.920     -3.367      6.548
  -1   -2      9.920     -3.367      6.548
  -1   -2      6.738     -3.837      1.488
  -1   -2     -3.032     -2.185      9.806
  -1   -2      7.714     -9.059      4.518
  -1   -2     -0.281      0.751      8.959
 173   95     16.333      1.009      0.471
  -1   -2     19.964     -0.124     -2.392
  -1   -2     13.573      0.743     -2.514
  -1   -2      0.273      4.703     -8.902
  -1   -2    -12.520     -1.537     -9.817
  -1   -2      6.508    -11.084      3.527
  -1   -2    -11.547     -0.139      9.982
  -1   -2     -0.328     -1.496      9.266
  -1   -2     -0.037     -0.390      1.715
  -1   -2     -6.404      3.758     -7.946
  -1   -2     14.590     -9.626      3.884
  -1   -2     -8.566     -0.432     -8.364
  -1   -2     14.499      4.842      3.479
  -1   -2     -1.026      2.408     -3.775
  -1   -2      0.791     -5.083      2.344
  -1   -2     -8.082      4.890     -9.938
  -1   -2     10.876     -8.957     -4.998
  -1   -2     19.191      4.817     -5.168
  -1   -2      9.920     -3.367      6.548
  -1   -2      6.738     -3.837      1.488
  -1   -2     -0.835     -9.067      4.197
  -1   -2     -3.032     -2.185      9.806
  -1   -2      7.714     -9.059      4.518
  -1   -2     -0.281      0.751      8.959
  -1   -2     19.964     -0.124     -2.392
  -1   -2      0.273      4.703     -8.902
  -1   -2     13.573      0.743     -2.514
  -1   -2     -0.037     -0.390      1.715
  -1   -2    -11.547     -0.139      9.982
  -1   -2      6.508    -11.084      3.527
  -1   -2     -0.328     -1.496      9.266
  -1   -2     -6.404      3.758     -7.946
  -1   -2     -8.566     -0.432     -8.364
  -1   -2     14.590     -9.626      3.884
  -1   -2     14.499      4.842      3.479
  -1   -2     -1.026      2.408     -3.775
  -1   -2      0.791     -5.083      2.344
  -1   -2     -8.082      4.890     -9.938
  -1   -2     10.876     -8.957     -4.998
  -1   -2     19.191      4.817     -5.168
  -1  375      9.707     -2.256     -0.866
  -1   -2      9.920     -3.367      6.548
  -1   -2      9.920     -3.367      6.548
  -1   -2      6.738     -3.837      1.488
  -1   -2     -0.835     -9.067      4.197
  -1   -2     -3.032     -2.185      9.806
  -1   -2      7.714     -9.059      4.518
  -1   -2     -0.281      0.751      8.959
  -1   -2     13.573      0.743     -2.514
  -1   -2     -0.037     -0.390      1.715
  -1   -2     19.964     -0.124     -2.392
  -1   -2      0.273      4.703     -8.902
  -1   -2    -11.547     -0.139      9.982
  -1  174      6.508    -11.084      3.527
  -1   -2     -0.328     -1.496      9.266
  -1   -2     14.590     -9.626      3.884
  -1   -2     -6.404      3.758     -7.946
  -1   -2     -8.566     -0.432     -8.364
  -1   -2     -1.026      2.408     -3.775
  -1   -2     14.499      4.842      3.479
  -1   -2      0.791     -5.083      2.344
  -1   -2     -8.082      4.890     -9.938
  -1   -2     10.876     -8.957     -4.998
  -1   -2     19.191      4.817     -5.168
  -1   -2      9.920     -3.367      6.548
  -1   -2      9.920     -3.367      6.548
  -1   -2      6.738     -3.837      1.488
  -1   -2     -0.835     -9.067      4.197
  -1   -2     -3.032     -2.185      9.806
  -1   -2      7.714     -9.059      4.518
  -1   -2     -0.281      0.751      8.959
  -1   -2     13.573      0.743     -2.514
  -1   -2     19.964     -0.124     -2.392
  -1   -2    -12.520     -1.537     -9.817
  -1   -2     -0.037     -0.390      1.715
  -1   -2      0.273      4.703     -8.902
  -1   -2    -11.547     -0.139      9.982
  -1   -2     -0.328     -1.496      9.266
  -1   -2     -8.566     -0.432     -8.364
  -1   -2     -6.404      3.758     -7.946
  -1   -2     14.590     -9.626      3.884
  -1   -2     14.499      4.842      3.479
  -1   -2      0.791     -5.083      2.344
  -1   -2     -1.026      2.408     -3.775
  -1   -2     -8.082      4.890     -9.938
  -1   -2     10.876     -8.957     -4.998
  -1   -2     19.191      4.817     -5.168
  -1   -2      6.738     -3.837      1.488
  -1   -2     -0.835     -9.067      4.197
  -1   -2     -3.032     -2.185      9.806
  -1   -2      7.714     -9.059      4.518
  -1   -2     -0.281      0.751      8.959
  -1   -2     13.573      0.743     -2.514
  -1   -2      0.273      4.703     -8.902
  -1   -2    -12.520     -1.537     -9.817
  -1   -2     -0.037     -0.390      1.715
  -1   -2    -11.547     -0.139      9.982
  -1   -2     -0.328     -1.496      9.266
  -1   -2     -8.566     -0.432     -8.364
  -1   -2     -6.404      3.758     -7.946
  -1   -2     14.590     -9.626      3.884
  -1   -2     14.499      4.842      3.479
 673   -2     -1.026      2.408     -3.775
  -1   -2      0.791     -5.083      2.344
  -1   -2     10.876     -8.957     -4.998
  -1   -2     -8.082      4.890     -9.938
  -1   -2     19.191      4.817     -5.168
  -1   -2      9.920     -3.367      6.548
  -1   -2      6.738     -3.837      1.488
  -1   -2     -0.835     -9.067      4.197
  -1   -2     -3.032     -2.185      9.806
  -1   -2      7.714     -9.059      4.518
  -1   -2     -0.281      0.751      8.959
  -1   -2     -0.037     -0.390      1.715
  -1   -2     13.573      0.743     -2.514
  -1   -2    -12.520     -1.537     -9.817
  -1   -2      0.273      4.703     -8.902
  -1   -2    -11.547     -0.139      9.982
  -1   -2     -0.328     -1.496      9.266
  -1   -2     14.590     -9.626      3.884
  -1   -2     -8.566     -0.432     -8.364
  -1   -2     -6.404      3.758     -7.946
  -1   -2     14.499      4.842      3.479
  -1   -2      0.791     -5.083      2.344
  -1   -2     -8.082      4.890     -9.938
  -1   -2     10.876     -8.957     -4.998
  -1   -2     19.191      4.817     -5.168
  -1   -2      9.920     -3.367      6.548
  -1   -2      6.738     -3.837      1.488
  -1   -2     -0.835     -9.067      4.197
  -1   -2     -3.032     -2.185      9.806
  -1   -2      7.714     -9.059      4.518
  -1   -2     -0.281      0.751      8.959
  -1   -2     13.573      0.743     -2.514
  -1   -2      0.273      4.703     -8.902
 356   -2    -12.520     -1.537     -9.817
  -1   -2     -0.037     -0.390      1.715
  -1   -2    -11.547     -0.139      9.982
  -1   -2     -0.328     -1.496      9.266
  -1   -2     -6.404      3.758     -7.946
  -1   -2     14.590     -9.626      3.884
  -1   -2     -8.566     -0.432     -8.364
  -1   -2     14.499      4.842      3.479
  -1   -2      0.791     -5.083      2.344
  -1   -2     -8.082      4.890     -9.938
  -1   -2     10.876     -8.957     -4.998
  -1   -2     19.191      4.817     -5.168
  -1   -2      6.738     -3.837      1.488
  -1   -2     -0.835     -9.067      4.197
  -1   -2     -3.032     -2.185      9.806
  -1   -2      7.714     -9.059      4.518
  -1   -2     -0.281      0.751      8.959
  -1   -2     13.573      0.743     -2.514
  -1   -2      0.273      4.703     -8.902
  -1   -2     -0.037     -0.390      1.715
  -1   -2    -11.547     -0.139      9.982
  -1   -2     -0.328     -1.496      9.266
  -1   -2     -6.404      3.758     -7.946
  -1   -2     -8.566     -0.432     -8.364
  -1   -2     14.590     -9.626      3.884
  -1   -2     14.499      4.842      3.479
  -1   -2      0.791     -5.083      2.344
  -1   -2     -8.082      4.890     -9.938
  -1   -2     10.876     -8.957     -4.998
  -1   -2     19.191      4.817     -5.168
 345   -2      9.707     -2.256     -0.866
  -1   -2      9.920     -3.367      6.548
  -1   -2      6.738     -3.837      1.488
  -1   -2     -0.835     -9.067      4.197
  -1   -2     -3.032     -2.185      9.806
  -1   -2      7.714     -9.059      4.518
  -1   -2     -0.281      0.751      8.959
  -1   -2     13.573      0.743     -2.514
  -1   -2     -0.037     -0.390      1.715
  -1   -2      0.273      4.703     -8.902
  -1   -2    -11.547     -0.139      9.982
  -1   -2     -0.328     -1.496      9.266
  -1   -2     -6.404      3.758     -7.946
  -1   -2     -8.566     -0.432     -8.364
  -1   -2     14.590     -9.626      3.884
  -1   -2     14.499      4.842      3.479
 362   -2      0.791     -5.083      2.344
  -1   -2     -8.082      4.890     -9.938
  -1   -2     10.876     -8.957     -4.998
  -1   -2     19.191      4.817     -5.168
  -1   -2      9.920     -3.367      6.548
  -1   -2      6.738     -3.837      1.488
  -1   -2     -0.835     -9.067      4.197
  -1   -2     -3.032     -2.185      9.806
  -1   -2      7.714     -9.059      4.518
  -1   -2     -0.281      0.751      8.959
  -1   -2     -0.037     -0.390      1.715
  -1   -2     13.573      0.743     -2.514
  -1   -2      0.273      4.703     -8.902
  -1   -2    -11.547     -0.139      9.982
  -1   -2     -0.328     -1.496      9.266
  -1   -2     -8.566     -0.432     -8.364
  -1   -2     14.590     -9.626      3.884
  -1   -2     -6.404      3.758     -7.946
  -1   -2     14.499      4.842      3.479
  -1   -2     -8.082      4.890     -9.938
  -1   -2     19.191      4.817     -5.168
  -1   -2     10.876     -8.957     -4.998
  -1   -2      6.738     -3.837      1.488
  -1   -2     -0.835     -9.067      4.197
  -1   -2     -3.032     -2.185      9.806
  -1   -2      7.714     -9.059      4.518
  -1   -2     -0.281      0.751      8.959
  -1   -2     -0.037     -0.390      1.715
  -1   -2     13.573      0.743     -2.514
  -1   -2      0.273      4.703     -8.902
  -1   -2    -11.547     -0.139      9.982
  -1   -2     -0.328     -1.496      9.266
  -1   -2     -8.566     -0.432     -8.364
  -1   -2     -6.404      3.758     -7.946
  -1   -2     14.590     -9.626      3.884
  -1   -2     14.499      4.842      3.479
  -1   -2     -8.082      4.890     -9.938
  -1   -2     19.191      4.817     -5.168
  -1   -2     10.876     -8.957     -4.998
  -1   -2      9.920     -3.367      6.548
  -1   -2      9.920     -3.367      6.548
  -1   -2      6.738     -3.837      1.488
  -1   -2     -0.835     -9.067      4.197
  -1   -2     -3.032     -2.185      9.806
  -1   -2      7.714     -9.059      4.518
  -1   -2     -0.281      0.751      8.959
  -1   -2     13.573      0.743     -2.514
  -1   -2      0.273      4.703     -8.902
  -1   -2     -0.037     -0.390      1.715
  -1   -2    -11.547     -0.139      9.982
  86  145     -0.328     -1.496      9.266
  -1   -2     -8.566     -0.432     -8.364
  -1   -2     -6.404      3.758     -7.946
  -1   -2     14.590     -9.626      3.884
  -1   -2     14.499      4.842      3.479
  -1   -2     -8.082      4.890     -9.938
  -1   -2     10.876     -8.957     -4.998
  -1   -2     19.191      4.817     -5.168
  -1   -2      9.920     -3.367      6.548
  -1   -2      6.738     -3.837      1.488
  -1   -2     -0.835     -9.067      4.197
  -1   -2     -3.032     -2.185      9.806
  -1   -2      7.714     -9.059      4.518
  -1   -2     -0.281      0.751      8.959
  -1   -2      0.273      4.703     -8.902
  -1   -2     -0.037     -0.390      1.715
  -1   -2     13.573      0.743     -2.514
  -1   -2    -11.547     -0.139      9.982
  -1   -2     -8.566     -0.432     -8.364
  -1   -2     14.590     -9.626      3.884
  -1   -2     -6.404      3.758     -7.946
  -1   -2     14.499      4.842      3.479
  -1   -2     -8.082      4.890     -9.938
  -1   -2     10.876     -8.957     -4.998
  -1   -2     19.191      4.817     -5.168
  -1   -2      6.738     -3.837      1.488
  -1   -2     -0.835     -9.067      4.197
  -1   -2     -3.032     -2.185      9.806
  -1   -2      7.714     -9.059      4.518
  -1   -2     -0.281      0.751      8.959
  -1   -2     -0.037     -0.390      1.715
  -1   -2     13.573      0.743     -2.514
  -1   -2      0.273      4.703     -8.902
  -1   -2    -11.547     -0.139      9.982
  -1   -2     -8.566     -0.432     -8.364
  -1   -2     -6.404      3.758     -7.946
  -1   -2     14.590     -9.626      3.884
  -1   -2     14.499      4.842      3.479
  -1   -2     -8.082      4.890     -9.938
  -1   -2     10.876     -8.957     -4.998
  -1   -2     19.191      4.817     -5.168
 454   -2      9.920     -3.367      6.548
  -1   -2      6.738     -3.837      1.488
  -1   -2     -0.835     -9.067      4.197
  -1   -2     -3.032     -2.185      9.806
  -1   -2      7.714     -9.059      4.518
  -1   -2     -0.281      0.751      8.959
  -1   -2     -0.037     -0.390      1.715
  -1   -2     13.573      0.743     -2.514
  -1   -2      0.273      4.703     -8.902
  -1   -2    -11.547     -0.139      9.982
 107  523     -8.566     -0.432     -8.364
 176   -2     -6.404      3.758     -7.946
 481   -2     14.590     -9.626      3.884
  -1   -2     14.499      4.842      3.479
  -1   -2     -8.082      4.890     -9.938
  -1   -2     19.191      4.817     -5.168
  -1   -2     10.876     -8.957     -4.998
  -1   -2      6.738     -3.837      1.488
  -1   -2     -0.835     -9.067      4.197
  -1   -2      7.714     -9.059      4.518
  -1   -2     -0.281      0.751      8.959
  -1   -2     -0.037     -0.390      1.715
  -1   -2      0.273      4.703     -8.902
  -1   -2     13.573      0.743     -2.514
  -1   -2    -11.547     -0.139      9.982
  -1   -2     14.499      4.842      3.479
  -1   -2     -8.082      4.890     -9.938
  -1   -2     19.191      4.817     -5.168
  -1   -2     10.876     -8.957     -4.998
  -1   -2      6.738     -3.837      1.488
  -1   -2     -0.835     -9.067      4.197
  -1   -2     -3.032     -2.185      9.806
  -1   -2      7.714     -9.059      4.518
  -1   -2     -0.281      0.751      8.959
  -1   -2     13.573      0.743     -2.514
  -1   -2     -0.037     -0.390      1.715
  -1   -2      0.273      4.703     -8.902
  -1   -2    -11.547     -0.139      9.982
  -1   -2     14.499      4.842      3.479
  -1   -2     -8.082      4.890     -9.938
  -1   -2     10.876     -8.957     -4.998
  -1   -2     19.191      4.817     -5.168
  -1   -2      6.738     -3.837      1.488
  -1   -2     -3.032     -2.185      9.806
  -1   -2      7.714     -9.059      4.518
  -1   -2     -0.281      0.751      8.959
  -1   -2     -0.037     -0.390      1.715
  -1   -2     13.573      0.743     -2.514
  -1   -2      0.273      4.703     -8.902
  -1   -2    -11.547     -0.139      9.982
  -1   -2     14.499      4.842      3.479
  -1   -2     -8.082      4.890     -9.938
  -1   -2     10.876     -8.957     -4.998
  -1   -2     19.191      4.817     -5.168
  -1   -2      6.738     -3.837      1.488
  -1   -2     -0.835     -9.067      4.197
  -1   -2      7.714     -9.059      4.518
  -1   -2     -0.281      0.751      8.959
  -1   -2     13.573      0.743     -2.514
  -1   -2     -0.037     -0.390      1.715
  -1   -2      0.273      4.703     -8.902
  -1   -2    -11.547     -0.139      9.982
  -1   -2     14.499      4.842      3.479
  -1   -2     -8.082      4.890     -9.938
  -1   -2     19.191      4.817     -5.168
  -1   -2     10.876     -8.957     -4.998
  -1   -2      6.738     -3.837      1.488
  -1   -2     -0.835     -9.067      4.197
  -1   -2     -3.032     -2.185      9.806
  -1   -2      7.714     -9.059      4.518
  -1   -2     -0.281      0.751      8.959
  -1   -2     -0.037     -0.390      1.715
  -1   -2     13.573      0.743     -2.514
  -1   -2      0.273      4.703     -8.902
  -1   -2    -11.547     -0.139      9.982
  -1   -2     14.499      4.842      3.479
  -1   -2     -8.082      4.890     -9.938
  -1   -2     19.191      4.817     -5.168
  -1   -2     10.876     -8.957     -4.998
  -1   -2      6.738     -3.837      1.488
  -1   -2     -0.835     -9.067      4.197
  -1   -2     -3.032     -2.185      9.806
  -1   -2      7.714     -9.059      4.518
  -1   -2     -0.281      0.751      8.959
  89   -2     13.573      0.743     -2.514
  -1   -2     -0.037     -0.390      1.715
  -1   -2      0.273      4.703     -8.902
 559  586    -11.547     -0.139      9.982
  -1   -2     14.499      4.842      3.479
  -1   -2     -8.082      4.890     -9.938
  -1   -2     19.191      4.817     -5.168
  -1   -2     10.876     -8.957     -4.998
  -1   -2      6.738     -3.837      1.488
  -1   -2     -3.032     -2.185      9.806
  -1   -2      7.714     -9.059      4.518
  -1   -2     -0.281      0.751      8.959
  -1   -2     -0.037     -0.390      1.715
  -1   -2      0.273      4.703     -8.902
  -1   -2     14.499      4.842      3.479
  -1   -2     -8.082      4.890     -9.938
  -1   -2     10.876     -8.957     -4.998
  -1   -2     19.191      4.817     -5.168
  -1   -2      6.738     -3.837      1.488
  -1   -2     -0.835     -9.067      4.197
  -1   -2     -0.835     -9.067      4.197
  -1   -2     -3.032     -2.185      9.806
  -1   -2      7.714     -9.059      4.518
  -1   -2     -0.281      0.751      8.959
  -1   -2     -0.037     -0.390      1.715
  -1   -2      0.273      4.703     -8.902
  -1   -2     14.499      4.842      3.479
  -1   -2     -8.082      4.890     -9.938
  -1   -2     10.876     -8.957     -4.998
  -1   -2     19.191      4.817     -5.168
  -1   -2      6.738     -3.837      1.488
  -1   -2     -0.835     -9.067      4.197
  -1   -2     -0.835     -9.067      4.197
  -1   -2     -3.032     -2.185      9.806
  -1   -2      7.714     -9.059      4.518
  -1   -2     -0.281      0.751      8.959
  -1   -2      0.273      4.703     -8.902
 595   -2     -0.037     -0.390      1.715
  -1   -2     14.499      4.842      3.479
  -1   -2     -8.082      4.890     -9.938
 550  577     10.876     -8.957     -4.998
  -1   -2     19.191      4.817     -5.168
 156   -2      6.738     -3.837      1.488
  -1   -2     -0.835     -9.067      4.197
  -1   -2     -0.835     -9.067      4.197
  -1   -2     -3.032     -2.185      9.806
  -1   -2      7.714     -9.059      4.518
  -1   -2     -0.281      0.751      8.959
  -1   -2      0.273      4.703     -8.902
  -1   -2     14.499      4.842      3.479
  -1   -2     -8.082      4.890     -9.938
  -1   -2     19.191      4.817     -5.168
  -1   -2     -0.835     -9.067      4.197
  -1   -2     -0.835     -9.067      4.197
  -1   -2     -3.032     -2.185      9.806
  -1   -2      7.714     -9.059      4.518
  -1   -2      0.273      4.703     -8.902
  -1   -2     14.499      4.842      3.479
  -1   -2     -8.082      4.890     -9.938
  -1   -2     19.191      4.817     -5.168
  -1   -2     -0.835     -9.067      4.197
  -1   -2     -0.835     -9.067      4.197
  -1   -2      7.714     -9.059      4.518
  -1   -2      0.273      4.703     -8.902
  -1   -2     14.499      4.842      3.479
  -1   -2     -8.082      4.890     -9.938
  -1   -2     19.191      4.817     -5.168
  -1   -2     -0.835     -9.067      4.197
  -1   -2     -0.835     -9.067      4.197
  -1   -2      7.714     -9.059      4.518
  -1   -2      0.273      4.703     -8.902
  -1   -2     14.499      4.842      3.479
  -1   -2     -8.082      4.890     -9.938
  -1   -2     19.191      4.817     -5.168
  -1   -2     -0.835     -9.067      4.197
  -1   -2     -0.835     -9.067      4.197
  -1   -2      7.714     -9.059      4.518
  -1   -2      0.273      4.703     -8.902
  -1   -2     14.499      4.842      3.479
  -1   -2     -8.082      4.890     -9.938
  -1   -2     19.191      4.817     -5.168
  -1   -2     -0.835     -9.067      4.197
  -1   -2     -0.835     -9.067      4.197
  45   -2      7.714     -9.059      4.518
  -1   -2      0.273      4.703     -8.902
  -1   -2     14.499      4.842      3.479
 641   -2     -8.082      4.890     -9.938
  -1   -2     19.191      4.817     -5.168
  -1   -2     -0.835     -9.067      4.197
  -1   -2     -0.835     -9.067      4.197
  -1   -2      0.273      4.703     -8.902
  -1   -2     14.499      4.842      3.479
  -1   -2     19.191      4.817     -5.168
  -1   -2     -0.835     -9.067      4.197
  -1   -2     -0.835     -9.067      4.197
  -1   -2      0.273      4.703     -8.902
  -1   -2     14.499      4.842      3.479
  -1   -2     19.191      4.817     -5.168
  -1   -2     -0.835     -9.067      4.197
  -1   -2     -0.835     -9.067      4.197
  -1   -2      0.273      4.703     -8.902
  -1   -2     14.499      4.842      3.479
  -1   -2     19.191      4.817     -5.168
  -1   -2     -0.835     -9.067      4.197
  -1   -2     -0.835     -9.067      4.197
  -1   -2      0.273      4.703     -8.902
  -1   -2     14.499      4.842      3.479
  -1   -2     19.191      4.817     -5.168
  -1   -2     -0.835     -9.067      4.197
  -1   -2     -0.835     -9.067      4.197
  -1   -2      0.273      4.703     -8.902
  -1   -2     14.499      4.842      3.479
  -1   -2     19.191      4.817     -5.168
  -1   -2     -0.835     -9.067      4.197
  -1   -2     -0.835     -9.067      4.197
  -1   -2      0.273      4.703     -8.902
  -1   -2     14.499      4.842      3.479
  -1   -2     19.191      4.817     -5.168
  -1   -2     -0.835     -9.067      4.197
  -1   -2     -0.835     -9.067      4.197
  -1   -2      0.273      4.703     -8.902
  -1   -2     14.499      4.842      3.479
  -1   -2     19.191      4.817     -5.168
  -1   -2      0.273      4.703     -8.902
  -1   -2     14.499      4.842      3.479
  -1   -2     19.191      4.817     -5.168
  -1   -2     -0.835     -9.067      4.197
  -1   -2      0.273      4.703     -8.902
  -1   -2     14.499      4.842      3.479
  -1   -2     19.191      4.817     -5.168
  -1   -2      0.273      4.703     -8.902
  -1   -2     14.499      4.842      3.479
  -1   -2     19.191      4.817     -5.168
  -1   -2      0.273      4.703     -8.902
  -1   -2     14.499      4.842      3.479
  -1   -2     19.191      4.817     -5.168
  -1   -2     14.499      4.842      3.479
  -1   -2     19.191      4.817     -5.168
  -1   -2      0.273      4.703     -8.902
  -1   -2     14.499      4.842      3.479
  -1   -2      0.273      4.703     -8.902
  -1   -2     14.499      4.842      3.479
