648
   0    0      8.828     -5.254      9.051
  13   -2      6.452     -9.563     -5.230
  -1    1      3.641     -7.874      5.681
 114   13      7.896     -9.227      1.336
   1   -2      9.159     -7.538      4.769
   2    3      9.968     -3.356      6.563
 140   -2      8.571     -9.000     -6.252
  70   -2     12.505     -5.818      1.539
   3   -2     12.003     -5.788     -8.815
   5    7      4.473     -5.726      6.417
 165   -2      6.402     -4.266     -2.756
  10  107     -4.807     -3.015      9.672
  -1    8      6.751     -3.829      1.534
  -1   -2     11.854     -3.768      3.795
  43   -2     -1.684     -7.405     -6.608
  16   -2      9.300     -2.615      7.942
  17   -2     -0.771     -9.057      4.370
  60   38     -8.624     -7.958      5.129
  41   -2     -5.456     -7.383      7.844
  19   -2     -0.676     -2.318     -3.207
  14   -2     10.975     -5.760     -2.383
 132   74      9.229    -10.011     -0.534
   8   -2      7.199     -4.738     -6.812
  22   72      3.838     -9.411     -6.836
  98   45     10.530      1.760      5.924
  -1   -2    -10.361     -9.377      0.656
 145   -2      3.802     -5.037     -3.475
  31   -2      4.916     -8.583      5.293
  -1    5     11.888     -5.437     -8.503
  -1   -2     -3.045     -2.168      9.700
  -1   18     -2.460     -9.427     -0.770
  35   71      9.243     -8.161      7.897
  67   -2     14.206     -6.932     -9.219
 142   -2      6.551     -1.661     -2.241
   6   -2     11.959     -6.901      4.269
  -1   -2     17.609     -9.521      0.523
 138   35      6.811     -2.303     -6.339
  26   49      7.142     -8.814      8.286
  -1   23    -10.106     -8.722      3.485
  40   37      9.673     -0.783     10.207
  97   86     -4.484    -10.670     -4.830
  45   -2    -11.309     -6.728     -8.741
  62   -2     -1.447     -5.454      3.083
  65   15     -5.576     -5.342     -4.386
  30   -2     -8.323     -7.468      2.133
  85   40     15.376    -10.137     -5.702
  -1  137     11.067     -1.747      3.705
  47   46      9.433     -4.249      4.231
  -1   26      7.201     -8.860      5.907
  -1   -2     -4.423     -9.114     -1.345
 110   80    -11.693     -6.308     -5.321
  -1   28      5.225     -9.519      6.443
 154   -2     -3.249     -4.311     -5.518
  53   57     -0.648     -6.530      9.430
  -1   -2     15.572     -0.676     -5.191
 157   51     17.842     -1.572     -3.126
  29   93     -8.306     -8.415     -0.592
  56   53     -0.132     -7.051      8.567
   4   -2      8.124     -9.578      3.554
  -1   58      9.818     -6.917      3.358
  -1   39      7.758     -0.064     -7.704
  -1   -2     12.218     -8.725     -7.196
 116   -2     14.124     -7.361     -6.044
 104   43     -7.913     -3.960     -2.607
  68   41     -0.297     -5.549      5.048
  27   -2      1.296     -8.147      3.644
  61   68     19.338     -8.763     -5.795
 168   61     18.677     -8.948      0.812
 153   -2     -9.226     -8.857     -5.404
  -1   -2      9.413     -3.888     10.337
  -1   69      8.998      1.266      8.978
  -1   73     14.694     -4.122      3.503
  -1   -2     16.445     -6.812     -9.170
  73   75      4.622     -2.922     -3.260
  -1   78      8.729     -7.499     -9.747
  87  129     -8.719    -10.251     -7.124
  -1   -2     13.048      0.153     -1.134
 129   -2     12.255      2.201      8.525
  74   77     14.760     -2.497     -4.678
  -1   -2    -11.786     -7.177     -8.169
  71   -2     -5.343     -9.599      3.346
  57   10     10.939     -8.158      1.998
  90    4     13.004     -8.723     -0.061
  50   -2     15.957     -6.685      3.842
 117    6     15.461     -7.352     -1.188
  80   27      1.700     -5.918     -6.314
  -1   99      9.500     -4.742     -7.450
 151   87     15.441     -3.153     -1.360
  -1   82     -7.355    -10.713      0.420
 149   91      6.818     -6.430     -7.973
 123   33      6.382     -9.171     -7.312
  -1   -2     -3.780     -6.863      0.067
  -1   24      1.955     -8.370     -9.455
  -1   -2     13.141     -9.654      6.943
  64   98     18.875     -9.809      0.489
  92   79     10.080     -7.309     -6.751
  83   97     -0.975     -6.757     -1.798
  -1   -2     -7.610     -7.374     -8.567
  88   -2      8.702     -5.438     -7.286
  -1   44     -3.853     -9.253     -8.187
  89  148      0.349     -4.201      0.743
  -1   -2     -6.595     -3.052     -1.554
  91   -2      2.720     -1.592      9.647
 163  105     18.122      2.718      3.490
  77   89     -7.577    -10.385     -8.665
 141   34     13.592     -7.564      6.726
 178   -2     -8.745     -2.342     -4.124
  -1   -2      9.099      6.166      8.848
  -1   -2     16.333      1.009      0.472
  -1   -2     -0.280      0.752      8.958
  -1   20    -11.541     -7.437    -10.755
  -1   -2      0.276      4.703     -8.886
  -1   -2     19.964     -0.121     -2.394
  -1  459     20.532     -4.526     -3.990
  -1   -2     16.340     -2.988      0.278
 378  387     -0.036     -0.388      1.711
  -1  164    -12.520     -1.534     -9.822
  28   -2     -3.727     -2.487     10.266
  51   70    -10.572     -5.308    -10.017
  -1   -2    -11.543     -0.137      9.969
  -1  166     -0.315     -1.495      9.235
  -1   88     -4.519     -9.802     -9.319
  -1   -2     12.430    -11.213    -10.350
  -1   -2     -8.568     -0.431     -8.357
 152  582     -6.405      3.760     -7.953
  -1   83     17.766     -8.172     -4.606
 133   -2      6.642     -9.558    -10.678
  -1   56      0.774     -5.077      2.396
  -1  142     -1.026      2.409     -3.778
  -1   -2     14.499      4.844      3.477
  -1   -2     18.090     -5.216      0.461
 122  126     16.265     -2.099    -11.641
 124  127    -10.479      0.135     -3.727
  -1   -2     -8.080      4.890     -9.943
  -1   -2     17.618      3.861    -12.446
 144   -2     -1.582     -9.182      6.030
 127  187     10.874     -8.955     -4.986
  -1   -2     14.319      0.510      0.122
 134   -2    -12.362      1.599     -8.620
 135  139     -4.612     -0.736      5.058
  -1   -2     19.190      4.819     -5.169
  59   22      7.484     -1.667     -7.841
 137  360     -0.900      2.024     -3.176
  -1   -2      4.849     -7.459      0.435
 155  147      4.997      1.738     -4.675
 125   63     -9.847     -5.326     -3.901
  -1  153      1.164     -3.724     10.076
 166  151     15.380     -3.593     -2.899
  -1  103     20.317     -3.052     11.116
 150  149     15.975      1.127     -2.758
  -1   -2      7.759     -7.906     -8.265
  -1   -2     20.594     -8.326      9.621
 179  150     -5.865      2.576     -8.934
 148   67      1.662     -4.111      9.482
 305   19     -5.100     -1.737     -4.587
 173   -2     18.902     -0.668     -2.943
  -1  160      2.840      1.838      0.157
  -1   59     20.175     -2.485      0.081
  75   81     13.666     -9.814      4.842
  -1   76     16.012     -5.437      6.857
 160   11      7.215     -1.692      5.659
 161   -2    -11.266     -3.022     -5.031
  -1  145     12.870      3.334     -4.332
 126  104     14.818     -8.866      8.775
  -1  140      6.118     -2.491      8.342
  -1   16      9.921     -3.366      6.546
  -1   -2      6.804     -3.809      1.688
  -1   -2     12.008     -3.785      3.413
  -1  638     -3.033     -2.182      9.806
  -1   90     17.493     -9.525      0.795
  66   -2     12.758      0.143     -0.415
 156  261     16.333      1.009      0.472
  -1  288     -0.280      0.752      8.958
  -1   -2     -0.036     -0.388      1.711
  -1   21      9.099      6.166      8.848
  -1  158     19.964     -0.121     -2.394
  -1   -2     20.532     -4.526     -3.990
  -1   -2    -12.520     -1.534     -9.822
  -1   -2      0.276      4.703     -8.886
 413  419    -11.543     -0.137      9.969
  -1   -2     -0.315     -1.495      9.235
  93  305     -8.568     -0.431     -8.357
  -1   -2     -6.405      3.760     -7.953
  -1   -2     14.499      4.844      3.477
  -1   -2      0.774     -5.077      2.396
  -1   -2     -1.026      2.409     -3.778
  -1   -2     -8.080      4.890     -9.943
  -1   -2     14.319      0.510      0.122
  -1   -2     19.190      4.819     -5.169
  -1   -2      6.804     -3.809      1.688
  -1   -2     12.008     -3.785      3.413
  -1   -2     -3.033     -2.182      9.806
  -1   -2     17.493     -9.525      0.795
  -1   -2     -0.280      0.752      8.958
  -1   -2      9.099      6.166      8.848
  -1   -2     16.333      1.009      0.472
  -1   -2     -0.036     -0.388      1.711
  -1   -2     19.964     -0.121     -2.394
  -1   -2     20.532     -4.526     -3.990
  -1   -2      0.276      4.703     -8.886
  -1   -2    -11.543     -0.137      9.969
  -1   -2     -0.315     -1.495      9.235
  -1   -2     -6.405      3.760     -7.953
  -1   -2     -8.568     -0.431     -8.357
  -1    9     18.090     -5.216      0.461
  -1   -2     14.499      4.844      3.477
  -1   -2      0.774     -5.077      2.396
  -1   -2     -1.026      2.409     -3.778
  -1   -2     -8.080      4.890     -9.943
  -1   -2     14.319      0.510      0.122
  -1   -2     19.190      4.819     -5.169
  -1   -2      6.804     -3.809      1.688
  -1   -2     12.008     -3.785      3.413
  -1   -2     -3.033     -2.182      9.806
  -1   -2     17.493     -9.525      0.795
  -1   -2      9.099      6.166      8.848
  -1   -2     -0.280      0.752      8.958
  -1   -2     16.333      1.009      0.472
  -1   -2     19.964     -0.121     -2.394
  -1   -2     -0.036     -0.388      1.711
  -1   -2     20.532     -4.526     -3.990
  -1   -2      0.276      4.703     -8.886
  -1   -2    -12.520     -1.534     -9.822
  -1   -2    -11.543     -0.137      9.969
  -1   -2     -0.315     -1.495      9.235
 128   -2     -6.405      3.760     -7.953
 120  228     14.499      4.844      3.477
  -1   -2     -1.026      2.409     -3.778
  -1   -2      0.774     -5.077      2.396
 119   -2     18.090     -5.216      0.461
  -1   -2     14.319      0.510      0.122
  -1   -2     -8.080      4.890     -9.943
  -1   -2     19.190      4.819     -5.169
  -1   -2      9.921     -3.366      6.546
  -1   -2      6.804     -3.809      1.688
  -1   -2     12.008     -3.785      3.413
  -1   -2     17.493     -9.525      0.795
  -1   -2     -3.033     -2.182      9.806
  -1   -2      9.099      6.166      8.848
  -1   -2     -0.280      0.752      8.958
  -1   -2     16.333      1.009      0.472
  -1   -2     19.964     -0.121     -2.394
  -1   -2     20.532     -4.526     -3.990
 107  177    -12.520     -1.534     -9.822
  -1   -2      0.276      4.703     -8.886
  -1   -2     -0.036     -0.388      1.711
  -1   -2    -11.543     -0.137      9.969
  -1   -2     -0.315     -1.495      9.235
  -1   -2     -8.568     -0.431     -8.357
  -1   -2     -1.026      2.409     -3.778
  -1   -2      0.774     -5.077      2.396
  -1   -2     -8.080      4.890     -9.943
  -1   -2     19.190      4.819     -5.169
  -1   -2     14.319      0.510      0.122
  -1   -2      9.921     -3.366      6.546
  -1   -2      6.804     -3.809      1.688
  -1   -2     12.008     -3.785      3.413
  -1   -2     17.493     -9.525      0.795
  -1   -2     -3.033     -2.182      9.806
  -1   -2      9.099      6.166      8.848
  -1   -2     -0.280      0.752      8.958
  -1   -2     16.333      1.009      0.472
  -1   -2      0.276      4.703     -8.886
  -1   -2     19.964     -0.121     -2.394
  -1   -2     20.532     -4.526     -3.990
  -1   -2     -0.036     -0.388      1.711
  -1   -2    -11.543     -0.137      9.969
  -1   -2     -0.315     -1.495      9.235
  -1   -2     -8.568     -0.431     -8.357
  -1   -2      0.774     -5.077      2.396
  -1   -2     -1.026      2.409     -3.778
  -1   -2     -8.080      4.890     -9.943
 130  274     14.319      0.510      0.122
  -1   -2     19.190      4.819     -5.169
  -1   -2      9.921     -3.366      6.546
  -1   -2      6.804     -3.809      1.688
  -1   -2     12.008     -3.785      3.413
  -1   -2     17.493     -9.525      0.795
  -1   -2     -3.033     -2.182      9.806
  -1   -2      9.099      6.166      8.848
  -1   -2     -0.280      0.752      8.958
  -1   -2     16.333      1.009      0.472
  -1   -2     19.964     -0.121     -2.394
  -1   -2     20.532     -4.526     -3.990
  -1   -2      0.276      4.703     -8.886
  -1   -2     -0.036     -0.388      1.711
  -1   -2    -11.543     -0.137      9.969
  -1   -2     -0.315     -1.495      9.235
  -1   -2     -8.568     -0.431     -8.357
 121  272      0.774     -5.077      2.396
  -1   -2     -1.026      2.409     -3.778
  -1   -2     -8.080      4.890     -9.943
  -1   -2     19.190      4.819     -5.169
  -1   -2      9.921     -3.366      6.546
  -1   -2      9.921     -3.366      6.546
  -1   -2      6.804     -3.809      1.688
  12  295     12.008     -3.785      3.413
  -1   -2     17.493     -9.525      0.795
  -1   -2     -3.033     -2.182      9.806
  -1   -2      9.099      6.166      8.848
  -1   -2     -0.036     -0.388      1.711
  -1   -2     16.333      1.009      0.472
  -1   -2     -0.280      0.752      8.958
  -1   -2     19.964     -0.121     -2.394
  -1   -2     20.532     -4.526     -3.990
  -1   -2      0.276      4.703     -8.886
  -1   -2    -11.543     -0.137      9.969
  -1   -2     -0.315     -1.495      9.235
  -1   -2     -8.568     -0.431     -8.357
  -1   -2     -1.026      2.409     -3.778
  -1   -2     -8.080      4.890     -9.943
  -1   -2     19.190      4.819     -5.169
  -1   -2      6.804     -3.809      1.688
  37  327     17.493     -9.525      0.795
  -1   -2     -3.033     -2.182      9.806
  -1   -2      9.099      6.166      8.848
  -1   -2     -0.280      0.752      8.958
  -1   -2     16.333      1.009      0.472
  -1   -2     19.964     -0.121     -2.394
  -1   -2     20.532     -4.526     -3.990
  -1   -2     -0.036     -0.388      1.711
  -1   -2      0.276      4.703     -8.886
  -1   -2    -11.543     -0.137      9.969
  -1   -2     -0.315     -1.495      9.235
  -1   -2     -8.568     -0.431     -8.357
 360   -2     -1.026      2.409     -3.778
  -1   -2     -8.080      4.890     -9.943
 310  325     19.190      4.819     -5.169
  -1   -2      9.921     -3.366      6.546
  -1   -2      9.921     -3.366      6.546
  -1   -2     -3.033     -2.182      9.806
  -1   -2      9.099      6.166      8.848
  -1   -2     -0.280      0.752      8.958
  -1   -2     16.333      1.009      0.472
  -1   -2     20.532     -4.526     -3.990
  -1   -2     -0.036     -0.388      1.711
  -1   -2      0.276      4.703     -8.886
  -1   -2    -11.543     -0.137      9.969
  -1   -2     -0.315     -1.495      9.235
  -1   -2     -8.080      4.890     -9.943
  -1   -2      9.921     -3.366      6.546
  -1   -2      6.804     -3.809      1.688
  -1   -2     -3.033     -2.182      9.806
  -1   -2     16.333      1.009      0.472
  -1   -2      9.099      6.166      8.848
  -1   -2     -0.280      0.752      8.958
  -1   -2     20.532     -4.526     -3.990
  -1   -2     -0.036     -0.388      1.711
  -1   -2      0.276      4.703     -8.886
  -1   -2    -11.543     -0.137      9.969
 162  102     -0.315     -1.495      9.235
  -1   -2     -8.080      4.890     -9.943
  -1   -2      6.804     -3.809      1.688
  -1   -2     -3.033     -2.182      9.806
  -1   -2     -0.280      0.752      8.958
  -1   -2      9.099      6.166      8.848
  -1   -2     16.333      1.009      0.472
  -1   -2     -0.036     -0.388      1.711
  -1   -2     20.532     -4.526     -3.990
  -1   -2      0.276      4.703     -8.886
  -1   -2    -11.543     -0.137      9.969
  -1   -2     -8.080      4.890     -9.943
  -1   -2      6.804     -3.809      1.688
  -1   -2     -3.033     -2.182      9.806
  -1   -2      9.099      6.166      8.848
  -1   -2     -0.036     -0.388      1.711
  -1   -2     16.333      1.009      0.472
  -1   -2     -0.280      0.752      8.958
  -1   -2     20.532     -4.526     -3.990
  -1   -2      0.276      4.703     -8.886
  -1   -2    -11.543     -0.137      9.969
  -1   -2     -8.080      4.890     -9.943
  -1   -2      6.804     -3.809      1.688
  -1   -2     -3.033     -2.182      9.806
  -1   -2      9.099      6.166      8.848
 239   -2     16.333      1.009      0.472
 341  173     -0.280      0.752      8.958
  -1   -2     -0.036     -0.388      1.711
  -1   -2     20.532     -4.526     -3.990
  -1   -2      0.276      4.703     -8.886
  -1   -2    -11.543     -0.137      9.969
  -1   -2     -8.080      4.890     -9.943
  -1   -2      9.921     -3.366      6.546
  -1   -2      9.921     -3.366      6.546
  -1   -2      6.804     -3.809      1.688
  -1   -2     -3.033     -2.182      9.806
  -1   -2      9.099      6.166      8.848
  -1   -2     20.532     -4.526     -3.990
  -1   -2      0.276      4.703     -8.886
 169   -2     -0.036     -0.388      1.711
  -1   -2    -11.543     -0.137      9.969
  -1   -2     -8.080      4.890     -9.943
  -1   -2      9.921     -3.366      6.546
  -1   -2      9.921     -3.366      6.546
  -1   -2      6.804     -3.809      1.688
  -1   -2     -3.033     -2.182      9.806
  -1   -2      9.099      6.166      8.848
  -1   -2     20.532     -4.526     -3.990
  -1   -2      0.276      4.703     -8.886
  -1   -2    -11.543     -0.137      9.969
  -1   -2     -8.080      4.890     -9.943
  -1   -2      9.921     -3.366      6.546
  -1   -2      9.921     -3.366      6.546
  -1   -2      6.804     -3.809      1.688
  -1   -2     -3.033     -2.182      9.806
  -1   -2      9.099      6.166      8.848
  -1   -2     20.532     -4.526     -3.990
  -1   -2      0.276      4.703     -8.886
 176  117    -11.543     -0.137      9.969
  -1   -2     -8.080      4.890     -9.943
  -1   -2      9.921     -3.366      6.546
  -1   -2      6.804     -3.809      1.688
  -1   -2     -3.033     -2.182      9.806
  -1   -2      9.099      6.166      8.848
  -1   -2     20.532     -4.526     -3.990
  -1   -2      0.276      4.703     -8.886
  -1   -2     -8.080      4.890     -9.943
  -1   -2      6.804     -3.809      1.688
  -1   -2     -3.033     -2.182      9.806
  -1   -2      9.099      6.166      8.848
  -1   -2      0.276      4.703     -8.886
  -1   -2     20.532     -4.526     -3.990
  -1   -2     -8.080      4.890     -9.943
  -1   -2      9.921     -3.366      6.546
  -1   -2      9.921     -3.366      6.546
  -1   -2      6.804     -3.809      1.688
  -1   -2     -3.033     -2.182      9.806
  -1   -2      9.099      6.166      8.848
  -1   -2      0.276      4.703     -8.886
  -1   -2     20.532     -4.526     -3.990
  -1   -2     -8.080      4.890     -9.943
  -1   -2      9.921     -3.366      6.546
  -1   -2      6.804     -3.809      1.688
  -1   -2     -3.033     -2.182      9.806
  -1   -2      9.099      6.166      8.848
  -1   -2     20.532     -4.526     -3.990
  -1   -2      0.276      4.703     -8.886
  -1   -2     -8.080      4.890     -9.943
  -1   -2      6.804     -3.809      1.688
  -1   -2     -3.033     -2.182      9.806
  -1   -2      9.099      6.166      8.848
  -1   -2     20.532     -4.526     -3.990
  -1   -2      0.276      4.703     -8.886
  -1   -2     -8.080      4.890     -9.943
  -1   -2      9.921     -3.366      6.546
  -1   -2      9.921     -3.366      6.546
  -1   -2      6.804     -3.809      1.688
  -1   -2     -3.033     -2.182      9.806
  -1   -2      9.099      6.166      8.848
  -1   -2     20.532     -4.526     -3.990
  -1   -2      0.276      4.703     -8.886
  -1   -2     -8.080      4.890     -9.943
  -1   -2      9.921     -3.366      6.546
  -1   -2      9.921     -3.366      6.546
  -1   -2      6.804     -3.809      1.688
  -1   -2     -3.033     -2.182      9.806
  -1   -2      9.099      6.166      8.848
  -1   -2      0.276      4.703     -8.886
  -1   -2     20.532     -4.526     -3.990
  -1   -2     -8.080      4.890     -9.943
  -1   -2      6.804     -3.809      1.688
  -1   -2     -3.033     -2.182      9.806
  -1   -2     20.532     -4.526     -3.990
  -1   -2      0.276      4.703     -8.886
 472  475      9.099      6.166      8.848
  -1   -2     -8.080      4.890     -9.943
  -1   -2      9.921     -3.366      6.546
  -1   -2      6.804     -3.809      1.688
  -1   -2     -3.033     -2.182      9.806
  -1   -2     20.532     -4.526     -3.990
  -1   -2      0.276      4.703     -8.886
  -1   -2     -8.080      4.890     -9.943
  -1   -2      9.921     -3.366      6.546
  -1   -2      9.921     -3.366      6.546
  -1   -2      6.804     -3.809      1.688
  -1   -2     -3.033     -2.182      9.806
 456   -2     20.532     -4.526     -3.990
  -1   -2      0.276      4.703     -8.886
  -1   -2     -8.080      4.890     -9.943
  -1   -2      9.921     -3.366      6.546
  -1   -2      9.921     -3.366      6.546
  -1   -2      6.804     -3.809      1.688
  -1   -2     -3.033     -2.182      9.806
  -1   -2      0.276      4.703     -8.886
  -1   -2     -8.080      4.890     -9.943
  -1   -2      9.921     -3.366      6.546
  -1   -2      6.804     -3.809      1.688
  -1   -2      0.276      4.703     -8.886
  -1   -2     -8.080      4.890     -9.943
  -1   -2      6.804     -3.809      1.688
  -1   -2     -3.033     -2.182      9.806
  -1   -2      0.276      4.703     -8.886
  -1   -2     -8.080      4.890     -9.943
  -1   -2      9.921     -3.366      6.546
  -1   -2      9.921     -3.366      6.546
  -1   -2      6.804     -3.809      1.688
  -1   -2     -3.033     -2.182      9.806
  -1   -2      0.276      4.703     -8.886
  -1   -2     -8.080      4.890     -9.943
  -1   -2      9.921     -3.366      6.546
  -1   -2      6.804     -3.809      1.688
  -1   -2     -3.033     -2.182      9.806
  -1   -2      0.276      4.703     -8.886
  -1   -2     -8.080      4.890     -9.943
  -1   -2      6.804     -3.809      1.688
  -1   -2     -3.033     -2.182      9.806
  -1   -2      0.276      4.703     -8.886
  -1   -2     -8.080      4.890     -9.943
  -1   -2      6.804     -3.809      1.688
  -1   -2     -3.033     -2.182      9.806
  -1   -2      0.276      4.703     -8.886
  -1   -2     -8.080      4.890     -9.943
  -1   -2      9.921     -3.366      6.546
  -1   -2      9.921     -3.366      6.546
  -1   -2      6.804     -3.809      1.688
  -1   -2     -3.033     -2.182      9.806
  -1   -2      0.276      4.703     -8.886
  -1   -2     -8.080      4.890     -9.943
  -1   -2      9.921     -3.366      6.546
  -1   -2      6.804     -3.809      1.688
  -1   -2     -3.033     -2.182      9.806
  -1   -2      0.276      4.703     -8.886
  -1   -2     -8.080      4.890     -9.943
  -1   -2      9.921     -3.366      6.546
  -1   -2      6.804     -3.809      1.688
  -1   -2     -3.033     -2.182      9.806
  -1   -2      0.276      4.703     -8.886
  -1   -2     -8.080      4.890     -9.943
  -1   -2      9.921     -3.366      6.546
  -1   -2      6.804     -3.809      1.688
  -1   -2     -3.033     -2.182      9.806
  -1   -2      0.276      4.703     -8.886
  -1   -2     -8.080      4.890     -9.943
  -1   -2      9.921     -3.366      6.546
  -1   -2      9.921     -3.366      6.546
  -1   -2      6.804     -3.809      1.688
  -1   -2     -3.033     -2.182      9.806
  -1   -2      0.276      4.703     -8.886
  -1   -2     -8.080      4.890     -9.943
  -1   -2      9.921     -3.366      6.546
  -1   -2      6.804     -3.809      1.688
  -1   -2     -3.033     -2.182      9.806
  -1   -2      0.276      4.703     -8.886
  -1   -2     -8.080      4.890     -9.943
  -1   -2      9.921     -3.366      6.546
  -1   -2      9.921     -3.366      6.546
  -1   -2      6.804     -3.809      1.688
  -1   -2     -3.033     -2.182      9.806
  -1   -2      0.276      4.703     -8.886
  -1   -2     -8.080      4.890     -9.943
  -1   -2      9.921     -3.366      6.546
  -1   -2      6.804     -3.809      1.688
  -1   -2     -3.033     -2.182      9.806
  -1   -2      0.276      4.703     -8.886
  -1   -2     -8.080      4.890     -9.943
  -1   -2      9.921     -3.366      6.546
  -1   -2      9.921     -3.366      6.546
  -1   -2      6.804     -3.809      1.688
  -1   -2     -3.033     -2.182      9.806
  -1   -2      0.276      4.703     -8.886
  -1   -2     -8.080      4.890     -9.943
  -1   -2      9.921     -3.366      6.546
  -1   -2      9.921     -3.366      6.546
  -1   -2      6.804     -3.809      1.688
  -1   -2     -3.033     -2.182      9.806
  -1   -2      0.276      4.703     -8.886
  -1   -2     -8.080      4.890     -9.943
  -1   -2      6.804     -3.809      1.688
  -1   -2     -3.033     -2.182      9.806
  -1   -2      0.276      4.703     -8.886
  -1   -2     -8.080      4.890     -9.943
  -1   -2      9.921     -3.366      6.546
  -1   -2      6.804     -3.809      1.688
  -1   -2     -3.033     -2.182      9.806
  -1   -2      0.276      4.703     -8.886
  -1   -2     -8.080      4.890     -9.943
  -1   -2      9.921     -3.366      6.546
  -1   -2      6.804     -3.809      1.688
  -1   -2     -3.033     -2.182      9.806
  -1   -2      0.276      4.703     -8.886
  -1   -2     -8.080      4.890     -9.943
  -1   -2      6.804     -3.809      1.688
  -1   -2     -3.033     -2.182      9.806
  -1   -2      0.276      4.703     -8.886
  -1   -2     -8.080      4.890     -9.943
  -1   -2      9.921     -3.366      6.546
  -1   -2      6.804     -3.809      1.688
  -1   -2     -3.033     -2.182      9.806
  -1   -2      0.276      4.703     -8.886
  -1   -2     -8.080      4.890     -9.943
  -1  191      9.921     -3.366      6.546
  -1   -2      6.804     -3.809      1.688
  -1   -2     -3.033     -2.182      9.806
  -1   -2      0.276      4.703     -8.886
  -1   -2     -8.080      4.890     -9.943
  11  598      6.804     -3.809      1.688
  -1   -2     -3.033     -2.182      9.806
  -1   -2      0.276      4.703     -8.886
  -1   -2     -8.080      4.890     -9.943
  -1   -2     -3.033     -2.182      9.806
  -1   -2      0.276      4.703     -8.886
  -1   -2     -8.080      4.890     -9.943
  -1   -2     -3.033     -2.182      9.806
  -1   -2      0.276      4.703     -8.886
  -1   -2     -8.080      4.890     -9.943
  -1   -2     -3.033     -2.182      9.806
  -1   -2      0.276      4.703     -8.886
  -1   -2     -8.080      4.890     -9.943
  -1   -2     -3.033     -2.182      9.806
  -1   -2      0.276      4.703     -8.886
  -1   -2     -8.080      4.890     -9.943
  -1   -2      0.276      4.703     -8.886
  -1   -2     -8.080      4.890     -9.943
 638   -2     -3.033     -2.182      9.806
  -1   -2      0.276      4.703     -8.886
  -1   -2     -8.080      4.890     -9.943
  -1   -2      0.276      4.703     -8.886
  -1   -2     -8.080      4.890     -9.943
  -1   -2      0.276      4.703     -8.886
  -1   -2     -8.080      4.890     -9.943
  -1   -2      0.276      4.703     -8.886
  -1   -2     -8.080      4.890     -9.943
  -1   -2      0.276      4.703     -8.886
  -1   -2     -8.080      4.890     -9.943
  -1   -2      0.276      4.703     -8.886
  -1   -2     -8.080      4.890     -9.943
  -1   -2      0.276      4.703     -8.886
 659   -2     -8.080      4.890     -9.943
  -1   -2      0.276      4.703     -8.886
  -1   -2      0.276      4.703     -8.886
  -1   -2      0.276      4.703     -8.886
  -1   -2      0.276      4.703     -8.886
  -1   -2      0.276      4.703     -8.886
  -1   -2      0.276      4.703     -8.886
  -1   -2      0.276      4.703     -8.886
  -1   -2      0.276      4.703     -8.886
  -1   -2      0.276      4.703     -8.886
  -1   -2      0.276      4.703     -8.886
  -1   -2      0.276      4.703     -8.886
  -1   -2      0.276      4.703     -8.886
  -1   -2      0.276      4.703     -8.886
  -1   -2      0.276      4.703     -8.886
  -1   -2      0.276      4.703     -8.886
  -1   -2      0.276      4.703     -8.886
  -1   -2      0.276      4.703     -8.886
  -1   -2      0.276      4.703     -8.886
  -1   -2      0.276      4.703     -8.886
 671  673      0.276      4.703     -8.886
