390
   0  171      8.781     -8.937     -7.734
   1   -2     -8.839     -7.918     -2.783
 366    3     -2.871      2.313      5.818
   7   -2     -4.900     -1.014      2.866
  51   -2     -7.743     -7.525      4.069
   4   70     -0.127     -6.986      8.194
 128  307     -5.715     -7.199      5.781
 104  192     -8.234     -8.601     -5.598
  -1    7     -3.590      2.313      6.328
  -1   -2     20.238     -3.305     -3.133
  -1  115     -8.423     -8.268      3.639
  -1   10      6.614      0.565      0.468
 108   -2      7.100     -9.647     -7.513
 223   13     18.016     -1.416     -1.137
  10  375     -2.373     -3.082      0.604
 285   64     10.581     -7.266      1.145
  -1   -2     20.298      0.149     -2.873
 196  247     19.052     -4.753     -0.008
  13   12      1.474     -7.452      3.045
  63   54     15.061     -8.191      0.377
 220   -2     12.005     -8.716     -6.676
  15   24      6.832     -1.982     -2.855
  19   23     -9.963     -9.197     -0.131
 284  246      9.922     -3.376      7.441
 130   34      1.000     -8.336      9.394
 180   -2     -7.783     -7.430      0.832
 203  216     15.485      0.428     -6.643
 144  194     -0.380     -9.203      4.242
 181  108     12.103     -5.864     -8.366
 195   -2     -1.642     -7.295      5.372
  -1  198     13.815      3.022     -2.884
  14   20     -3.864     -9.061     -7.953
  18   -2      9.285     -2.153      3.361
 137  199     17.076     -9.078      0.159
 171  318     19.564     -5.601     -3.024
  20   -2     -1.813     -4.411      3.951
 123  211     18.686     -7.720     -3.258
  42   30     -5.893     -0.577     -7.513
  -1   -2     19.649     -2.785     -2.590
  -1  157     14.272     -5.419     -9.287
  -1   -2     -7.430     -1.055     -6.963
 282   -2      9.880     -0.743     -0.204
  -1   -2     14.020     -7.735      7.298
  23   49      7.319     -4.998     -9.107
  -1  283      9.022     -4.783     -2.397
  -1  169     -9.269    -10.188     -2.952
  -1  134      6.232     -7.890     -8.313
  71   -2     -8.939     -8.456     -0.871
 143  147     11.908     -8.320     -2.802
  39   -2     -7.864     -7.932      2.810
  -1   61     17.001     -0.627     -2.195
  50   -2     -1.890     -1.655     -6.167
  38   36      6.159     -5.284     10.130
 177   -2     -9.278     -9.512     -8.894
  56  128    -12.430     -9.175     -8.810
 234   -2     -0.285     -7.669     -3.950
 191  218      9.639     -7.211     -5.514
 281  189     17.510     -4.238     -0.453
 192  190     10.753     -2.052     -3.742
  78  225     18.958     -9.619      0.610
  24   80      9.629     -7.074     -3.779
 224   -2     15.523     -4.628      3.000
 219   86     -3.586     -4.771     -4.267
  -1   22     16.495     -0.971     -9.040
  -1   48     11.957      1.058      1.066
  -1   -2      2.154     -5.219     -3.009
 100   -2     10.612     -3.463      5.259
  -1   -2     10.990     -6.444      7.714
  74  185      8.227      1.189      8.710
 257   87      9.888     -7.417      6.674
  -1   81     18.097     -0.780     -0.359
  -1   -2      0.146     -3.310     -1.884
 319   -2    -10.652     -0.494      1.788
 145   -2     -9.591     -7.605     -5.502
 271    2     -7.896     -8.457     -9.409
  28   -2     17.634     -9.497      0.533
 140   82     11.447     -5.883      1.998
  73   52     -5.546     -1.279     -8.691
 232   69     11.206     -6.020      7.053
  -1  137     -2.838     -2.184      9.508
  52   40     10.088     -3.125      6.955
 147   -2     16.240     -2.465     -8.877
 156  260     14.499    -10.422     -9.766
  -1   -2     -8.249     -5.610      3.273
  -1  217      1.636     -1.532     -8.827
 110  272      6.099     -8.060      3.581
  -1   -2     13.432     -0.054      0.780
  -1  304      1.406     -3.319     10.389
 358  356      0.937     -1.669     -2.837
 312   96     13.161     -6.710      6.613
  -1   73     12.523     -4.265      8.447
  55   39      0.121     -3.599     -2.330
 187   -2     -3.500     -6.664     -0.353
  65   -2     11.670     -6.377     -3.024
 311   -2     10.449     -0.694      2.886
 296   93     17.506     -9.525     -2.920
  -1  176     -9.632    -10.644      0.614
  -1  252     18.938     -7.081     -8.463
  -1  236     12.395      0.239      4.599
 302   -2      1.877     -5.847      3.133
 117  317      3.381     -8.437     -2.265
 199  238     15.029      0.190      0.512
  -1  160     19.726      1.790     -1.813
  -1   41      8.022     -3.779      2.668
  -1  156      8.210      0.196      0.732
 184   46     20.186     -6.227     -3.793
  75  257     13.131      1.827     -0.875
 185  162      9.043     -1.144      2.929
 202  314     16.767     -3.385     -6.485
 139   -2     -4.004     -3.173      7.276
  94  237      8.527     -5.388      7.515
  99  295      4.349     -2.584      5.402
 170   -2     18.831     -9.004     -0.031
 322  348    -11.924     -1.512     -8.521
 172   51     17.624     -4.091     -3.776
 103   -2     10.738     -3.756      9.316
  40   59     11.950     -0.317      0.098
 107  379     -3.755     -4.299      4.172
  49  127     14.681     -2.202     -0.253
 176  140    -11.810     -9.882      2.832
 138   -2     17.684    -10.138     -1.948
 115  389     -1.404      4.946      3.773
  -1  279      7.785     -9.245      1.374
  43  212     17.240     -1.849      4.462
  79  227     11.212     -9.019     -3.630
 325  107     14.002     -9.804     -9.645
  -1   -2     -9.601    -10.921      0.844
  -1  250    -12.468     -8.336     -3.251
  -1   -2      3.843     -9.900      0.395
 126   -2     -8.511     -6.698     -3.349
  41   38     14.126     -3.472     -1.776
 235    0      7.893     -9.464     -6.838
  12   -2     -6.036     -7.026      8.027
 111  132     14.076     -7.235     -5.951
  -1  381     -6.793      3.965     -6.843
 320   -2      5.443    -10.322     -6.681
  82  231     14.622     -5.848      9.447
  -1  297      9.764     -9.153     -9.046
  -1   -2     -6.365     -8.114      5.258
 113  202     12.783     -7.834     -1.112
  61   -2     17.255     -7.586     -9.644
  -1   -2     -9.353      1.058      3.954
  -1   -2      7.266     -9.276     -9.050
 236  294      5.120     -7.404     -0.178
  36   -2    -11.145     -9.554     -3.763
  -1  248     10.568     -2.651      4.942
  -1   53     -0.444     -7.097     -9.040
  -1    6    -10.286     -8.357      0.997
  -1   -2      6.083     -4.285      6.675
  -1  146     16.330     -5.268      4.638
 129   35     14.427      1.536      7.796
  -1  148      3.042     -7.654     10.175
 238   -2      5.380     -8.633     10.245
  -1  240    -13.287     -4.774     -4.274
  -1   -2     14.719     -0.181      9.603
  -1   -2     14.578      0.648      5.964
 173  120     16.260     -1.565     -0.552
  29  223     19.336     -7.067     -1.734
  33   -2    -12.038     -9.972     -4.534
  -1   98    -12.303     -5.164     -2.827
  34  126     19.561     -3.355     -4.367
  -1  133     11.045     -8.981     -5.418
 142  239    -10.472     -9.938     -0.221
  -1  266     10.605     -1.313     -1.572
  26   -2      0.396     -7.816      6.222
  57  145     -0.476     -8.666     -5.862
 261   -2      6.580     -3.890      1.149
 304   27     -5.578     -5.345     -4.370
 289  142     -4.991     -9.629      3.231
  -1   -2      0.776     -7.912      0.316
  -1  172     17.930     -8.152      0.439
  -1   -2     15.527    -10.279     -9.709
 135  158     15.375     -6.803      4.216
  -1  155    -12.692    -10.611     -0.361
  -1   -2      5.023     -4.827     -0.023
 148  241     16.267     -6.914      3.853
 160   72     -6.775     -6.481     -6.261
 216  269     20.223     -5.971     -2.362
  -1  274      9.073     -4.849     10.184
 249  298      6.568      0.274     -0.095
 306   -2     17.630     -6.778      5.877
  45   -2      5.311     -8.654      4.234
  -1   33    -10.749     -9.060     -6.888
 125   -2     -6.938     -9.642     -8.205
  -1   92     18.118     -2.353     -2.640
  -1    5     -6.505     -6.865      5.599
  -1   -2     -8.859     -7.439      3.785
  -1  263     13.557     -8.968     -3.867
  -1   -2      7.169    -10.078     -9.350
  -1   -2     14.019     -6.985     -8.316
  -1   -2     19.539     -8.702     -8.788
 256  123     -0.970     -9.569      9.519
  -1   18     16.515     -3.267      6.527
 280  255     -5.445     -9.633      8.703
  -1  244      6.232     -1.488     -0.652
  80  193     18.221     -9.307     -9.359
  -1   -2     20.076     -1.114     -3.549
  98   -2     -3.377     -4.888      9.036
  83  144     15.773     -1.457     -5.169
  -1  228      5.266     -2.942     -5.071
 263   -2      5.118     -3.118     -0.864
  -1  233      1.581     -9.808      1.898
  96  224     -4.122     -4.433     -5.519
  -1   -2     16.082    -10.695     -9.319
 269   90     19.180    -10.103     -5.997
  -1   -2      0.851     -4.390      5.981
 174   56     15.428     -4.035     -3.782
  -1   -2     19.549     -3.037     -2.465
  -1  221      0.937     -9.124     -0.917
  88   -2      8.942     -5.802      9.691
 210   66     11.273     -5.197      0.908
  -1   -2      8.987    -10.755     -9.496
  54  285      2.556     -7.934      1.308
  -1   32      4.464    -10.199     -0.252
 152   -2     16.086      1.540      6.095
  -1   60     -8.625     -3.680      0.479
 247   95      7.787     -6.440      1.683
  -1  196     10.001      2.250     -6.086
 344   75     18.633     -5.866      4.638
  -1   -2     -3.254     -7.685      9.208
 334   57     20.193     -5.324      0.799
  -1  270     15.101     -8.436     -9.767
  58   -2     11.945     -2.234     -3.671
  67  166     13.109      0.155     -1.788
  -1   -2      4.238     -6.336      0.671
  -1  282     15.994     -2.062    -10.804
  -1  315      4.540      1.749     -3.394
  72   55     -8.924     -8.263     -9.672
  -1  226     16.427      0.800      4.351
  -1   77     -5.672     -2.563      4.134
 155   15     18.321     -9.847     -7.572
 330   -2     16.873      1.729      0.797
  -1  183     -8.347     -6.813      3.610
  -1   -2      7.641    -10.214     -4.349
  16   67     10.281     -3.728      9.764
  -1  180     11.490     -0.912     -6.200
  -1   -2     17.818     -5.201      1.902
 239  273      1.893     -8.478     -8.271
 109   -2      2.010     -8.040      8.463
 127   58      1.334     -9.621      7.640
 314   17     10.756     -0.513      5.144
  -1   -2      0.263      0.068     -4.962
  -1   -2     -8.663     -0.373     -9.244
 112   -2     -2.149     -9.490      5.647
  87   -2      2.237     -8.282      5.897
  -1  204      2.388      0.484     10.568
  -1  234      2.911      0.079     -6.154
 141  253     15.727     -1.591     -6.506
  64  117     18.739     -9.408     -5.650
  -1   -2     18.532     -6.167      2.991
  -1   91      1.178     -5.653     -1.254
 342   29      7.756     -7.269      4.696
 253   25     -7.845     -8.601      2.439
  -1   -2     -3.115     -6.540     -6.095
  95   -2      7.577     -0.639     -9.966
 226   -2     19.773      5.529     -5.593
  -1  173     11.462     -6.222     -8.214
  69   -2      9.621     -4.326      5.125
  -1   21     13.236     -6.808      9.789
  -1   74     -4.222     -6.463     -5.534
  -1   97     10.110     -3.712      0.070
  -1  280      9.724      0.655    -10.317
 357  179     12.704     -0.958     -9.393
 233   -2    -10.361     -5.117     -4.663
 338  300     18.657      4.941      1.683
  -1   -2      5.158      2.321     -1.992
  90   -2     10.516     -2.566     -2.593
 186   -2      8.950     -7.628      0.174
 286   -2     10.648      1.687      4.532
 252   -2      1.044     -4.160     -1.271
  -1   19     18.409     -4.807      0.227
  -1   -2      6.696      4.242     -9.000
  85   -2     -2.107     -3.259     -2.807
  76   -2     16.500     -5.810    -10.109
 242   65     16.847     -7.437     -1.231
 244   63      5.224     -4.429      2.574
 347   28    -11.131     -9.854     -9.393
 294   -2     -5.154     -7.780      6.358
  -1   -2     13.871     -4.167      3.270
 241    8     14.485      0.668     -4.153
  -1   -2     -1.507     -1.263      1.068
 101  207     -1.682     -6.320      1.622
  -1   -2      6.258     -8.229      4.845
  -1   -2     14.186      3.745      8.789
  89  258      6.257     -3.484      2.016
  -1  262     15.285    -11.014     -7.952
 131   -2    -10.388     -6.690     -3.238
  -1  130     -2.318     -6.316      4.754
 300  289     11.274      1.543     -0.286
  -1   -2     18.207     -7.858     -8.295
  -1   62     17.678     -5.814     -2.279
 168   -2      5.270     -5.386      4.573
  -1   -2     16.605     -8.660      1.850
  -1   -2     -7.957     -7.085     -6.480
 157  100      1.940     -5.934      7.061
 273   -2     18.300     -0.585     -2.935
 222   -2      7.729      0.340     -8.189
 105  129     17.074     -8.563     -5.097
 355   -2    -10.210     -3.899     -0.114
 331  313      5.708      0.143      8.733
 134   -2     18.573    -10.305     -5.491
 297   -2     -4.827     -4.821      9.639
  -1   -2     18.232     -7.487     -9.120
 118  303     18.304      2.136     -2.862
  11   44     12.446     -7.065      4.038
  -1  187      5.661     -4.820     -3.153
  -1   -2      5.371     -2.674      6.374
  84  261     17.061     -0.153     -0.373
 213   -2      6.757     -0.011      1.135
 228   -2      6.249     -4.174     -1.372
 327   -2     -5.685      0.710     -4.152
  -1   43     -8.580     -8.277     -0.870
  -1   -2     -3.309     -4.191     -5.807
  -1   -2     -8.426     -6.029     -8.754
  -1   99     19.164     -1.703     -8.966
 260   -2    -11.178    -10.867     -3.687
 298   -2     -2.816     -9.168     -6.523
 154   -2    -10.478     -8.832     -0.779
  -1   -2     -2.512     -7.560      0.579
 268   -2      6.134     -3.081     -4.688
 164   -2     14.205     -8.881     -2.640
  -1  339     16.307      5.617     -9.246
 190   -2     -7.082      0.520     -1.850
  -1   -2     16.448     -3.908     10.741
  -1   -2     12.776      6.177     -7.562
 343   -2    -14.985     -0.885     -0.226
  22  229     -1.944     -0.946    -10.452
  -1  332    -15.396     -6.026      7.275
  -1   -2      4.308      3.514     -6.468
  -1   -2    -11.519     -2.680      0.458
 353   -2     -5.029      1.784     -8.332
  -1   -2     13.617      5.805     -6.204
 318  335    -11.546     -0.138      9.969
 354   -2     19.559      6.317     -5.527
 341  165     22.092      2.177      5.395
  -1  182    -13.867    -10.699     -0.410
 350  119      2.111      4.925     -7.308
  -1   -2      7.754     -3.812     -9.392
 332   -2     -9.036      0.393     11.644
  -1   -2     18.300     -1.031     -8.572
  -1   -2    -16.438      2.541      7.788
 324   -2     -5.869     -2.809     -8.908
  -1   -2     -7.683     -5.770     -2.701
  -1  306     21.154      4.681     -9.753
  -1   -2    -14.307      0.182      8.604
  -1   -2     22.313     -4.730     11.572
  -1   -2     23.587     -4.761      9.659
 175  208     14.491     -0.287     -7.377
 337   -2      9.640      5.505     -0.471
  -1   94     19.551      4.181      8.557
  -1  358      2.809      5.212     -9.984
  -1   -2     -0.097      5.749      2.258
  -1  342     -2.227     -3.853      9.671
  -1  319      1.882     -1.594     11.913
 309   -2     -7.849      4.035     -8.644
 208   -2    -12.668     -2.059     -3.565
  -1  292     -3.656      1.850     -7.231
  -1  105     10.468     -5.176      7.231
 290   -2     -0.431     -5.535    -12.364
  -1   76     -1.501     -8.248      5.036
  -1  178    -10.934    -11.515     -4.822
  -1   14     15.968     -1.357      0.757
  -1  287      1.892    -10.372      9.706
 335   -2    -13.795     -5.995      3.872
  -1  316     12.278      3.878     10.829
 329  309      7.591      5.980      3.159
  -1   -2      6.569      0.559      0.463
  -1  373     -4.865     -1.022      2.827
  -1  376     -1.886     -1.660     -6.084
  -1   -2     -2.878      2.323      5.731
  -1   -2     -3.678      2.314      6.344
  -1   -2     -3.360      2.292      6.860
  -1   -2     -9.357      1.072      3.964
 136   -2     -6.796      3.975     -6.830
 214   -2      9.970      2.269     -5.980
 375  393      6.557      0.575      0.490
  -1   -2      6.709     -1.966     -2.832
  -1   -2     -7.478     -1.030     -7.092
  -1  405     16.908     -0.606     -2.148
   3   -2     -2.878      2.323      5.731
 389  406     -9.357      1.072      3.964
 383  401      6.709     -1.966     -2.832
  -1   -2     -7.478     -1.030     -7.092
  -1   -2      1.534     -1.484     -8.966
   5   -2     -3.678      2.314      6.344
 367  387     -3.360      2.292      6.860
 388  398     16.908     -0.606     -2.148
 379  397     -7.478     -1.030     -7.092
 391  408      1.524     -1.496     -8.928
 393  410     -0.012     -3.294     -1.860
