75
  20   63      8.218    -10.303      5.176
   0   21     13.058     -8.375     -4.091
   2    2     14.274     -1.837      2.637
   1    3     13.478     -5.629      3.595
  -1   -2      7.844     -7.893      9.477
   3    6      9.860     -6.185      3.004
   4    5     17.321     -1.347      2.408
   8   18     19.301     -6.597     -6.039
  51    1     10.801     -6.229      3.163
  -1   29     14.034     -7.753     -1.397
  -1   47     10.262     -3.307      5.678
  28   -2      9.744    -10.393     -3.579
  39   -2     10.099     -8.772      3.976
  14   22     13.816     -8.791     -1.166
  -1    9      9.000     -9.407      5.614
  48   12      9.964     -2.593      6.434
  12   -2      9.918    -10.269      2.141
  18   15     11.174     -8.405     -5.859
  -1   -2     13.041      0.164     -1.119
  -1   14     12.308     -6.879      0.575
  33   13      9.512     -9.291      6.580
  -1   -2     15.084     -4.077      7.956
  32   27      9.081     -1.174      8.677
  -1   58    -11.388    -10.748    -10.244
  23   25      7.691     -2.603      2.258
  16   -2     10.417    -10.087     -7.211
  13   40     20.524     -6.246     -7.286
  -1   -2      8.775     -8.478      8.949
  -1   44     14.841     -9.775     10.802
  -1    0     11.712     -6.239     -2.401
  11   11     13.548     -1.430     -2.375
  -1   35     21.064     -3.380     -2.819
  29   24     18.898     -4.794      0.061
  -1   -2      7.670      0.007     -7.958
  -1   -2     -1.247     -7.907     -2.821
   9   -2     12.051     -6.231      1.109
  54   -2     13.191     -9.646    -11.870
  -1   -2     -7.481     -7.862      1.287
  -1   17      7.736     -9.922     -8.566
  -1   26     10.160     -5.197      7.479
  37   -2     -5.228    -10.716     -2.433
  -1   32     12.672     -4.346      8.262
  -1   30     17.370     -3.505      5.760
  -1   -2    -10.073     -9.269      1.335
   7   36     13.687     -7.874     -7.774
  26   64     -7.201    -10.553      0.072
  -1   -2     16.266     -8.315     -5.067
  -1   34     -6.891     -8.376      0.284
  -1   19     12.001     -0.606     11.075
  -1   -2      7.893    -10.870     -0.812
  42   -2     10.807     -4.306      4.349
   5   -2     16.793     -6.873     -4.985
  21   52     -3.406     -4.862      8.948
  -1   -2      8.174    -11.337      0.268
  -1   -2     -6.414     -5.532      0.221
  31   -2     -0.137    -11.497      3.042
  27   -2     -8.922     -3.566      1.369
  17   20      9.825     -3.565      6.722
  53   -2     11.608     -5.217      2.235
  -1   28      4.274    -10.452     11.927
  -1   -2      7.036      0.676     -6.685
  19   43     14.344     -0.668     -2.485
  -1   -2     13.077    -10.541     -9.040
  -1   -2      5.227     -9.241      3.418
  38    7      9.544     -7.933     11.265
  49   56     12.868      3.339     -4.329
   6    4      9.847    -10.063     -1.672
  -1   -2    -11.142    -10.357      3.468
  -1   -2     16.156      3.656     -8.757
  34   -2     10.461     -3.184      9.807
  -1   62      0.478     -4.292     -7.310
  -1   53      8.171     -4.838     -9.272
  -1   42     15.314     -4.672      3.447
  47   41     -7.005     -4.758     -7.109
  59   66     13.181      0.208     -1.440
