631
 139   11      8.814     -5.264      9.012
  31   -2      6.794     -9.070     -2.881
  61   -2      9.958     -3.361      6.582
 162   19      6.865     -9.058      4.920
   4    4     12.005     -5.790     -8.815
 157  143      6.398     -4.269     -2.766
 574  557      6.733     -3.838      1.478
  -1   -2     11.858     -3.768      3.790
  -1   -2      5.963     -8.804      9.789
  57   23      7.280     -7.245     -1.504
   9   10     10.602     -5.352     -5.144
  11   -2     -1.686     -7.411     -6.625
  33   13      9.302     -2.615      7.938
  78    0      8.277     -7.309      6.349
 155   -2     18.595     -9.628     -7.356
 140   -2     -0.677     -2.321     -3.206
 117  235     -0.770     -9.059      4.366
  76   84      7.200     -4.743     -6.814
  17   18     10.529      1.760      5.921
  65   76      3.800     -5.038     -3.484
 467    6     -3.046     -2.171      9.698
  -1   30     10.422     -1.144      2.266
  -1   -2    -12.315     -1.479     -9.288
  24   -2     -2.067     -9.379      0.266
  25   24     12.052     -5.397      1.214
  27   -2      6.542     -1.662     -2.222
  21   61     12.968     -6.733      8.335
  54   27     11.398     -7.182      3.580
  28   28      9.674     -0.785     10.211
  98  115     10.172    -10.084     -3.007
   0   -2     10.754     -5.219      6.017
  -1   83     -1.436     -5.459      3.045
  56  509     11.068     -1.748      3.705
  52   12     -5.574     -5.346     -4.387
  -1    1      6.614     -9.560     -5.812
  32   32    -11.795     -6.804     -9.921
 144   -2      1.384     -9.946      4.154
  37   36      6.805     -2.313     -6.363
  36   37      9.432     -4.252      4.233
  -1   -2     -3.376     -9.292     -4.721
  39   -2      4.141     -7.809      5.892
  43   77     15.572     -0.677     -5.182
  34   45     -3.246     -4.311     -5.510
 111    3      7.142     -8.813      8.272
  -1   -2      7.559     -9.050      4.917
  46   47     -6.132     -9.758     10.218
  44   51     -5.913     -8.184      3.044
 128   -2     17.854     -1.572     -3.074
 143   34     -2.142     -6.093      0.054
  50   50     14.123     -7.364     -6.045
  -1   56     -7.909     -3.962     -2.600
  -1   14      9.806     -6.923      3.324
  -1  140     11.966     -5.714    -10.917
  49   52     -0.645     -6.531      9.436
  45   57     -0.131     -7.053      8.561
  40   -2     19.400     -8.711     -5.402
  48   -2     -8.302     -8.419     -0.600
  63   41     19.080     -9.278     -6.820
  -1   46     13.056      0.151     -1.153
  -1   63     15.121     -4.208      4.989
 176   62     11.994     -8.626     -6.534
  60  137      3.559    -10.116     10.167
  -1   -2      4.622     -2.927     -3.263
 108   -2     14.751     -2.506     -4.650
  71   -2     15.756     -6.433     -5.126
  67   64     12.249      2.198      8.508
  -1   67     15.462     -3.175     -1.411
  -1   15      8.721     -7.505     -9.738
  41  167     -9.574     -6.678     -2.941
  -1   -2      6.526     -9.678      8.028
  35   73      5.028    -10.975      1.739
  -1   -2     15.459     -7.354     -1.187
  16   78      9.498     -4.742     -7.448
  22   -2      1.693     -5.920     -6.332
  -1   -2     -8.029     -6.598     -1.555
  83   81     -3.781     -6.863      0.073
  29   -2     -0.968     -6.761     -1.826
 152   79     16.449     -9.957     -3.746
  -1   17      8.706     -5.438     -7.290
  81   86     -6.591     -3.055     -1.543
  84  116     -2.631     -9.499      4.651
 163   16     -0.040     -0.391      1.705
  -1   -2     -0.280      0.749      8.963
  -1  220     16.332      1.009      0.474
 118  148     17.553      2.362     -1.604
  -1  129      0.279      4.698     -8.871
  -1  159     13.573      0.745     -2.512
  -1  121     -3.916     -9.865      7.413
  -1   48     19.963     -0.122     -2.391
  -1   -2    -10.290     -3.781     -0.343
  91  161     20.528     -4.526     -3.982
 130   39     16.338     -2.988      0.281
  -1   25      4.951     -0.337      4.641
  -1   -2    -11.542     -0.140      9.966
 151   55     10.706     -9.191      3.063
  -1   44      8.296    -11.009     -1.240
  -1   99    -10.570     -5.310    -10.012
  -1   -2     -0.335     -1.496      9.288
  -1   -2    -12.866     -6.596     -8.097
  -1   -2     -6.404      3.756     -7.947
  -1   -2     -8.565     -0.433     -8.368
  -1  130     15.566      4.683     -6.274
  -1  392     -1.027      2.409     -3.777
  -1   -2     14.500      4.843      3.481
 109  108      1.322     -4.029     -1.818
  -1   33      7.274    -10.157    -10.305
  -1  293      0.779     -5.081      2.375
  -1   35     -7.188     -1.948    -10.113
 110  110    -10.478      0.134     -3.724
  -1   43     18.090     -5.223      0.464
  -1   65      4.256    -10.443     -8.252
  -1   -2     -8.081      4.889     -9.938
 136   26     -1.576     -9.184      6.037
  -1   -2     19.192      4.816     -5.156
  -1  373    -12.363      1.599     -8.617
 119  117     -4.611     -0.740      5.063
 122   -2     -0.905      2.025     -3.167
  -1   -2     13.939     -7.688      9.941
  -1  150     15.837      0.113     -9.291
 121  123      6.133     -9.586    -10.845
  -1   -2     -5.928    -10.462      7.887
  -1   66     16.217     -7.600     -7.271
 126  127      5.007      1.734     -4.694
 125  128      1.873     -1.594     11.932
 124   -2      1.173     -3.722     10.051
  -1   -2      9.880     -8.074      5.889
  74   60     16.739     -8.324     -3.496
 127   -2     -1.750     -8.284      8.338
  90   -2     18.897     -0.667     -2.928
  53   72     19.763     -4.596     -3.292
  87   -2     15.976      1.122     -2.757
 129   -2     20.317     -3.046     11.118
 177  133     -5.868      2.572     -8.943
  -1  124      1.659     -4.112      9.481
  73   21      6.645     -6.485     -7.470
  -1   -2     -3.048     -5.425    -10.581
 134  141    -11.298     -9.884     -8.796
 133  136     15.373     -3.595     -2.875
 137  139      9.977     -7.272     -6.488
 175   -2      0.781     -1.652     -3.145
 145    5     -5.255    -12.183     -9.162
  -1   -2      6.554     -5.299     10.308
 103   82      4.026    -10.226      7.770
 188   70    -11.477     -3.946     -6.394
 141   38     -4.000    -10.442     -9.545
  -1   -2     17.411      2.669      5.104
  -1   -2     16.011     -5.437      6.861
 146   -2      6.120     -2.494      8.343
  89   -2    -11.264     -3.024     -5.028
 153  109     13.819     -3.082    -12.051
  -1   -2      6.733     -3.838      1.478
  -1   -2     12.014     -3.786      3.402
  -1   -2     -0.831     -9.066      4.204
  -1   -2     -3.033     -2.183      9.801
  -1   -2      7.727     -9.060      4.486
  -1   -2     -0.280      0.749      8.963
  -1   -2     16.332      1.009      0.474
  88   -2     13.573      0.745     -2.512
  -1   -2      0.279      4.698     -8.871
  -1   -2    -10.290     -3.781     -0.343
  -1   -2    -11.542     -0.140      9.966
  -1   -2     -0.335     -1.496      9.288
 174  189     18.090     -5.223      0.464
  -1   -2     -8.565     -0.433     -8.368
 104   -2     -8.250     -6.709     -2.510
  -1  506     -6.404      3.756     -7.947
  -1   -2     14.500      4.843      3.481
  -1   31      0.779     -5.081      2.375
  -1   -2     -1.027      2.409     -3.777
  -1  612     -8.081      4.889     -9.938
  -1   -2     19.192      4.816     -5.156
  -1   -2      6.733     -3.838      1.478
  -1   -2     12.014     -3.786      3.402
  -1   -2     -0.831     -9.066      4.204
  -1   -2     -3.033     -2.183      9.801
  -1   -2      7.727     -9.060      4.486
  -1   -2     -0.280      0.749      8.963
 106   -2     16.332      1.009      0.474
  -1   -2      0.279      4.698     -8.871
  -1   -2    -10.290     -3.781     -0.343
  -1   -2    -11.542     -0.140      9.966
  -1   -2     -0.335     -1.496      9.288
  -1   -2     -6.404      3.756     -7.947
  -1   -2     -8.565     -0.433     -8.368
  -1   -2     -1.027      2.409     -3.777
  -1   -2     14.500      4.843      3.481
  -1   -2      0.779     -5.081      2.375
  -1   -2     -8.081      4.889     -9.938
  -1   -2     19.192      4.816     -5.156
  -1   -2      9.921     -3.367      6.550
  -1   -2      9.921     -3.367      6.550
  -1   -2      6.733     -3.838      1.478
  -1   -2     12.014     -3.786      3.402
  -1   -2     -0.831     -9.066      4.204
  -1   -2     -3.033     -2.183      9.801
  -1   -2      7.727     -9.060      4.486
  -1   -2     -0.280      0.749      8.963
  -1   -2    -10.290     -3.781     -0.343
  -1   -2      0.279      4.698     -8.871
  -1   -2    -11.542     -0.140      9.966
  -1   -2     -0.335     -1.496      9.288
  -1   -2     -6.404      3.756     -7.947
  -1   -2     -8.565     -0.433     -8.368
  -1   -2     -1.027      2.409     -3.777
  -1   -2     14.500      4.843      3.481
  -1   -2      0.779     -5.081      2.375
  -1   -2     -8.081      4.889     -9.938
  -1   -2     19.192      4.816     -5.156
  -1   -2      9.921     -3.367      6.550
  -1   -2      6.733     -3.838      1.478
  -1   -2     12.014     -3.786      3.402
 224   -2     -0.831     -9.066      4.204
  -1   -2     -3.033     -2.183      9.801
  -1   -2      7.727     -9.060      4.486
  -1   -2     -0.280      0.749      8.963
  -1   -2      0.279      4.698     -8.871
  -1  145    -12.519     -1.536     -9.819
  -1   -2    -11.542     -0.140      9.966
  -1   -2     -0.335     -1.496      9.288
  -1   -2     -8.565     -0.433     -8.368
  -1   -2     -6.404      3.756     -7.947
  -1   -2      0.779     -5.081      2.375
  -1   -2     14.500      4.843      3.481
  -1   -2     -1.027      2.409     -3.777
  -1   -2     -8.081      4.889     -9.938
  -1   -2     19.192      4.816     -5.156
  -1   -2      9.921     -3.367      6.550
  -1   -2      6.733     -3.838      1.478
  -1   -2     12.014     -3.786      3.402
  -1   -2     -3.033     -2.183      9.801
  -1   -2      7.727     -9.060      4.486
  -1   -2     -0.280      0.749      8.963
  -1   -2      0.279      4.698     -8.871
  -1   -2    -12.519     -1.536     -9.819
  -1   -2    -11.542     -0.140      9.966
  -1   -2     -0.335     -1.496      9.288
  -1   -2     -6.404      3.756     -7.947
  -1   -2     -8.565     -0.433     -8.368
  -1   -2     14.500      4.843      3.481
  -1   -2     -1.027      2.409     -3.777
  -1   -2      0.779     -5.081      2.375
  -1   -2     -8.081      4.889     -9.938
  -1   -2     19.192      4.816     -5.156
  -1   -2      9.921     -3.367      6.550
  -1   -2      9.921     -3.367      6.550
  -1   -2      6.733     -3.838      1.478
  -1   -2     12.014     -3.786      3.402
  -1   -2     -3.033     -2.183      9.801
  -1   -2      7.727     -9.060      4.486
  -1   -2     -0.280      0.749      8.963
  -1   -2      0.279      4.698     -8.871
  -1   -2    -11.542     -0.140      9.966
  -1   -2     -0.335     -1.496      9.288
  -1   -2     -8.565     -0.433     -8.368
  -1   -2     -6.404      3.756     -7.947
  -1   -2     14.500      4.843      3.481
  -1   -2     -1.027      2.409     -3.777
  -1   -2      0.779     -5.081      2.375
  -1   -2     -8.081      4.889     -9.938
  -1   -2     19.192      4.816     -5.156
  -1   -2      9.921     -3.367      6.550
  -1   -2      9.921     -3.367      6.550
  -1   -2      6.733     -3.838      1.478
  -1   -2     12.014     -3.786      3.402
  -1   -2     -3.033     -2.183      9.801
  -1   -2     -0.280      0.749      8.963
  -1   -2      0.279      4.698     -8.871
  -1   -2    -12.519     -1.536     -9.819
  -1   -2    -11.542     -0.140      9.966
  -1   -2     -0.335     -1.496      9.288
  -1   -2     -8.565     -0.433     -8.368
  -1   -2     -6.404      3.756     -7.947
  -1   -2     14.500      4.843      3.481
  -1   -2      0.779     -5.081      2.375
  -1   -2     -1.027      2.409     -3.777
  -1   -2     -8.081      4.889     -9.938
  -1   -2     19.192      4.816     -5.156
  -1   -2      6.733     -3.838      1.478
  -1   -2     12.014     -3.786      3.402
  -1   -2     -3.033     -2.183      9.801
  -1   -2      7.727     -9.060      4.486
  -1   -2     -0.280      0.749      8.963
  -1   -2      0.279      4.698     -8.871
  -1   -2    -11.542     -0.140      9.966
  -1   -2     -0.335     -1.496      9.288
  -1   -2     -6.404      3.756     -7.947
  -1   -2     -8.565     -0.433     -8.368
  -1   -2     14.500      4.843      3.481
  -1   -2      0.779     -5.081      2.375
  -1   -2     -1.027      2.409     -3.777
  -1   -2     -8.081      4.889     -9.938
  -1   -2      9.921     -3.367      6.550
  -1   -2      9.921     -3.367      6.550
  -1   -2      6.733     -3.838      1.478
  -1   -2     12.014     -3.786      3.402
  -1   -2     -3.033     -2.183      9.801
  -1   -2      7.727     -9.060      4.486
  -1   -2     -0.280      0.749      8.963
  -1   -2      0.279      4.698     -8.871
  -1   -2    -12.519     -1.536     -9.819
  -1   -2    -11.542     -0.140      9.966
  -1   -2     -0.335     -1.496      9.288
  -1   -2     -6.404      3.756     -7.947
  -1   -2     -8.565     -0.433     -8.368
  -1   -2     14.500      4.843      3.481
  -1   -2     -1.027      2.409     -3.777
  -1   -2     -8.081      4.889     -9.938
  -1   -2      9.921     -3.367      6.550
  -1   -2      6.733     -3.838      1.478
   7  297     12.014     -3.786      3.402
  -1   -2     -3.033     -2.183      9.801
  -1   -2      7.727     -9.060      4.486
  -1   -2     -0.280      0.749      8.963
  -1   -2      0.279      4.698     -8.871
  -1   -2    -11.542     -0.140      9.966
  -1   -2     -0.335     -1.496      9.288
  -1   -2     -6.404      3.756     -7.947
  -1   -2     -8.565     -0.433     -8.368
  -1   -2     14.500      4.843      3.481
  -1   -2     -1.027      2.409     -3.777
  -1   -2     -8.081      4.889     -9.938
  -1   -2      6.733     -3.838      1.478
  -1   -2     -3.033     -2.183      9.801
  -1   -2      7.727     -9.060      4.486
  -1   -2     -0.280      0.749      8.963
  -1   -2      0.279      4.698     -8.871
  -1   -2    -12.519     -1.536     -9.819
  -1   -2    -11.542     -0.140      9.966
  -1   -2     -0.335     -1.496      9.288
  -1   -2     -6.404      3.756     -7.947
  -1   -2     -8.565     -0.433     -8.368
  -1   -2     14.500      4.843      3.481
  -1   -2     -1.027      2.409     -3.777
  -1   -2     -8.081      4.889     -9.938
  -1   -2      6.733     -3.838      1.478
  -1   -2     -3.033     -2.183      9.801
  -1   -2      7.727     -9.060      4.486
  -1   -2     -0.280      0.749      8.963
  -1   -2      0.279      4.698     -8.871
  -1   -2    -12.519     -1.536     -9.819
  -1   -2    -11.542     -0.140      9.966
  -1   -2     -0.335     -1.496      9.288
  -1   -2     -6.404      3.756     -7.947
  -1   -2     -8.565     -0.433     -8.368
  -1   -2     14.500      4.843      3.481
  -1   -2     -1.027      2.409     -3.777
  -1   -2     -8.081      4.889     -9.938
  -1   -2      9.921     -3.367      6.550
  -1   -2      6.733     -3.838      1.478
  -1   -2     -3.033     -2.183      9.801
  -1   -2      7.727     -9.060      4.486
  -1   -2     -0.280      0.749      8.963
  -1   -2      0.279      4.698     -8.871
  -1   -2    -12.519     -1.536     -9.819
  -1   -2    -11.542     -0.140      9.966
  -1   -2     -0.335     -1.496      9.288
  -1   -2     -8.565     -0.433     -8.368
  -1   -2     -6.404      3.756     -7.947
  -1   -2     -1.027      2.409     -3.777
  -1   -2     14.500      4.843      3.481
  -1   -2     -8.081      4.889     -9.938
  -1   -2      9.921     -3.367      6.550
  -1   -2      6.733     -3.838      1.478
  -1   -2     -3.033     -2.183      9.801
  -1   -2     -0.280      0.749      8.963
  -1   -2      0.279      4.698     -8.871
  -1   -2    -12.519     -1.536     -9.819
  -1   -2    -11.542     -0.140      9.966
  -1   -2     -0.335     -1.496      9.288
  -1   -2     -8.565     -0.433     -8.368
  -1   -2     -6.404      3.756     -7.947
  -1   -2     14.500      4.843      3.481
  -1   -2     -8.081      4.889     -9.938
  -1   -2      9.921     -3.367      6.550
  -1   -2      6.733     -3.838      1.478
  -1   -2     -3.033     -2.183      9.801
  -1   -2      7.727     -9.060      4.486
  -1   -2     -0.280      0.749      8.963
  -1   -2      0.279      4.698     -8.871
  -1   -2    -11.542     -0.140      9.966
  -1   -2     -0.335     -1.496      9.288
  -1   -2     -6.404      3.756     -7.947
  -1   -2     -8.565     -0.433     -8.368
  -1   -2     14.500      4.843      3.481
  -1   -2     -8.081      4.889     -9.938
  -1   -2      6.733     -3.838      1.478
  -1   -2     -3.033     -2.183      9.801
  -1   -2      7.727     -9.060      4.486
  -1   -2     -0.280      0.749      8.963
  -1   -2      0.279      4.698     -8.871
  -1   -2    -11.542     -0.140      9.966
  -1   -2     -0.335     -1.496      9.288
  -1   -2     -6.404      3.756     -7.947
  -1   -2     -8.565     -0.433     -8.368
  -1   -2     14.500      4.843      3.481
  -1   -2     -8.081      4.889     -9.938
  -1   -2      9.921     -3.367      6.550
  -1   -2      9.921     -3.367      6.550
  -1   -2      6.733     -3.838      1.478
  -1   -2     -3.033     -2.183      9.801
  -1   -2      7.727     -9.060      4.486
  -1   -2     -0.280      0.749      8.963
  -1   -2      0.279      4.698     -8.871
  -1   -2    -11.542     -0.140      9.966
 149  461     -0.335     -1.496      9.288
  -1   -2     -6.404      3.756     -7.947
  -1   -2     -8.565     -0.433     -8.368
  -1   -2     14.500      4.843      3.481
  -1   -2     -8.081      4.889     -9.938
  -1   -2      9.921     -3.367      6.550
  -1   -2      6.733     -3.838      1.478
  -1   -2      7.727     -9.060      4.486
  -1   -2     -0.280      0.749      8.963
 114   95    -12.519     -1.536     -9.819
  -1   -2      0.279      4.698     -8.871
  -1   -2    -11.542     -0.140      9.966
  -1   -2     -8.565     -0.433     -8.368
  -1   -2     -6.404      3.756     -7.947
  -1   -2     14.500      4.843      3.481
  -1   -2     -8.081      4.889     -9.938
  -1   -2      9.921     -3.367      6.550
  -1   -2      6.733     -3.838      1.478
  -1   -2     -3.033     -2.183      9.801
  -1   -2      7.727     -9.060      4.486
  -1   -2     -0.280      0.749      8.963
  -1   -2      0.279      4.698     -8.871
  -1   -2    -11.542     -0.140      9.966
  -1   -2     -6.404      3.756     -7.947
  -1   -2     -8.565     -0.433     -8.368
  -1   -2     14.500      4.843      3.481
  -1   -2     -8.081      4.889     -9.938
  -1   -2      6.733     -3.838      1.478
  -1   -2     -3.033     -2.183      9.801
  -1   -2      7.727     -9.060      4.486
  -1   -2     -0.280      0.749      8.963
  -1   -2      0.279      4.698     -8.871
  -1   -2    -11.542     -0.140      9.966
  -1   -2     -6.404      3.756     -7.947
  -1   -2     -8.565     -0.433     -8.368
  -1   -2     14.500      4.843      3.481
  -1   -2     -8.081      4.889     -9.938
  -1   -2      9.921     -3.367      6.550
  -1   -2      9.921     -3.367      6.550
  -1   -2      6.733     -3.838      1.478
  -1   -2     -3.033     -2.183      9.801
  -1   -2      7.727     -9.060      4.486
  -1   -2     -0.280      0.749      8.963
  -1   -2      0.279      4.698     -8.871
  -1   -2    -11.542     -0.140      9.966
  -1   -2     -8.565     -0.433     -8.368
  -1   -2     -6.404      3.756     -7.947
  -1   -2     14.500      4.843      3.481
  -1   -2     -8.081      4.889     -9.938
  -1   -2      9.921     -3.367      6.550
  -1   -2      6.733     -3.838      1.478
  -1   -2     -3.033     -2.183      9.801
  -1   -2      7.727     -9.060      4.486
  -1   -2     -0.280      0.749      8.963
  -1   -2      0.279      4.698     -8.871
  -1   -2    -11.542     -0.140      9.966
  -1   -2     -8.565     -0.433     -8.368
  -1   -2     -6.404      3.756     -7.947
  -1   -2     14.500      4.843      3.481
  -1   -2     -8.081      4.889     -9.938
  -1   -2      9.921     -3.367      6.550
  -1   -2      6.733     -3.838      1.478
  -1   -2     -3.033     -2.183      9.801
  -1   -2      7.727     -9.060      4.486
  -1   -2     -0.280      0.749      8.963
  -1   -2      0.279      4.698     -8.871
  -1   -2    -11.542     -0.140      9.966
 516   -2     -6.404      3.756     -7.947
  -1   -2     -8.565     -0.433     -8.368
  -1   -2     14.500      4.843      3.481
  -1   -2     -8.081      4.889     -9.938
  -1   -2      9.921     -3.367      6.550
  -1   -2      9.921     -3.367      6.550
  -1   -2      6.733     -3.838      1.478
  -1   -2     -3.033     -2.183      9.801
  -1   -2      7.727     -9.060      4.486
  -1   -2     -0.280      0.749      8.963
  -1   -2      0.279      4.698     -8.871
  -1   -2    -11.542     -0.140      9.966
  -1   -2     -8.565     -0.433     -8.368
  -1   -2     14.500      4.843      3.481
  -1   -2     -8.081      4.889     -9.938
 156   -2      9.921     -3.367      6.550
  -1   -2      6.733     -3.838      1.478
  -1   -2     -3.033     -2.183      9.801
  -1   -2      7.727     -9.060      4.486
  -1   -2     -0.280      0.749      8.963
  -1   -2      0.279      4.698     -8.871
  -1   -2    -11.542     -0.140      9.966
  -1   -2     -8.565     -0.433     -8.368
  -1   -2     14.500      4.843      3.481
  -1   -2     -8.081      4.889     -9.938
  -1   -2      6.733     -3.838      1.478
  -1   -2     -3.033     -2.183      9.801
  -1   -2      7.727     -9.060      4.486
  -1   -2     -0.280      0.749      8.963
  -1   -2      0.279      4.698     -8.871
  -1   -2    -11.542     -0.140      9.966
 105  168     -8.565     -0.433     -8.368
  -1   -2     14.500      4.843      3.481
  -1   -2     -8.081      4.889     -9.938
   2   -2      6.733     -3.838      1.478
  -1   -2     -3.033     -2.183      9.801
  -1   -2      7.727     -9.060      4.486
  -1   -2     -0.280      0.749      8.963
  -1   -2      0.279      4.698     -8.871
  -1   -2    -11.542     -0.140      9.966
  -1   -2     14.500      4.843      3.481
  -1   -2     -8.081      4.889     -9.938
  -1   -2     -3.033     -2.183      9.801
  -1   -2      7.727     -9.060      4.486
  -1   -2     -0.280      0.749      8.963
  -1   -2      0.279      4.698     -8.871
  -1   -2    -11.542     -0.140      9.966
  -1   -2     14.500      4.843      3.481
  -1   -2     -8.081      4.889     -9.938
  -1   -2     -3.033     -2.183      9.801
  -1   -2      7.727     -9.060      4.486
  -1   -2     -0.280      0.749      8.963
  -1   -2      0.279      4.698     -8.871
  -1   -2    -11.542     -0.140      9.966
  -1   -2     14.500      4.843      3.481
  -1   -2     -8.081      4.889     -9.938
  -1   -2     -3.033     -2.183      9.801
  -1   -2      7.727     -9.060      4.486
  -1   -2     -0.280      0.749      8.963
  -1   -2      0.279      4.698     -8.871
  -1   -2    -11.542     -0.140      9.966
  -1   -2     14.500      4.843      3.481
  -1   -2     -8.081      4.889     -9.938
  -1   -2     -3.033     -2.183      9.801
  -1   -2      7.727     -9.060      4.486
  -1   -2     -0.280      0.749      8.963
  -1   -2      0.279      4.698     -8.871
  -1   -2    -11.542     -0.140      9.966
  -1   -2     14.500      4.843      3.481
  -1   -2     -8.081      4.889     -9.938
  -1   -2     -3.033     -2.183      9.801
  -1   -2      7.727     -9.060      4.486
  -1   -2     -0.280      0.749      8.963
  -1   -2      0.279      4.698     -8.871
  -1   -2    -11.542     -0.140      9.966
  -1   -2     14.500      4.843      3.481
  -1   -2     -8.081      4.889     -9.938
  -1   -2     -3.033     -2.183      9.801
  -1   -2      7.727     -9.060      4.486
  -1   -2     -0.280      0.749      8.963
  -1   -2      0.279      4.698     -8.871
  -1   -2    -11.542     -0.140      9.966
  -1   -2     14.500      4.843      3.481
  -1   -2     -8.081      4.889     -9.938
  -1   -2     -3.033     -2.183      9.801
  -1   -2      7.727     -9.060      4.486
  -1   -2     -0.280      0.749      8.963
  -1   -2      0.279      4.698     -8.871
  97  575    -11.542     -0.140      9.966
  -1   -2     14.500      4.843      3.481
  -1   -2     -8.081      4.889     -9.938
  -1   -2     -3.033     -2.183      9.801
  -1   -2      7.727     -9.060      4.486
  -1   -2     -0.280      0.749      8.963
  -1   -2      0.279      4.698     -8.871
  -1   -2     14.500      4.843      3.481
  -1   -2     -8.081      4.889     -9.938
  -1   -2     -3.033     -2.183      9.801
  -1   -2      7.727     -9.060      4.486
  -1   -2     -0.280      0.749      8.963
  -1   -2      0.279      4.698     -8.871
  -1   -2     14.500      4.843      3.481
  -1   -2     -8.081      4.889     -9.938
  -1   -2     -3.033     -2.183      9.801
  -1   -2      7.727     -9.060      4.486
  -1   -2     -0.280      0.749      8.963
  -1   -2      0.279      4.698     -8.871
  -1   -2     14.500      4.843      3.481
  -1   -2     -8.081      4.889     -9.938
   5  596     -3.033     -2.183      9.801
  -1   -2      7.727     -9.060      4.486
  -1   -2     -0.280      0.749      8.963
  -1   -2      0.279      4.698     -8.871
  -1   -2     14.500      4.843      3.481
  -1   -2     -8.081      4.889     -9.938
  -1   -2     -0.280      0.749      8.963
  -1   -2      0.279      4.698     -8.871
  -1   -2     14.500      4.843      3.481
  -1   -2     -8.081      4.889     -9.938
 633  613      7.727     -9.060      4.486
 168  592     -0.280      0.749      8.963
  -1   -2      0.279      4.698     -8.871
  -1   -2     14.500      4.843      3.481
  -1   -2     -8.081      4.889     -9.938
  -1   -2      0.279      4.698     -8.871
  -1   -2     14.500      4.843      3.481
  -1   -2     -8.081      4.889     -9.938
  -1   -2      0.279      4.698     -8.871
  -1   -2     14.500      4.843      3.481
  -1   -2      0.279      4.698     -8.871
  -1   -2     14.500      4.843      3.481
  -1   -2     -8.081      4.889     -9.938
  -1   -2      0.279      4.698     -8.871
  -1   -2     14.500      4.843      3.481
  -1   -2     -8.081      4.889     -9.938
  -1   -2      0.279      4.698     -8.871
  -1   -2     14.500      4.843      3.481
 632   -2     -8.081      4.889     -9.938
  -1   -2      0.279      4.698     -8.871
  -1   -2     14.500      4.843      3.481
  -1   -2      0.279      4.698     -8.871
  -1   -2     14.500      4.843      3.481
  -1   -2      0.279      4.698     -8.871
  -1   -2     14.500      4.843      3.481
  -1   -2      0.279      4.698     -8.871
  -1   -2     14.500      4.843      3.481
  -1   -2      0.279      4.698     -8.871
  -1   -2     14.500      4.843      3.481
  -1   -2      0.279      4.698     -8.871
  -1   -2     14.500      4.843      3.481
  -1   -2      0.279      4.698     -8.871
  -1   -2     14.500      4.843      3.481
  -1   -2      0.279      4.698     -8.871
  -1   -2     14.500      4.843      3.481
  -1   -2      0.279      4.698     -8.871
  -1   -2     14.500      4.843      3.481
  94  643      0.279      4.698     -8.871
  -1   -2     14.500      4.843      3.481
  -1   -2     14.500      4.843      3.481
  -1   -2     14.500      4.843      3.481
