244
   0    0      8.823     -5.252      9.038
  -1   -2      9.924     -3.376      6.682
 140   -2      7.300     -8.942      7.114
 135   -2      9.160     -7.540      4.772
   2    7     -3.100     -9.401      4.264
  28  141     -6.196     -9.786     -9.914
  -1   -2     -9.836     -7.981     -2.179
  -1   -2     16.044     -6.654      5.413
  -1   90     -4.823    -10.280     -7.021
 107   -2     -5.472     -2.698     -0.585
   8   -2     17.167     -8.793      2.484
  -1   -2      3.403     -4.376      3.818
  92   80    -10.099     -6.807     -4.117
  13   25      6.402     -4.268     -2.772
  -1   -2     16.480     -6.446     -2.459
 103   86     17.952    -10.881     -5.272
  85   79     -4.806     -3.015      9.673
  -1   -2      6.743     -3.840      1.445
  -1   -2     11.869     -3.761      3.771
  16   18     10.603     -5.352     -5.144
  -1   95     -1.684     -7.408     -6.614
  19   20      9.302     -2.607      7.941
 157   21     10.257     -8.083      7.192
  -1  169      5.601     -6.351      7.657
  -1   -2      2.906    -10.164     -0.502
 113   51     -0.674     -2.320     -3.198
  -1   77     10.529      1.759      5.921
  -1   13      7.205     -4.740     -6.822
  -1   -2     -3.042     -2.171      9.695
  24   -2      3.797     -5.037     -3.476
  98    4     12.052     -5.400      1.225
  33   -2      4.925     -8.569      5.274
 158   46      4.403     -7.632      3.025
 102   33     -2.453     -9.425     -0.742
  32   -2     11.931     -6.888      4.158
  30    8      3.185     -8.018      6.104
  88   -2      0.791     -6.271      9.011
 162   27     12.851     -8.945     -2.099
  71   -2     13.501     -5.108     -5.209
  -1   -2     -1.439     -5.458      3.068
 208   37      9.674     -0.784     10.211
  -1   35     10.173    -10.086     -3.001
 130  129     16.991     -2.913      4.941
  43   -2    -11.790     -6.801     -9.899
  -1   42     10.755     -5.219      6.018
 152  173      6.810     -2.311     -6.341
  50   -2     -5.572     -5.344     -4.387
 110   -2     11.075     -1.743      3.687
 169   -2    -11.694     -6.309     -5.320
 167   30     11.129     -6.771     -3.298
  -1   69     13.893     -5.938     -0.778
  -1    6     -3.375     -9.294     -4.712
  -1    1      4.143     -7.809      5.898
 112   12    -11.895     -9.215     -2.670
  -1  132     17.607     -9.520      0.527
  52   -2     -3.247     -4.311     -5.513
  27   59      7.557     -9.049      4.928
  -1   96     14.217     -6.747      5.365
 143   -2     15.574     -0.677     -5.181
 178   29     12.614     -4.063     -3.800
  46   -2     -8.247     -8.799     -2.969
  -1   -2      9.384     -4.911     -5.279
  62   -2     -0.647     -6.531      9.430
 161  156     17.863     -1.571     -3.048
  59   -2      8.021     -9.358      1.138
  93   60     -0.130     -7.054      8.560
  -1   41      7.766     -0.068     -7.693
  45   -2     -8.299     -8.415     -0.582
  -1   78     -7.142     -1.929     -9.754
  34   34     -2.149     -6.090      0.036
  68   65     14.123     -7.365     -6.041
  66   67     18.689     -8.954      0.773
 108   -2     -7.913     -3.962     -2.605
 120   68      3.101     -8.854     -9.714
  73  137     11.992     -8.625     -6.532
  70  152     13.049      0.151     -1.134
  53   -2     13.072     -7.000      6.820
  75   73     20.016     -8.566     -3.069
  74   -2     14.688     -4.122      3.495
  76   97      3.178     -3.137     -0.388
  -1   85     -7.717    -10.043     -6.930
  54   -2      5.217     -4.198      9.959
  77   26      1.162     -9.911      4.801
  -1   -2      3.367    -10.454     -7.393
  36   93     -3.680     -2.829      0.309
  61   -2     14.750     -2.502     -4.648
  -1   -2     -6.632     -8.817     10.790
  37   66     11.697     -5.784    -10.369
  94   83      2.371     -9.731     -4.088
  29   -2     15.466     -7.355     -1.194
  -1   36    -11.736     -7.804    -10.187
  -1  181      0.231     -9.096      7.245
 176   17     15.446     -3.158     -1.368
 148   45     14.410      0.562     -0.267
  78   50     13.626     -7.246      7.714
   1   -2     -3.780     -6.865      0.081
 105   91     14.913    -10.161     -7.400
  -1   31     11.103     -6.358      3.682
  -1   -2     16.869     -9.527      1.465
  99   38     -8.911     -7.934      3.134
  12   40     -8.323     -6.705     -2.762
 159   75     15.170     -3.660     -2.363
  22   98      8.702     -5.437     -7.276
  17   70     -0.974     -6.761     -1.793
  -1  123     -9.432     -6.039     -4.720
  10   71     14.926     -7.129     -5.453
  20  128      0.347     -4.205      0.748
  -1   -2      6.607     -7.302      8.727
  86   39     -6.591     -3.054     -1.535
 149  166    -12.770     -9.295     -3.925
 126    5    -10.290     -3.782     -0.335
  -1   -2     16.332      1.010      0.471
 238  179     17.548      2.359     -1.592
  -1   -2    -12.956     -5.168     -4.373
  -1   -2     22.808     -8.028     10.660
  -1   -2    -12.847     -4.789     -3.241
 117  186     19.964     -0.122     -2.393
  -1   -2      0.276      4.699     -8.881
 119  187     20.531     -4.527     -3.987
  -1  150      8.159     -8.162     10.395
  -1  204    -12.519     -1.537     -9.816
  -1   87     -0.182     -5.717    -11.990
 123  164     -4.874      2.056     -3.170
  -1    9      8.988    -11.033     -3.117
  -1  217    -11.547     -0.138      9.984
  -1   63     20.292     -1.136     -7.132
 125  115    -10.570     -5.310    -10.012
 174   -2     -0.000     -1.878      9.628
  -1   72     -0.257     -1.483      9.078
  -1   -2     -4.096    -10.637     -6.179
  -1   -2      7.979     -2.701      6.739
 129  120      7.202     -9.677     -7.440
  -1   -2     -6.405      3.760     -7.951
  41   -2      9.908     -6.804      3.656
 136  127     16.259     -2.101    -11.618
  -1   -2      0.770     -5.080      2.411
 233  242     14.500      4.843      3.479
  -1  234     -1.025      2.408     -3.773
  -1   -2    -10.478      0.134     -3.721
  84  163     18.093     -5.223      0.455
  -1   -2      2.426     -0.897      9.472
 164   -2      8.247    -10.256      4.073
  -1    2      7.651     -8.692     10.042
  81   24     11.930      2.179      7.497
  -1   -2     -8.081      4.888     -9.937
  -1   -2     18.287     -9.483     -4.905
 128   -2     10.882     -8.957     -5.004
 144  142     -1.560     -9.185      6.078
  -1   -2    -12.362      1.599     -8.616
  -1  178     -4.612     -0.738      5.062
  -1   57     -9.974     -2.887     10.975
  -1  103      2.837      1.855      0.169
 150   -2     -0.904      2.026     -3.171
  -1  171     20.849     -5.312      7.698
 151  124      6.137     -9.587    -10.849
  -1   -2      4.466      6.114      5.306
  -1   -2     19.189      4.817     -5.163
  63   -2      7.466     -1.671     -7.892
 122  136      2.735      0.150     -6.492
  67  170    -12.112     -2.697     -1.756
 156  147      4.997      1.735     -4.678
  89   23      0.789     -1.652     -3.149
  -1   -2     15.974      1.124     -2.757
 160  153      1.876     -1.593     11.922
  -1   -2     20.319     -3.048     11.134
 163   -2     -5.865      2.574     -8.935
  -1   10     11.734     -6.140     -5.489
  15   -2      9.969     -7.272     -6.469
 104   -2     17.405      2.670      5.115
  -1  162      6.650     -6.484     -7.490
  -1   -2    -12.448    -10.199     -1.171
  -1  102     16.117     -2.192     -1.023
 116   32     14.447     -1.972      9.460
 171   -2      6.289     -2.958     -4.493
   5   -2      9.071      1.056      8.845
  -1   -2     -6.501     -4.037     -7.646
 181   -2     -2.780     -8.452     -5.848
  -1   -2      0.048     -0.072     -4.628
  -1  121    -11.206      4.885    -10.132
  82   -2     -6.203     -4.412     -9.962
 165   -2     20.196     -9.063     10.659
  -1   -2      9.920     -3.364      6.554
  -1   -2      6.743     -3.840      1.445
   7    3     12.022     -3.788      3.389
  -1  199     -0.837     -9.068      4.194
 186   92     -9.978     -5.990     -2.762
  -1   -2      0.770     -5.080      2.411
 175   -2     16.332      1.010      0.471
  -1   -2    -12.956     -5.168     -4.373
  -1   49    -12.847     -4.789     -3.241
 187   -2    -12.519     -1.537     -9.816
  -1   -2      0.276      4.699     -8.881
  -1   -2    -11.547     -0.138      9.984
  -1   -2     -6.405      3.760     -7.951
 221  113     -1.025      2.408     -3.773
  -1  105     14.500      4.843      3.479
 145  210      2.426     -0.897      9.472
  -1   -2     -8.081      4.888     -9.937
  -1   -2     19.189      4.817     -5.163
  -1   -2      6.743     -3.840      1.445
  26  200     -2.092     -7.439     -7.752
 180   -2     -0.837     -9.068      4.194
  -1   -2     17.498     -9.529      0.785
  -1   -2      0.276      4.699     -8.881
 201   -2    -11.547     -0.138      9.984
 189   -2     -0.257     -1.483      9.078
 195  227     -6.405      3.760     -7.951
  -1   -2     14.500      4.843      3.479
  -1   -2     -1.025      2.408     -3.773
  -1   -2      0.770     -5.080      2.411
  -1   -2     -8.081      4.888     -9.937
  -1   -2     19.189      4.817     -5.163
  -1   -2      9.920     -3.364      6.554
  -1   -2      6.743     -3.840      1.445
  -1  238     -3.082     -2.169      9.671
 199   -2     17.498     -9.529      0.785
  -1   -2    -12.847     -4.789     -3.241
  -1   -2      0.276      4.699     -8.881
  -1   -2     14.500      4.843      3.479
 205  224      0.770     -5.080      2.411
  -1   -2     -1.025      2.408     -3.773
  -1   -2     -8.081      4.888     -9.937
  -1   -2     19.189      4.817     -5.163
  -1   -2      9.920     -3.364      6.554
  -1   -2      6.743     -3.840      1.445
  25   -2     -3.082     -2.169      9.671
 193  149     -1.025      2.408     -3.773
  -1   -2     14.500      4.843      3.479
  -1   -2     19.189      4.817     -5.163
  -1   -2     -8.081      4.888     -9.937
  -1   -2      6.743     -3.840      1.445
  -1   -2      0.276      4.699     -8.881
  -1   -2     14.500      4.843      3.479
  -1   -2     -8.081      4.888     -9.937
  -1   -2     19.189      4.817     -5.163
 220  232      6.743     -3.840      1.445
  -1   -2      0.276      4.699     -8.881
  -1   -2     14.500      4.843      3.479
  -1   -2     -8.081      4.888     -9.937
  -1   -2     19.189      4.817     -5.163
  -1   -2     -8.081      4.888     -9.937
  -1   -2     -8.081      4.888     -9.937
  -1   -2     19.189      4.817     -5.163
 241  161     -8.081      4.888     -9.937
