382
 119   -2     -8.181     -9.418     -1.011
  -1   39     -3.091     -9.011     -4.370
 139   -2      1.708     -8.902      0.340
   8  390      2.161     -7.933      5.855
   5    8      5.750     -6.605     -4.016
   4    6     -3.485     -6.108      9.075
   1  168      7.351     -8.590      0.289
   9  264     -6.010     -7.335      5.797
 321  304     10.407     -8.718     -9.714
  13   10      3.836     -4.828     -2.846
 257   -2     -7.619     -7.006     -0.037
 150  148    -12.658     -4.818     -2.891
  24  153     -6.595    -10.841     -7.893
  12   12     -2.201     -5.750      8.082
 298   66      7.410     -8.924      7.086
 266  371     -9.000    -10.642      0.163
  75    3     -6.487     -8.482     -9.246
 127  270     -4.173     -9.909     -3.105
  -1  103     -1.483     -6.977      5.268
  22   20     -1.648     -3.722      2.664
 152   -2      4.092     -7.830      4.968
  23   15     -1.892      1.321      3.071
 250   -2     -3.328     -5.525      9.656
  21   24      5.677     -5.806      5.911
 328   -2      7.317     -8.218      9.191
  93   -2     -2.408     -8.249      0.229
 247  327     -0.124     -7.909      5.028
  29   -2    -10.094     -0.963     -0.537
  95   -2     -6.839    -10.162     -7.853
  -1   28     -0.980     -0.029     -6.513
  74   -2     -2.024     -8.638     -2.834
 187   -2    -10.375     -6.014     -1.592
  -1   -2    -10.137     -7.929     -2.166
  41   33      6.923     -1.486     -6.490
 173   -2      9.732     -9.154     -8.480
 133   41      6.584     -3.478      2.710
  33   42      9.305     -5.426      4.655
  32   43     -8.792     -8.773     -5.648
  -1   40      2.553     -4.588      9.863
 260  130     17.806     -9.432     -7.861
  19    5      0.871     -8.828      3.233
  69   49      9.622     -3.869      0.662
  38   34      7.147     -0.033     -4.782
  -1   -2     -2.223     -9.363     -6.096
  39   54      7.809     -5.750      5.578
 254  124      7.397     -8.404     -8.219
  52   50      1.121     -5.550      1.213
 148   -2      5.543     -9.784      0.464
  63   47      8.499     -1.390     -2.280
 231  328      9.996     -7.402      6.507
 307   -2      7.842     -9.258     -5.154
  -1   -2      9.511     -2.238      2.431
  60   80     -8.175     -8.262      3.240
 267   85      5.291     -9.101     -2.188
 217  335      2.120     -8.554     -3.867
  44   46     -5.371     -4.228      9.162
 147  239     11.506     -2.976      3.285
  56   56     -6.777      0.548      2.800
 305  152     19.525     -8.028     -2.451
  -1   72      2.957     -4.873     -7.390
 115   -2     -9.935     -7.399     -3.702
 258   -2     19.128     -6.512     -4.806
 288  284      5.536     -6.529      9.552
  -1  163     17.283     -9.831     -8.401
  48  259     -0.198     -9.971     -9.064
  67   64      1.256     -0.334     -5.588
 214  290     13.317     -7.152     -0.068
  81   67     -4.771     -4.395      9.839
 109   -2      3.109     -8.413      0.043
 124   81      7.927     -4.050      4.630
  -1   70     13.427     -4.101      3.195
 282  248     -5.515    -10.980     -2.636
  -1   92      7.901     -7.399      7.077
  -1   13     -0.441     -7.654      3.376
  -1   82      2.240     -6.407      9.830
   7  139     -8.455     -8.181     -8.199
  97  260      7.861     -7.245      0.596
  82   83     12.434     -0.097     -9.019
  11   -2     -4.617     -5.755      0.058
 138  230     -0.994     -9.249     -6.123
  87   73     -5.121     -1.092     -4.654
 336   -2      5.047     -5.369     -5.993
 102  314     10.249     -8.932     -3.511
  -1   25     -7.564    -10.744     -0.382
 360   -2      9.995     -3.308      6.921
  -1  116      5.200     -7.567     -6.717
 359  312     13.845     -7.247      7.697
 158  266     -0.920     -9.493     -3.947
  65   77     10.434     -5.052      5.876
 216   71    -11.563     -9.128     -3.014
 285  273     11.222     -4.559     10.092
 110   95     10.270     -0.046      3.468
  71   -2      9.991     -7.328      4.006
  86   97      7.553     -5.494     -8.152
 105   84      2.686     -2.271     -5.835
  -1   -2     -3.918     -8.897     -7.320
 111  101     13.701     -0.533     -6.040
  92   -2     -8.673    -10.492     -4.194
  -1   -2      8.719     -6.287      2.402
 181   88     -9.017     -9.552     -4.267
  79   -2      9.180     -7.945      7.742
 156   -2     10.486     -9.229     -3.363
  85  113     -1.736      0.376      8.528
 309   -2      1.157     -4.583     -2.699
  37   -2     -1.832    -10.792     -8.779
 376  250     18.875     -4.747     -0.469
 228   -2    -11.726    -10.777     -8.611
 248   86      9.826     -1.825      3.811
 297  100      3.382     -3.903     -5.668
 183   -2     19.769     -9.438     -3.490
  -1  102     14.512     -2.962     -1.430
  73  115      3.573     -4.224      7.095
 113   96     -0.663     -4.025     -4.124
  -1   -2     10.352     -5.295      7.198
 122  242      0.389     -7.168      0.555
 100   -2     11.485     -6.888      0.094
  -1   -2      8.657     -0.207      6.724
  59   57     -2.000     -6.136      6.680
 269   -2      6.533     -3.838     -4.668
 277  334      7.783     -7.288      5.501
  98   -2     -4.378     -8.182      3.002
 256  272     -8.551     -8.526     -0.970
 194   -2      2.662     -6.632      5.382
  -1   -2     -4.389     -7.117      3.989
  -1  296     -6.914     -7.833      1.845
 128  185      0.141     -3.023      2.984
  57   51     -8.177     -2.807     -5.007
 372   -2     10.291     -3.062     10.276
 284  303      6.040     -2.032      8.360
  54   -2      9.233     -9.025     -9.468
  -1  308      6.978     -8.517      6.961
 179   -2     -1.303     -7.068     -2.784
 154   -2      8.254     -9.112      7.472
 306   -2      9.953      1.409      6.708
  -1   -2      6.819     -3.398     -5.177
 291   -2      0.581    -10.397      7.144
 315   -2     -9.170     -3.799      4.506
   2   27     -3.064    -10.590     -9.854
 169  132      0.614    -10.283      0.040
 354  137     -2.419     -9.255      8.332
  -1  119     -1.164     -9.946      0.393
 204  183     11.827     -9.988     -5.080
  -1   -2     -3.635     -9.207     -3.921
 241   -2      2.872    -10.329      2.578
  -1  165    -12.458     -7.629     -5.073
 289  289      7.797     -2.261     -3.581
 206   -2     -1.557    -10.324      1.054
 166   -2     -1.540     -9.423      0.168
 174  160    -10.411     -3.108     -4.169
 180  376    -11.574     -5.416     -1.090
 161   -2      5.223     -9.630     -2.617
  -1   -2      4.402     -8.350     10.334
  47   -2     -8.498     -6.586      2.489
  -1   -2     -5.331     -8.768      6.853
 208  217     -0.520     -6.562      9.765
  -1  316     12.055     -5.610     -9.130
 135  140      0.165    -10.026     -0.233
 163  193     -7.707     -1.145     -2.076
  17  145     -2.233      2.028      4.800
  25    7      5.139     -8.628      5.045
 232  181      6.285     -7.701      7.149
 367  359    -13.598     -9.834     -3.252
  -1   -2      3.915     -5.560      7.735
  42   52     11.175     -8.343      1.269
 339   -2      3.371     -9.888     -2.442
  -1   16     -2.311    -10.223      2.420
  -1  154     -9.981     -3.683     -6.333
  -1   -2     -4.774     -6.596      4.143
  -1  120      8.695    -10.464     -4.393
 188  205      1.350    -10.999     -5.759
  72  210     19.153     -6.231     -5.873
  -1   -2     -1.189     -9.437      7.790
  -1   -2     -1.643    -10.349      8.542
 123   53      5.252     -9.464     -5.353
  -1   -2     -2.638     -9.785      4.688
  -1  322     -3.157     -2.835      1.363
  -1  133     -2.807    -10.940      3.339
 242   -2    -11.919     -7.047     -4.900
  -1  123      7.930     -9.456     10.219
  -1   -2    -10.904     -7.966     -1.345
 272  291    -10.141     -8.006    -10.433
 327  111     -7.683     -9.571     -4.330
 203   -2     10.721     -6.772      0.424
 363   29    -12.039     -2.807     -3.288
  99  104      0.439     -5.812      7.978
  -1   -2     -1.152     -9.205      6.918
 172   -2    -12.008     -8.986     -0.228
 171  232     -0.126     -9.863      7.065
  -1  180     -5.006     -5.376     -3.153
 224   -2      6.138     -9.671      9.020
  -1   -2     -6.681     -1.735     -2.939
 198  143     -3.791    -10.861     -0.943
 200   -2      0.655    -10.933      3.078
 106   -2     14.509     -2.070     -4.873
  -1    0     -0.605     -8.811     -0.306
  -1   -2     -7.100    -11.119     -2.514
  -1  253     16.899     -4.473      1.703
  -1   30      3.297     -8.431      8.854
 329   -2     -4.026     -7.722      7.274
  -1  310     -2.332     -6.082     -0.454
 136   18      4.957     -6.123      9.591
  -1   -2     -3.401     -8.578     -2.403
 255   -2     18.355     -7.717     -5.070
 178  175     12.272     -6.857      8.683
 223   -2      5.464     -6.256      6.850
  49   99     -6.900     -8.952     -1.050
 205   -2     -9.693     -3.842     -3.338
 227  256     14.258     -6.715     -1.557
 226  189     -1.199      3.344      1.588
  -1   -2      5.483     -8.191      7.566
  -1   -2      7.248      0.171     -6.861
  -1  121     19.532     -6.151      0.757
  -1  162     -4.739     -4.005     -9.866
  -1   -2      8.255     -9.130      3.220
  -1   90     13.024      0.152     -1.084
  -1   -2     -2.590     -5.367     -8.982
  -1    4     -8.873    -10.766      0.533
 114   -2     -8.663     -6.714     -9.793
 189   -2     -6.200     -8.732     -7.634
  -1  229     -1.198     -9.582      8.769
 120   -2     -2.003     -3.986     -5.616
  -1   48      4.050     -8.268     -2.711
  -1  161      0.779     -7.054     -6.244
 334   -2      1.297     -5.634      9.561
  -1   63    -11.673     -6.232     -6.643
  -1  200     -1.654      1.408     -9.439
 303  275     -8.147     -3.844      5.518
  -1   -2     10.004     -5.964      1.129
 230   -2     -4.358     -5.243     10.540
  -1   76     -9.998     -7.379     -4.066
 279  320      7.063     -4.702     -6.428
 142  194      5.130     -9.096     -6.186
 235  246     -2.960     -0.785      8.149
 320   -2     -0.020     -3.177     -7.008
 176  298     -8.962     -1.939      2.128
 251  249      4.754     -9.286    -10.261
  -1   87     -1.295     -9.988      0.916
 165  235     -2.617    -10.893      5.008
  -1  176     -2.517    -10.356      4.404
 218   -2    -13.377     -8.089     -5.157
  -1   55      4.540     -6.455      2.073
  45   26     -8.959     -6.496     -3.754
 330   -2    -11.897     -9.909     -5.491
  -1   -2     -2.212    -10.704      7.495
  -1  271      0.465    -11.255      2.181
  -1   -2     19.366     -5.518     -2.885
 351   -2      0.347      1.112      7.730
 340   -2     18.759     -1.661     -6.362
 249   -2    -11.781    -10.520      1.968
  -1  221      0.121     -6.019     10.330
 287   -2     14.074     -7.965     -6.982
  -1   11      6.140     -9.228     -5.304
  -1   -2      3.688     -1.136      6.186
 259   -2     -4.231    -10.838     -3.299
  -1  112     -8.832    -10.183     -4.405
  -1   36     12.820     -7.562     -2.129
  -1   62     -9.446     -8.123      0.212
 145   -2      0.280     -8.816      6.517
  -1   -2      4.466     -3.406      7.629
 366   -2     19.316     -2.177     -3.703
 381   -2      4.611     -5.791      9.477
  -1   19      9.513     -9.159     -4.828
 313  282     -5.063     -4.168      7.450
  -1   -2     -7.487     -7.426     -6.353
 185  244     16.656     -3.513    -10.286
  -1   -2      4.970     -6.509     -5.843
 107  129      3.958     -5.778     -0.625
 353  269    -13.060     -6.346     -4.234
  55   -2    -10.696     -7.642      1.087
 112   -2      7.902     -7.518     -0.384
  -1  251      9.994     -3.893     -9.444
  -1  164     18.374    -10.585     -8.176
 103  278      7.480     -1.533      0.888
  -1   -2      4.835     -0.491     -1.842
 129  109     14.706     -2.548     -4.328
 312  219     18.471     -7.102     -5.907
 293  295     11.778      0.075     -7.698
 281  300     18.241     -6.622     -0.141
 371   -2      6.373      3.446      5.165
 349  178     20.762      1.014     -1.852
 117  177     -3.469     -8.650      3.197
  -1   -2     13.674     -7.082     -5.940
  -1  350      3.731     -3.018     -0.361
  -1  305     14.186     -1.717      7.056
  -1  315     18.057     -7.441     -3.058
  -1   61     -3.006     -7.867     -1.297
 162   -2      6.152     -9.976      6.676
  -1  311      8.258     -6.916     -9.844
  -1  114     20.960     -5.040     -1.294
  -1   -2     -9.088     -9.260     -7.018
 253  345      3.676      3.545      3.201
 368   -2      5.067      0.841     -3.733
 209  384    -10.598    -10.389     -0.663
 364  385      5.898      0.318      1.698
  -1  332     11.903     -5.019      0.488
 186  255      1.391     -1.608      8.476
  -1   -2     -0.693     -9.959      3.800
  -1   69     10.744     -5.168     -0.983
 273  286     16.079     -0.724     -7.615
  -1   -2     11.766     -3.744     -6.114
  -1  208      4.187     -3.828     -0.200
  -1   -2     10.087     -6.536      5.084
 234  329     17.797     -8.811     -6.032
 191  197      8.744     -8.076      0.734
  -1   -2      8.087     -8.206      6.135
  -1   -2     -1.647     -2.401      0.167
  -1  207     -1.684     -1.707      7.850
 268  325      0.452     -3.961     -2.077
  -1   38     -0.079     -8.627     -3.741
 159   60      9.780     -9.036      0.252
  91   -2      9.601     -8.414     -3.068
 278   -2      2.993      0.286     -0.744
 219  174     14.980    -10.049     -8.077
  -1   -2      9.480      0.333     -5.433
  -1   -2      9.847    -10.164     -8.339
 325  358      4.151      2.357      8.215
  -1   93      8.635     -5.913      0.878
  76   91     20.004     -9.418     -6.437
 131  330      4.044     -1.860      6.036
  -1   -2     -4.628     -2.071     -5.783
  -1  292      6.803     -1.671      6.248
  -1   -2      5.971     -2.791      6.734
 361  323     17.937     -0.418     -4.134
  30  159     -7.312     -7.514      1.326
 197  297     -7.210     -6.465     -6.193
  -1  172     -2.676    -10.781      8.290
  -1   -2      1.117     -7.167      4.061
  -1  263     15.610     -1.885     -8.962
  -1  331     10.305     -1.260     -8.078
 343  186    -12.555     -3.320     -7.260
 358  351     12.238      5.926     -2.676
  -1  362    -17.083     -9.809      8.597
 350   -2    -11.958    -10.941     -1.272
  -1  268     10.477      3.788      9.246
  -1   -2    -13.516     -2.124     -2.479
 324  149     -0.150      0.224     10.071
  -1   -2     15.555      3.383     -7.281
  -1   -2    -11.483     -3.721     -4.668
  -1  214    -13.933     -9.910      7.853
 346   -2     13.364    -10.280     -9.490
  -1  349    -15.882     -0.191      8.523
  -1  245     -1.431     -2.430    -11.080
 118   -2     -5.480     -4.566    -11.898
  -1  231     18.817     -2.388      1.582
 215  240    -12.522     -6.959     -9.135
  -1  188     14.240    -10.496    -10.002
 345  215     -7.958      3.716      0.181
  -1   -2     -3.048      1.788     -9.193
 344  355     13.733      4.832      0.465
  -1   -2    -11.465      2.224      4.232
 295   -2     -2.991     -5.241     -3.316
  -1  381    -11.238      0.558     -5.907
 369  309     16.468      1.176     -9.630
  -1   -2     -7.412      0.139     -6.379
  -1   -2     18.173     -2.141     10.757
  -1   -2     -8.699     -0.820     11.896
  -1  346     -9.921      4.146     -7.202
  -1  375      3.021      6.078      5.909
  -1   17    -11.243     -0.382     -2.398
  -1  228     14.941    -10.673    -10.033
 341  227     20.130      1.557     -7.617
  -1  374     10.059      2.488     11.806
  -1  225      2.463    -11.074      2.469
 202  226     11.192     -1.845     -3.299
  -1  307     18.067      2.963     -1.147
  -1  141     -0.398    -10.995     -9.013
  -1   -2      3.856     -4.819     -3.009
  -1   -2     -0.907     -0.017     -6.545
  43  398      6.605     -3.470      2.640
  -1   -2      9.579     -3.861      0.585
 380  401      9.473     -2.244      2.373
  -1   -2     13.403     -4.107      3.164
  89   65      8.561     -7.470      1.255
 233   -2     -1.492      1.462     -9.941
  -1   -2     -3.133     -8.976     -4.576
  83   -2      3.856     -4.819     -3.009
  34   -2     -0.956     -0.000     -6.434
  -1   -2      9.579     -3.861      0.585
  88  396     13.424     -4.101      3.101
 377  397     -3.153     -8.985     -4.559
 379  403      9.579     -3.861      0.585
 384   -2     10.526     -0.048      3.275
