79
  36   35     15.108     -7.355     -5.384
  10   -2      0.033    -10.432      1.024
   5   -2     12.003     -8.308     -7.229
  37   -2     15.396     -7.734     -8.726
  19    1      2.442    -11.083     -2.193
  16   40     -5.208    -10.423     -9.013
  71   -2      5.024     -9.407     -2.922
  44   17     14.871     -7.279     -3.805
   4    4      3.079     -5.493      1.902
   9   -2     16.918     -6.624     -7.332
  51   -2      2.595    -10.379      1.028
  30    7      7.559     -4.812      2.277
  -1   -2      0.522    -10.985     -1.639
  11   16     13.173     -8.959     -8.724
   3   14     13.838     -8.611     -9.629
  -1   37     14.358     -5.001     -3.612
  29   -2     14.073     -7.828     -6.774
  17   -2     12.013     -8.903     -8.248
  68   -2     11.436     -5.246      2.804
  66   -2     -5.544    -10.852     -5.721
  31   38     15.564     -6.817     -5.926
  -1   46     -4.283    -10.547      7.998
  63    9     14.156     -8.000     -3.856
  -1   -2     13.554     -4.412      0.886
  -1   27     10.201     -5.077      7.055
   0   -2     14.962     -7.513     -6.975
  21   -2     18.462     -6.601     -5.651
  32    2     16.746     -6.640     -8.838
  38   -2      3.777     -8.376      8.091
  -1    5     -0.946     -9.481      3.140
  58   -2      5.335     -8.745     -8.323
  -1   20      5.733    -11.012     -4.667
  28   18      9.905     -4.208      6.382
  45   -2      9.161    -10.360     -7.385
  12   22      9.684     -9.904      1.635
  65   -2     12.881     -7.150     -5.651
  42   -2     14.877     -3.680     -5.846
  24   -2      2.223    -10.697     -1.007
  -1   -2     12.060     -4.490      6.490
  43   11      9.431     -4.013      9.224
  26   -2      9.096     -0.514      8.661
  -1   36     17.797     -1.543     -2.712
  54   30     15.153     -4.141      9.802
  -1   19     -7.628     -8.615      3.016
  -1   12     15.779     -5.924     -3.199
  57   63      8.190      6.231     10.894
  -1   -2     14.046     -7.372     11.539
  -1   60     -7.891    -11.028      1.171
  -1   55     16.279     -7.502    -11.862
  15   -2     -4.141    -10.453      0.378
  39   33     14.478     -2.702     -4.727
  73    0     -0.829     -8.409     -3.704
  -1   -2      2.953     -4.660    -10.065
  -1   15     -1.276    -11.637     -3.742
  -1   24      9.116     -8.873      4.888
  -1   31     17.070     -4.435     -6.817
  64    6      9.063    -10.363      4.115
  61   -2     -3.408     -4.864      8.948
  -1   25      6.041     -8.616    -11.700
  -1   64     10.933     -3.261     10.278
  14   -2     12.186     -7.669     -6.445
  34   -2     18.792     -5.857     -9.663
  70   79     -4.774     -8.413     -6.915
  -1   66     -3.094     -7.428      9.796
  53   43    -11.943    -10.743     -7.584
  62   71     -9.297     -8.153      7.417
  -1   39      4.146     -7.927     -4.826
  -1   -2     -3.219     -9.201      7.698
  50    3     -2.162     -6.742     -6.802
  -1   29     19.537     -6.667    -10.055
  -1   74     -3.543     -8.597     -9.300
  -1   26      2.141     -5.717      4.382
  -1   -2      5.796     -7.076     -4.022
  -1   -2     -3.967     -7.718     -8.058
  59   -2     12.870      3.335     -4.327
  -1   -2      0.965    -11.562      2.738
  -1   53     16.004     -1.358      0.679
  -1   -2     14.266     -7.328     10.333
  -1   34      8.435     -1.225      9.911
