313
  61   15     18.144     -9.204     -2.913
   2  311     -5.752     -7.303      0.239
 217   70      8.550     -4.808      1.304
  -1    3     -6.624     -7.439      0.343
  65   -2      7.637     -7.141      4.233
   6   -2      8.964     -7.673      1.445
 106  314     11.947     -5.438      1.633
  90  146     -4.166     -2.150      9.386
   4    7     -9.202     -3.181      3.052
 307   18     18.698     -8.974      0.769
 328   20     -6.873     -5.589     -0.470
  82   12     15.622     -5.396     -2.605
  12  312    -10.326     -8.460     -4.732
  94   -2     10.106     -8.685      1.930
 271   -2     10.547      1.764      5.873
 260    6      4.435     -8.340      6.394
 244   -2      9.758     -0.735      9.761
  72   99     13.959     -7.560      4.861
  50  133      7.669     -1.388      1.364
 172   -2     -8.371     -8.413     -0.694
 128   78     10.848     -7.787      9.419
  63  155     13.349     -5.653      1.633
 192   -2     12.557     -3.870     -4.267
  -1   -2      3.474     -7.462      8.379
  -1   32     15.654      1.727     -7.596
  69   -2     -0.466     -8.678     -5.876
  -1   -2     11.962     -6.301      9.764
 147  192     13.812     -6.967      3.084
 171  149     17.898     -1.570     -2.963
  51   -2      0.620     -7.783      6.710
  -1  136     19.725     -2.708     -2.133
  -1   -2     -7.762     -3.996     -2.714
  22   40      1.339      0.915     -0.276
  16  150     -0.656     -6.594      8.859
 111   -2     -4.841     -7.237     10.135
 115   67    -10.275     -6.454     -8.979
  84   39     14.830     -3.633      0.890
  30   38     -1.855      1.333      6.267
  -1   69     15.191     -5.149      6.664
  -1   -2     12.937     -6.826      8.860
  11  266     15.985     -1.453     -0.011
 162   -2     -6.900     -8.049      6.072
  -1   -2     14.123     -6.175      8.938
 224   47      3.781     -9.408      1.070
  -1   72     -7.909     -7.474      3.002
 184   -2      4.432     -2.927     -2.801
  -1   98      0.878     -7.322      5.214
 122   60     18.643     -5.229     -5.984
 213  156      4.248     -4.720      6.421
 195   -2      3.184     -6.501      7.353
  95  175      1.683     -4.827      8.407
  66   -2      6.494     -8.600      7.367
  71  100      9.688     -9.452      8.645
 207  131     11.883     -6.851     -1.496
  70   34      9.470     -4.590      0.249
  17   -2     16.449     -4.685     -5.960
 208   24     13.828     -2.905      1.783
  -1   -2    -12.700     -6.532     -8.345
  99   44      4.794     -1.656      9.160
 226  180     15.969     -5.460      6.550
 261   51      6.114     -1.140      0.777
  59   56      2.998     -9.987     -7.020
 127   -2     13.263     -0.026     -0.944
 119   -2     13.989     -7.047     -2.828
  -1   65      3.624      0.368      4.509
 143   -2      0.797     -0.055      1.636
  41   -2      8.898     -4.931      3.254
  21   -2     -4.434     -8.404     -0.269
 157    8     11.182     -8.765      4.176
 169  179     -9.582     -6.499    -10.692
  -1  183     15.407      0.499      6.051
 288  288     -3.734      1.073     -6.858
 113   -2     12.200     -3.837     10.102
 155   82      2.390     -0.411     -5.080
  88   -2      3.738     -7.636      6.127
  -1   13      7.028     -8.177     10.602
  -1  181     15.599     -2.568     -6.854
  64  189     12.063      0.225      8.180
  73  220      1.388     -9.849      4.198
 101  261      9.806     -1.506      1.335
 158   -2      3.592     -8.028      5.517
  89  187     -2.274     -9.391     -0.226
  -1   84      6.653     -2.325     -0.302
  67   -2     15.146      0.527     -6.374
 160   22     10.977     -1.354      7.003
  60   -2      8.377    -10.107      3.833
  -1  223     11.046     -9.059      2.579
  -1  309    -12.735      1.835     -6.727
  -1   -2      3.736     -8.924     -8.535
  -1    5     10.925     -5.422     -5.968
 176   -2     13.329     -7.193      8.605
  91   36     11.698     -4.543      4.654
 286   -2     -7.083     -1.381     -0.409
  -1  104      9.489     -3.252      9.808
  -1   -2     16.635     -6.684     -8.756
 177  243     15.100     -4.002      8.010
   3   -2      5.286     -9.391      3.242
 196   -2      8.879     -4.268     -8.768
  -1   68     12.819     -1.781      2.341
 269  169     20.462     -0.022     -0.821
 229   -2     -5.797     -2.979      7.786
  -1   -2      5.026     -8.903     -9.333
 116  130     19.273     -4.601     -3.820
  -1    9      1.104     -8.091      3.386
  93   27      5.885     -4.338      6.303
  -1   -2      5.560     -6.364      7.909
  13   14      7.587     -8.246      3.815
  80  105      8.006     -7.374      7.073
  37  259     -3.098     -4.710     -5.726
 148  112     14.030    -11.002     -6.344
 296  152     -0.192     -9.087      8.638
  57   48     17.008     -8.353     -7.075
 245  191     -7.793     -7.436     -7.822
 102    1      7.471     -7.259      1.561
  -1   66     -8.418     -8.484     -7.128
  -1  230     18.982     -4.043     -4.584
 203  247     19.837     -4.660     -1.381
  -1   -2     13.090     -2.101     -1.373
  -1   94      7.961     -2.018     -6.090
  -1   -2     -2.971     -2.149      9.493
  -1   54      8.271     -3.843      1.518
  31  140      7.377     -9.758     -7.887
  -1  154     -8.333     -6.933      0.278
  -1  141      9.232      0.154      9.865
 205   21     19.023     -9.183     -6.443
 154   -2     -5.576     -5.345     -4.372
  10  135     -4.621     -9.942     -5.732
 180   -2     10.618     -2.368      6.701
  -1   61     11.996     -6.907      9.313
  -1   -2      4.617     -7.248     10.130
  -1  224      5.364     -3.613      5.277
 167   -2      7.486     -9.324      3.820
  -1   16     10.824     -7.867      3.943
  40  231      1.236     -4.727      4.174
  -1   33     17.310     -9.430      1.197
 199  184      1.262    -10.115      4.043
 125   -2     18.535     -9.544     -5.823
  -1   -2     12.091     -1.280     -7.172
 121  142     15.530     -1.187     -7.154
  -1  212     -5.569     -4.119     -7.728
 164   76     -8.836     -2.439    -10.463
  79   -2      8.533     -2.554      4.357
  -1  209     -4.335     -9.112     -1.239
 200  264      7.306     -4.687     -7.115
 130  160      8.007      1.730     -4.282
  -1   71      4.667     -8.823      8.246
  -1   -2     18.155     -0.094      3.395
  -1  117      7.663     -1.489      3.706
  -1  257     -5.230      0.111     -8.304
  -1  173      0.704     -9.923     -8.953
  -1   42     17.084     -3.152      5.238
  34  147     -8.592      0.476      4.721
 310   41     -6.443     -8.529      7.945
  -1  197     12.866     -1.783     -8.033
  55   -2      5.215     -5.920      7.977
  -1   57     15.172     -4.717      3.549
  -1  110      5.665     -8.093      9.857
 163   -2     -7.199     -7.158     -2.785
  -1   55     19.042     -5.496     -1.878
  -1  109      1.030     -8.047      0.913
 198   30      0.562     -6.494     -2.640
 219   79     -0.305     -5.548      5.035
  -1   28     -9.073     -9.643      2.717
  -1  229     13.410      4.652     -0.709
  -1   -2      1.750     -4.095     10.011
  -1   -2     15.462     -4.411     -7.782
 174  313     15.228      1.033      5.998
 212   95     -1.155     -9.586     -8.250
  -1  237     -3.430     -9.059     -0.187
  -1   -2      4.730     -9.408     -4.119
  28  125     14.121     -7.363     -6.034
  48   -2     18.700     -8.416     -3.424
 283   -2     17.458      2.316     -2.039
 142   25      7.639     -7.055     -6.546
  47  193     12.903      0.820     -2.991
 209   -2      2.871     -0.783     -1.909
 321  177     14.126     -4.893     -4.040
 206   73      5.360     -4.499      2.082
 258  200     -7.836     -9.779     -8.002
  -1  108     10.957     -8.446     -2.292
 104  171     12.239     -8.731     -7.132
 178   97     17.027     -3.233     -6.947
 315   -2      0.093     -4.145      1.520
 109   -2      6.731     -9.572     -4.022
  42   49      1.571     -5.888     -6.405
 138   81      7.815     -9.272      1.708
  46   31     19.670     -5.793     -3.808
 253  153      8.650      2.219      4.677
  62   -2     -6.895     -1.577     10.401
  -1   53      8.323     -5.685      5.797
 181  253     18.999     -7.330     -6.784
 135   62     11.227     -0.907     10.574
  25   50     17.445     -2.336      3.707
 175  249     16.630     -6.799     -4.428
  96  258     -4.878     -9.651      1.459
  -1   -2     13.949     -8.624     -5.491
 168  216     10.915     -6.334     -5.530
 179   -2     -4.019     -3.553     -6.633
 232   35     -6.243     -1.098     -4.354
  -1  286      2.014     -7.005     -2.785
  -1   -2     15.754     -6.735      3.843
 294  176     11.325      4.521      6.148
 202   -2     18.767      1.507     -6.072
 140   -2     20.143     -1.157     -2.587
  -1   93      7.612     -9.985      4.004
  -1  227     15.774     -3.487     -7.564
 190   -2      4.124      2.007      3.599
 250   -2     14.441     -7.374      9.895
 308  188      2.737      0.185     -6.913
 134  239     17.152     -8.135     -8.491
 218  222    -10.627     -9.177     -6.979
 257   -2     13.319      6.232     -8.737
 201  144     -3.813     -0.951      7.154
 291  256     19.209      2.430     -1.049
 152  235    -13.449     -8.200     -3.458
 153   -2     -5.079     -3.321     -5.593
  68  208      5.557     -1.975      4.022
  -1   -2     20.608     -4.459     -5.191
  -1  315     -1.148      1.552      9.415
  54   23      6.254     -7.760     -3.089
  -1  164     18.781     -5.901      1.349
 220  244      2.808      4.410      6.557
  -1  107      6.819     -6.433     -7.984
 139   -2     -5.461     -2.045     -3.092
  -1   63     -4.794     -7.117      3.152
  -1   -2     18.484     -7.869    -10.145
  -1   90      3.380    -10.969     -4.430
  -1  215      0.628     -5.965     -0.862
  -1  127     -9.470     -8.496      4.849
 146  174      1.954     -8.367     -9.474
 118   -2     18.601     -1.309     -9.186
  -1   59     -4.585     -3.067     10.032
 265  281      0.335      5.229      1.863
 238   -2     -7.061     -7.873      0.342
 255  211    -11.556     -4.592      1.863
 314  271    -10.526     -3.195     -3.243
 318  307     -0.832     -2.033      1.204
   9   89     11.701     -3.094      1.775
  32  225     -7.897     -5.481      7.885
 170  248     -2.189     -4.036     -7.893
 289  199     10.677     -9.309     -2.515
  -1  159      1.270     -6.029     -7.668
 215   -2     -7.330     -1.974     -9.564
  -1   -2      5.603     -5.432      3.684
 112  233     11.248      0.736     -9.335
  39   -2     -8.140     -5.927     -0.028
 256  238     -4.202     -7.162     -1.310
  -1  101      7.085     -4.294     -3.635
  44   -2     14.568      0.282      4.109
  -1  260     -6.967     -3.125     -2.468
 221   -2     10.876     -5.025      0.247
 304   -2     15.021     -9.383     -2.442
 259  213    -11.052     -6.681     -4.597
 266  300     17.342      3.249      3.770
  97  106    -12.961     -5.168     -4.384
  -1   -2     -8.514     -4.964     -4.826
 228  218    -12.993     -9.994     -1.931
  -1   -2     19.891      4.442     -2.327
 326   -2    -10.057     -0.052     -5.343
  -1   -2    -11.542     -0.139      9.968
 144   -2     -2.809      2.993     -0.478
  -1   -2     20.790     -1.554      9.494
 272   -2     -8.531    -10.114     -8.088
  -1   -2    -13.606     -8.394     -4.286
 323  228     19.653      5.080     -3.265
  -1   -2    -15.878     -4.539      7.390
 276  276    -15.305      0.519      8.386
  -1  279    -15.731     -2.241      5.852
 183  165      2.348     -4.629      1.658
 194  157     12.436     -9.000      2.807
  -1   -2     -1.935      4.724     -0.171
  -1  284      0.088      2.540     -7.184
 185  282     17.250     -9.725      2.996
  -1   52      6.252      4.028      1.852
 274  269     -7.260      0.525     -1.224
 204   -2     17.707    -10.836     -2.625
 290   -2     -0.491      0.595     -4.351
  -1   -2     18.127      2.231    -10.115
  -1   91     17.300    -10.227      1.944
  -1   -2      3.678     -4.419    -10.141
  -1  172     -2.654     -0.535     -6.960
 141  304      4.996      1.734     -4.670
 322  245     15.483      2.993      5.077
  -1  126     -5.949     -4.811     -5.534
  -1   -2    -12.928     -5.989      4.908
  -1  232     -9.620     -2.006      4.091
 305  283     -0.530      6.720     -6.155
  -1  234     20.612      3.254     -1.811
  -1  206      4.103     -2.484      1.269
  -1   87     11.071     -7.155    -10.010
  -1   -2     13.629     -8.976     10.191
  -1  116     -6.700      2.080     -5.990
 263   -2     -4.677      1.826     -9.575
 319  167      2.560      4.229     -3.239
  -1  270      8.958      7.016      7.299
  -1   -2     -4.077     -7.799      9.511
  -1  198    -13.770     -9.513     -4.421
  -1   -2     22.492     -6.550      9.264
  -1  162     -9.478      3.068     -8.504
 320  306     -7.356      4.137    -10.482
 235  299     18.154     -6.650      7.819
  -1   -2      8.470      5.519      9.761
 298  185     11.669      5.822     -1.220
  -1  273    -15.057     -2.802      1.177
  -1  168     19.719     -9.465      1.599
  -1  305      4.123      7.250    -12.104
   1  310     -6.640     -7.467      0.126
  -1   -2      1.412      0.934     -0.254
  -1   -2     -3.017     -2.159      9.624
 270   -2    -11.542     -0.139      9.968
  -1   -2     -3.084     -2.169      9.673
  -1   -2     -1.098      1.274      7.983
 327  318     -1.098      1.274      7.983
