274
   4    0      3.790     -0.804    -10.387
  84  168      8.199     -4.342     -3.829
 187   -2      4.986     -4.882      1.451
  59   55      4.215    -10.386     -2.496
   2    2     -5.023     -7.773      3.893
   1    6     -6.274     -8.038      3.841
 165   98      8.830     -0.460      0.354
 131  124     -3.539     -9.276     -4.084
 142   -2      7.295     -8.855      8.528
  75   32      6.865     -9.174      5.842
 163   74      3.912     -8.233      8.173
  14   15     11.887     -8.951     -2.705
 212   -2     -8.662     -3.596      0.867
  -1   84     11.836     -6.901      9.501
  -1   -2     -6.881     -8.254      8.371
  56   -2      9.775     -3.458      7.196
  89   -2     11.340     -1.826      3.727
 189   -2    -10.084     -8.185     -2.057
  -1  140     -0.067     -6.086     10.050
  65  111     17.872     -1.575     -3.123
 234   -2     14.286     -4.837      3.903
  -1  209     -5.118     -6.848     10.224
 117   -2      5.439     -9.485     -8.333
  47   -2     13.390     -0.301      0.285
 193  190     -9.951     -8.590      3.723
  -1   25     -9.644     -9.300      0.474
  43  184     -6.431     -5.969      5.526
  45   -2     10.249     -3.256     -0.532
  13   -2     -7.200     -1.659     -5.633
  36   17     14.493     -5.978      5.796
  63   -2     12.001     -5.790     -8.812
  25  174      2.867     -4.086      3.456
 113   13      6.969     -8.516      6.982
  37  207     -5.777     -2.532      3.748
 191   -2     -1.060     -6.759     -1.650
  70   -2     16.789     -3.389     -6.969
  41   -2     12.704      3.131      1.507
  35   41     12.328     -1.951      7.355
 233   -2     11.074      4.176     -5.043
 265  208     10.788     -4.716     -9.040
 223   69     17.436     -9.590      0.131
 176   -2     -7.799     -8.507     -9.566
 159  139     18.804     -9.265     -6.586
  -1   -2      0.913     -6.926      8.726
  48   -2      2.942     -2.842      7.073
  50   -2     17.681     -1.895      4.112
  49   38      1.972      1.752      9.439
 167   -2      4.519     -8.524      0.407
  -1   44     -9.967     -6.780    -10.627
  26  119     13.372     -3.914     -1.372
 148   90      1.451     -3.940      3.541
  61   46     11.136     -5.749      2.746
 149   -2     18.297     -2.270      1.379
  -1   31     -5.790     -5.441     -3.538
  73   -2     16.807      0.359     -1.160
  -1   -2      8.407     -0.665      2.714
   9   -2      1.865     -8.164      5.400
 110   83      0.541     -9.904     -5.450
 111  128     -2.628     -2.835      7.780
 264  189     16.167      0.990      1.166
 263   -2      8.435      4.193     -3.053
   6    8     10.396     -1.479      5.366
  -1   57      7.415     -2.015      9.750
  88  108      7.280     -7.243     -1.503
  57   27     11.801     -6.828      3.663
  29  179      7.775     -7.192     -7.357
   3   -2      4.544     -8.658      8.271
  -1   -2      3.604     -7.516      0.769
  20  167     12.288     -3.802      2.734
 133  220     10.149     -8.304     -9.590
  31   67     10.600     -5.350     -5.133
 199   -2     -6.939     -2.949     -2.028
  -1   -2      4.246     -6.594      9.087
  -1   -2     -8.357    -10.062     -8.725
  -1   58      3.300     -7.930      6.155
  -1  165      8.303     -7.299      6.289
 214   24      9.336     -2.583      7.864
  -1   -2    -11.619     -6.701     -9.500
 267   23    -11.333     -9.318     -2.693
  -1   99    -10.689     -9.917     -9.627
 151   -2     11.089      1.694      7.698
  -1   62      9.031    -10.191      2.193
 207   71      8.727     -5.203     -8.858
  -1  105      3.831     -8.703      1.793
  32   -2     13.208     -6.718      7.803
  -1  132     19.483     -0.282     -4.302
  71  183      8.004     -5.478      6.454
 258   43     10.966     -3.974     -2.869
 156  109      1.381     -5.189     -0.352
 129   -2     -0.084     -0.409      1.816
 108   14     12.051     -5.404      1.219
  -1    1      9.764     -3.797      9.761
 202   66     -3.029     -8.645      9.776
  -1   20      1.216    -10.527     -0.657
  -1  137      7.627      0.028     -5.585
 115  153      6.372     -1.442      5.987
  -1   -2     12.116     -6.218     10.148
  -1  161      0.682     -7.919      0.048
 116  180     14.953     -7.006      6.945
  -1  145     19.912     -7.448     -1.687
  95   97     12.935     -1.232      1.081
 175   60      1.389     -5.370      9.433
  -1   -2      3.684     -1.936      9.687
  -1   22      9.466      2.001      7.825
 164  219     -8.290     -0.454     -9.367
  -1   -2      7.685     -9.558      4.920
  33   65     18.898     -8.916      0.595
 118  169     15.405    -10.002     -4.357
  97  240     10.755     -5.218      6.019
 257   34    -10.893     -8.977     -6.326
  -1   19      2.144     -6.261      4.289
  78   -2     11.079     -7.981      5.092
  -1   11      8.028     -9.336      1.133
  60   -2     -7.105     -6.360     -8.544
 197  115      4.146     -7.806      5.917
  16   80     -9.229     -7.426      1.573
 180   -2     11.711     -2.830      5.859
 130   -2     14.145     -7.847     -4.852
 158  159      4.367     -2.746      2.548
  18    7      7.845     -9.089      4.185
  -1   -2      0.476     -9.861      6.743
 236  134     -8.327     -0.122     -4.268
  -1  129     14.726     -7.400     -7.552
 127   -2     12.616     -4.062     -3.804
  -1  103     15.251     -8.951     -8.272
 143   -2     16.220     -6.859     -9.853
 256   63      0.540     -8.528     -4.864
 246   -2     15.605     -3.932      7.123
  -1    3      8.878     -1.154     -1.490
 137   -2     -8.882     -6.745      1.709
  -1   51      8.518     -1.583     -3.504
  -1   53     -0.131     -7.052      8.567
  -1  114     -3.370     -4.889      9.050
 232  201      4.008      1.462     -1.918
  -1   -2     -8.297     -8.415     -0.567
  -1  131     13.645     -7.251      6.564
  -1   52      3.178    -10.405     -3.179
  -1  116     18.095     -6.472     -1.286
 225   -2      3.812     -9.301      6.847
  -1   -2      3.903     -9.613     -9.256
  -1    5     11.965     -5.715    -10.920
 145   -2     18.588     -2.709     -2.540
 219   -2     16.845      2.759    -10.526
 138  112     -0.310     -5.546      5.022
  -1  154     -8.420     -2.083      2.750
  -1   37     14.124     -2.811     -1.983
  -1  171     -4.401     -7.722      6.348
  -1  173     -5.365    -10.341     -9.550
  -1   29    -10.921     -5.488     -0.693
  -1   21    -11.475     -4.882      0.278
  -1   -2    -11.401    -10.096     -4.741
  22   -2      1.479     -4.117      9.760
   5   39      2.942     -4.670     -0.034
  67   94      6.033     -4.043     -0.434
  -1   -2     19.683     -7.217     -7.750
 128   -2     -4.687     -1.544      0.716
 102   -2     -3.860     -2.526     10.586
 195   -2      9.185     -8.678      0.363
 173   -2     16.665     -3.531     -4.569
 245   -2     -8.953     -5.808      2.037
  -1  113     -0.254     -6.491      8.673
  69   -2      7.042     -7.488      4.544
 107   96     16.364     -3.260      0.101
 103   -2      7.816     -2.721     -3.653
  44   78      4.623     -2.923     -3.273
 144  138     -5.149     -6.691      0.252
  24   -2     13.592     -3.455      2.880
  91   -2      7.081    -10.164     -7.777
  -1   -2     -9.081     -1.101    -10.373
  -1   -2     16.385     -4.302     -9.510
  -1   85     10.745     -6.786      8.259
 141   77    -12.028     -6.194     -7.208
  46  200     16.754     -9.655     -8.976
  53   40      5.163     -7.710      0.462
 250   -2     -9.672     -2.130     -7.452
  -1  126      6.232     -7.387      9.656
  87   89      1.696     -5.916     -6.319
  21  158      8.164     -7.803      7.474
  -1  102     12.186     -8.676     -6.740
  -1   -2     13.451     -5.670      0.630
  -1   -2      5.871     -4.510      9.836
 206   42     16.659     -4.876      3.814
  40   -2     -8.174     -7.104     -7.097
 135   82     -3.240     -6.104      8.106
  -1   -2     11.797     -8.449      7.848
 181   33     -8.019     -4.256      0.066
  -1  123     14.395     -1.340      0.881
 178   -2     15.018     -7.194     -0.145
  -1   -2     -8.575     -2.112     -0.878
  -1  210     -6.509     -7.820     -1.527
 228  203     13.175     -9.237      8.246
  -1  130     11.306     -1.523     -3.966
  -1  133     18.336     -2.024      2.491
  74  250      9.954      1.822      1.228
 186  202      5.821     -4.445      2.367
  -1   95     -5.959     -6.349    -10.266
  -1   49     -5.615     -0.995     10.437
 192  187     11.605      0.326     -1.702
  86   -2     -6.334     -9.351     -7.568
 213   -2     19.264      0.354     -2.516
  -1  186     -2.180     -4.203     -9.280
  -1   -2      2.221     -7.099      1.436
 226  253     -3.277      0.331     -3.237
  23   92     -8.545     -6.638     -7.296
  -1  104     16.178     -4.495      5.968
  -1  234      3.155     -6.136      6.977
 119  225     17.908     -3.924     -8.518
 106   47      8.159     -0.780      9.422
  -1   -2      3.009     -4.010      7.377
  54   -2      8.816     -6.573      8.804
  -1   -2     -4.403     -5.956      0.012
  -1   -2     -2.209     -8.135      8.534
  52   18      8.667    -10.557     -8.052
 183   -2     15.596     -5.919     -3.267
  -1  226     -8.341      4.823    -10.248
  -1   -2     -1.035     -2.397     -0.359
 153   -2     -1.957     -4.126     -8.485
  -1  227     17.549      2.361     -1.596
 259  199      0.293      4.694     -8.825
  -1  196     13.573      0.746     -2.511
  -1   -2     -7.837     -1.123     -8.745
  -1  162      1.841    -10.405     -1.064
 105  218     -0.241     -1.480      9.046
  -1   -2    -10.571     -5.309    -10.008
 239   -2     -3.497      3.943     -9.447
  -1  117    -14.940     -7.750      5.969
 184   -2      5.990      1.219      7.593
  -1  223     -4.701      2.222     -3.616
 216   -2     -6.405      3.761     -7.945
  -1  224     14.500      4.845      3.478
  -1   -2      8.894      5.483      7.792
  -1  142     -2.559      0.974      4.087
  -1  181     19.569     -8.710      5.878
  -1   -2     12.122     -1.815    -11.893
  -1   -2     -6.726      1.306     -2.525
  -1   -2     21.718     -6.115      9.143
  -1  163    -11.977     -7.520    -11.663
  -1  236    -10.801      0.068     -1.574
  -1  258    -12.363      1.600     -8.616
 237  263     19.192      4.817     -5.159
 209   79     18.686     -2.056     -4.535
  96  141     17.115     -8.245      2.790
 229  259     -7.142      1.832      2.862
  -1   -2     21.104     -0.998     -3.722
  -1  256     17.804      1.400     -7.101
  -1   -2     22.452     -8.856      6.708
  -1   -2      0.886      3.201      9.230
 220   50     18.927     -5.857      5.964
  -1  215     20.069      1.638     -8.420
  -1   26      0.368     -4.123      0.717
  -1  155      9.007      2.432      3.179
 200  246     16.385      3.710     -8.148
 210   -2      4.386      0.360      8.263
  -1   -2     -9.745      4.939     -6.546
  -1   -2      9.611      4.657      4.012
 152  118     -3.850    -10.485    -10.254
  -1  176     -4.891      0.427      5.819
  -1  194      3.391      0.899      7.947
  -1  172     16.834      2.558      6.396
 203   -2     -4.808     -8.961      2.705
 240   -2     20.111     -3.874     -6.619
  -1   30     10.674      3.168    -11.793
  -1   81     14.431    -11.421     -2.943
  -1  188     -1.874     -1.279     -3.470
  -1   -2     -9.478      3.671     -2.861
  -1  182     -0.638      4.197     -8.825
  -1  178      2.024     -0.551     -5.427
  -1   -2      6.278     -2.962     -4.463
  -1   48     -9.289     -2.378     -2.220
  -1   35     13.825     -3.081    -12.063
 261   -2      4.383     -4.520     -8.572
  -1  175    -11.220     -9.292     -3.149
  -1   -2    -11.220     -9.292     -3.149
 211  146    -11.220     -9.292     -3.149
