641
   0    0      8.829     -5.253      9.063
   1    1      7.769     -5.883      7.791
  80  143      6.782     -9.050     -3.012
   5   17      9.954     -3.360      6.601
  57    4      9.158     -7.539      4.774
  49   -2      7.326     -8.935      6.987
  10   -2      6.399     -4.264     -2.759
 588   12     -4.802     -3.015      9.672
  -1   -2      6.757     -3.826      1.564
  -1   -2     11.855     -3.769      3.796
  -1  172      7.264     -9.682     -7.596
  14   -2     -1.684     -7.406     -6.604
  50   16     10.602     -5.351     -5.142
  16    6      9.300     -2.615      7.943
  20   18     12.074     -5.390      1.221
  18   -2     -0.673     -2.319     -3.195
  87   48     -7.732     -8.364      0.798
 101   -2     10.530      1.759      5.926
  96  131      9.447    -10.029     -1.101
   8   -2      7.200     -4.741     -6.809
  21   23      3.845     -9.405     -6.806
 152   -2      3.799     -5.037     -3.475
  -1   24      4.916     -8.584      5.295
  -1   -2     17.610     -9.524      0.523
  -1   50      9.968     -8.093      5.675
  86   93     -2.453     -9.425     -0.749
  -1   -2     -3.045     -2.169      9.698
   2   -2      5.704     -9.312     -4.414
  66   61     14.207     -6.932     -9.218
  32   -2     11.954     -6.901      4.275
  23   31      6.550     -1.664     -2.240
  30   79     -7.945    -10.127     -7.713
  15    9     12.246     -5.811     -8.479
  59   32      9.675     -0.784     10.216
  44   -2    -11.790     -6.803     -9.899
  61   44     15.380    -10.141     -5.688
  45    8      6.546     -4.924      3.530
 173    5     10.754     -5.218      6.021
  -1   51     -0.124     -6.128      9.683
 169   39      6.809     -2.309     -6.340
  17   -2     -1.450     -5.453      3.089
  41   -2     -8.328     -7.469      2.126
  46   42     11.089     -1.744      3.653
  48   43      9.432     -4.249      4.235
  -1   -2      5.541     -9.469     -9.120
  33  214      3.904     -7.816      5.274
  -1   56      7.558     -9.048      4.926
  25   -2      3.991     -7.528      7.183
 183  100     -7.965     -5.608      4.164
  51   49     -3.244     -4.310     -5.505
  -1   -2     -0.644     -6.532      9.439
 160   30     14.213     -6.749      5.376
  39   -2      7.616     -9.140      3.036
  56   53     -0.135     -7.052      8.577
  55   82     15.574     -0.677     -5.192
  36   -2      8.558     -1.297     10.333
  -1   -2     10.638     -8.060      6.243
  31   -2      9.819     -6.917      3.372
  58   58     19.352     -8.757     -5.737
 181   -2     17.863     -1.568     -3.039
  -1   -2     14.123     -7.364     -6.041
  94   80     -7.915     -3.963     -2.612
  -1   94     -9.512     -8.493      2.953
  67   84     11.988     -8.622     -6.519
  -1   -2      2.900     -5.101      7.398
  19   -2     -7.924     -8.164      5.593
  65   26     18.677     -8.949      0.815
  34   69      8.361     -9.503      2.876
  98   37     14.696     -4.122      3.512
 192   -2     -0.300     -5.547      5.031
 158   -2     -9.222     -8.857     -5.394
 247   -2     16.902     -9.514      1.653
  -1  134     12.251      2.200      8.513
  75   77      4.624     -2.922     -3.274
 123    7      6.553     -9.574    -10.427
 105   73     -9.575     -6.679     -2.942
  76   90     15.455     -3.172     -1.398
  79   75      8.725     -7.503     -9.738
  -1  161     11.075     -9.765      3.599
 124   -2     15.462     -7.353     -1.192
  -1   -2     12.031     -8.876     -5.654
  -1   99      9.498     -4.740     -7.448
  82   87      1.698     -5.919     -6.317
  69   -2     -8.028     -6.597     -1.552
  -1  105      8.802     -8.392      1.233
  38   -2     -0.969     -6.757     -1.817
 144   15     -2.955     -9.420     -8.212
 163  137     -8.793    -10.257     -6.988
 100  166     -7.436     -7.732      1.562
  -1   33     16.249    -10.164     -9.453
  91   86      8.708     -5.437     -7.292
 129   -2      0.351     -4.201      0.740
  97  101      2.718     -1.593      9.649
 118   62     -6.596     -3.055     -1.554
 145   -2     13.592     -7.563      6.729
 159  112     18.118      2.722      3.499
  84   -2     16.344     -9.696      2.572
  -1   72     -5.105    -11.040      4.110
  -1   -2      9.098      6.163      8.853
  -1   -2    -10.290     -3.780     -0.344
  -1   -2    -12.948     -5.171     -4.354
  -1   -2     -0.280      0.750      8.960
  -1   -2     16.333      1.009      0.471
  -1   -2     19.964     -0.122     -2.393
  -1   -2     20.530     -4.526     -3.988
 110  114     16.340     -2.989      0.282
  -1  117    -12.520     -1.536     -9.821
  -1   -2     14.067      3.093     -3.632
  -1  147      0.271      4.703     -8.903
  11  124      6.742    -10.142     -8.739
  -1   -2     -0.037     -0.391      1.715
 111   70    -10.571     -5.309    -10.013
  -1   -2    -11.545     -0.136      9.971
  -1   -2     -0.327     -1.494      9.266
  -1   -2     14.590     -9.626      3.890
  -1   -2     -6.405      3.759     -7.951
  -1  269     -8.570     -0.432     -8.348
  -1  152     15.562      4.684     -6.269
  81   -2     17.766     -8.175     -4.605
  -1  245     14.499      4.841      3.483
  -1   -2     20.261      4.745     -0.793
 130  125     16.265     -2.100    -11.632
  -1   -2     -1.026      2.408     -3.772
 220   11     18.091     -5.207      0.464
  -1  106    -10.479      0.134     -3.727
  -1   52     13.201      0.192     -1.481
  -1  149      0.767     -5.077      2.418
  -1   -2     20.873     -5.307      7.787
  -1   -2     -8.079      4.887     -9.940
  92  102     -3.868     -3.304      0.948
 125  304     -0.616     -2.028      8.269
 257   -2     -7.187     -1.946    -10.108
 137   28     -1.592     -9.185      6.004
  -1  259     19.191      4.817     -5.164
 139  136     -0.012     -9.172      6.592
  -1   -2     14.320      0.507      0.125
  -1  165      5.242     -0.350      5.469
  -1   -2     -0.900      2.028     -3.179
 141   -2    -12.363      1.599     -8.619
  -1  135     -0.398    -10.649      3.959
 140  138     -4.612     -0.737      5.059
  68   10      9.712     -2.254     -0.868
  -1   29    -14.713    -10.735      2.486
 256  148      1.168     -3.721     10.064
 150  146      4.998      1.735     -4.679
  -1   -2    -15.655    -10.161      8.058
  -1  417     21.112     -0.999     -3.746
 146    3      4.842     -7.455      0.459
  93   36     10.725     -9.721     -9.115
  -1   -2     15.975      1.124     -2.756
  -1   19      0.810     -1.657     -3.221
 153  154     -5.866      2.573     -8.937
  -1   -2     15.373     -3.595     -2.875
 156   64      1.661     -4.111      9.480
 155   -2     20.298     -3.051     11.075
  -1   67     18.540     -8.020      1.544
  -1  160      9.974     -7.269     -6.480
  -1   89     13.663     -9.814      4.851
  -1   -2      2.837      1.838      0.156
 164   -2     12.180     -9.875     -6.004
  -1   65     20.174     -2.486      0.085
  -1   22      6.643     -6.480     -7.470
  -1   -2     12.861      3.331     -4.313
  78   46    -11.266     -3.022     -5.030
 175   -2     -1.690     -2.079      9.563
 167  167      6.114     -2.491      8.347
 179   68     15.958     -1.366      0.752
  -1   -2     18.686     -0.978      1.583
  -1   -2      9.921     -3.363      6.549
 539  547      6.825     -3.805      1.762
  -1   -2     12.010     -3.786      3.411
  -1   91     17.490     -9.526      0.804
  -1   -2     -3.033     -2.182      9.802
  -1   20      9.098      6.163      8.853
  -1   -2     -0.280      0.750      8.960
  99   88     16.333      1.009      0.471
  -1   -2    -12.948     -5.171     -4.354
  -1   -2      0.271      4.703     -8.903
  -1   -2    -10.290     -3.780     -0.344
  -1  151     19.964     -0.122     -2.393
  -1   -2     20.530     -4.526     -3.988
 166   -2    -12.520     -1.536     -9.821
  -1   -2     14.067      3.093     -3.632
  -1   -2     -0.037     -0.391      1.715
  -1   -2    -11.545     -0.136      9.971
  -1  253     -0.327     -1.494      9.266
  -1   -2     -8.570     -0.432     -8.348
  -1  531     -6.405      3.759     -7.951
  -1   -2      0.767     -5.077      2.418
  -1   97     -1.026      2.408     -3.772
  -1   -2     14.499      4.841      3.483
  -1   -2     -8.079      4.887     -9.940
  -1  386     20.873     -5.307      7.787
  -1   -2     14.320      0.507      0.125
  -1   -2     19.191      4.817     -5.164
 108   -2     -0.900      2.028     -3.179
 161   -2     20.261      4.745     -0.793
  -1   -2      9.921     -3.363      6.549
  -1   -2      6.825     -3.805      1.762
  -1   -2     12.010     -3.786      3.411
  -1   -2     17.490     -9.526      0.804
  -1   -2     -3.033     -2.182      9.802
  -1   -2      9.098      6.163      8.853
  -1   -2     -0.280      0.750      8.960
  -1   -2    -12.948     -5.171     -4.354
  -1   -2     16.333      1.009      0.471
  -1   -2    -10.290     -3.780     -0.344
  -1   -2     19.964     -0.122     -2.393
  -1   -2     20.530     -4.526     -3.988
  -1   -2      0.271      4.703     -8.903
  -1   -2     -0.037     -0.391      1.715
  -1   -2    -11.545     -0.136      9.971
  -1   -2     -0.327     -1.494      9.266
  -1   -2     -6.405      3.759     -7.951
  -1   -2     -8.570     -0.432     -8.348
  -1   -2     14.499      4.841      3.483
  -1   -2      0.767     -5.077      2.418
  -1   -2     20.873     -5.307      7.787
  -1   -2     -1.026      2.408     -3.772
  -1   -2     -8.079      4.887     -9.940
 112  194     14.320      0.507      0.125
  -1   -2     19.191      4.817     -5.164
  -1   -2      9.921     -3.363      6.549
  -1   -2      9.921     -3.363      6.549
  -1   -2      6.825     -3.805      1.762
  12  220     12.010     -3.786      3.411
  -1   -2     17.490     -9.526      0.804
  -1   -2     -3.033     -2.182      9.802
  -1   -2      9.098      6.163      8.853
  -1   -2     -0.037     -0.391      1.715
  -1   -2    -10.290     -3.780     -0.344
  -1   -2     16.333      1.009      0.471
  -1   -2     -0.280      0.750      8.960
  -1   -2    -12.948     -5.171     -4.354
  -1   -2     19.964     -0.122     -2.393
  -1   -2     20.530     -4.526     -3.988
  -1   -2      0.271      4.703     -8.903
  -1   -2    -11.545     -0.136      9.971
  -1   -2     -0.327     -1.494      9.266
  -1   -2     -6.405      3.759     -7.951
  -1   -2     -8.570     -0.432     -8.348
  -1   -2     14.499      4.841      3.483
  -1   -2     -1.026      2.408     -3.772
  -1   -2     20.873     -5.307      7.787
  -1   -2     -8.079      4.887     -9.940
  -1   -2     19.191      4.817     -5.164
  -1   -2      6.825     -3.805      1.762
  27  261     17.490     -9.526      0.804
  -1   -2     -3.033     -2.182      9.802
  -1   -2    -10.290     -3.780     -0.344
  -1   -2      9.098      6.163      8.853
  -1   -2     -0.280      0.750      8.960
  -1   -2     16.333      1.009      0.471
  -1   -2    -12.948     -5.171     -4.354
  -1  113     19.964     -0.122     -2.393
  -1   -2     20.530     -4.526     -3.988
  -1   -2     -0.037     -0.391      1.715
  -1   -2      0.271      4.703     -8.903
  -1   -2    -11.545     -0.136      9.971
  -1   -2     -0.327     -1.494      9.266
 120  155     -8.570     -0.432     -8.348
  -1   -2     -6.405      3.759     -7.951
  -1   -2     20.873     -5.307      7.787
 241   -2     14.499      4.841      3.483
  -1   -2     -1.026      2.408     -3.772
  -1   -2     -8.079      4.887     -9.940
 245   -2     19.191      4.817     -5.164
  -1   -2      9.921     -3.363      6.549
  -1   -2      9.921     -3.363      6.549
  -1   -2     -3.033     -2.182      9.802
  -1   -2      9.098      6.163      8.853
  -1   -2     -0.280      0.750      8.960
  -1   -2     16.333      1.009      0.471
 310  108    -12.948     -5.171     -4.354
  -1   -2     20.530     -4.526     -3.988
  -1   -2     -0.037     -0.391      1.715
  -1   -2    -10.290     -3.780     -0.344
  -1   -2      0.271      4.703     -8.903
  -1   -2    -11.545     -0.136      9.971
  -1   -2     -0.327     -1.494      9.266
  -1   -2     -6.405      3.759     -7.951
  -1   -2     20.873     -5.307      7.787
 302  311     -1.026      2.408     -3.772
  -1   -2     -8.079      4.887     -9.940
  -1   -2      9.921     -3.363      6.549
  -1   -2      6.825     -3.805      1.762
  -1   -2     -3.033     -2.182      9.802
  -1   -2     16.333      1.009      0.471
  -1   -2      9.098      6.163      8.853
  -1   -2     -0.280      0.750      8.960
  -1   -2     20.530     -4.526     -3.988
  -1   -2     -0.037     -0.391      1.715
  -1   -2    -10.290     -3.780     -0.344
  -1   -2      0.271      4.703     -8.903
  -1   -2    -11.545     -0.136      9.971
  -1   -2     -0.327     -1.494      9.266
  -1   -2     -6.405      3.759     -7.951
  -1   -2     20.873     -5.307      7.787
  -1   -2     -8.079      4.887     -9.940
  -1   -2      6.825     -3.805      1.762
  -1   -2     -3.033     -2.182      9.802
  -1   -2     -0.280      0.750      8.960
  -1   -2      9.098      6.163      8.853
  -1   -2     16.333      1.009      0.471
  -1   -2     -0.037     -0.391      1.715
  -1   -2     20.530     -4.526     -3.988
  -1   -2      0.271      4.703     -8.903
  -1   -2    -11.545     -0.136      9.971
  -1   -2     -0.327     -1.494      9.266
  -1   -2     -6.405      3.759     -7.951
  -1   -2     -8.079      4.887     -9.940
  -1   -2     20.873     -5.307      7.787
  -1   -2      6.825     -3.805      1.762
  -1   -2     -3.033     -2.182      9.802
  -1   -2      9.098      6.163      8.853
  -1   -2     -0.037     -0.391      1.715
  -1   -2     16.333      1.009      0.471
  -1   -2     -0.280      0.750      8.960
  -1   -2     20.530     -4.526     -3.988
  -1   -2      0.271      4.703     -8.903
  -1   -2    -11.545     -0.136      9.971
  -1   -2     -6.405      3.759     -7.951
  -1   -2     20.873     -5.307      7.787
  -1   -2     -8.079      4.887     -9.940
  -1   -2      6.825     -3.805      1.762
  -1   -2     -3.033     -2.182      9.802
  -1   -2      9.098      6.163      8.853
  -1   -2     16.333      1.009      0.471
 103  111     -0.280      0.750      8.960
  -1   -2     -0.037     -0.391      1.715
  -1   -2     20.530     -4.526     -3.988
  -1   -2      0.271      4.703     -8.903
  -1   -2    -11.545     -0.136      9.971
  -1   -2     -6.405      3.759     -7.951
  -1   -2     20.873     -5.307      7.787
  -1   -2     -8.079      4.887     -9.940
  -1   -2      9.921     -3.363      6.549
  -1   -2      9.921     -3.363      6.549
  -1   -2      6.825     -3.805      1.762
  -1   -2     -3.033     -2.182      9.802
  -1   -2      9.098      6.163      8.853
  -1   -2     16.333      1.009      0.471
  -1   -2     20.530     -4.526     -3.988
  -1   -2      0.271      4.703     -8.903
 184  329     -0.037     -0.391      1.715
  -1   -2    -11.545     -0.136      9.971
  -1   -2     -6.405      3.759     -7.951
  -1   -2     20.873     -5.307      7.787
  -1   -2     -8.079      4.887     -9.940
  -1   -2      9.921     -3.363      6.549
  -1   -2      9.921     -3.363      6.549
  -1   -2      6.825     -3.805      1.762
  -1   -2     -3.033     -2.182      9.802
  -1   -2      9.098      6.163      8.853
 190   -2     16.333      1.009      0.471
  -1   -2     20.530     -4.526     -3.988
  -1   -2      0.271      4.703     -8.903
  -1   -2    -11.545     -0.136      9.971
  -1   -2     -6.405      3.759     -7.951
  -1   -2     20.873     -5.307      7.787
  -1   -2     -8.079      4.887     -9.940
  -1   -2      9.921     -3.363      6.549
  -1   -2      9.921     -3.363      6.549
  -1   -2      6.825     -3.805      1.762
  -1   -2     -3.033     -2.182      9.802
  -1   -2      9.098      6.163      8.853
  -1   -2     20.530     -4.526     -3.988
  -1   -2      0.271      4.703     -8.903
 356  364    -11.545     -0.136      9.971
  -1   -2     -6.405      3.759     -7.951
  -1   -2     20.873     -5.307      7.787
  -1   -2     -8.079      4.887     -9.940
  -1   -2      9.921     -3.363      6.549
  -1   -2      6.825     -3.805      1.762
  -1   -2     -3.033     -2.182      9.802
  -1   -2      9.098      6.163      8.853
  -1   -2     20.530     -4.526     -3.988
  -1   -2      0.271      4.703     -8.903
  -1   -2     -6.405      3.759     -7.951
  -1   -2     -8.079      4.887     -9.940
  -1   -2     20.873     -5.307      7.787
  -1   -2      6.825     -3.805      1.762
  -1   -2     -3.033     -2.182      9.802
  -1   -2      9.098      6.163      8.853
  -1   -2      0.271      4.703     -8.903
  -1   -2     20.530     -4.526     -3.988
  -1   -2     -6.405      3.759     -7.951
  -1   -2     -8.079      4.887     -9.940
 378   -2     20.873     -5.307      7.787
  -1   -2      9.921     -3.363      6.549
  -1   -2      9.921     -3.363      6.549
  -1   -2      6.825     -3.805      1.762
  -1   -2     -3.033     -2.182      9.802
  -1   -2      9.098      6.163      8.853
  -1   -2      0.271      4.703     -8.903
  -1   -2     20.530     -4.526     -3.988
  -1   -2     -6.405      3.759     -7.951
  -1   -2     -8.079      4.887     -9.940
  -1   -2      9.921     -3.363      6.549
  -1   -2      6.825     -3.805      1.762
  -1   -2     -3.033     -2.182      9.802
  -1   -2      9.098      6.163      8.853
  -1   -2     20.530     -4.526     -3.988
  -1   -2      0.271      4.703     -8.903
  -1   -2     -6.405      3.759     -7.951
  -1   -2     -8.079      4.887     -9.940
  -1   -2      6.825     -3.805      1.762
  -1   -2     -3.033     -2.182      9.802
  -1   -2      9.098      6.163      8.853
  -1   -2     20.530     -4.526     -3.988
  -1   -2      0.271      4.703     -8.903
  -1   -2     -6.405      3.759     -7.951
  -1   -2     -8.079      4.887     -9.940
  -1   -2      9.921     -3.363      6.549
  -1   -2      9.921     -3.363      6.549
  -1   -2      6.825     -3.805      1.762
  -1   -2     -3.033     -2.182      9.802
  -1   -2      9.098      6.163      8.853
  -1   -2     20.530     -4.526     -3.988
  -1   -2      0.271      4.703     -8.903
  -1   -2     -6.405      3.759     -7.951
  -1   -2     -8.079      4.887     -9.940
  -1   -2      9.921     -3.363      6.549
  -1   -2      9.921     -3.363      6.549
  -1   -2      6.825     -3.805      1.762
  -1   -2     -3.033     -2.182      9.802
  -1   -2      9.098      6.163      8.853
  -1   -2      0.271      4.703     -8.903
  -1   -2     20.530     -4.526     -3.988
  -1   -2     -6.405      3.759     -7.951
  -1   -2     -8.079      4.887     -9.940
  -1   -2      6.825     -3.805      1.762
  -1   -2     -3.033     -2.182      9.802
  -1   -2     20.530     -4.526     -3.988
  -1   -2      0.271      4.703     -8.903
 416   -2      9.098      6.163      8.853
  -1   -2     -6.405      3.759     -7.951
  -1   -2     -8.079      4.887     -9.940
  -1   -2      9.921     -3.363      6.549
  -1   -2      6.825     -3.805      1.762
  -1   -2     -3.033     -2.182      9.802
  -1   -2     20.530     -4.526     -3.988
  -1   -2      0.271      4.703     -8.903
  -1   -2     -6.405      3.759     -7.951
  -1   -2     -8.079      4.887     -9.940
  -1   -2      9.921     -3.363      6.549
  -1   -2      9.921     -3.363      6.549
  -1   -2      6.825     -3.805      1.762
  -1   -2     -3.033     -2.182      9.802
 109   -2     20.530     -4.526     -3.988
  -1   -2      0.271      4.703     -8.903
  -1   -2     -6.405      3.759     -7.951
  -1   -2     -8.079      4.887     -9.940
  -1   -2      9.921     -3.363      6.549
  -1   -2      9.921     -3.363      6.549
  -1   -2      6.825     -3.805      1.762
  -1   -2     -3.033     -2.182      9.802
  -1   -2      0.271      4.703     -8.903
  -1   -2     -6.405      3.759     -7.951
  -1   -2     -8.079      4.887     -9.940
  -1   -2      9.921     -3.363      6.549
  -1   -2      6.825     -3.805      1.762
  -1   -2      0.271      4.703     -8.903
  -1   -2     -6.405      3.759     -7.951
  -1   -2     -8.079      4.887     -9.940
  -1   -2      6.825     -3.805      1.762
  -1   -2     -3.033     -2.182      9.802
  -1   -2      0.271      4.703     -8.903
  -1   -2     -6.405      3.759     -7.951
  -1   -2     -8.079      4.887     -9.940
  -1   -2      9.921     -3.363      6.549
  -1   -2      9.921     -3.363      6.549
  -1   -2      6.825     -3.805      1.762
  -1   -2     -3.033     -2.182      9.802
  -1   -2      0.271      4.703     -8.903
  -1   -2     -6.405      3.759     -7.951
  -1   -2     -8.079      4.887     -9.940
  -1   -2      9.921     -3.363      6.549
  -1   -2      6.825     -3.805      1.762
  -1   -2     -3.033     -2.182      9.802
  -1   -2      0.271      4.703     -8.903
  -1   -2     -6.405      3.759     -7.951
  -1   -2     -8.079      4.887     -9.940
  -1   -2      6.825     -3.805      1.762
  -1   -2     -3.033     -2.182      9.802
  -1   -2      0.271      4.703     -8.903
  -1   -2     -6.405      3.759     -7.951
  -1   -2     -8.079      4.887     -9.940
  -1   -2      6.825     -3.805      1.762
  -1   -2     -3.033     -2.182      9.802
  -1   -2      0.271      4.703     -8.903
  -1   -2     -6.405      3.759     -7.951
  -1   -2     -8.079      4.887     -9.940
  -1   -2      9.921     -3.363      6.549
  -1   -2      9.921     -3.363      6.549
  -1   -2      6.825     -3.805      1.762
  -1   -2     -3.033     -2.182      9.802
  -1   -2      0.271      4.703     -8.903
  -1   -2     -6.405      3.759     -7.951
  -1   -2     -8.079      4.887     -9.940
  -1   -2      9.921     -3.363      6.549
  -1   -2      6.825     -3.805      1.762
  -1   -2     -3.033     -2.182      9.802
  -1   -2      0.271      4.703     -8.903
  -1   -2     -6.405      3.759     -7.951
  -1   -2     -8.079      4.887     -9.940
  -1   -2      9.921     -3.363      6.549
  -1   -2      6.825     -3.805      1.762
  -1   -2     -3.033     -2.182      9.802
  -1   -2      0.271      4.703     -8.903
  -1   -2     -6.405      3.759     -7.951
  -1   -2     -8.079      4.887     -9.940
  -1   -2      9.921     -3.363      6.549
  -1   -2      6.825     -3.805      1.762
  -1   -2     -3.033     -2.182      9.802
  -1   -2      0.271      4.703     -8.903
  -1   -2     -6.405      3.759     -7.951
  -1   -2     -8.079      4.887     -9.940
  -1   -2      9.921     -3.363      6.549
  -1   -2      9.921     -3.363      6.549
  -1   -2      6.825     -3.805      1.762
  -1   -2     -3.033     -2.182      9.802
  -1   -2      0.271      4.703     -8.903
  -1   -2     -6.405      3.759     -7.951
  -1   -2     -8.079      4.887     -9.940
  -1   -2      9.921     -3.363      6.549
  -1   -2      6.825     -3.805      1.762
  -1   -2     -3.033     -2.182      9.802
  -1   -2      0.271      4.703     -8.903
  -1   -2     -6.405      3.759     -7.951
  -1   -2     -8.079      4.887     -9.940
  -1   -2      9.921     -3.363      6.549
  -1   -2      9.921     -3.363      6.549
  -1   -2      6.825     -3.805      1.762
  -1   -2     -3.033     -2.182      9.802
  -1   -2      0.271      4.703     -8.903
  -1   -2     -6.405      3.759     -7.951
  -1   -2     -8.079      4.887     -9.940
  -1   -2      9.921     -3.363      6.549
  -1   -2      6.825     -3.805      1.762
  -1   -2     -3.033     -2.182      9.802
  -1   -2      0.271      4.703     -8.903
  -1   -2     -6.405      3.759     -7.951
  -1   -2     -8.079      4.887     -9.940
  -1   -2      9.921     -3.363      6.549
  -1   -2      9.921     -3.363      6.549
  -1   -2      6.825     -3.805      1.762
  -1   -2     -3.033     -2.182      9.802
  -1   -2      0.271      4.703     -8.903
  -1   -2     -6.405      3.759     -7.951
  -1   -2     -8.079      4.887     -9.940
  -1   -2      9.921     -3.363      6.549
  -1   -2      9.921     -3.363      6.549
  -1   -2      6.825     -3.805      1.762
  -1   -2     -3.033     -2.182      9.802
  -1   -2      0.271      4.703     -8.903
 119   -2     -6.405      3.759     -7.951
  -1   -2     -8.079      4.887     -9.940
  -1   -2      6.825     -3.805      1.762
  -1   -2     -3.033     -2.182      9.802
  -1   -2      0.271      4.703     -8.903
  -1   -2     -8.079      4.887     -9.940
  -1   -2      9.921     -3.363      6.549
  -1   -2      6.825     -3.805      1.762
  -1   -2     -3.033     -2.182      9.802
  -1   -2      0.271      4.703     -8.903
  -1   -2     -8.079      4.887     -9.940
  -1   -2      9.921     -3.363      6.549
  -1   -2      6.825     -3.805      1.762
  -1   -2     -3.033     -2.182      9.802
  -1   -2      0.271      4.703     -8.903
  -1   -2     -8.079      4.887     -9.940
  -1   -2      6.825     -3.805      1.762
  -1   -2     -3.033     -2.182      9.802
  -1   -2      0.271      4.703     -8.903
  -1   -2     -8.079      4.887     -9.940
  -1   -2      9.921     -3.363      6.549
  -1   -2      6.825     -3.805      1.762
  -1   -2     -3.033     -2.182      9.802
  -1   -2      0.271      4.703     -8.903
  -1   -2     -8.079      4.887     -9.940
  -1   -2      9.921     -3.363      6.549
  -1   -2      6.825     -3.805      1.762
  -1   -2     -3.033     -2.182      9.802
  -1   -2      0.271      4.703     -8.903
  -1   -2     -8.079      4.887     -9.940
  -1   -2      6.825     -3.805      1.762
  -1   -2     -3.033     -2.182      9.802
  -1   -2      0.271      4.703     -8.903
  -1   -2     -8.079      4.887     -9.940
 171   25      6.825     -3.805      1.762
  -1   -2     -3.033     -2.182      9.802
  -1   -2      0.271      4.703     -8.903
  -1   -2     -8.079      4.887     -9.940
  -1   -2     -3.033     -2.182      9.802
  -1   -2      0.271      4.703     -8.903
  -1   -2     -8.079      4.887     -9.940
  -1   -2     -3.033     -2.182      9.802
  -1   -2      0.271      4.703     -8.903
  -1   -2     -8.079      4.887     -9.940
  -1   -2     -3.033     -2.182      9.802
  -1   -2      0.271      4.703     -8.903
  -1   -2     -8.079      4.887     -9.940
  -1   -2      0.271      4.703     -8.903
  -1   -2     -8.079      4.887     -9.940
  -1   -2     -3.033     -2.182      9.802
  -1   -2      0.271      4.703     -8.903
  -1   -2     -8.079      4.887     -9.940
  28  593     -3.033     -2.182      9.802
  -1   -2      0.271      4.703     -8.903
  -1   -2     -8.079      4.887     -9.940
  -1   -2      0.271      4.703     -8.903
  -1   -2     -8.079      4.887     -9.940
  -1   -2      0.271      4.703     -8.903
  -1   -2     -8.079      4.887     -9.940
  -1   -2      0.271      4.703     -8.903
  -1   -2     -8.079      4.887     -9.940
  -1   -2      0.271      4.703     -8.903
  -1   -2     -8.079      4.887     -9.940
  -1   -2      0.271      4.703     -8.903
 605  187     -8.079      4.887     -9.940
  -1   -2      0.271      4.703     -8.903
  -1   -2      0.271      4.703     -8.903
  -1   -2      0.271      4.703     -8.903
  -1   -2      0.271      4.703     -8.903
  -1   -2      0.271      4.703     -8.903
  -1   -2      0.271      4.703     -8.903
  -1   -2      0.271      4.703     -8.903
  -1   -2      0.271      4.703     -8.903
  -1   -2      0.271      4.703     -8.903
  -1   -2      0.271      4.703     -8.903
  -1   -2      0.271      4.703     -8.903
  -1   -2      0.271      4.703     -8.903
  -1   -2      0.271      4.703     -8.903
  -1   -2      0.271      4.703     -8.903
  -1   -2      0.271      4.703     -8.903
  -1   -2      0.271      4.703     -8.903
  -1   -2      0.271      4.703     -8.903
  -1   -2      0.271      4.703     -8.903
  -1   -2      0.271      4.703     -8.903
 617  624      0.271      4.703     -8.903
