598
   0   -2      8.814     -5.262      9.015
 151  132      6.796     -9.071     -2.888
   2   -2      9.959     -3.361      6.578
   3   -2      6.866     -9.058      4.916
  55    3     12.003     -5.789     -8.818
   6    5      6.400     -4.268     -2.765
 125   -2     -4.800     -3.015      9.662
  -1  531      6.732     -3.838      1.474
  -1  335     11.863     -3.770      3.787
 156   -2      9.981     -6.501      6.331
   8   -2     12.035     -6.984      4.543
   4   12     10.602     -5.351     -5.144
  -1   -2     -1.685     -7.410     -6.622
 153   30      9.301     -2.616      7.942
  46   -2      2.546     -4.923     -9.422
  14   15     -0.674     -2.320     -3.202
  15   17     10.530      1.758      5.926
  16   -2      7.206     -4.742     -6.825
   9  143      9.468     -7.616      5.298
  -1   -2     -0.768     -9.058      4.368
  47    4      4.917     -8.585      5.289
  56  119     14.389     -7.803     -5.174
  75   -2      3.795     -5.037     -3.493
  -1   -2     -3.044     -2.171      9.691
  24   21     -2.061     -9.374      0.293
  -1   23     12.058     -5.399      1.233
 106   31     11.597     -7.510      8.195
  26   22     14.203     -6.933     -9.215
  61   39     19.010     -9.462     -6.423
  27   25      6.555     -1.665     -2.246
  28   27      9.674     -0.785     10.210
  22   -2     10.755     -5.219      6.015
  50   32     -5.573     -5.345     -4.384
  29   28      6.611     -9.569     -5.807
  31   36    -11.796     -6.802     -9.924
  33   37     -8.324     -7.471      2.124
  34   35      1.384     -9.946      4.155
  -1   -2      6.805     -2.313     -6.361
  38   38      9.431     -4.250      4.237
  37   41     11.068     -1.747      3.706
  18   40      4.139     -7.809      5.887
  43   -2     -3.374     -9.294     -4.729
  -1   -2     15.573     -0.677     -5.176
  62   -2     14.212     -6.744      5.378
  -1   63     -4.137     -4.872     -4.326
  45   59     19.394     -8.714     -5.444
  48   49     -0.648     -6.532      9.427
  49   47     -6.132     -9.758     10.217
 117   44     -3.251     -4.311     -5.522
 110  107     17.657     -8.283     -7.157
 118    0      8.532     -7.541      9.842
  53   48     12.214     -8.727     -7.188
  87   -2     -5.916     -8.183      3.041
  -1   53     11.963     -5.716    -10.920
 143   -2     17.854     -1.573     -3.078
 131   51      7.761     -0.072     -7.682
  32   52     -0.135     -7.054      8.561
  -1  317     -3.368     -4.889      9.047
  35   76     -2.155     -6.086      0.016
  71   -2      2.894     -5.101      7.410
  -1   56      9.807     -6.921      3.331
  51   72     -8.304     -8.421     -0.607
 162   -2     13.047      0.154     -1.130
  63   -2     14.692     -4.120      3.502
  67  112     12.258      2.196      8.534
  93   62     18.651     -8.930      0.910
  66   66     15.456     -3.173     -1.397
 522   18      4.619     -2.922     -3.251
  70   -2     14.742     -2.504     -4.630
  76   -2     -9.571     -6.680     -2.941
 121   67     -9.663     -2.135     -7.482
 146   61     18.008     -9.630    -10.373
  -1   77      9.498     -4.741     -7.451
  42   -2     -2.905    -10.194      5.439
  80   74     -0.971     -6.760     -1.813
 445  148      2.719     -1.594      9.649
  -1  236     17.422      2.725      5.068
  74   -2      8.701     -5.440     -7.278
  -1   42     -2.531     -9.359     -7.082
  82   80     -6.593     -3.054     -1.553
  83  115     16.333      1.009      0.474
  89  157     -0.279      0.751      8.960
  -1   -2      0.271      4.702     -8.897
  88  306     17.552      2.361     -1.603
  -1   -2     -0.038     -0.389      1.701
  -1   -2     19.963     -0.122     -2.391
  98  163      9.095      6.174      8.862
  -1  220     20.528     -4.525     -3.980
 225   -2     16.339     -2.988      0.280
  -1   -2    -12.518     -1.536     -9.818
 145  182    -10.287     -3.782     -0.349
  -1   10     -0.187     -5.719    -12.018
  -1  130     14.086      3.092     -3.680
  -1   95      8.296    -11.010     -1.231
  -1   -2    -11.545     -0.139      9.974
  -1  122     -8.571    -10.807      8.630
 101   99    -10.570     -5.310    -10.013
  -1  451     -0.325     -1.498      9.263
  58   55     -8.249     -6.709     -2.517
  -1   45    -12.863     -6.597     -8.089
  -1   -2     -6.404      3.760     -7.952
  -1   -2     -8.567     -0.433     -8.359
 107  103     12.321     -9.582      1.611
  -1  244     18.090     -5.223      0.462
  -1   -2      1.323     -4.028     -1.820
  -1   -2     14.501      4.843      3.479
 134   11      5.112     -7.410     -0.221
 113  109     16.271     -2.101    -11.651
  -1   -2      0.780     -5.081      2.379
  -1   -2     -1.026      2.408     -3.776
  -1   -2     -7.183     -1.953    -10.103
 115  110    -10.479      0.134     -3.726
  -1    8      7.649     -8.691     10.037
  -1   -2     -8.078      4.890     -9.944
  92   -2     14.320      0.508      0.122
  -1    1      4.255    -10.466     -8.262
 123  118     -1.579     -9.185      6.025
  -1   -2     19.192      4.818     -5.164
  -1  116     -4.611     -0.737      5.064
  -1   -2    -12.362      1.599     -8.617
  -1  153     12.297     -9.247      4.357
 122   26     16.217     -7.599     -7.268
 120   -2      6.142     -9.587    -10.870
  -1   -2     -0.903      2.027     -3.168
  36   -2      7.470     -1.671     -7.886
  -1   -2     13.939     -7.687      9.943
 133   -2      5.011      1.737     -4.714
  -1   -2     -5.935    -10.460      7.907
  86   -2     15.366     -3.595     -2.862
  -1   -2     15.975      1.124     -2.756
  -1   83     -1.751     -8.282      8.340
  -1   54     19.761     -4.596     -3.298
  -1   -2      9.126     -9.260     10.163
  95   -2     18.904     -0.667     -2.947
 135  134     -5.867      2.574     -8.940
 128   -2     20.308     -3.051     11.090
 139   -2      9.973     -7.273     -6.476
  90   73      0.796     -1.654     -3.166
  73   -2      8.969     -7.504    -10.404
  -1  137      1.660     -4.111      9.482
  -1  139     -5.255    -12.184     -9.171
  -1   79     -0.952     -9.504      9.043
  -1  141     -4.022    -10.434     -9.456
  -1  142      6.652     -6.483     -7.489
 141  140      2.840      1.840      0.159
  -1   87     20.174     -2.486      0.087
  -1   75    -11.330     -9.872     -8.674
  -1   64     16.012     -5.439      6.859
  -1   -2      7.744     -8.513      9.084
 124  500      7.218     -1.695      5.643
  -1   -2      6.123     -2.495      8.346
  91   -2    -11.264     -3.026     -5.030
 167  568     -1.686     -2.082      9.569
   5   34      6.300     -2.960     -4.525
  -1   -2      9.921     -3.368      6.550
  -1   -2      9.921     -3.368      6.550
  -1   -2      6.732     -3.838      1.474
  -1   -2     12.025     -3.789      3.385
 249  267     -0.830     -9.064      4.205
  -1   -2     -3.032     -2.184      9.801
  -1   -2     16.333      1.009      0.474
 182  124     -0.038     -0.389      1.701
  -1  131     19.963     -0.122     -2.391
  -1   -2     20.528     -4.525     -3.980
  -1  610      0.271      4.702     -8.897
  -1  145    -12.518     -1.536     -9.818
  -1   -2    -11.545     -0.139      9.974
 132   -2     -8.571    -10.807      8.630
  -1   -2     -0.325     -1.498      9.263
  -1  580     -6.404      3.760     -7.952
  -1   -2     18.090     -5.223      0.462
  -1   -2     -8.567     -0.433     -8.359
  -1  413     -1.026      2.408     -3.776
  -1   -2     14.501      4.843      3.479
 111  104      1.323     -4.028     -1.820
  -1   -2     -8.078      4.890     -9.944
  -1   -2     19.192      4.818     -5.164
  -1   -2      6.732     -3.838      1.474
  -1   -2     12.025     -3.789      3.385
  -1   -2     -0.830     -9.064      4.205
  -1   -2     -3.032     -2.184      9.801
  79   46     16.333      1.009      0.474
  -1   -2      0.271      4.702     -8.897
 201  160     20.528     -4.525     -3.980
  -1   -2    -12.518     -1.536     -9.818
  -1   -2    -11.545     -0.139      9.974
  -1   -2     -0.325     -1.498      9.263
  -1   -2     -6.404      3.760     -7.952
  -1   -2     -8.567     -0.433     -8.359
  -1   -2     18.090     -5.223      0.462
  -1   -2     -1.026      2.408     -3.776
  -1   -2     14.501      4.843      3.479
  -1   -2     -8.078      4.890     -9.944
  -1   -2     19.192      4.818     -5.164
  -1   -2      6.732     -3.838      1.474
  -1   -2     12.025     -3.789      3.385
  -1   -2     -0.830     -9.064      4.205
  -1   -2     -3.032     -2.184      9.801
  -1   -2      0.271      4.702     -8.897
  -1   -2    -11.545     -0.139      9.974
  -1   -2     -0.325     -1.498      9.263
  -1   -2     -6.404      3.760     -7.952
  -1   -2     -8.567     -0.433     -8.359
  -1   -2     -1.026      2.408     -3.776
  -1   -2     14.501      4.843      3.479
  -1  129      0.780     -5.081      2.379
  -1   -2     18.090     -5.223      0.462
  -1   -2     -8.078      4.890     -9.944
  -1   -2     19.192      4.818     -5.164
  -1   -2      6.732     -3.838      1.474
  -1   -2     12.025     -3.789      3.385
  -1   -2     -0.830     -9.064      4.205
  -1   -2     -3.032     -2.184      9.801
  -1   -2      0.271      4.702     -8.897
  -1   -2    -11.545     -0.139      9.974
  -1   -2     -0.325     -1.498      9.263
  -1   -2     18.090     -5.223      0.462
  -1   -2     -8.567     -0.433     -8.359
  -1   -2     -6.404      3.760     -7.952
  -1   -2     14.501      4.843      3.479
  -1   -2      0.780     -5.081      2.379
  -1   -2     -1.026      2.408     -3.776
  -1   -2     -8.078      4.890     -9.944
  -1   -2     19.192      4.818     -5.164
  -1   -2      6.732     -3.838      1.474
  -1   -2     12.025     -3.789      3.385
  -1   -2     -0.830     -9.064      4.205
  -1   -2     -3.032     -2.184      9.801
  -1   -2      0.271      4.702     -8.897
  -1   -2    -11.545     -0.139      9.974
  -1   -2     -0.325     -1.498      9.263
  -1   -2     -6.404      3.760     -7.952
  -1   -2     -8.567     -0.433     -8.359
  -1   -2     -1.026      2.408     -3.776
  -1   -2     14.501      4.843      3.479
  -1   -2      0.780     -5.081      2.379
  -1   -2     -8.078      4.890     -9.944
  -1   -2     19.192      4.818     -5.164
  -1   -2      9.921     -3.368      6.550
  -1   -2      9.921     -3.368      6.550
  -1   -2      6.732     -3.838      1.474
  -1   -2     12.025     -3.789      3.385
  -1   -2     -0.830     -9.064      4.205
  -1   -2     -3.032     -2.184      9.801
  -1   -2      0.271      4.702     -8.897
  -1   -2    -11.545     -0.139      9.974
  -1   -2     -0.325     -1.498      9.263
  -1   -2     -6.404      3.760     -7.952
  -1   -2     -8.567     -0.433     -8.359
  -1   -2     -1.026      2.408     -3.776
  -1   -2     14.501      4.843      3.479
  -1   -2      0.780     -5.081      2.379
  -1   -2     -8.078      4.890     -9.944
  -1   -2     19.192      4.818     -5.164
  -1   -2      9.921     -3.368      6.550
  -1   -2      6.732     -3.838      1.474
  -1   -2     12.025     -3.789      3.385
  13   -2     -0.830     -9.064      4.205
  -1   -2     -3.032     -2.184      9.801
  -1   -2      0.271      4.702     -8.897
  -1   -2    -12.518     -1.536     -9.818
  -1   -2    -11.545     -0.139      9.974
  -1   -2     -0.325     -1.498      9.263
  -1   -2     -8.567     -0.433     -8.359
  -1   -2     -6.404      3.760     -7.952
  -1   -2      0.780     -5.081      2.379
  -1   -2     14.501      4.843      3.479
  -1   -2     -1.026      2.408     -3.776
  -1   -2     -8.078      4.890     -9.944
  -1   -2     19.192      4.818     -5.164
  -1   -2      9.921     -3.368      6.550
  -1   -2      6.732     -3.838      1.474
  -1   -2     12.025     -3.789      3.385
  -1   -2     -3.032     -2.184      9.801
  -1   -2      0.271      4.702     -8.897
  -1   -2    -12.518     -1.536     -9.818
  -1   -2    -11.545     -0.139      9.974
  -1   -2     -0.325     -1.498      9.263
  -1   -2     -6.404      3.760     -7.952
  -1   -2     -8.567     -0.433     -8.359
  -1   -2     14.501      4.843      3.479
  -1   -2     -1.026      2.408     -3.776
  -1   -2      0.780     -5.081      2.379
  -1   -2     -8.078      4.890     -9.944
  -1   -2     19.192      4.818     -5.164
  -1   -2      9.921     -3.368      6.550
  -1   -2      9.921     -3.368      6.550
  -1   -2      6.732     -3.838      1.474
  -1   -2     12.025     -3.789      3.385
  -1   -2     -3.032     -2.184      9.801
  -1   -2      0.271      4.702     -8.897
  -1   -2    -11.545     -0.139      9.974
  -1   -2     -0.325     -1.498      9.263
  -1   -2     -8.567     -0.433     -8.359
  -1   -2     -6.404      3.760     -7.952
  -1   -2     14.501      4.843      3.479
  -1   -2     -1.026      2.408     -3.776
  -1   -2      0.780     -5.081      2.379
  -1   -2     -8.078      4.890     -9.944
  -1   -2     19.192      4.818     -5.164
  -1   -2      9.921     -3.368      6.550
  -1   -2      9.921     -3.368      6.550
  -1   -2      6.732     -3.838      1.474
  -1   -2     12.025     -3.789      3.385
  -1   -2     -3.032     -2.184      9.801
  -1   -2      0.271      4.702     -8.897
  -1   -2    -12.518     -1.536     -9.818
  -1   -2    -11.545     -0.139      9.974
  -1   -2     -0.325     -1.498      9.263
  -1   -2     -8.567     -0.433     -8.359
  -1   -2     -6.404      3.760     -7.952
  -1   -2     14.501      4.843      3.479
  -1   -2      0.780     -5.081      2.379
  -1   -2     -1.026      2.408     -3.776
  -1   -2     -8.078      4.890     -9.944
  -1   -2     19.192      4.818     -5.164
  -1   -2      6.732     -3.838      1.474
  -1   -2     12.025     -3.789      3.385
  -1   -2     -3.032     -2.184      9.801
  -1   -2      0.271      4.702     -8.897
  -1   -2    -11.545     -0.139      9.974
  -1   -2     -0.325     -1.498      9.263
  -1   -2     -6.404      3.760     -7.952
  -1   -2     -8.567     -0.433     -8.359
  -1   -2     14.501      4.843      3.479
 116   -2      0.780     -5.081      2.379
  -1   -2     -1.026      2.408     -3.776
  -1   -2     -8.078      4.890     -9.944
  -1   -2      9.921     -3.368      6.550
  -1   -2      9.921     -3.368      6.550
  -1   -2      6.732     -3.838      1.474
  -1   -2     12.025     -3.789      3.385
  -1   -2     -3.032     -2.184      9.801
  -1   -2      0.271      4.702     -8.897
  -1   -2    -12.518     -1.536     -9.818
  -1   -2    -11.545     -0.139      9.974
  -1   -2     -0.325     -1.498      9.263
  -1   -2     -6.404      3.760     -7.952
  -1   -2     -8.567     -0.433     -8.359
  -1   -2     14.501      4.843      3.479
  -1   -2     -1.026      2.408     -3.776
  -1   -2     -8.078      4.890     -9.944
  -1   -2      9.921     -3.368      6.550
  -1   -2      6.732     -3.838      1.474
 318   -2     12.025     -3.789      3.385
  -1   -2     -3.032     -2.184      9.801
  -1   -2      0.271      4.702     -8.897
  -1   -2    -11.545     -0.139      9.974
  -1   -2     -0.325     -1.498      9.263
  -1   -2     -6.404      3.760     -7.952
  -1   -2     -8.567     -0.433     -8.359
  -1   -2     14.501      4.843      3.479
  -1   -2     -1.026      2.408     -3.776
  -1   -2     -8.078      4.890     -9.944
  -1   -2      6.732     -3.838      1.474
  -1   -2     -3.032     -2.184      9.801
  -1   -2      0.271      4.702     -8.897
  -1   -2    -12.518     -1.536     -9.818
  -1   -2    -11.545     -0.139      9.974
  -1   -2     -0.325     -1.498      9.263
  -1   -2     -6.404      3.760     -7.952
  -1   -2     -8.567     -0.433     -8.359
  -1   -2     14.501      4.843      3.479
  -1   -2     -1.026      2.408     -3.776
  -1   -2     -8.078      4.890     -9.944
  -1   -2      6.732     -3.838      1.474
  -1   -2     -3.032     -2.184      9.801
  -1   -2      0.271      4.702     -8.897
  -1   -2    -12.518     -1.536     -9.818
  -1   -2    -11.545     -0.139      9.974
  -1   -2     -0.325     -1.498      9.263
  -1   -2     -6.404      3.760     -7.952
  -1   -2     -8.567     -0.433     -8.359
  -1   -2     14.501      4.843      3.479
  -1   -2     -1.026      2.408     -3.776
  -1   -2     -8.078      4.890     -9.944
  -1   -2      9.921     -3.368      6.550
  -1   -2      6.732     -3.838      1.474
  -1   -2     -3.032     -2.184      9.801
  -1   -2      0.271      4.702     -8.897
 185   -2    -12.518     -1.536     -9.818
  -1   -2    -11.545     -0.139      9.974
  -1   -2     -0.325     -1.498      9.263
  -1   -2     -8.567     -0.433     -8.359
  -1   -2     -6.404      3.760     -7.952
 397   -2     -1.026      2.408     -3.776
  -1   -2     14.501      4.843      3.479
  -1   -2     -8.078      4.890     -9.944
  -1   -2      9.921     -3.368      6.550
  -1   -2      6.732     -3.838      1.474
  -1   -2     -3.032     -2.184      9.801
  -1   -2      0.271      4.702     -8.897
  -1   -2    -11.545     -0.139      9.974
  -1   -2     -0.325     -1.498      9.263
  -1   -2     -8.567     -0.433     -8.359
  -1   -2     -6.404      3.760     -7.952
  -1   -2     14.501      4.843      3.479
  -1   -2     -8.078      4.890     -9.944
  -1   -2      9.921     -3.368      6.550
  -1   -2      6.732     -3.838      1.474
  -1   -2     -3.032     -2.184      9.801
  -1   -2      0.271      4.702     -8.897
  -1   -2    -11.545     -0.139      9.974
 150   -2     -0.325     -1.498      9.263
  -1   -2     -6.404      3.760     -7.952
  -1   -2     -8.567     -0.433     -8.359
  -1   -2     14.501      4.843      3.479
  -1   -2     -8.078      4.890     -9.944
  -1   -2      6.732     -3.838      1.474
  -1   -2     -3.032     -2.184      9.801
  -1   -2      0.271      4.702     -8.897
  -1   -2    -11.545     -0.139      9.974
  -1   -2     -6.404      3.760     -7.952
  -1   -2     -8.567     -0.433     -8.359
  -1   -2     14.501      4.843      3.479
  -1   -2     -8.078      4.890     -9.944
  -1   -2      9.921     -3.368      6.550
  -1   -2      9.921     -3.368      6.550
  -1   -2      6.732     -3.838      1.474
  -1   -2     -3.032     -2.184      9.801
  -1   -2      0.271      4.702     -8.897
  -1   -2    -11.545     -0.139      9.974
  -1   -2     -6.404      3.760     -7.952
  -1   -2     -8.567     -0.433     -8.359
  -1   -2     14.501      4.843      3.479
  -1   -2     -8.078      4.890     -9.944
  -1   -2      9.921     -3.368      6.550
  -1   -2      6.732     -3.838      1.474
  -1   -2      0.271      4.702     -8.897
  -1   -2    -11.545     -0.139      9.974
  -1   -2     -8.567     -0.433     -8.359
  -1   -2     -6.404      3.760     -7.952
  -1   -2     14.501      4.843      3.479
  -1   -2     -8.078      4.890     -9.944
  -1   -2      9.921     -3.368      6.550
  -1   -2      6.732     -3.838      1.474
  -1   -2     -3.032     -2.184      9.801
  -1   -2      0.271      4.702     -8.897
  -1   -2    -11.545     -0.139      9.974
  -1   -2     -6.404      3.760     -7.952
  -1   -2     -8.567     -0.433     -8.359
  -1   -2     14.501      4.843      3.479
  -1   -2     -8.078      4.890     -9.944
  -1   -2      6.732     -3.838      1.474
  -1   -2     -3.032     -2.184      9.801
  -1   -2      0.271      4.702     -8.897
  -1   -2    -11.545     -0.139      9.974
  -1   -2     -6.404      3.760     -7.952
  -1   -2     -8.567     -0.433     -8.359
  -1   -2     14.501      4.843      3.479
  -1   -2     -8.078      4.890     -9.944
  -1   -2      9.921     -3.368      6.550
  -1   -2      9.921     -3.368      6.550
  -1   -2      6.732     -3.838      1.474
  -1   -2     -3.032     -2.184      9.801
  -1   -2      0.271      4.702     -8.897
  -1   -2    -11.545     -0.139      9.974
  -1   -2     -8.567     -0.433     -8.359
  -1   -2     -6.404      3.760     -7.952
  -1   -2     14.501      4.843      3.479
  -1   -2     -8.078      4.890     -9.944
  -1   -2      9.921     -3.368      6.550
  -1   -2      6.732     -3.838      1.474
  -1   -2     -3.032     -2.184      9.801
  -1   -2      0.271      4.702     -8.897
  -1   -2    -11.545     -0.139      9.974
  -1   -2     -8.567     -0.433     -8.359
  -1   -2     -6.404      3.760     -7.952
  -1   -2     14.501      4.843      3.479
  -1   -2     -8.078      4.890     -9.944
  -1   -2      9.921     -3.368      6.550
  -1   -2      6.732     -3.838      1.474
  -1   -2     -3.032     -2.184      9.801
  -1   -2      0.271      4.702     -8.897
  -1   -2    -11.545     -0.139      9.974
 490  505     -6.404      3.760     -7.952
  -1   -2     -8.567     -0.433     -8.359
  -1   -2     14.501      4.843      3.479
  -1   -2     -8.078      4.890     -9.944
  -1   -2      9.921     -3.368      6.550
  -1   -2      9.921     -3.368      6.550
  -1   -2      6.732     -3.838      1.474
  -1   -2     -3.032     -2.184      9.801
  -1   -2      0.271      4.702     -8.897
  -1   -2    -11.545     -0.139      9.974
  -1   -2     -8.567     -0.433     -8.359
  -1   -2     14.501      4.843      3.479
  -1   -2     -8.078      4.890     -9.944
 148   29      9.921     -3.368      6.550
 147   -2      6.732     -3.838      1.474
  -1   -2     -3.032     -2.184      9.801
  -1   -2      0.271      4.702     -8.897
  -1   -2    -11.545     -0.139      9.974
 169  495     -8.567     -0.433     -8.359
  -1   -2     14.501      4.843      3.479
  -1   -2     -8.078      4.890     -9.944
  -1   -2     -3.032     -2.184      9.801
  -1   -2      0.271      4.702     -8.897
  -1   -2    -11.545     -0.139      9.974
  -1   -2     14.501      4.843      3.479
  -1   -2     -8.078      4.890     -9.944
  -1   -2     -3.032     -2.184      9.801
  -1   -2      0.271      4.702     -8.897
  -1   -2    -11.545     -0.139      9.974
  -1   -2     14.501      4.843      3.479
  -1   -2     -8.078      4.890     -9.944
  -1   -2     -3.032     -2.184      9.801
  -1   -2      0.271      4.702     -8.897
  -1   -2    -11.545     -0.139      9.974
  -1   -2     14.501      4.843      3.479
  -1   -2     -8.078      4.890     -9.944
  -1   -2     -3.032     -2.184      9.801
  -1   -2      0.271      4.702     -8.897
  -1   -2    -11.545     -0.139      9.974
  -1   -2     14.501      4.843      3.479
  -1   -2     -8.078      4.890     -9.944
  -1   -2     -3.032     -2.184      9.801
  -1   -2      0.271      4.702     -8.897
  -1   -2    -11.545     -0.139      9.974
  -1   -2     14.501      4.843      3.479
  -1   -2     -8.078      4.890     -9.944
  -1   -2     -3.032     -2.184      9.801
  -1   -2      0.271      4.702     -8.897
  -1   -2    -11.545     -0.139      9.974
  -1   -2     14.501      4.843      3.479
  -1   -2     -8.078      4.890     -9.944
  -1   -2     -3.032     -2.184      9.801
  -1   -2      0.271      4.702     -8.897
  -1   -2    -11.545     -0.139      9.974
  -1   -2     14.501      4.843      3.479
  -1   -2     -8.078      4.890     -9.944
  -1   -2     -3.032     -2.184      9.801
  -1   -2      0.271      4.702     -8.897
  -1   -2    -11.545     -0.139      9.974
  -1   -2     14.501      4.843      3.479
  -1   -2     -8.078      4.890     -9.944
  -1   -2     -3.032     -2.184      9.801
  -1   -2      0.271      4.702     -8.897
  99  553    -11.545     -0.139      9.974
  -1   -2     14.501      4.843      3.479
  -1   -2     -8.078      4.890     -9.944
  -1   -2     -3.032     -2.184      9.801
  -1   -2      0.271      4.702     -8.897
  -1   -2     14.501      4.843      3.479
  -1   -2     -8.078      4.890     -9.944
  -1   -2     -3.032     -2.184      9.801
  -1   -2      0.271      4.702     -8.897
  -1   -2     14.501      4.843      3.479
  -1   -2     -8.078      4.890     -9.944
  20   -2     -3.032     -2.184      9.801
  -1   -2      0.271      4.702     -8.897
  -1   -2     14.501      4.843      3.479
  -1   -2     -8.078      4.890     -9.944
  -1   -2      0.271      4.702     -8.897
  -1   -2     14.501      4.843      3.479
  -1   -2     -8.078      4.890     -9.944
  -1   -2      0.271      4.702     -8.897
  -1   -2     14.501      4.843      3.479
  -1   -2     -8.078      4.890     -9.944
  -1   -2      0.271      4.702     -8.897
  -1   -2     14.501      4.843      3.479
  -1   -2     -8.078      4.890     -9.944
  -1   -2      0.271      4.702     -8.897
  -1   -2     14.501      4.843      3.479
  -1   -2     -8.078      4.890     -9.944
  -1   -2      0.271      4.702     -8.897
  -1   -2     14.501      4.843      3.479
  -1   -2      0.271      4.702     -8.897
  -1   -2     14.501      4.843      3.479
  -1   -2     -8.078      4.890     -9.944
  -1   -2      0.271      4.702     -8.897
  -1   -2     14.501      4.843      3.479
  -1   -2     -8.078      4.890     -9.944
  -1   -2      0.271      4.702     -8.897
  -1   -2     14.501      4.843      3.479
  -1  117     -8.078      4.890     -9.944
  -1   -2      0.271      4.702     -8.897
  -1   -2     14.501      4.843      3.479
  -1   -2      0.271      4.702     -8.897
  -1   -2     14.501      4.843      3.479
  -1   -2      0.271      4.702     -8.897
  -1   -2     14.501      4.843      3.479
  -1   -2      0.271      4.702     -8.897
  -1   -2     14.501      4.843      3.479
  -1   -2      0.271      4.702     -8.897
  -1   -2     14.501      4.843      3.479
  -1   -2      0.271      4.702     -8.897
  -1   -2     14.501      4.843      3.479
  -1   -2      0.271      4.702     -8.897
  -1   -2     14.501      4.843      3.479
  -1   -2      0.271      4.702     -8.897
  -1   -2     14.501      4.843      3.479
  -1   -2      0.271      4.702     -8.897
  -1   -2     14.501      4.843      3.479
 596   90      0.271      4.702     -8.897
  -1   -2     14.501      4.843      3.479
  -1   -2     14.501      4.843      3.479
 597  611     14.501      4.843      3.479
