131
  12   23      1.039     -9.265      1.299
  14    4     -0.791     -9.577      2.221
  57   79      1.131     -8.368      5.410
  11   93     -3.687     -8.610     -4.062
  44    1     -0.077     -8.810      3.639
  -1   11     -0.076     -8.695      1.390
  -1   31     -2.801    -10.608     -0.876
  -1   67      3.551    -10.304     -8.978
   2   36     -2.378    -10.339     -1.767
  -1   22      7.240     -8.270     -1.746
  -1    8      2.302     -8.922      0.208
  33   88      4.085     -7.733     -1.022
  -1   21     -1.625     -8.445     -6.506
  41   -2      2.100     -9.326      0.031
  -1   60      2.801     -8.913     -0.983
   0   20     -0.171     -9.018      1.304
  81   -2     12.922     -6.944      4.877
  35   -2      9.592     -7.669     -3.957
   4    9      4.514     -9.200     -7.936
  48   72     16.363     -8.799     -2.107
  -1   -2      8.175     -9.443      6.144
  16   53      1.300     -9.210      4.398
  43   -2     12.338     -9.417     -1.589
  34   69      2.666     -7.432      9.176
   1   27     -3.275    -10.594     -4.169
  29   89      7.938     -9.327      1.383
  45   -2     -7.584     -8.987     -5.800
  15   -2     -0.434    -10.593      0.912
  23   -2     11.330     -8.637      3.578
  -1   -2      4.310     -7.557     -3.754
  -1   52     11.288     -8.543     -1.504
  17   -2    -12.009     -9.210     -8.491
  -1    2     -0.442     -9.789     -0.747
  51   -2     13.121     -5.712      9.164
  -1   13     -2.902    -10.019     -1.680
  78   54     10.381     -6.669     -9.598
  27  122     14.377     -6.886     -0.553
  -1   17     -2.277    -10.978     -2.975
  30   50     -3.306     -7.707      9.184
  -1   -2      3.393     -9.796    -10.061
  42   -2     -4.884    -10.721     -3.812
  18   -2     15.221     -7.704     -4.965
  -1  118     12.508     -6.893      7.981
  13  111      4.638     -8.768      7.889
  -1   43     -2.233    -11.093      1.930
  37   -2      9.112     -8.283     -4.794
  -1  104      4.085     -9.666     -8.101
  -1   -2      4.292     -9.892      8.650
  62   98      3.394     -5.421      5.616
  -1  141      9.328     -0.437      8.099
  -1   -2      4.874     -8.002     -4.242
  65   85      9.477     -3.293      7.631
  -1   12     -1.772     -7.222     -9.451
  -1   77      0.428    -10.501      3.701
  -1   44      9.495     -9.299      5.675
  -1   71     -1.198     -9.615      7.683
  -1   -2     11.573     -6.993      3.168
  40   -2      6.016     -9.459     -3.695
  -1  109     -0.807    -10.794     -0.312
  -1  117     -6.448     -6.777      1.593
  -1   90     11.405     -6.856      0.579
  52   -2     15.549     -6.670      6.136
  -1   73      2.315    -10.504     -6.844
  28   -2      4.702     -6.923     -7.180
  -1   63      1.733    -10.693     -5.785
  -1   -2     -3.225    -10.589      3.956
  -1   49      2.924     -9.792      9.838
  -1   32      5.111     -9.742     -8.720
  -1   -2      1.845     -8.511      9.833
  26   39      2.455     -9.870     -8.638
  -1  101      7.921     -8.924     -4.896
  85  107     -7.985    -10.500      2.555
  -1  108     10.501     -8.233     -4.649
  80   74     12.188     -5.523      3.357
  -1   94     -1.579     -9.095      6.100
  -1  134      7.981     -8.557     -5.072
  72  143     -8.852     -6.596     -0.933
  55   -2     -6.746     -7.739     -0.715
  36   -2     -4.094    -11.050     -1.320
  -1   -2      2.478     -8.768      5.171
  79   -2     16.810     -7.341      2.606
  77   30     16.097     -8.120     -8.217
  22    3     -0.329     -9.271     -0.156
  25   25      5.816     -9.081     -2.613
  -1   65     15.445     -7.578      5.810
  -1   40      4.472     -6.619      5.042
  -1  115      2.996     -8.168     -3.494
  -1   33      8.997     -8.855      2.665
  -1   45    -12.321     -9.904     -3.524
  -1   48      7.535     -6.953     -8.335
  -1  127     17.881     -4.707      3.868
  58  152      6.907     -4.754      0.678
  -1    0     -2.355     -6.038      3.009
  -1  131     18.120     -7.993     11.668
  -1  140    -12.989     -9.198     -2.667
  61   -2     17.780     -1.549     -2.778
  -1   -2     19.689     -5.579     -3.285
  -1   -2     -9.467     -9.278     -9.099
  -1  123     -9.929     -4.599     -2.962
  -1   -2     13.424     -8.130      3.015
  -1   -2      8.112     -3.873      1.024
  -1   -2     20.013     -7.923     -3.625
  66   -2      8.191      6.230     10.894
  -1  129     19.080     -6.952     -0.655
  -1  133      9.299     -5.460      7.990
  73   -2     -9.757    -10.816      6.835
  67   62     10.798     -4.305      4.373
  -1  100     12.302     -7.135    -11.724
  -1   81     -9.173     -8.428      0.214
  63  149     16.580     -3.168     -7.918
  -1   61      3.419    -10.891      4.637
  20  126     18.280     -8.208      2.520
  -1   51      0.719     -9.715     10.422
  24   75      1.535     -7.802      0.770
  -1   -2    -11.097     -4.914     -1.262
  -1   -2     -8.742      5.542     -1.157
  -1   -2    -16.038     -7.880    -11.721
  19  146     -6.881     -9.266     -9.876
  46   64     15.837     -7.468     -5.019
  60   -2     18.030     -4.455     -3.300
  74  124     -3.580     -4.946      7.386
  10   -2     -7.112     -8.513      1.881
  -1   -2     -7.330     -9.858    -10.165
  82  121     16.158      3.658     -8.761
  -1   28      1.576    -10.366    -10.896
  50   -2      9.536     -1.010      7.532
  -1  136      5.178     -2.497      5.611
  -1   -2    -10.495     -3.494     -8.778
  -1   78     12.819     -4.139      8.720
  -1  151     15.486     -3.101     -1.072
  -1   -2      9.798     -0.395      6.948
