489
 282   -2      8.824     -5.256      9.040
 169   -2      7.300     -8.943      7.108
   1   -2      9.963     -3.359      6.576
  53   28     12.008     -5.790     -8.807
   4   -2     -3.168     -9.308     -5.135
   6    3     -5.062     -7.416     -5.074
 166   18      6.399     -4.269     -2.773
 163   48      1.081     -6.178     10.200
   8  166     -4.798     -3.013      9.663
  -1   -2      6.738     -3.837      1.487
  -1   -2     11.863     -3.768      3.773
  -1   56      7.282     -7.246     -1.502
  -1   -2     10.604     -5.354     -5.148
  -1   79     -1.686     -7.410     -6.620
  13    1      9.299     -2.614      7.946
  -1   13     10.259     -8.082      7.187
  14  158      8.278     -7.311      6.354
  16   43     -0.675     -2.321     -3.204
  17   17     10.530      1.757      5.925
  -1   -2     -0.771     -9.059      4.365
   7   81      7.206     -4.743     -6.825
 147  297      3.797     -5.039     -3.488
  -1   -2     -3.045     -2.172      9.700
  21   24     12.053     -5.399      1.217
  25   22      2.765     -7.788      7.926
  63   40      4.919     -8.581      5.284
 168   39     -2.070     -9.380      0.272
  -1   27     11.956     -6.900      4.240
  76   -2     -1.431     -5.462      3.040
  28   -2     10.175    -10.084     -3.006
  26   26      9.673     -0.784     10.207
  29   -2     10.756     -5.219      6.015
  41   77     -5.575     -5.347     -4.380
  33   34      1.385     -9.947      4.159
  97   -2     -9.697     -6.238     -5.001
 154   52     -8.322     -7.472      2.133
  32  143    -11.302     -7.400    -10.163
 126   67      6.807     -2.312     -6.354
  36   -2      9.432     -4.252      4.231
  35   -2     11.080     -1.748      3.675
  -1   -2     19.310     -9.427     -3.319
  23   -2      4.139     -7.808      5.891
 148   -2     -3.249     -4.313     -5.518
  40   41     14.217     -6.747      5.364
  42   -2     15.573     -0.679     -5.186
 136   44     -6.128     -9.759     10.216
 193   -2     17.852     -1.573     -3.077
  -1   -2      7.771     -0.074     -7.664
  -1    2      7.558     -9.051      4.922
  44    9      9.377     -4.914     -5.305
  -1    4     -1.822     -8.261      8.611
  57   -2     -0.648     -6.530      9.429
  30   -2     -2.149     -6.087      0.033
  46   -2     -8.306     -8.418     -0.603
  54   57     -0.131     -7.053      8.560
  71   -2     -7.914     -3.963     -2.612
  50   54     14.122     -7.365     -6.038
  -1   14      9.818     -6.917      3.359
  52   55     19.928     -8.632     -3.448
  78   -2     18.692     -8.954      0.769
 158   -2     -9.443     -8.762     -6.457
  90   29     13.060      0.152     -1.160
  -1   58      3.537    -10.114     10.240
  98   -2      7.705     -9.337      1.959
  62  386     11.997     -8.625     -6.538
 162   74     11.965     -5.716    -10.916
  61   64     14.691     -4.123      3.495
  -1  119     12.246      2.195      8.498
 457   -2      4.628     -2.926     -3.278
  92  148     15.460     -3.174     -1.405
  69   66     14.755     -2.502     -4.658
  56   37      9.032     -5.754      3.982
  -1   -2     15.757     -6.439     -5.144
  -1  121      8.724     -7.507     -9.734
  68   -2     -9.575     -6.679     -2.943
 159   -2     -9.675     -2.133     -7.444
 123   61     11.232    -10.568      3.184
  20   11      1.683     -5.917     -6.363
  70   -2     15.440     -7.319     -1.146
  74   -2     -3.785     -6.865      0.065
 155   -2     -5.011    -10.553     -0.529
  12   30     -0.972     -6.760     -1.813
 180   45     16.466     -9.321      2.759
  -1   75      8.711     -5.442     -7.298
 109   15      0.349     -4.205      0.743
  82  201     18.117      2.716      3.503
  79   33     -6.593     -3.054     -1.551
  -1   87     17.361    -10.651      1.461
  -1   49     -2.626     -9.500      4.663
  -1  484     -3.536    -11.168     -1.637
  -1  276     -0.281      0.750      8.962
  -1   91     16.333      1.008      0.472
  -1   72    -10.289     -3.782     -0.342
  -1   -2     13.574      0.744     -2.513
  -1  128      0.279      4.698     -8.877
  -1  219      8.661    -11.177     10.011
  -1  130      4.579    -10.247     -7.260
  -1  146     19.965     -0.123     -2.393
  -1   96      4.420     -9.063    -11.112
 362  381     -0.037     -0.392      1.717
 164   -2     16.340     -2.990      0.279
  -1   -2     20.532     -4.528     -3.987
  93   -2    -12.520     -1.537     -9.819
  -1  138     14.085      3.092     -3.678
  -1   -2    -11.546     -0.139      9.987
  -1   -2    -10.570     -5.310    -10.010
  -1   32      8.299    -11.004     -1.244
  -1   38    -12.866     -6.597     -8.097
 462  160     -0.328     -1.499      9.272
  -1   -2     -6.404      3.758     -7.950
  -1   69     -8.561     -0.435     -8.375
 105  108      7.207     -9.680     -7.460
  -1   -2     14.593     -9.627      3.880
  -1    6     18.088     -5.225      0.469
  -1   -2     14.500      4.843      3.482
 295  299     -1.027      2.408     -3.779
  -1   -2      0.782     -5.082      2.371
  -1   42     16.265     -2.102    -11.632
  -1   -2     17.763     -8.172     -4.602
 111   -2    -10.478      0.135     -3.727
  -1   -2     -7.190     -1.949    -10.120
  -1  315     -8.083      4.887     -9.942
  -1  473      2.413     -0.897      9.508
  -1  150      4.473      6.117      5.297
  -1   -2     10.878     -8.959     -4.995
  -1   -2     11.930    -11.322     -0.451
 124  125     -4.612     -0.738      5.059
  15   -2     -1.581     -9.186      6.027
  -1   -2     19.190      4.817     -5.160
  -1   -2    -12.362      1.598     -8.616
 175  220     -0.906      2.025     -3.163
   5  133     -2.363    -10.601     11.282
 129  135      5.014      1.738     -4.714
 130   -2      6.135     -9.587    -10.845
  -1   36      7.477     -1.671     -7.864
  -1  274     21.103     -1.000     -3.724
 131  129     13.940     -7.689      9.940
 138  136      1.871     -1.593     11.941
 134   -2     15.977      1.121     -2.760
 139  139      4.853     -7.475      0.416
 135   60     12.594     -6.975     10.727
 186   20      0.796     -1.657     -3.175
  -1  193     -5.872    -10.464      7.736
  -1  147      1.167     -3.721     10.069
  73   51     -8.877     -9.056     -4.789
  -1   68     15.382     -3.598     -2.899
  -1   -2     -4.015    -10.435     -9.464
 149   73     19.764     -4.594     -3.298
 128   -2      1.661     -4.112      9.481
 145  107     -5.863      2.572     -8.928
 125   -2      2.838      1.840      0.152
 152  152      9.975     -7.272     -6.484
  -1  380     12.864      3.333     -4.313
  -1   10      6.662     -6.485     -7.518
 293   -2     13.671     -9.818      4.829
  -1   -2      8.407     -9.915      6.876
 140  155      4.067    -10.236      7.675
 173   25    -11.265     -3.025     -5.026
  38   -2      6.949     -6.987      5.328
  -1   -2      8.558    -10.612     -8.163
  99   -2     -1.686     -2.077      9.565
  -1   65     16.011     -5.436      6.863
  -1  154    -13.366     -8.542     -3.720
  -1   -2    -12.923    -10.366      8.195
  -1  468      9.921     -3.366      6.551
  -1   -2      9.921     -3.366      6.551
  -1    5      6.738     -3.837      1.487
  -1  223     12.018     -3.789      3.388
  -1  122     -0.839     -9.068      4.184
  -1   -2     -3.033     -2.184      9.800
  -1   -2      7.720     -9.060      4.506
  -1   -2     -0.281      0.750      8.962
 106   47     16.333      1.008      0.472
  -1   -2     -0.037     -0.392      1.717
  -1   -2     13.574      0.744     -2.513
  -1   -2     19.965     -0.123     -2.393
  -1   -2    -10.289     -3.782     -0.342
  -1   -2     20.532     -4.528     -3.987
  -1   -2      0.279      4.698     -8.877
  -1   -2    -11.546     -0.139      9.987
  -1   -2     -0.328     -1.499      9.272
  -1  459     -6.404      3.758     -7.950
  -1   -2     -8.561     -0.435     -8.375
  -1   82     14.593     -9.627      3.880
  -1   -2     14.500      4.843      3.482
  -1   -2     -1.027      2.408     -3.779
 183   -2     18.372     -5.295      1.539
 112   76     17.763     -8.172     -4.602
  -1   53      0.782     -5.082      2.371
  -1   -2      2.413     -0.897      9.508
  -1   -2      9.047     -9.920      8.781
 118   -2      4.473      6.117      5.297
  -1   63     10.878     -8.959     -4.995
  -1   -2     -8.083      4.887     -9.942
  -1   -2     19.190      4.817     -5.160
  64  185     19.367     -9.412     -3.095
  -1   -2     -5.872    -10.464      7.736
  -1   -2      9.921     -3.366      6.551
  -1   -2      6.738     -3.837      1.487
 197   -2     12.018     -3.789      3.388
  -1   -2     -0.839     -9.068      4.184
  -1   -2     -3.033     -2.184      9.800
  -1   -2      7.720     -9.060      4.506
  -1   -2     -0.281      0.750      8.962
  -1   -2     13.574      0.744     -2.513
  -1   -2     19.965     -0.123     -2.393
  -1   -2     20.532     -4.528     -3.987
  -1   -2    -10.289     -3.782     -0.342
  -1   -2     -0.037     -0.392      1.717
  -1   -2      0.279      4.698     -8.877
  -1   -2    -11.546     -0.139      9.987
  -1   -2     -0.328     -1.499      9.272
  -1   -2     -6.404      3.758     -7.950
  -1   -2     -8.561     -0.435     -8.375
  -1   -2     14.593     -9.627      3.880
  -1   -2     14.500      4.843      3.482
  -1   -2      0.782     -5.082      2.371
  -1   -2     -1.027      2.408     -3.779
  -1   -2      2.413     -0.897      9.508
  -1   -2     10.878     -8.959     -4.995
  -1   -2     -8.083      4.887     -9.942
  -1   -2     19.190      4.817     -5.160
  -1   -2      9.047     -9.920      8.781
  -1   -2      9.921     -3.366      6.551
  -1   -2      6.738     -3.837      1.487
  -1   -2     -0.839     -9.068      4.184
  -1   -2     -3.033     -2.184      9.800
  -1   -2      7.720     -9.060      4.506
  -1   -2     -0.281      0.750      8.962
  -1   -2     -0.037     -0.392      1.717
  -1   -2     13.574      0.744     -2.513
  -1   -2      0.279      4.698     -8.877
  -1   -2     20.532     -4.528     -3.987
  -1   -2    -10.289     -3.782     -0.342
  -1   -2    -11.546     -0.139      9.987
  -1   -2     -0.328     -1.499      9.272
  -1   -2     -8.561     -0.435     -8.375
  -1   -2     -6.404      3.758     -7.950
  -1   -2     14.593     -9.627      3.880
  -1   -2     14.500      4.843      3.482
  -1   -2     -1.027      2.408     -3.779
  -1   -2      0.782     -5.082      2.371
  -1   -2      2.413     -0.897      9.508
  -1   -2     -8.083      4.887     -9.942
  -1   -2     10.878     -8.959     -4.995
  -1   -2     19.190      4.817     -5.160
 192   -2      9.047     -9.920      8.781
  -1   -2      9.921     -3.366      6.551
  -1   -2      6.738     -3.837      1.487
  -1   -2     -0.839     -9.068      4.184
  -1   -2     -3.033     -2.184      9.800
  -1   -2      7.720     -9.060      4.506
  -1   -2     -0.281      0.750      8.962
  -1   -2     -0.037     -0.392      1.717
  -1   -2     13.574      0.744     -2.513
  -1   -2      0.279      4.698     -8.877
  -1   -2     20.532     -4.528     -3.987
  -1   -2    -11.546     -0.139      9.987
  -1   -2     -0.328     -1.499      9.272
  -1   -2     -6.404      3.758     -7.950
  -1   -2     -8.561     -0.435     -8.375
  -1   -2     14.593     -9.627      3.880
  -1   -2     14.500      4.843      3.482
  -1   -2     -1.027      2.408     -3.779
  -1   -2      0.782     -5.082      2.371
  -1   -2     -8.083      4.887     -9.942
  -1   -2     10.878     -8.959     -4.995
  -1   -2      2.413     -0.897      9.508
  -1   -2     19.190      4.817     -5.160
  -1   -2      9.921     -3.366      6.551
  -1   -2      9.921     -3.366      6.551
  -1   -2      6.738     -3.837      1.487
  -1   -2     -0.839     -9.068      4.184
  -1   -2     -3.033     -2.184      9.800
  -1   -2      7.720     -9.060      4.506
  -1   -2     -0.281      0.750      8.962
  -1   -2     -0.037     -0.392      1.717
  -1   -2     13.574      0.744     -2.513
  -1   -2      0.279      4.698     -8.877
  -1   -2    -11.546     -0.139      9.987
 160   -2     -0.328     -1.499      9.272
  -1   -2     -8.561     -0.435     -8.375
 103  141     -6.404      3.758     -7.950
 100   -2     14.593     -9.627      3.880
  -1   -2     14.500      4.843      3.482
  -1   -2     -1.027      2.408     -3.779
  -1   -2      0.782     -5.082      2.371
  -1   -2     -8.083      4.887     -9.942
  -1   -2      2.413     -0.897      9.508
  -1   -2     10.878     -8.959     -4.995
  -1   -2     19.190      4.817     -5.160
  -1   -2      9.921     -3.366      6.551
  -1   -2      6.738     -3.837      1.487
  -1   -2     -0.839     -9.068      4.184
  -1   -2     -3.033     -2.184      9.800
  -1   -2      7.720     -9.060      4.506
  -1   -2     -0.281      0.750      8.962
  -1   -2     13.574      0.744     -2.513
  -1   -2     -0.037     -0.392      1.717
  -1   -2      0.279      4.698     -8.877
  -1   -2    -11.546     -0.139      9.987
 235  258     -8.561     -0.435     -8.375
  -1   -2     14.500      4.843      3.482
  -1   -2     -1.027      2.408     -3.779
  -1   -2      2.413     -0.897      9.508
  -1   -2     -8.083      4.887     -9.942
  -1   -2     10.878     -8.959     -4.995
  -1   -2     19.190      4.817     -5.160
 165   -2      9.921     -3.366      6.551
  -1   -2      6.738     -3.837      1.487
  -1   -2     -0.839     -9.068      4.184
  -1   -2     -3.033     -2.184      9.800
  -1   -2      7.720     -9.060      4.506
  -1   -2     -0.281      0.750      8.962
  -1   -2     -0.037     -0.392      1.717
  -1   -2     13.574      0.744     -2.513
  -1   -2      0.279      4.698     -8.877
 292  313    -11.546     -0.139      9.987
  -1   -2     14.500      4.843      3.482
  -1   -2     -1.027      2.408     -3.779
  -1   -2      2.413     -0.897      9.508
  -1   -2     -8.083      4.887     -9.942
  -1   -2     19.190      4.817     -5.160
  -1   -2     10.878     -8.959     -4.995
  -1   -2     -0.839     -9.068      4.184
  -1   -2     -3.033     -2.184      9.800
  -1   -2      7.720     -9.060      4.506
  -1   -2     -0.281      0.750      8.962
  -1   -2     13.574      0.744     -2.513
  -1   -2     -0.037     -0.392      1.717
  -1   -2      0.279      4.698     -8.877
  -1   -2     14.500      4.843      3.482
  -1   -2     -1.027      2.408     -3.779
  -1   -2      2.413     -0.897      9.508
  -1   -2     -8.083      4.887     -9.942
  -1   -2     10.878     -8.959     -4.995
  -1   -2     19.190      4.817     -5.160
  -1   -2      6.738     -3.837      1.487
  -1   -2     -0.839     -9.068      4.184
  -1   -2     -3.033     -2.184      9.800
  -1   -2      7.720     -9.060      4.506
  -1   -2     -0.281      0.750      8.962
  -1   -2      0.279      4.698     -8.877
  -1   -2     13.574      0.744     -2.513
  -1   -2     -0.037     -0.392      1.717
  -1   -2     14.500      4.843      3.482
 127  113     -1.027      2.408     -3.779
  -1   -2      2.413     -0.897      9.508
  -1   -2     -8.083      4.887     -9.942
  -1   -2     10.878     -8.959     -4.995
  -1   -2     19.190      4.817     -5.160
  -1   -2      6.738     -3.837      1.487
  -1   -2     -0.839     -9.068      4.184
  -1   -2     -3.033     -2.184      9.800
  -1   -2      7.720     -9.060      4.506
  -1   -2     -0.281      0.750      8.962
  -1   -2     -0.037     -0.392      1.717
  -1   -2     13.574      0.744     -2.513
  -1   -2      0.279      4.698     -8.877
  -1   -2     14.500      4.843      3.482
  -1   -2      2.413     -0.897      9.508
  -1   -2     -8.083      4.887     -9.942
 367   -2     10.878     -8.959     -4.995
  -1   -2     19.190      4.817     -5.160
  -1   -2      6.738     -3.837      1.487
  -1   -2     -0.839     -9.068      4.184
  -1   -2     -3.033     -2.184      9.800
  -1   -2      7.720     -9.060      4.506
  -1   -2     -0.281      0.750      8.962
  -1   -2     -0.037     -0.392      1.717
 202   78     13.574      0.744     -2.513
  -1   -2      0.279      4.698     -8.877
  -1   -2     14.500      4.843      3.482
  -1   -2      2.413     -0.897      9.508
  -1   -2     -8.083      4.887     -9.942
  -1   -2     19.190      4.817     -5.160
  -1   -2      6.738     -3.837      1.487
  -1   -2     -0.839     -9.068      4.184
  -1   -2     -3.033     -2.184      9.800
 285   -2     -2.094     -7.440     -7.757
  -1   -2     -0.281      0.750      8.962
  -1   -2      0.279      4.698     -8.877
  -1   -2     -0.037     -0.392      1.717
  -1   -2     14.500      4.843      3.482
  -1   -2      2.413     -0.897      9.508
  -1   -2     -8.083      4.887     -9.942
  -1   -2     19.190      4.817     -5.160
  -1   -2      6.738     -3.837      1.487
  -1   -2     -0.839     -9.068      4.184
  -1   -2     -3.033     -2.184      9.800
  -1   -2      7.720     -9.060      4.506
  84  379     -0.281      0.750      8.962
  -1   -2     -0.037     -0.392      1.717
  -1   -2      0.279      4.698     -8.877
  -1   -2     14.500      4.843      3.482
  -1   -2     -8.083      4.887     -9.942
  -1   -2      2.413     -0.897      9.508
  -1   -2     19.190      4.817     -5.160
  -1   -2      6.738     -3.837      1.487
  -1   -2     -0.839     -9.068      4.184
  -1   -2     -3.033     -2.184      9.800
  -1   -2      7.720     -9.060      4.506
  -1   -2      0.279      4.698     -8.877
  -1   -2     14.500      4.843      3.482
  -1   -2      2.413     -0.897      9.508
  -1   -2     -8.083      4.887     -9.942
  -1   -2     19.190      4.817     -5.160
  -1   -2      6.738     -3.837      1.487
  -1   -2     -0.839     -9.068      4.184
  -1   -2     -3.033     -2.184      9.800
  -1   -2      7.720     -9.060      4.506
  -1   -2      0.279      4.698     -8.877
  -1   -2     14.500      4.843      3.482
  -1   -2     19.190      4.817     -5.160
  -1   -2      6.738     -3.837      1.487
  -1   -2     -0.839     -9.068      4.184
  -1   -2     -3.033     -2.184      9.800
  -1   -2      7.720     -9.060      4.506
  -1   -2      0.279      4.698     -8.877
  -1   -2     14.500      4.843      3.482
  -1   -2      2.413     -0.897      9.508
  -1   -2     -8.083      4.887     -9.942
  -1   -2     19.190      4.817     -5.160
  -1   -2      6.738     -3.837      1.487
  -1   -2     -0.839     -9.068      4.184
  -1   -2     -3.033     -2.184      9.800
  45  440      7.720     -9.060      4.506
  -1   -2      0.279      4.698     -8.877
  -1   -2     14.500      4.843      3.482
  -1   -2      2.413     -0.897      9.508
  -1   -2     -8.083      4.887     -9.942
  -1   -2     19.190      4.817     -5.160
   9  163      6.738     -3.837      1.487
  -1   -2     -0.839     -9.068      4.184
  -1   -2     -3.033     -2.184      9.800
  -1   -2      0.279      4.698     -8.877
  -1   -2     14.500      4.843      3.482
  -1   -2      2.413     -0.897      9.508
  -1   -2     19.190      4.817     -5.160
 441  124     -8.083      4.887     -9.942
  -1   -2     -0.839     -9.068      4.184
  -1   -2     -3.033     -2.184      9.800
  -1   -2      0.279      4.698     -8.877
  -1   -2     14.500      4.843      3.482
  -1   -2      2.413     -0.897      9.508
  -1   -2     19.190      4.817     -5.160
  -1   -2     -0.839     -9.068      4.184
  -1   -2      0.279      4.698     -8.877
  -1   -2     14.500      4.843      3.482
  -1   -2      2.413     -0.897      9.508
  -1   -2     19.190      4.817     -5.160
  -1   -2     -0.839     -9.068      4.184
  -1   -2      0.279      4.698     -8.877
  -1   -2     14.500      4.843      3.482
  -1   -2      2.413     -0.897      9.508
  -1   -2     19.190      4.817     -5.160
  -1   -2     -0.839     -9.068      4.184
  -1   -2     -3.033     -2.184      9.800
  -1   -2      0.279      4.698     -8.877
  -1   -2     14.500      4.843      3.482
  -1   -2      2.413     -0.897      9.508
  -1   -2     19.190      4.817     -5.160
  -1   -2     -0.839     -9.068      4.184
  -1   -2      0.279      4.698     -8.877
  -1   -2     14.500      4.843      3.482
  -1   -2      2.413     -0.897      9.508
  -1   -2     19.190      4.817     -5.160
 468   21     -0.839     -9.068      4.184
  22  421     -3.033     -2.184      9.800
  -1   -2      0.279      4.698     -8.877
  -1   -2     14.500      4.843      3.482
 187  187      2.413     -0.897      9.508
  -1   -2     19.190      4.817     -5.160
  -1   -2      0.279      4.698     -8.877
  -1   -2     14.500      4.843      3.482
  -1   -2     19.190      4.817     -5.160
  -1   -2      0.279      4.698     -8.877
  -1   -2     14.500      4.843      3.482
  -1   -2     19.190      4.817     -5.160
  -1   -2      0.279      4.698     -8.877
  -1   -2     14.500      4.843      3.482
  -1   -2     19.190      4.817     -5.160
 483  499      0.279      4.698     -8.877
  -1   -2     14.500      4.843      3.482
  -1   -2     19.190      4.817     -5.160
  -1   -2     14.500      4.843      3.482
  -1   -2     19.190      4.817     -5.160
  -1   -2     14.500      4.843      3.482
  -1   -2     19.190      4.817     -5.160
