214
   0    0      8.836     -5.241      9.033
 102   -2      6.073     -8.667      9.069
 146   -2      5.634     -9.255      1.244
  -1   60     14.765     -6.437      9.734
  94   42     -8.411     -7.475      2.186
  43   43     12.763     -6.988      7.180
  40   68      9.160     -7.539      4.769
  27   23      9.963     -3.357      6.583
   3   -2      7.679     -9.324      1.943
 141   -2     17.828     -1.546     -2.827
  25   -2      5.612     -8.650      4.313
   9   35      2.306     -7.831      9.257
  59   73     12.006     -5.791     -8.820
  -1   -2     11.879     -5.442      0.006
  45   -2     -1.991     -5.418      4.552
 132   -2      6.398     -4.266     -2.760
  18   39      2.873     -8.052     -7.205
 118   76     16.479     -6.445     -2.452
  54   -2     -6.618     -7.777      0.110
  17   14     -4.809     -3.016      9.663
  20   15      6.817     -3.818      1.557
  -1   -2      2.824     -8.573     -5.253
  63   -2     12.827     -6.490      7.212
 158   -2      5.862     -9.369     -4.970
  24   21     -1.682     -7.407     -6.605
  -1   19      2.520     -8.622     -9.164
 136   -2     10.603     -5.351     -5.145
 200   22      9.288     -2.610      7.978
  -1   -2     11.445     -3.789      4.807
 191   -2     -7.317    -10.068    -10.238
  -1   -2     -5.446     -7.392      7.794
  33   27     10.537      1.763      5.950
  98   59     -0.674     -2.319     -3.200
 231  201     -3.066     -2.177      9.741
  29  200      6.838     -9.247      5.505
  -1   51     -3.730     -9.226     -3.581
  41   33      3.798     -5.037     -3.479
  99   36      0.912     -9.787      2.593
  -1    3      6.950     -7.230     -0.901
  39   -2     17.853     -9.486     -0.829
  44    8      4.289     -9.087     -5.571
 119   56     18.443     -9.966     -2.011
  -1   -2     -1.107     -6.816     -1.107
 163  110     -8.554     -8.408     -1.196
  -1   41      9.677     -0.784     10.218
   2   -2     -5.578     -5.345     -4.368
  -1   89      2.488    -10.216     -9.027
  -1   55      6.810     -2.309     -6.343
   1   -2     10.753     -5.218      6.019
  -1   87    -11.787     -6.800     -9.887
  -1   10      8.818     -4.302     -6.038
  57   -2     19.033    -10.966     -6.680
  47   47     11.080     -1.743      3.677
  56   48      9.432     -4.250      4.233
   5   -2      4.137     -7.806      5.890
  68    4      7.667     -8.980      6.910
  80   58     17.608     -9.521      0.523
  -1   98      3.950     -6.159      3.170
  32   49     -3.244     -4.310     -5.505
  -1    7     -5.926     -8.180      3.019
 113   11     -4.133     -4.870     -4.296
 137   -2     -7.838     -3.953     -2.631
 129   65      8.751     -5.191     -6.629
  67   57     -0.648     -6.530      9.426
 106   -2     14.222     -6.747      5.354
  -1   62     15.571     -0.677     -5.188
 104   67      0.716     -7.820      6.388
  -1   -2     13.576     -7.185      7.795
  -1   -2      7.769     -0.073     -7.653
  73   -2     -0.132     -7.054      8.566
 206   -2      9.099    -10.297     -6.335
 120   -2     -0.130     -5.403      0.991
  72   71     12.218     -8.727     -7.197
  -1   38     11.967     -5.715    -10.917
  -1    5      6.636    -10.043     -1.843
  79   -2     14.122     -7.363     -6.038
  52   -2    -10.203    -10.662    -10.938
  34   -2     18.711     -4.416     -4.891
  -1  114     -0.160     -1.453      8.791
  -1   -2     18.687     -8.954      0.772
  51   -2     -0.663      1.026      8.053
  60   53     -6.985     -8.384      4.440
  46  156     12.254      2.199      8.517
 116   -2     14.694     -4.123      3.506
  12   -2    -10.571     -6.252     -2.603
  48   -2     17.492    -11.280      0.112
 183  107     -0.292     -5.551      5.050
  35   -2     15.364     -5.056      7.137
  30   -2      5.933     -9.697      1.757
  69   -2     -2.219     -6.439      4.424
  -1   -2      1.777     -5.052    -10.509
 174   82      4.623     -2.925     -3.265
 180  120      0.580     -7.736     -1.048
  87   86     20.043     -8.544     -2.975
 148   -2     -2.488     -8.563      2.099
  95  141     13.249     -9.698      6.696
  -1   46    -11.700     -7.182     -7.965
  83   70    -12.785     -7.922     -5.591
  -1   -2     14.751     -2.503     -4.649
 198   -2     -1.099      2.500     -5.630
  93   -2     15.458     -3.173     -1.410
 193  123      8.860      0.311     -7.697
 111   -2     -8.046     -6.592     -1.594
  -1   -2      2.232     -3.549      7.249
  66  178     15.096     -2.101     -8.715
  82  108     18.212    -10.805     -4.866
 114   -2     -6.794     -7.496     -5.074
  -1   94     15.464     -7.352     -1.188
  -1   31     -8.069     -9.833     -7.061
  -1   -2     -2.527    -10.348     -3.388
  -1  144     13.010     -8.727     -0.084
 172   -2     -2.591     -6.050      3.394
  -1   97     -8.239     -8.646    -10.889
  -1   -2      7.223     -3.883      5.019
 117   66     12.637      0.117     -3.333
 210   26     -3.458     -2.702     -1.830
  -1   -2      4.291    -10.446     -9.663
 195   20      9.449     -6.354     -6.896
 175  143     -3.897      2.688     -8.802
  22  112      6.885     -7.713     -4.821
  -1   -2     -3.785     -6.863      0.065
  -1   40     -3.262     -5.707      3.196
  90  102     -9.364     -7.906      2.058
 109   -2      0.960     -5.881     -8.446
  55   -2      3.600     -7.009     -0.197
 194  174     -6.602     -3.052     -1.570
 162   13     17.404    -10.974     -4.338
  -1  121      6.570     -3.863      1.801
 123   -2     13.061     -0.364     -4.837
 160   74     -8.746     -2.339     -4.129
  -1  119     -0.933     -5.161      9.800
  -1   -2      8.812     -3.288      1.543
  -1   -2     -0.037     -0.390      1.706
 207   -2     17.549      2.362     -1.594
  -1  202    -12.949     -5.166     -4.353
 167   91     13.573      0.744     -2.510
  -1   -2    -12.847     -4.790     -3.241
  -1   -2     19.964     -0.122     -2.395
  -1  132     20.532     -4.527     -3.991
  -1  205    -12.520     -1.535     -9.817
  15  196    -10.291     -3.780     -0.343
  -1  198    -11.543     -0.138      9.968
 217  137    -10.570     -5.309    -10.009
  -1   78     18.617      4.232     -8.133
  -1  159     15.176    -10.179     -6.436
 201  186      6.597     -1.681      7.286
  -1   -2      7.200     -9.676     -7.427
  -1   90      9.632      5.384      5.916
 188  195     -8.564     -0.432     -8.366
  -1   28     12.323     -9.588      1.600
  14   -2     -2.718     -9.059      3.221
  -1  175     -6.406      3.760     -7.950
  -1   -2      6.271    -11.019      4.178
  81   75     14.145      1.930     -7.534
  -1  148     14.500      4.844      3.477
  -1   -2    -10.480      0.137     -3.721
  -1  157     -6.368     -2.865     -7.173
  10   37     -1.427     -5.849      9.159
  -1   -2     18.094     -5.215      0.455
  -1  213      0.211      2.089     -0.199
  -1   -2     -8.080      4.888     -9.941
  -1   -2     19.189      4.816     -5.165
 209  207    -12.364      1.600     -8.619
  -1   -2     20.843     -5.313      7.686
 168  172     17.194      1.321     -5.637
 179   50      7.478     -1.669     -7.859
  19  169     13.940     -7.688      9.941
  28  185      9.247     -8.135      7.880
 126   -2     -7.067     -7.401    -10.481
 182   93      5.004      1.736     -4.695
  -1   -2     20.310     -3.052     11.099
  -1   -2     10.958     -1.145    -10.271
  -1   -2     20.353     -8.991     11.394
 110   81     15.376     -3.592     -2.881
 213   95     -5.866      2.572     -8.938
  -1  167     19.998      1.533     -0.271
 202  203     18.126      2.860      2.542
 107  170      1.863     -1.591     11.956
  -1   -2      1.658     -4.110      9.481
 187  116     -5.100     -1.741     -4.585
 192  101      9.985     -7.272     -6.512
  -1   85     -5.059    -10.344     -7.119
 139   64     18.905     -0.666     -2.945
  97  150     12.493    -10.632      0.901
  -1  122      4.208     -2.841      2.570
  -1  173     17.406      2.670      5.111
  -1  109    -11.404     -9.880     -8.381
  -1   52     19.348     -1.741     -8.696
 204  183     18.359     -2.260      4.639
 176   -2     -2.442     -1.027      6.684
  -1  111     19.091     -9.489     -1.147
 218   80      0.354      4.404     -7.891
  42   -2     -1.687     -2.082      9.571
 112  139      2.810     -2.140      4.859
 186  208     -8.049      3.472     -5.845
  -1  177     -5.843      1.461     -1.041
  -1   17     12.297     -8.068      5.670
  -1  187      5.249     -7.574     10.257
 134   84     -7.856     -7.307     -0.157
 143   -2    -12.949     -5.166     -4.353
  -1   77    -12.847     -4.790     -3.241
  -1   -2    -11.543     -0.138      9.968
  -1   -2     -8.564     -0.432     -8.366
  -1   -2     -1.028      2.410     -3.773
  -1   -2     -8.080      4.888     -9.941
  -1  215     19.189      4.816     -5.165
 145  211    -12.847     -4.790     -3.241
 219  212    -11.543     -0.138      9.968
  70   69      7.200     -9.676     -7.427
 151   -2     -8.564     -0.432     -8.366
  -1  126     -1.028      2.410     -3.773
  -1   -2     -8.080      4.888     -9.941
  -1   -2     -8.080      4.888     -9.941
 224  217     -8.080      4.888     -9.941
