689
  -1   27      8.821     -5.259      9.027
 144   12      7.300     -8.942      7.113
 456    3      9.962     -3.357      6.576
  57    4     12.009     -5.790     -8.819
   7   -2      6.400     -4.269     -2.775
   5   -2     -3.089    -10.547     -4.683
 100   49     16.479     -6.447     -2.475
  -1    5      6.738     -3.836      1.490
  -1   -2     11.862     -3.768      3.778
  18   -2      7.280     -7.246     -1.507
  10    9     10.604     -5.353     -5.148
  35   -2     -1.688     -7.409     -6.629
   0   -2      9.310     -2.611      7.919
  38   -2     10.257     -8.080      7.185
  -1   -2      8.280     -7.310      6.348
  15   -2     -0.675     -2.321     -3.204
 111   14     10.532      1.759      5.926
 141   -2      7.202     -4.742     -6.825
  -1  692     -0.771     -9.058      4.361
  41   -2    -11.612     -6.730     -9.494
 131   -2      3.365     -7.995      5.613
 218    1      3.798     -5.038     -3.481
  23  143     12.057     -5.400      1.225
  36   -2      4.920     -8.582      5.277
 166   -2     -2.071     -9.382      0.250
 590  620     -3.045     -2.170      9.693
  -1   -2    -12.310     -1.478     -9.277
  -1   23     11.962     -6.901      4.247
  25   26      9.673     -0.784     10.210
  26   25     -1.433     -5.461      3.045
  24   11     10.754     -5.218      6.017
  31   28     10.177    -10.084     -3.016
  -1   32     -5.572     -5.345     -4.392
  -1   39     -4.057     -9.170     -2.529
  65   -2      9.433     -4.252      4.231
 123   30      6.807     -2.312     -6.355
  51  487     11.080     -1.745      3.676
 159   33      1.384     -9.945      4.154
  -1   20      3.905     -7.818      5.262
 192   -2     17.856     -1.572     -3.070
 199  112     15.574     -0.676     -5.195
 147   -2     14.217     -6.746      5.364
 146   78     -3.251     -4.311     -5.523
  -1    2      7.560     -9.050      4.918
  42   -2     -6.129     -9.757     10.219
 142   45     -5.914     -8.183      3.047
  54  109     17.604     -9.517      0.531
  55   53     -7.911     -3.962     -2.602
  44   55     -0.131     -7.052      8.558
  58   48     18.693     -8.954      0.764
  -1   -2     14.123     -7.364     -6.044
  46   -2     -8.303     -8.421     -0.599
 133   58      3.158    -10.045      9.249
  32   47      1.295     -8.148      3.636
  47   46     19.469     -8.677     -5.277
  -1   24     12.960     -6.998      7.082
  52   50     -0.646     -6.531      9.425
   4   52     11.967     -5.716    -10.914
  70   -2     10.482    -10.377      5.011
  53   51      9.812     -6.921      3.336
 575  170     11.993     -8.624     -6.539
  60   -2     14.694     -4.124      3.503
  -1   -2     13.052      0.151     -1.143
  -1   -2     12.251      2.199      8.512
 624   -2      7.704     -9.343      1.954
  68   43     -7.916     -6.665     -1.501
  -1   -2     -5.500     -6.950     -9.556
  29   65      4.629     -2.926     -3.279
  77   63    -11.913     -9.991     -4.993
  39   76     -9.572     -6.679     -2.942
  69   69      4.329    -10.406     -9.758
  72   -2     14.762     -2.498     -4.685
 132   72     15.460     -3.173     -1.403
 156   99     -9.671     -2.131     -7.445
  67   75     15.462     -7.355     -1.187
  71   73      9.498     -4.741     -7.446
  11   56     -0.973     -6.759     -1.814
  30   77     -3.785     -6.864      0.067
  79   79      8.707     -5.440     -7.299
  -1   -2      3.999     -5.166     -9.937
  -1   -2     18.117      2.717      3.501
 161   67    -11.895     -9.150     -2.362
  80   81     -6.600     -3.054     -1.559
 122   82     -2.629     -9.499      4.662
  -1   -2     -0.280      0.750      8.961
  -1   -2     16.333      1.009      0.471
  -1   -2     19.965     -0.122     -2.394
  -1   -2     13.573      0.745     -2.511
  -1   -2     -0.038     -0.391      1.710
 446  477     20.533     -4.528     -3.992
  -1  175    -10.287     -3.782     -0.341
  -1   -2     16.340     -2.989      0.277
  -1   -2      0.284      4.698     -8.865
  -1   -2     14.091      3.093     -3.691
  -1   71     -0.179     -5.718    -11.990
  -1  193      4.951     -0.336      4.642
  92   97      4.323     -9.087    -11.384
  -1   41     16.768    -10.391     -0.478
  -1   -2    -11.545     -0.139      9.979
  -1   22    -10.571     -5.310    -10.014
  95  180      6.510    -11.072      3.525
  61   -2     -9.102    -12.051    -10.382
 633  157     -0.333     -1.497      9.283
  19  102    -12.864     -6.595     -8.093
  -1   70     16.244     -8.439     -8.353
  -1  139     -6.404      3.759     -7.952
  -1   -2     14.593     -9.626      3.877
  -1   68     -8.567     -0.432     -8.354
 101  106      7.207     -9.679     -7.466
  -1  293     18.092     -5.222      0.451
  -1  219      1.319     -4.030     -1.823
  -1  340      0.781     -5.082      2.373
  -1   -2     -1.027      2.409     -3.777
  40   -2     16.263     -2.100    -11.630
  -1   -2     14.500      4.844      3.480
  -1  480    -10.478      0.134     -3.726
  -1  117      7.649     -8.691     10.041
  -1  649     -8.080      4.890     -9.947
  -1   -2      2.424     -0.898      9.478
  -1   -2    -13.347    -10.678      3.017
 113   -2     -1.586     -9.186      6.010
  -1   -2     19.191      4.817     -5.161
 115  309    -12.362      1.600     -8.619
  -1  151      4.473      6.115      5.289
 116  142     -4.611     -0.738      5.060
  -1  605     10.874     -8.958     -4.986
 119  195     -0.902      2.026     -3.170
 120  196     20.842     -5.313      7.677
 124   -2     13.940     -7.689      9.937
  -1  197     -5.902    -10.468      7.811
 126  138      1.168     -3.721     10.068
  -1   -2      7.481     -1.670     -7.848
 125  133      5.006      1.735     -4.699
  21  152      4.853     -7.474      0.416
  -1  141      3.524    -10.103     10.266
 172   40     18.900     -0.664     -2.943
  49   -2     15.974      1.122     -2.760
  -1  137      1.877     -1.593     11.927
  -1   -2     15.371     -3.593     -2.877
 137   -2     -5.867      2.572     -8.940
  -1  156      9.740    -10.014     11.261
  -1   -2    -11.309     -9.879     -8.737
  -1  198      0.780     -1.654     -3.137
  -1   34      6.555     -5.298     10.305
  -1   -2     20.308     -3.054     11.092
  56  149      1.660     -4.115      9.478
  -1   36     -5.100     -1.736     -4.590
 110   13      2.836      1.840      0.155
  76   -2      6.659     -6.483     -7.512
  -1   -2     18.205     -7.980      0.306
   1   -2      9.989     -7.273     -6.521
 148   -2     13.664     -9.816      4.843
 108   -2      7.746     -8.515      9.083
 145  146     -4.018    -10.434     -9.471
   2   -2      6.951     -6.985      5.324
 136   -2     -2.660     -8.415      6.672
  -1  130    -12.877    -10.354      7.215
  -1   62     16.011     -5.436      6.858
  86  153    -11.267     -3.024     -5.026
  -1   -2     -8.510     -7.464     -5.287
 157  159      6.119     -2.494      8.347
  -1   -2     13.806     -3.082    -12.023
 170   -2     15.941     -1.363      0.772
  96   -2     -1.683     -2.077      9.576
  -1   -2      8.560    -10.607     -8.165
  -1   -2      6.738     -3.836      1.490
  -1   -2     12.016     -3.788      3.396
  -1   18     -0.834     -9.065      4.194
  -1   -2     -3.033     -2.183      9.801
  -1   -2      7.720     -9.059      4.508
  84   31     12.766      0.144     -0.434
  -1   -2     -0.280      0.750      8.961
 149   -2     16.333      1.009      0.471
  -1   54     13.573      0.745     -2.511
  -1   -2     19.965     -0.122     -2.394
  -1   -2     20.533     -4.528     -3.992
  -1   -2      0.284      4.698     -8.865
  -1   -2     -0.038     -0.391      1.710
 520  550    -11.545     -0.139      9.979
  -1   -2     -0.333     -1.497      9.283
  -1   -2     -6.404      3.759     -7.952
  -1   -2     -8.567     -0.432     -8.354
  -1   -2     14.593     -9.626      3.877
  -1   -2     18.092     -5.222      0.451
  -1  110      1.319     -4.030     -1.823
  -1  207     14.500      4.844      3.480
 212  247     -1.027      2.409     -3.777
  -1   -2      0.781     -5.082      2.373
  -1   -2     -8.080      4.890     -9.947
  -1  662      2.424     -0.898      9.478
  -1  135     19.191      4.817     -5.161
  -1   -2     10.874     -8.958     -4.986
  -1   -2      4.473      6.115      5.289
 186   -2      0.780     -1.654     -3.137
  -1  627      9.922     -3.364      6.550
  -1   -2      9.922     -3.364      6.550
  -1   -2      6.738     -3.836      1.490
  -1   -2     12.016     -3.788      3.396
  -1   -2     -0.834     -9.065      4.194
  -1   -2     -3.033     -2.183      9.801
  -1   -2      7.720     -9.059      4.508
  -1   -2     -0.280      0.750      8.961
  -1   -2     13.573      0.745     -2.511
  -1   -2     -0.038     -0.391      1.710
  -1   -2     20.533     -4.528     -3.992
  -1   -2      0.284      4.698     -8.865
  -1   -2    -11.545     -0.139      9.979
  -1   -2     -0.333     -1.497      9.283
  -1   -2     14.593     -9.626      3.877
  -1   -2     -6.404      3.759     -7.952
  -1   -2     -8.567     -0.432     -8.354
  -1   -2     14.500      4.844      3.480
  -1   -2      0.781     -5.082      2.373
  -1   -2     18.092     -5.222      0.451
  -1   -2     -8.080      4.890     -9.947
  -1   -2     10.874     -8.958     -4.986
  -1   -2      2.424     -0.898      9.478
 191   -2      4.473      6.115      5.289
  -1   -2     19.191      4.817     -5.161
  -1   -2      9.922     -3.364      6.550
  -1   -2      6.738     -3.836      1.490
  -1   -2     12.016     -3.788      3.396
  -1   -2     -0.834     -9.065      4.194
  -1   -2      7.720     -9.059      4.508
  -1   -2     -0.280      0.750      8.961
  -1   -2     13.573      0.745     -2.511
  -1   -2     20.533     -4.528     -3.992
  -1   -2    -12.519     -1.537     -9.821
  -1   -2      0.284      4.698     -8.865
  -1   -2     -0.038     -0.391      1.710
  -1   -2    -11.545     -0.139      9.979
  -1   -2     -0.333     -1.497      9.283
  -1   -2     14.593     -9.626      3.877
  -1   -2     -8.567     -0.432     -8.354
  -1   -2     -6.404      3.759     -7.952
  -1   -2     14.500      4.844      3.480
  -1   -2     18.092     -5.222      0.451
  -1   -2      0.781     -5.082      2.373
  -1   -2      2.424     -0.898      9.478
  -1   -2     -8.080      4.890     -9.947
  -1   -2     10.874     -8.958     -4.986
  -1   -2     19.191      4.817     -5.161
  -1   -2      9.922     -3.364      6.550
  -1   -2      6.738     -3.836      1.490
  -1   -2     12.016     -3.788      3.396
  -1   -2     -0.834     -9.065      4.194
  -1   -2     -3.033     -2.183      9.801
  -1   -2      7.720     -9.059      4.508
  -1   -2     -0.038     -0.391      1.710
  -1   -2     -0.280      0.750      8.961
  -1   -2     13.573      0.745     -2.511
  -1   -2     20.533     -4.528     -3.992
  -1   -2    -12.519     -1.537     -9.821
  -1   -2      0.284      4.698     -8.865
  -1   -2    -11.545     -0.139      9.979
  -1   -2     -0.333     -1.497      9.283
  -1   -2     -6.404      3.759     -7.952
  -1   -2     14.593     -9.626      3.877
  -1   -2     -8.567     -0.432     -8.354
  43   92     18.092     -5.222      0.451
  -1   -2      0.781     -5.082      2.373
  -1   -2     14.500      4.844      3.480
  -1   -2      2.424     -0.898      9.478
  -1   -2     10.874     -8.958     -4.986
  -1   -2     -8.080      4.890     -9.947
  -1   -2     19.191      4.817     -5.161
  -1   -2      9.708     -2.257     -0.860
  -1   -2      6.738     -3.836      1.490
  -1   -2     12.016     -3.788      3.396
  -1   -2     -0.834     -9.065      4.194
  -1   -2     -3.033     -2.183      9.801
  -1   -2      7.720     -9.059      4.508
  -1   -2     -0.280      0.750      8.961
  -1   -2     13.573      0.745     -2.511
  -1   -2      0.284      4.698     -8.865
  -1   -2     20.533     -4.528     -3.992
  -1   -2    -12.519     -1.537     -9.821
  -1   -2    -11.545     -0.139      9.979
  -1   -2     -0.333     -1.497      9.283
  -1   -2     -0.038     -0.391      1.710
  -1   -2     14.593     -9.626      3.877
  -1   -2     -6.404      3.759     -7.952
  -1   -2     -8.567     -0.432     -8.354
  -1   -2     14.500      4.844      3.480
  -1   -2      0.781     -5.082      2.373
  -1   -2      2.424     -0.898      9.478
  -1   -2     -8.080      4.890     -9.947
  -1   -2     10.874     -8.958     -4.986
  -1   -2     19.191      4.817     -5.161
 288  322      9.708     -2.257     -0.860
  -1   -2      9.922     -3.364      6.550
  -1   -2      9.922     -3.364      6.550
  -1   -2      6.738     -3.836      1.490
  -1   -2     12.016     -3.788      3.396
  -1   -2     -0.834     -9.065      4.194
  -1   -2     -3.033     -2.183      9.801
  -1   -2      7.720     -9.059      4.508
  -1   -2     -0.280      0.750      8.961
  -1   -2     13.573      0.745     -2.511
  -1   -2     -0.038     -0.391      1.710
  -1   -2     20.533     -4.528     -3.992
  -1   -2      0.284      4.698     -8.865
  -1  115    -12.519     -1.537     -9.821
  -1   -2    -11.545     -0.139      9.979
  -1   -2     -0.333     -1.497      9.283
  -1   -2     -8.567     -0.432     -8.354
  -1   -2     14.593     -9.626      3.877
  -1   -2     -6.404      3.759     -7.952
  -1   -2      0.781     -5.082      2.373
  -1   -2     14.500      4.844      3.480
  -1   -2     -8.080      4.890     -9.947
  -1   -2      2.424     -0.898      9.478
  -1   -2     10.874     -8.958     -4.986
  -1   -2     19.191      4.817     -5.161
  -1   -2      9.922     -3.364      6.550
  -1   -2      6.738     -3.836      1.490
  -1   -2     12.016     -3.788      3.396
  -1   -2     -0.834     -9.065      4.194
  -1   -2     -3.033     -2.183      9.801
  -1   -2      7.720     -9.059      4.508
  -1   -2     -0.280      0.750      8.961
  -1   -2     -0.038     -0.391      1.710
  -1   -2     13.573      0.745     -2.511
  -1   -2      0.284      4.698     -8.865
  -1   -2     20.533     -4.528     -3.992
  -1   -2    -11.545     -0.139      9.979
  -1   -2     -0.333     -1.497      9.283
  -1   -2     14.593     -9.626      3.877
  -1   -2     -8.567     -0.432     -8.354
  -1   -2     -6.404      3.759     -7.952
  -1   -2     14.500      4.844      3.480
 329   -2      0.781     -5.082      2.373
  -1   -2      2.424     -0.898      9.478
  -1   -2     10.874     -8.958     -4.986
  -1   -2     -8.080      4.890     -9.947
  -1   -2     19.191      4.817     -5.161
  -1   -2      9.922     -3.364      6.550
  -1   -2      6.738     -3.836      1.490
  -1   -2     12.016     -3.788      3.396
  -1   -2     -3.033     -2.183      9.801
  -1   -2      7.720     -9.059      4.508
  -1   -2     -0.280      0.750      8.961
  -1   -2     13.573      0.745     -2.511
  -1   -2     -0.038     -0.391      1.710
  -1   -2     20.533     -4.528     -3.992
  -1   -2      0.284      4.698     -8.865
  -1   -2    -11.545     -0.139      9.979
  -1   -2     -0.333     -1.497      9.283
  -1   -2     -6.404      3.759     -7.952
  -1   -2     -8.567     -0.432     -8.354
  -1   -2     14.593     -9.626      3.877
  -1   -2     14.500      4.844      3.480
  -1   -2      2.424     -0.898      9.478
  -1   -2     -8.080      4.890     -9.947
  -1   -2     10.874     -8.958     -4.986
  -1   -2     19.191      4.817     -5.161
  -1   -2      9.922     -3.364      6.550
  -1   -2      9.922     -3.364      6.550
  -1   -2      6.738     -3.836      1.490
  -1   -2     12.016     -3.788      3.396
  -1   -2     -0.834     -9.065      4.194
  -1   -2     -3.033     -2.183      9.801
  -1   -2      7.720     -9.059      4.508
  -1   -2     -0.038     -0.391      1.710
  -1   -2     -0.280      0.750      8.961
  -1   -2      0.284      4.698     -8.865
  -1   -2     13.573      0.745     -2.511
  -1   -2     20.533     -4.528     -3.992
  -1   -2    -11.545     -0.139      9.979
  -1   -2     -0.333     -1.497      9.283
  -1   -2     -8.567     -0.432     -8.354
  -1   -2     -6.404      3.759     -7.952
  -1   -2     14.593     -9.626      3.877
  -1   -2     14.500      4.844      3.480
  -1   -2     -8.080      4.890     -9.947
  -1   -2      2.424     -0.898      9.478
  -1   -2     19.191      4.817     -5.161
  -1   -2     10.874     -8.958     -4.986
  -1   -2      9.922     -3.364      6.550
  -1   -2      6.738     -3.836      1.490
  -1   -2     12.016     -3.788      3.396
  -1   -2     -0.834     -9.065      4.194
  -1   -2     -3.033     -2.183      9.801
  -1   -2      7.720     -9.059      4.508
  -1   -2     -0.280      0.750      8.961
  -1   -2     13.573      0.745     -2.511
  -1   -2     -0.038     -0.391      1.710
  -1   -2     20.533     -4.528     -3.992
  -1   -2      0.284      4.698     -8.865
  -1   -2    -11.545     -0.139      9.979
  -1   -2     -0.333     -1.497      9.283
  -1   -2     -8.567     -0.432     -8.354
  -1   -2     -6.404      3.759     -7.952
  -1   -2     14.593     -9.626      3.877
  -1   -2     14.500      4.844      3.480
  -1   -2     -8.080      4.890     -9.947
  -1   -2      2.424     -0.898      9.478
  -1   -2     10.874     -8.958     -4.986
  -1   -2     19.191      4.817     -5.161
  -1   -2      9.922     -3.364      6.550
  -1   -2      6.738     -3.836      1.490
  -1   -2     12.016     -3.788      3.396
  -1   -2     -0.834     -9.065      4.194
  -1   -2     -3.033     -2.183      9.801
  -1   -2      7.720     -9.059      4.508
  -1   -2     -0.280      0.750      8.961
  -1   -2     13.573      0.745     -2.511
  -1   -2     20.533     -4.528     -3.992
  -1   -2      0.284      4.698     -8.865
  -1   -2     -0.038     -0.391      1.710
  -1   -2    -11.545     -0.139      9.979
 155  420     -0.333     -1.497      9.283
  -1   -2     -6.404      3.759     -7.952
  -1   -2     -8.567     -0.432     -8.354
  -1   -2     14.593     -9.626      3.877
  -1   -2     14.500      4.844      3.480
  -1   -2     -8.080      4.890     -9.947
  -1   -2      2.424     -0.898      9.478
  -1   -2     10.874     -8.958     -4.986
  -1   -2     19.191      4.817     -5.161
  -1   -2      9.922     -3.364      6.550
  -1   -2      6.738     -3.836      1.490
  -1   -2     12.016     -3.788      3.396
  -1   -2     -0.834     -9.065      4.194
  -1   -2     -3.033     -2.183      9.801
  -1   -2      7.720     -9.059      4.508
  -1   -2     -0.280      0.750      8.961
  -1   -2     13.573      0.745     -2.511
  -1   -2      0.284      4.698     -8.865
  -1   -2     -0.038     -0.391      1.710
  -1   -2     20.533     -4.528     -3.992
  -1   -2    -11.545     -0.139      9.979
  -1   -2     -6.404      3.759     -7.952
  -1   -2     -8.567     -0.432     -8.354
  -1   -2     14.593     -9.626      3.877
  -1   -2     14.500      4.844      3.480
  -1   -2     -8.080      4.890     -9.947
  -1   -2      2.424     -0.898      9.478
  -1   -2     10.874     -8.958     -4.986
  -1   -2     19.191      4.817     -5.161
  -1   -2      9.922     -3.364      6.550
  -1   -2      9.922     -3.364      6.550
  -1   -2      6.738     -3.836      1.490
 165  470     12.016     -3.788      3.396
  -1   -2     -0.834     -9.065      4.194
  -1   -2     -3.033     -2.183      9.801
  -1   -2      7.720     -9.059      4.508
  -1   -2     -0.280      0.750      8.961
  -1   -2     -0.038     -0.391      1.710
  -1   -2     13.573      0.745     -2.511
  -1   -2     20.533     -4.528     -3.992
  -1   -2      0.284      4.698     -8.865
  -1   -2    -11.545     -0.139      9.979
  98   -2     -6.404      3.759     -7.952
  -1   -2     -8.567     -0.432     -8.354
  -1   -2     14.593     -9.626      3.877
  -1   -2     14.500      4.844      3.480
  -1   -2      2.424     -0.898      9.478
  -1   -2     10.874     -8.958     -4.986
  -1   -2     -8.080      4.890     -9.947
  -1   -2     19.191      4.817     -5.161
  33   -2      9.922     -3.364      6.550
  -1   -2      6.738     -3.836      1.490
  -1   -2     -0.834     -9.065      4.194
  -1   -2     -3.033     -2.183      9.801
  -1   -2      7.720     -9.059      4.508
  -1   -2     -0.280      0.750      8.961
  -1   -2     13.573      0.745     -2.511
 173   -2     20.533     -4.528     -3.992
  -1   -2     -0.038     -0.391      1.710
  -1   -2      0.284      4.698     -8.865
  -1   -2    -11.545     -0.139      9.979
  -1   -2     -8.567     -0.432     -8.354
  -1   -2     14.593     -9.626      3.877
  -1   -2     14.500      4.844      3.480
  -1   -2      2.424     -0.898      9.478
  -1   -2     10.874     -8.958     -4.986
  -1   -2     -8.080      4.890     -9.947
  -1   -2     19.191      4.817     -5.161
  -1   -2      6.738     -3.836      1.490
  -1   -2     -0.834     -9.065      4.194
  -1   -2     -3.033     -2.183      9.801
  -1   -2      7.720     -9.059      4.508
  -1   -2     -0.280      0.750      8.961
  -1   -2     -0.038     -0.391      1.710
  -1   -2     13.573      0.745     -2.511
  -1   -2      0.284      4.698     -8.865
  -1   -2    -11.545     -0.139      9.979
  -1   -2     -8.567     -0.432     -8.354
 154   83     14.593     -9.626      3.877
  -1   -2     14.500      4.844      3.480
  -1   -2      2.424     -0.898      9.478
  -1   -2     -8.080      4.890     -9.947
  -1   -2     10.874     -8.958     -4.986
  -1   -2     19.191      4.817     -5.161
  -1   -2      6.738     -3.836      1.490
  -1   -2     -0.834     -9.065      4.194
  -1   -2     -3.033     -2.183      9.801
  -1   -2      7.720     -9.059      4.508
  -1   -2     -0.280      0.750      8.961
  -1   -2     -0.038     -0.391      1.710
  -1   -2     13.573      0.745     -2.511
  -1   -2      0.284      4.698     -8.865
  -1   -2    -11.545     -0.139      9.979
  -1   -2     -8.567     -0.432     -8.354
  -1   -2     14.500      4.844      3.480
  -1   -2     -8.080      4.890     -9.947
  -1   -2     10.874     -8.958     -4.986
  -1   -2      2.424     -0.898      9.478
  -1   -2     19.191      4.817     -5.161
  -1   -2      6.738     -3.836      1.490
  -1   -2     -0.834     -9.065      4.194
  -1   -2     -3.033     -2.183      9.801
  -1   -2      7.720     -9.059      4.508
  -1   -2     -0.280      0.750      8.961
  -1   -2     -0.038     -0.391      1.710
  -1   -2     13.573      0.745     -2.511
  -1   -2      0.284      4.698     -8.865
  -1   -2    -11.545     -0.139      9.979
 449   -2     -8.567     -0.432     -8.354
  -1   -2     14.500      4.844      3.480
  -1   -2     -8.080      4.890     -9.947
  -1   -2      2.424     -0.898      9.478
  -1   -2     10.874     -8.958     -4.986
  -1   -2     19.191      4.817     -5.161
  -1   -2      6.738     -3.836      1.490
  -1   -2     -0.834     -9.065      4.194
  -1   -2     -3.033     -2.183      9.801
  -1   -2      7.720     -9.059      4.508
  -1   -2     -0.280      0.750      8.961
 128  561     13.573      0.745     -2.511
  -1   -2     -0.038     -0.391      1.710
  -1   -2      0.284      4.698     -8.865
  -1   -2    -11.545     -0.139      9.979
  -1   -2     14.500      4.844      3.480
  -1   -2      2.424     -0.898      9.478
  -1   -2     -8.080      4.890     -9.947
  -1   -2     10.874     -8.958     -4.986
  -1   -2     19.191      4.817     -5.161
  -1   -2      6.738     -3.836      1.490
  -1   -2     -0.834     -9.065      4.194
  -1   -2     -3.033     -2.183      9.801
  -1   -2      7.720     -9.059      4.508
  -1   -2     -0.280      0.750      8.961
  -1   -2     -0.038     -0.391      1.710
  -1   -2      0.284      4.698     -8.865
  93   -2    -11.545     -0.139      9.979
  -1   -2     14.500      4.844      3.480
  -1   -2      2.424     -0.898      9.478
  -1   -2     -8.080      4.890     -9.947
  -1   -2     19.191      4.817     -5.161
  -1   -2     10.874     -8.958     -4.986
  -1   -2     -0.834     -9.065      4.194
  -1   -2     -3.033     -2.183      9.801
  -1   -2      7.720     -9.059      4.508
  -1   -2     -0.280      0.750      8.961
  -1   -2     -0.038     -0.391      1.710
  -1   -2      0.284      4.698     -8.865
  -1   -2     14.500      4.844      3.480
  -1   -2      2.424     -0.898      9.478
  -1   -2     -8.080      4.890     -9.947
  -1   -2     19.191      4.817     -5.161
  -1   -2      6.738     -3.836      1.490
  -1   -2     -0.834     -9.065      4.194
  -1   -2     -3.033     -2.183      9.801
  -1   -2      7.720     -9.059      4.508
  -1   -2     -0.280      0.750      8.961
  -1   -2      0.284      4.698     -8.865
  -1   -2     -0.038     -0.391      1.710
  -1   -2     14.500      4.844      3.480
  -1   -2      2.424     -0.898      9.478
  -1   -2     -8.080      4.890     -9.947
  -1   -2     19.191      4.817     -5.161
  -1   -2      6.738     -3.836      1.490
  -1   -2     -0.834     -9.065      4.194
  -1   -2     -3.033     -2.183      9.801
  -1   -2      7.720     -9.059      4.508
  -1   -2     -0.280      0.750      8.961
  -1   -2     -0.038     -0.391      1.710
  -1   -2      0.284      4.698     -8.865
  -1   -2     14.500      4.844      3.480
  -1   -2      2.424     -0.898      9.478
  -1   -2     -8.080      4.890     -9.947
  -1   -2     19.191      4.817     -5.161
  -1   -2      6.738     -3.836      1.490
  -1   -2     -0.834     -9.065      4.194
  -1   -2     -3.033     -2.183      9.801
  -1   -2      7.720     -9.059      4.508
  -1   -2     -0.280      0.750      8.961
  -1   -2     -0.038     -0.391      1.710
  -1   -2      0.284      4.698     -8.865
  -1   -2     14.500      4.844      3.480
  -1   -2      2.424     -0.898      9.478
  -1   -2     -8.080      4.890     -9.947
  -1   -2     19.191      4.817     -5.161
 162   17      6.738     -3.836      1.490
  -1   -2     -0.834     -9.065      4.194
  -1   -2     -3.033     -2.183      9.801
  -1   -2     -0.280      0.750      8.961
  -1   -2      0.284      4.698     -8.865
  -1   -2     -0.038     -0.391      1.710
  -1   -2     14.500      4.844      3.480
  -1   -2      2.424     -0.898      9.478
  -1   -2     -8.080      4.890     -9.947
  -1   -2     19.191      4.817     -5.161
  -1   -2     -0.834     -9.065      4.194
  -1   -2     -3.033     -2.183      9.801
  -1   -2      7.720     -9.059      4.508
  82   -2     -0.280      0.750      8.961
  -1   -2      0.284      4.698     -8.865
  -1   -2     14.500      4.844      3.480
  -1   -2     -8.080      4.890     -9.947
  -1   -2      2.424     -0.898      9.478
  -1   -2     19.191      4.817     -5.161
  -1   -2     -0.834     -9.065      4.194
  -1   -2     -3.033     -2.183      9.801
  -1   -2      7.720     -9.059      4.508
  -1   -2      0.284      4.698     -8.865
  -1   -2     14.500      4.844      3.480
  -1   -2      2.424     -0.898      9.478
  -1   -2     -8.080      4.890     -9.947
  -1   -2     19.191      4.817     -5.161
  -1   -2     -0.834     -9.065      4.194
  -1   -2     -3.033     -2.183      9.801
  37  646      7.720     -9.059      4.508
  -1   -2      0.284      4.698     -8.865
  -1   -2     14.500      4.844      3.480
  -1   -2     19.191      4.817     -5.161
  -1   -2     -0.834     -9.065      4.194
 167   -2     -3.033     -2.183      9.801
  -1   -2      0.284      4.698     -8.865
  -1   -2     14.500      4.844      3.480
  -1   -2      2.424     -0.898      9.478
  -1   -2     -8.080      4.890     -9.947
  -1   -2     19.191      4.817     -5.161
  -1   -2     -0.834     -9.065      4.194
  -1   -2      0.284      4.698     -8.865
  -1   -2     14.500      4.844      3.480
  -1   -2      2.424     -0.898      9.478
  -1   -2     -8.080      4.890     -9.947
  -1   -2     19.191      4.817     -5.161
  -1   -2     -0.834     -9.065      4.194
  -1   -2      0.284      4.698     -8.865
  -1   -2     14.500      4.844      3.480
  -1   -2      2.424     -0.898      9.478
  -1   -2     19.191      4.817     -5.161
 619   -2     -8.080      4.890     -9.947
  -1   -2     -0.834     -9.065      4.194
  -1   -2      0.284      4.698     -8.865
  -1   -2     14.500      4.844      3.480
  -1   -2      2.424     -0.898      9.478
  -1   -2     19.191      4.817     -5.161
  -1   -2     -0.834     -9.065      4.194
  -1   -2      0.284      4.698     -8.865
  -1   -2     14.500      4.844      3.480
  -1   -2      2.424     -0.898      9.478
  -1   -2     19.191      4.817     -5.161
  -1   -2     -0.834     -9.065      4.194
  -1   -2      0.284      4.698     -8.865
  -1   -2     14.500      4.844      3.480
  -1   -2      2.424     -0.898      9.478
  -1   -2     19.191      4.817     -5.161
  -1   -2     -0.834     -9.065      4.194
  -1   -2      0.284      4.698     -8.865
  -1   -2     14.500      4.844      3.480
 129   -2      2.424     -0.898      9.478
  -1   -2     19.191      4.817     -5.161
  -1   -2     -0.834     -9.065      4.194
  -1   -2      0.284      4.698     -8.865
  -1   -2     14.500      4.844      3.480
  -1   -2     19.191      4.817     -5.161
 663   -2     -0.834     -9.065      4.194
  -1   -2      0.284      4.698     -8.865
  -1   -2     14.500      4.844      3.480
  -1   -2     19.191      4.817     -5.161
  -1   -2      0.284      4.698     -8.865
  -1   -2     14.500      4.844      3.480
  -1   -2     19.191      4.817     -5.161
  -1   -2      0.284      4.698     -8.865
  -1   -2     14.500      4.844      3.480
  -1   -2     19.191      4.817     -5.161
  -1   -2      0.284      4.698     -8.865
  -1   -2     14.500      4.844      3.480
  -1   -2     19.191      4.817     -5.161
  91  707      0.284      4.698     -8.865
  -1   -2     14.500      4.844      3.480
  88   -2     19.191      4.817     -5.161
  -1   -2     14.500      4.844      3.480
 679  708     14.500      4.844      3.480
