694
  -1    9      8.817     -5.263      9.014
  42   -2      7.301     -8.943      7.113
   2   -2      9.957     -3.363      6.585
 114   69     16.479     -6.448     -2.459
 662   -2     -4.809     -3.015      9.663
  -1   -2      6.735     -3.837      1.481
  -1  194     11.860     -3.768      3.781
  10    7      7.281     -7.245     -1.507
   0   -2     10.081     -5.191      7.852
  -1   45     10.602     -5.352     -5.143
  12   10     -1.687     -7.410     -6.623
  11    3      9.310     -2.613      7.925
  70    0     10.257     -8.081      7.183
  -1   -2     -0.769     -9.059      4.368
  86  109      8.278     -7.310      6.350
 137   13     -0.675     -2.321     -3.204
 155   14      7.725     -4.592     -5.430
  34   15     10.530      1.756      5.925
  18   35      5.466     -6.504      9.263
 599   73      3.800     -5.038     -3.480
  -1   -2     -3.042     -2.172      9.691
  47  118     -2.453     -9.426     -0.763
  -1   -2      4.917     -8.583      5.288
  -1   19      2.758     -7.787      7.941
  26   -2     12.051     -5.408      1.213
  23   22      9.674     -0.784     10.207
  43   24      6.547     -1.664     -2.233
  -1   46     -1.430     -5.464      3.037
  53   12     11.966     -6.903      4.260
  28   -2     10.173    -10.083     -3.011
  33   29      6.808     -2.313     -6.355
  -1   32     11.077     -1.745      3.682
 103   40     -5.574     -5.346     -4.380
  94   28      1.387     -9.947      4.150
 140   -2    -11.796     -6.804     -9.920
  35   30      9.432     -4.252      4.233
  22   -2     -3.373     -9.294     -4.723
  38   -2      4.141     -7.809      5.898
  32   34    -11.696     -6.314     -5.330
  -1  179     11.685     -9.847      9.441
 132   -2     14.214     -6.747      5.369
  41   37     15.577     -0.677     -5.198
  -1   -2     -3.247     -4.312     -5.511
  -1  644      7.559     -9.048      4.924
  -1   -2     -2.157     -6.090      0.024
  44   49     -5.915     -8.184      3.043
   8   77      9.371     -4.917     -5.322
  -1   47     19.446     -8.693     -5.368
 133  132      7.760     -0.070     -7.689
  68   -2     -8.308     -8.419     -0.611
 165   -2     17.856     -1.572     -3.068
  80   54     -7.911     -3.962     -2.602
   5   -2     14.123     -7.364     -6.044
  51   57     -0.130     -7.053      8.560
  52   55     -0.647     -6.530      9.430
  29   79      9.810     -6.922      3.328
  54   52     11.966     -5.717    -10.921
 529   42     17.185     -9.461      1.500
  59   50     18.689     -8.952      0.776
  -1   38     13.078     -6.999      6.809
  -1   75     15.739     -6.737      3.790
  61   -2      7.894     -9.257      1.492
  62   60     14.695     -4.124      3.510
  60   48      3.559    -10.117     10.166
 160   59     11.996     -8.626     -6.543
  64   64     12.252      2.202      8.511
  63   68      4.624     -2.926     -3.268
  49   23     15.458     -3.173     -1.410
  65   63      4.326    -10.437     -9.760
  37   76     -9.576     -6.678     -2.954
 104   -2     -9.676     -2.130     -7.451
  67   66     14.761     -2.500     -4.679
 128   72     11.244    -10.573      3.151
  -1   -2     15.466     -7.357     -1.196
  -1   74      8.721     -7.503     -9.732
  19   -2      1.693     -5.921     -6.331
  -1   -2      4.442     -4.557     -8.402
 147   17      6.823     -6.436     -7.998
  48   51     -8.029     -6.598     -1.555
 166   85     12.634      0.121     -3.337
  -1  675      2.552    -10.231      9.081
  76   80     -3.778     -6.864      0.077
  56   -2     -0.968     -6.759     -1.826
  72   81      8.706     -5.439     -7.284
 108  110      0.347     -4.207      0.750
  -1   -2     -6.595     -3.055     -1.558
  78   36     -4.167    -10.464     -8.945
  -1   71     17.366    -10.654      1.467
 125   -2     17.551      2.361     -1.599
  -1   -2    -10.289     -3.783     -0.340
  -1   -2     -0.281      0.750      8.958
  -1   -2     16.333      1.008      0.471
  -1   -2     19.965     -0.123     -2.396
  -1   58     13.573      0.744     -2.511
  -1   -2     -0.034     -0.386      1.717
 177   65     16.340     -2.990      0.276
 168  203     20.532     -4.527     -3.987
  -1  151    -12.519     -1.536     -9.817
  -1   -2      0.277      4.699     -8.886
  -1   26      6.509    -11.091      3.523
  -1   -2    -11.547     -0.139      9.983
  -1   -2     10.981    -10.002      9.684
  96   98    -10.569     -5.310    -10.013
  -1   -2     -0.333     -1.498      9.286
  -1   -2     14.588     -9.626      3.889
  -1   -2     -8.564     -0.432     -8.366
  -1   -2     -6.404      3.759     -7.952
 101   -2      7.212     -9.680     -7.477
  -1   -2     14.500      4.842      3.480
 105  127     -6.114     -9.809      9.983
 107  111     16.261     -2.101    -11.624
  -1   -2     18.090     -5.220      0.462
  -1  146     -1.026      2.407     -3.773
  -1  538    -10.478      0.134     -3.722
 117   67     -7.185     -1.950    -10.110
  -1   -2     14.386     -2.488      3.096
 149  116      7.649     -8.691     10.039
  -1  135      5.114     -7.414     -0.234
 686  496     -8.081      4.889     -9.938
 119  188      4.470      6.117      5.302
  -1   -2     10.885     -8.957     -5.016
 135   43     -1.582     -9.186      6.019
  -1  121     -4.612     -0.738      5.058
  -1  413    -12.361      1.598     -8.618
  -1   -2     11.930    -11.327     -0.458
 292  128     -0.901      2.027     -3.175
  -1   -2     -6.356    -10.121      3.739
 129  126      1.170     -3.723     10.060
  -1   -2     13.940     -7.691      9.937
   1  156      4.658    -10.386      2.192
 130   -2      7.470     -1.672     -7.886
  -1  125      6.145     -9.586    -10.874
 136  139     15.974      1.122     -2.762
 148  133      5.005      1.733     -4.694
 143  136      1.875     -1.593     11.930
  -1   -2      7.321    -10.181      6.580
 427   -2      1.660     -4.112      9.483
  -1   -2     -4.870     -9.558      9.994
 138   -2     -5.866      2.574     -8.936
  71  143     15.376     -3.597     -2.884
 134   84     19.998      1.532     -0.269
  -1  142     -0.949     -9.503      9.050
  -1  161     21.104     -0.995     -3.728
  -1   41     19.760     -4.599     -3.290
  -1  147      2.837      1.839      0.151
  -1  144    -11.307     -9.876     -8.732
  -1  148    -14.334     -9.295      7.010
   9  150      9.980     -7.274     -6.492
 146  152      8.406     -9.946      6.861
  92   -2      4.060    -10.234      7.690
  -1  170     17.400      2.670      5.123
  -1   62     -5.256    -12.182     -9.156
  -1   -2     12.862      3.335     -4.312
 194  200    -11.265     -3.022     -5.031
 124   -2     20.564     -8.333      9.521
 121   31     -8.504     -7.462     -5.281
 158   -2     -1.688     -2.079      9.566
  -1   -2     16.009     -5.441      6.863
  -1    1      8.559    -10.607     -8.171
  -1  578      9.921     -3.369      6.547
  -1   -2      6.735     -3.837      1.481
  -1   -2     12.012     -3.788      3.403
  31   20     -0.832     -9.067      4.201
  -1   -2     -3.031     -2.185      9.804
  -1    2      7.719     -9.060      4.511
  -1   -2     -0.281      0.750      8.958
  -1   -2     16.333      1.008      0.471
  -1   -2     19.965     -0.123     -2.396
  -1   -2     13.573      0.744     -2.511
  -1   -2      0.277      4.699     -8.886
  -1  158    -10.289     -3.783     -0.340
  -1   -2     -0.034     -0.386      1.717
  -1   -2      6.509    -11.091      3.523
  -1   -2    -11.547     -0.139      9.983
  -1  155     -0.333     -1.498      9.286
  -1   -2     -6.404      3.759     -7.952
  -1   -2     -8.564     -0.432     -8.366
  -1  157     14.588     -9.626      3.889
  -1   -2     14.500      4.842      3.480
  -1   -2     18.090     -5.220      0.462
  -1   -2     -1.026      2.407     -3.773
  -1   -2     -8.081      4.889     -9.938
  -1  588     10.885     -8.957     -5.016
 139  191     -6.356    -10.121      3.739
  -1   -2      9.921     -3.369      6.547
  -1   -2      6.735     -3.837      1.481
 156   -2     12.012     -3.788      3.403
  -1   -2     -0.832     -9.067      4.201
  -1   -2     -3.031     -2.185      9.804
  -1   -2      7.719     -9.060      4.511
  -1   -2     -0.281      0.750      8.958
  -1   -2     16.333      1.008      0.471
  -1   -2     -0.034     -0.386      1.717
  -1   -2     13.573      0.744     -2.511
  -1   -2     19.965     -0.123     -2.396
  -1   -2    -12.519     -1.536     -9.817
  -1   -2      0.277      4.699     -8.886
  -1   -2      6.509    -11.091      3.523
  -1   -2    -11.547     -0.139      9.983
  -1   -2     -0.333     -1.498      9.286
  69   -2     18.090     -5.220      0.462
  -1   -2     14.588     -9.626      3.889
  -1   -2     -6.404      3.759     -7.952
  -1   -2     -8.564     -0.432     -8.366
  -1   -2     -1.026      2.407     -3.773
  -1   -2     14.500      4.842      3.480
  -1   -2     -8.081      4.889     -9.938
  -1   -2     10.885     -8.957     -5.016
  -1   -2      9.921     -3.369      6.547
  -1   -2      9.921     -3.369      6.547
  -1   -2      6.735     -3.837      1.481
  -1   -2     -0.832     -9.067      4.201
  -1   -2     -3.031     -2.185      9.804
  -1   -2      7.719     -9.060      4.511
  -1   -2     -0.281      0.750      8.958
 179   -2     16.333      1.008      0.471
  -1   -2     13.573      0.744     -2.511
  -1   -2     19.965     -0.123     -2.396
  -1   -2     -0.034     -0.386      1.717
  -1   -2      0.277      4.699     -8.886
  -1   -2    -12.519     -1.536     -9.817
  -1   -2      6.509    -11.091      3.523
  -1   -2    -11.547     -0.139      9.983
  -1   -2     -0.333     -1.498      9.286
  -1   -2     14.588     -9.626      3.889
  -1   -2     -6.404      3.759     -7.952
  -1   -2     -8.564     -0.432     -8.366
  -1   -2     14.500      4.842      3.480
  -1   -2     -1.026      2.407     -3.773
  -1   -2     -8.081      4.889     -9.938
  -1   -2     10.885     -8.957     -5.016
  -1   -2      9.921     -3.369      6.547
  -1   -2      6.735     -3.837      1.481
  -1   -2     -0.832     -9.067      4.201
  -1   -2     -3.031     -2.185      9.804
  -1   -2      7.719     -9.060      4.511
  -1   -2     -0.281      0.750      8.958
  -1   -2     19.965     -0.123     -2.396
  -1   -2     13.573      0.744     -2.511
  -1   -2      0.277      4.699     -8.886
  -1   -2     -0.034     -0.386      1.717
  -1   -2    -12.519     -1.536     -9.817
  -1   -2    -11.547     -0.139      9.983
  -1   -2      6.509    -11.091      3.523
  -1   -2     -0.333     -1.498      9.286
  -1   -2     14.588     -9.626      3.889
  -1   -2     -6.404      3.759     -7.952
  -1   -2     -8.564     -0.432     -8.366
  -1   -2     14.500      4.842      3.480
  -1   -2     -1.026      2.407     -3.773
  -1   -2     -8.081      4.889     -9.938
  -1   -2     10.885     -8.957     -5.016
  -1   -2      9.921     -3.369      6.547
  -1   -2      9.921     -3.369      6.547
  -1   -2      6.735     -3.837      1.481
  -1   -2     -3.031     -2.185      9.804
  -1   -2      7.719     -9.060      4.511
  -1   -2     -0.281      0.750      8.958
  -1   -2     19.965     -0.123     -2.396
  -1   -2     13.573      0.744     -2.511
  -1   -2      0.277      4.699     -8.886
  -1   -2    -12.519     -1.536     -9.817
  -1   -2      6.509    -11.091      3.523
  -1   -2    -11.547     -0.139      9.983
  -1   -2     -0.333     -1.498      9.286
  -1   -2     -0.034     -0.386      1.717
  -1   -2     -6.404      3.759     -7.952
  -1   -2     14.588     -9.626      3.889
  -1   -2     -8.564     -0.432     -8.366
  -1   -2     14.500      4.842      3.480
  -1   -2     -1.026      2.407     -3.773
  -1   -2     -8.081      4.889     -9.938
  -1   -2     10.885     -8.957     -5.016
  -1   -2      9.921     -3.369      6.547
  -1   -2      6.735     -3.837      1.481
  -1   -2     -0.832     -9.067      4.201
  -1   -2     -3.031     -2.185      9.804
  -1   -2      7.719     -9.060      4.511
  -1   -2     -0.281      0.750      8.958
  -1   -2     19.965     -0.123     -2.396
  -1   -2      0.277      4.699     -8.886
  -1   -2     13.573      0.744     -2.511
  -1   -2     -0.034     -0.386      1.717
  -1   -2    -11.547     -0.139      9.983
  -1   -2      6.509    -11.091      3.523
  -1   -2     -0.333     -1.498      9.286
  -1   -2     -6.404      3.759     -7.952
  -1   -2     -8.564     -0.432     -8.366
  -1   -2     14.588     -9.626      3.889
  -1   -2     14.500      4.842      3.480
  -1   -2     -1.026      2.407     -3.773
  -1   -2     -8.081      4.889     -9.938
  -1   -2     10.885     -8.957     -5.016
  -1   -2      9.921     -3.369      6.547
  -1   -2      9.921     -3.369      6.547
  -1   -2      6.735     -3.837      1.481
  -1   -2     -0.832     -9.067      4.201
  -1   -2     -3.031     -2.185      9.804
  -1   -2      7.719     -9.060      4.511
  -1   -2     -0.281      0.750      8.958
  -1   -2     13.573      0.744     -2.511
  -1   -2     -0.034     -0.386      1.717
  -1   -2     19.965     -0.123     -2.396
  -1   -2      0.277      4.699     -8.886
  -1   -2    -11.547     -0.139      9.983
 286  307      6.509    -11.091      3.523
  -1   -2     -0.333     -1.498      9.286
  -1   -2     14.588     -9.626      3.889
  -1   -2     -6.404      3.759     -7.952
  -1   -2     -8.564     -0.432     -8.366
  -1   -2     -1.026      2.407     -3.773
  -1   -2     14.500      4.842      3.480
  -1   -2     -8.081      4.889     -9.938
  -1   -2     10.885     -8.957     -5.016
  -1   -2      9.921     -3.369      6.547
  -1   -2      9.921     -3.369      6.547
  -1   -2      6.735     -3.837      1.481
  -1   -2     -0.832     -9.067      4.201
  -1   -2     -3.031     -2.185      9.804
  -1   -2      7.719     -9.060      4.511
  -1   -2     -0.281      0.750      8.958
  -1   -2     13.573      0.744     -2.511
  -1   -2     19.965     -0.123     -2.396
  -1   -2    -12.519     -1.536     -9.817
  -1   -2     -0.034     -0.386      1.717
  -1   -2      0.277      4.699     -8.886
  -1   -2    -11.547     -0.139      9.983
  -1   -2     -0.333     -1.498      9.286
  -1   -2     -8.564     -0.432     -8.366
  -1   -2     -6.404      3.759     -7.952
  -1   -2     14.588     -9.626      3.889
  -1   -2     14.500      4.842      3.480
  -1  103     -1.026      2.407     -3.773
  -1   -2     -8.081      4.889     -9.938
  -1   -2     10.885     -8.957     -5.016
  -1   -2      6.735     -3.837      1.481
  -1   -2     -0.832     -9.067      4.201
  -1   -2     -3.031     -2.185      9.804
  -1   -2      7.719     -9.060      4.511
  -1   -2     -0.281      0.750      8.958
  -1   -2     13.573      0.744     -2.511
  -1   -2      0.277      4.699     -8.886
  -1   -2    -12.519     -1.536     -9.817
  -1   -2     -0.034     -0.386      1.717
  -1   -2    -11.547     -0.139      9.983
  -1   -2     -0.333     -1.498      9.286
  -1   -2     -8.564     -0.432     -8.366
  -1   -2     -6.404      3.759     -7.952
  -1   -2     14.588     -9.626      3.889
  -1   -2     14.500      4.842      3.480
  -1   -2     10.885     -8.957     -5.016
  -1   -2     -8.081      4.889     -9.938
  -1   -2      9.921     -3.369      6.547
  -1   -2      6.735     -3.837      1.481
  -1   -2     -0.832     -9.067      4.201
  -1   -2     -3.031     -2.185      9.804
  -1   -2      7.719     -9.060      4.511
  -1   -2     -0.281      0.750      8.958
  -1   -2     -0.034     -0.386      1.717
  -1   -2     13.573      0.744     -2.511
  -1   -2    -12.519     -1.536     -9.817
  -1   -2      0.277      4.699     -8.886
  -1   -2    -11.547     -0.139      9.983
  -1   -2     -0.333     -1.498      9.286
  -1   -2     14.588     -9.626      3.889
  -1   -2     -8.564     -0.432     -8.366
  -1   -2     -6.404      3.759     -7.952
  -1   -2     14.500      4.842      3.480
  -1   -2     -8.081      4.889     -9.938
  -1   -2     10.885     -8.957     -5.016
  -1   -2      9.921     -3.369      6.547
  -1   -2      6.735     -3.837      1.481
  -1   -2     -0.832     -9.067      4.201
  -1   -2     -3.031     -2.185      9.804
  -1   -2      7.719     -9.060      4.511
  -1   -2     -0.281      0.750      8.958
  -1   -2     13.573      0.744     -2.511
  -1   -2      0.277      4.699     -8.886
  90   -2    -12.519     -1.536     -9.817
  -1   -2     -0.034     -0.386      1.717
  -1   -2    -11.547     -0.139      9.983
  -1   -2     -0.333     -1.498      9.286
  -1   -2     -6.404      3.759     -7.952
  -1   -2     14.588     -9.626      3.889
  -1   -2     -8.564     -0.432     -8.366
  -1   -2     14.500      4.842      3.480
  -1   -2     -8.081      4.889     -9.938
  -1   -2     10.885     -8.957     -5.016
  -1   -2      6.735     -3.837      1.481
  -1   -2     -0.832     -9.067      4.201
  -1   -2     -3.031     -2.185      9.804
  -1   -2      7.719     -9.060      4.511
  -1   -2     -0.281      0.750      8.958
  -1   -2     13.573      0.744     -2.511
  -1   -2      0.277      4.699     -8.886
  -1   -2     -0.034     -0.386      1.717
  -1   -2    -11.547     -0.139      9.983
  -1   -2     -0.333     -1.498      9.286
  -1   -2     -6.404      3.759     -7.952
  -1   -2     -8.564     -0.432     -8.366
  -1   -2     14.588     -9.626      3.889
  -1   -2     14.500      4.842      3.480
  -1   -2     -8.081      4.889     -9.938
  -1   -2     10.885     -8.957     -5.016
  -1   -2      9.921     -3.369      6.547
  -1   -2      6.735     -3.837      1.481
  -1   -2     -0.832     -9.067      4.201
  -1   -2     -3.031     -2.185      9.804
  -1   -2      7.719     -9.060      4.511
  -1   -2     -0.281      0.750      8.958
  -1   -2     13.573      0.744     -2.511
  -1   -2     -0.034     -0.386      1.717
  -1   -2      0.277      4.699     -8.886
  -1   -2    -11.547     -0.139      9.983
  -1   -2     -0.333     -1.498      9.286
  -1   -2     -6.404      3.759     -7.952
  -1   -2     -8.564     -0.432     -8.366
  -1   -2     14.588     -9.626      3.889
  -1   -2     14.500      4.842      3.480
  -1   -2     -8.081      4.889     -9.938
  -1   -2     10.885     -8.957     -5.016
  -1   -2      9.921     -3.369      6.547
  -1   -2      6.735     -3.837      1.481
  -1   -2     -0.832     -9.067      4.201
  -1   -2     -3.031     -2.185      9.804
  -1   -2      7.719     -9.060      4.511
  -1   -2     -0.281      0.750      8.958
  -1   -2     -0.034     -0.386      1.717
  -1   -2     13.573      0.744     -2.511
  -1   -2      0.277      4.699     -8.886
  -1   -2    -11.547     -0.139      9.983
  -1   -2     -0.333     -1.498      9.286
  -1   -2     -8.564     -0.432     -8.366
  -1   -2     14.588     -9.626      3.889
  -1   -2     -6.404      3.759     -7.952
  -1   -2     14.500      4.842      3.480
  -1   -2     -8.081      4.889     -9.938
  -1   -2     10.885     -8.957     -5.016
  -1   -2      6.735     -3.837      1.481
  -1   -2     -0.832     -9.067      4.201
  -1   -2     -3.031     -2.185      9.804
  -1   -2      7.719     -9.060      4.511
  -1   -2     -0.281      0.750      8.958
  -1   -2     -0.034     -0.386      1.717
  -1   -2     13.573      0.744     -2.511
  -1   -2      0.277      4.699     -8.886
  -1   -2    -11.547     -0.139      9.983
  81  141     -0.333     -1.498      9.286
  -1   -2     -8.564     -0.432     -8.366
  -1   -2     -6.404      3.759     -7.952
  -1   -2     14.588     -9.626      3.889
  -1   -2     14.500      4.842      3.480
  -1   -2     -8.081      4.889     -9.938
  -1   -2     10.885     -8.957     -5.016
  -1   -2      9.921     -3.369      6.547
  -1   -2      9.921     -3.369      6.547
  -1   -2      6.735     -3.837      1.481
  -1   -2     -0.832     -9.067      4.201
  -1   -2     -3.031     -2.185      9.804
  -1   -2      7.719     -9.060      4.511
  -1   -2     -0.281      0.750      8.958
  -1   -2     13.573      0.744     -2.511
  -1   -2      0.277      4.699     -8.886
  -1   -2     -0.034     -0.386      1.717
  -1   -2    -11.547     -0.139      9.983
  -1   -2     -8.564     -0.432     -8.366
  -1   -2     -6.404      3.759     -7.952
  -1   -2     14.588     -9.626      3.889
  -1   -2     14.500      4.842      3.480
  -1   -2     -8.081      4.889     -9.938
  -1   -2     10.885     -8.957     -5.016
  -1   -2      9.921     -3.369      6.547
  -1   -2      6.735     -3.837      1.481
  -1   -2     -0.832     -9.067      4.201
  -1   -2     -3.031     -2.185      9.804
  -1   -2      7.719     -9.060      4.511
  -1   -2     -0.281      0.750      8.958
  -1   -2      0.277      4.699     -8.886
  -1   -2     -0.034     -0.386      1.717
  -1   -2     13.573      0.744     -2.511
  -1   -2    -11.547     -0.139      9.983
  -1   -2     -8.564     -0.432     -8.366
  -1   -2     14.588     -9.626      3.889
 102  140     -6.404      3.759     -7.952
  -1   -2     14.500      4.842      3.480
  -1   -2     -8.081      4.889     -9.938
  -1   -2     10.885     -8.957     -5.016
  -1   -2      6.735     -3.837      1.481
  -1   -2     -0.832     -9.067      4.201
  -1   -2     -3.031     -2.185      9.804
  -1   -2      7.719     -9.060      4.511
  -1   -2     -0.281      0.750      8.958
  -1   -2     -0.034     -0.386      1.717
  -1   -2     13.573      0.744     -2.511
  -1   -2      0.277      4.699     -8.886
  -1   -2    -11.547     -0.139      9.983
  -1   -2     -8.564     -0.432     -8.366
  93   56     14.588     -9.626      3.889
  -1   -2     14.500      4.842      3.480
  -1   -2     -8.081      4.889     -9.938
  -1   -2     10.885     -8.957     -5.016
 503  486      9.921     -3.369      6.547
  -1   -2      6.735     -3.837      1.481
  -1   -2     -0.832     -9.067      4.201
  -1   -2     -3.031     -2.185      9.804
  -1   -2      7.719     -9.060      4.511
  -1   -2     -0.281      0.750      8.958
  -1   -2     -0.034     -0.386      1.717
  -1   -2     13.573      0.744     -2.511
  -1   -2      0.277      4.699     -8.886
  -1   -2    -11.547     -0.139      9.983
 123   -2     -8.564     -0.432     -8.366
  -1   -2     14.500      4.842      3.480
  -1   -2     -8.081      4.889     -9.938
  -1   -2     10.885     -8.957     -5.016
  -1   -2      6.735     -3.837      1.481
  -1   -2     -0.832     -9.067      4.201
  -1   -2      7.719     -9.060      4.511
  -1   -2     -0.281      0.750      8.958
  -1   -2     -0.034     -0.386      1.717
  -1   -2      0.277      4.699     -8.886
  -1   -2     13.573      0.744     -2.511
  -1   -2    -11.547     -0.139      9.983
  -1   -2     14.500      4.842      3.480
  -1   -2     -8.081      4.889     -9.938
  -1   -2     10.885     -8.957     -5.016
  -1   -2      6.735     -3.837      1.481
  -1   -2     -0.832     -9.067      4.201
  -1   -2     -3.031     -2.185      9.804
  -1   -2      7.719     -9.060      4.511
  -1   -2     -0.281      0.750      8.958
  -1   -2     13.573      0.744     -2.511
  -1   -2     -0.034     -0.386      1.717
  -1   -2      0.277      4.699     -8.886
  -1   -2    -11.547     -0.139      9.983
  -1   -2     14.500      4.842      3.480
  -1   -2     -8.081      4.889     -9.938
  -1   -2     10.885     -8.957     -5.016
  -1   -2      6.735     -3.837      1.481
  -1   -2     -3.031     -2.185      9.804
  -1   -2      7.719     -9.060      4.511
  -1   -2     -0.281      0.750      8.958
  -1   -2     -0.034     -0.386      1.717
  -1   -2     13.573      0.744     -2.511
  -1   -2      0.277      4.699     -8.886
  -1   -2    -11.547     -0.139      9.983
  -1   -2     14.500      4.842      3.480
  -1   -2     -8.081      4.889     -9.938
  -1   -2     10.885     -8.957     -5.016
  -1   -2      6.735     -3.837      1.481
  -1   -2     -0.832     -9.067      4.201
  -1   -2      7.719     -9.060      4.511
  -1   -2     -0.281      0.750      8.958
  -1   -2     13.573      0.744     -2.511
  -1   -2     -0.034     -0.386      1.717
  -1   -2      0.277      4.699     -8.886
  -1   -2    -11.547     -0.139      9.983
  -1   -2     14.500      4.842      3.480
  -1   -2     -8.081      4.889     -9.938
  -1   -2     10.885     -8.957     -5.016
  -1   -2      6.735     -3.837      1.481
  -1   -2     -0.832     -9.067      4.201
  -1   -2     -3.031     -2.185      9.804
  -1   -2      7.719     -9.060      4.511
  -1   -2     -0.281      0.750      8.958
  -1   -2     -0.034     -0.386      1.717
 115  572     13.573      0.744     -2.511
  -1   -2      0.277      4.699     -8.886
  -1   -2    -11.547     -0.139      9.983
  -1   -2     14.500      4.842      3.480
  -1   -2     -8.081      4.889     -9.938
  -1   -2     10.885     -8.957     -5.016
  -1   -2      6.735     -3.837      1.481
  -1   -2     -0.832     -9.067      4.201
  -1   -2     -3.031     -2.185      9.804
  -1   -2      7.719     -9.060      4.511
  -1   -2     -0.281      0.750      8.958
  -1   -2     -0.034     -0.386      1.717
  -1   -2      0.277      4.699     -8.886
  95  595    -11.547     -0.139      9.983
  -1   -2     14.500      4.842      3.480
  -1   -2     -8.081      4.889     -9.938
  -1   -2     10.885     -8.957     -5.016
  -1   -2      6.735     -3.837      1.481
  -1   -2     -3.031     -2.185      9.804
  -1   -2      7.719     -9.060      4.511
  -1   -2     -0.281      0.750      8.958
  -1   -2     -0.034     -0.386      1.717
  -1   -2      0.277      4.699     -8.886
  -1   -2     14.500      4.842      3.480
  -1   -2     -8.081      4.889     -9.938
  -1   -2     10.885     -8.957     -5.016
  -1   -2      6.735     -3.837      1.481
  -1   -2     -0.832     -9.067      4.201
  -1   -2     -0.832     -9.067      4.201
  -1   -2     -3.031     -2.185      9.804
  -1   -2      7.719     -9.060      4.511
  -1   -2     -0.281      0.750      8.958
  -1   -2     -0.034     -0.386      1.717
  -1   -2      0.277      4.699     -8.886
  -1   -2     14.500      4.842      3.480
  -1   -2     -8.081      4.889     -9.938
 597  119     10.885     -8.957     -5.016
 154   -2      6.735     -3.837      1.481
  -1   -2     -0.832     -9.067      4.201
  -1   -2     -0.832     -9.067      4.201
  -1   -2     -3.031     -2.185      9.804
  -1   -2      7.719     -9.060      4.511
  -1   -2     -0.281      0.750      8.958
  -1   -2      0.277      4.699     -8.886
  -1   88     -0.034     -0.386      1.717
  -1   -2     14.500      4.842      3.480
  -1   -2     -8.081      4.889     -9.938
  -1   -2     -0.832     -9.067      4.201
  -1   -2     -0.832     -9.067      4.201
  -1   -2     -3.031     -2.185      9.804
  -1   -2      7.719     -9.060      4.511
 656  415     -0.281      0.750      8.958
  -1   -2      0.277      4.699     -8.886
  -1   -2     14.500      4.842      3.480
  -1   -2     -8.081      4.889     -9.938
  -1   -2     -0.832     -9.067      4.201
  -1   -2     -0.832     -9.067      4.201
  -1   -2     -3.031     -2.185      9.804
  -1   -2      7.719     -9.060      4.511
  -1   -2      0.277      4.699     -8.886
  -1   -2     14.500      4.842      3.480
  -1   -2     -8.081      4.889     -9.938
  -1   -2     -0.832     -9.067      4.201
  -1   -2     -0.832     -9.067      4.201
  -1   -2      7.719     -9.060      4.511
  -1   -2      0.277      4.699     -8.886
  -1   -2     14.500      4.842      3.480
  -1   -2     -8.081      4.889     -9.938
  -1   -2     -0.832     -9.067      4.201
  -1   -2     -0.832     -9.067      4.201
  -1   -2      7.719     -9.060      4.511
  -1   -2      0.277      4.699     -8.886
  -1   -2     14.500      4.842      3.480
  -1   -2     -8.081      4.889     -9.938
  -1   -2     -0.832     -9.067      4.201
  -1   -2     -0.832     -9.067      4.201
  -1   -2      7.719     -9.060      4.511
  -1   -2      0.277      4.699     -8.886
  -1   -2     14.500      4.842      3.480
  -1   -2     -8.081      4.889     -9.938
  -1   -2     -0.832     -9.067      4.201
  -1   -2     -0.832     -9.067      4.201
 663   61      7.719     -9.060      4.511
  -1   -2      0.277      4.699     -8.886
  -1   -2     14.500      4.842      3.480
 118  662     -8.081      4.889     -9.938
  -1   -2     -0.832     -9.067      4.201
  -1   -2     -0.832     -9.067      4.201
  -1   -2      0.277      4.699     -8.886
  -1   -2     14.500      4.842      3.480
  -1   -2     -0.832     -9.067      4.201
  -1   -2     -0.832     -9.067      4.201
  -1   -2      0.277      4.699     -8.886
  -1   -2     14.500      4.842      3.480
  -1   -2     -0.832     -9.067      4.201
  -1   -2     -0.832     -9.067      4.201
  -1   -2      0.277      4.699     -8.886
  -1   -2     14.500      4.842      3.480
  -1   -2     -0.832     -9.067      4.201
  -1   -2     -0.832     -9.067      4.201
  -1   -2      0.277      4.699     -8.886
  -1   -2     14.500      4.842      3.480
  -1   -2     -0.832     -9.067      4.201
  -1   -2     -0.832     -9.067      4.201
  -1   -2      0.277      4.699     -8.886
  -1   -2     14.500      4.842      3.480
  -1   -2     -0.832     -9.067      4.201
  -1   -2     -0.832     -9.067      4.201
  -1   -2      0.277      4.699     -8.886
  -1   -2     14.500      4.842      3.480
  -1   -2     -0.832     -9.067      4.201
  -1   -2     -0.832     -9.067      4.201
  -1   -2      0.277      4.699     -8.886
  -1   -2     14.500      4.842      3.480
  -1   -2      0.277      4.699     -8.886
  -1   -2     14.500      4.842      3.480
 157   -2     -0.832     -9.067      4.201
  -1   -2      0.277      4.699     -8.886
  -1   -2     14.500      4.842      3.480
  -1   -2      0.277      4.699     -8.886
  -1   -2     14.500      4.842      3.480
  -1   -2      0.277      4.699     -8.886
  -1   -2     14.500      4.842      3.480
  -1   -2     14.500      4.842      3.480
  -1   -2      0.277      4.699     -8.886
  -1   -2     14.500      4.842      3.480
  -1   -2      0.277      4.699     -8.886
 106  689     14.500      4.842      3.480
