548
  11    0      8.823     -5.256      9.037
  42   -2      7.298     -8.942      7.109
   3  196     -4.391     -6.292     -4.928
  -1   71      9.159     -7.539      4.767
  35   13      9.962     -3.358      6.570
 173   18      6.401     -4.269     -2.776
 489  497      6.738     -3.836      1.487
  -1  302     11.860     -3.766      3.784
   5   11     10.603     -5.352     -5.143
  12   -2     -1.688     -7.409     -6.625
  14   -2      9.299     -2.615      7.950
  97   -2     10.258     -8.081      7.184
  -1    6     -0.773     -9.059      4.365
 158   -2     -0.674     -2.320     -3.203
  17   -2     10.531      1.759      5.926
  -1   -2      7.206     -4.742     -6.826
  -1   -2      3.800     -5.040     -3.476
  21   -2      2.763     -7.788      7.928
  -1   -2     -3.045     -2.171      9.698
  23   -2      4.918     -8.582      5.286
  67    1     12.053     -5.402      1.218
  99   21    -12.313     -1.480     -9.279
  71   -2     -2.550     -9.392     -1.014
 108    5     14.207     -6.934     -9.220
 105   63     10.480    -10.104     -4.991
  26   29     11.957     -6.899      4.240
  49   -2     12.246     -5.812     -8.478
  27   25      9.673     -0.784     10.209
  -1   -2     10.753     -5.219      6.017
  28   -2     -1.435     -5.462      3.044
  29   -2     -5.577     -5.346     -4.373
  32   30      1.383     -9.946      4.160
  34   -2    -11.792     -6.802     -9.908
  -1   -2      6.807     -2.312     -6.354
  -1   36      9.433     -4.251      4.234
 178  364     11.077     -1.748      3.684
  45   28     -4.423     -9.116     -1.350
  36   72    -11.690     -6.310     -5.315
 167   27     14.216     -6.747      5.366
  15   33     -3.246     -4.312     -5.511
  37  116      4.144     -7.809      5.902
  48   -2     17.605     -9.519      0.528
  61   41     15.573     -0.679     -5.187
  -1  508      7.558     -9.051      4.923
 202   42     -6.129     -9.758     10.218
  47   66      0.577     -6.209      8.769
 143  141     17.849     -1.573     -3.091
  82   -2      9.372     -4.915     -5.313
  51   -2     -8.305     -8.418     -0.602
  84   46     -5.916     -8.183      3.044
  56   52     -0.648     -6.531      9.427
  83   -2     -7.910     -3.961     -2.599
  55   53     14.124     -7.364     -6.047
 181   35     13.051      0.152     -1.138
  52   56     18.693     -8.954      0.768
  53   -2      9.816     -6.918      3.353
  50   -2     -0.130     -7.053      8.565
  -1   60     -0.306     -5.550      5.029
 163   54      3.558    -10.115     10.175
  59   57     19.499     -8.657     -5.158
  -1   -2     13.976     -4.903     -1.368
  31   62      9.853    -10.026     -2.177
  62   -2     11.995     -8.625     -6.540
  -1   20      1.351     -7.864      9.438
 165   24     14.694     -4.125      3.500
  66   65      4.622     -2.924     -3.267
  -1   67      4.329    -10.371     -9.749
  46   -2     15.458     -3.174     -1.403
 111  100     -9.673     -2.133     -7.460
  69   70     14.765     -2.499     -4.695
  85   34     -9.572     -6.680     -2.937
  19   12      1.690     -5.916     -6.328
  -1   -2     -8.030     -6.598     -1.561
 113   -2      8.722     -7.505     -9.735
 129   78     11.224    -10.563      3.201
  -1   73     15.442     -7.317     -1.151
  -1   80     -1.054     -6.893     -0.361
  79   81     -3.788     -6.863      0.057
  -1   -2      1.185     -1.628     -4.335
  -1   51     -6.595     -3.054     -1.551
  -1   -2     -2.572     -6.127      2.564
  81  171     16.870     -9.523      1.462
 139   -2      0.350     -4.204      0.737
  -1   31     14.907    -10.162     -7.443
   9   82      8.710     -5.441     -7.302
 152   -2     -4.280     -4.895     -4.214
  -1  174     18.117      2.721      3.501
  -1  158    -10.289     -3.783     -0.337
  -1   -2     -0.280      0.751      8.959
  -1   74     16.333      1.009      0.471
  -1   -2     -0.036     -0.391      1.713
  -1   -2     19.965     -0.124     -2.393
  -1   -2     13.573      0.743     -2.509
  -1   -2     20.532     -4.528     -3.990
 546  562      0.273      4.700     -8.892
 180   -2     16.340     -2.990      0.277
  -1   -2      8.193    -11.137      8.595
  -1  551      4.950     -0.336      4.644
  -1   -2    -11.544     -0.139      9.974
  -1   -2    -10.570     -5.310    -10.012
  63  101      8.300    -11.003     -1.240
  -1   -2     -0.327     -1.496      9.269
  -1   -2    -13.599    -10.437      5.391
  -1   45     -8.077    -11.130      0.534
  -1   -2     -8.564     -0.433     -8.363
  -1   55     12.334     -6.878      8.521
  -1   -2     -6.405      3.759     -7.948
  -1   -2     14.592     -9.627      3.880
  -1  344     11.227     -9.940     10.374
  -1    8     18.086     -5.224      0.467
 280   -2     -3.754     -9.927      6.922
  -1   -2     14.500      4.842      3.483
  -1   83      0.783     -5.082      2.366
  -1   -2     -1.026      2.406     -3.772
 118  111     16.261     -2.101    -11.623
 117  114    -10.478      0.134     -3.724
   1  115      7.651     -8.692     10.036
  -1   -2      2.430     -0.900      9.463
  -1   -2     -8.082      4.888     -9.933
  64   17     11.940      2.177      7.528
  -1   -2     -7.185     -1.947    -10.106
  -1  149      4.472      6.116      5.297
  -1   -2     19.190      4.817     -5.163
 145   43     -1.582     -9.186      6.018
 126  124    -12.362      1.599     -8.615
 127  126     -4.610     -0.737      5.059
 132  125     -0.903      2.027     -3.168
  -1   -2     10.870     -8.958     -4.977
  -1  130     11.931    -11.328     -0.456
 144  128     20.864     -5.306      7.758
 134  132      6.139     -9.587    -10.856
  -1   32      7.474     -1.670     -7.873
  -1  129     13.940     -7.688      9.937
 122  143      1.880     -1.594     11.917
  -1  156      4.659    -10.380      2.196
 135  134      5.004      1.735     -4.693
  -1   -2     15.975      1.121     -2.760
 137   26      0.370     -4.513      6.020
 155   69     15.360     -3.597     -2.847
 166   77     15.176    -11.026     -3.652
  76   15      6.660     -6.486     -7.515
  -1  117      4.853     -7.474      0.414
 133  138     20.312     -3.051     11.101
  91   44     18.901     -0.666     -2.944
 358  144     -5.866      2.572     -8.937
 128   -2    -12.831    -10.355      7.254
  -1   -2     -5.889    -10.459      7.788
 107  151    -11.316     -9.877     -8.723
 130  408      2.840      1.839      0.154
  38  161     -4.018    -10.435     -9.463
  -1   -2      8.408     -9.923      6.868
 157  148      9.983     -7.273     -6.504
 164   38    -11.470     -3.952     -6.379
  -1   75     20.579     -8.329      9.568
  -1   40     16.013     -5.435      6.850
 140  133      4.056    -10.231      7.700
  90   -2    -11.265     -3.024     -5.024
  -1   -2     -9.135    -12.147    -10.458
  -1  155     12.862      3.335     -4.310
 169  159      6.114     -2.494      8.343
  -1  162     13.826     -3.082    -12.072
  33    7      6.285     -2.961     -4.480
  -1    4      9.921     -3.366      6.547
  -1   -2      9.921     -3.366      6.547
  -1   -2      6.738     -3.836      1.487
  -1   -2     12.009     -3.787      3.415
  -1   -2     -0.837     -9.066      4.194
  -1  160     -3.032     -2.183      9.804
  -1    2      7.719     -9.060      4.511
  -1   -2     -0.280      0.751      8.959
  -1   -2     16.333      1.009      0.471
  -1  444     13.573      0.743     -2.509
  -1  137     19.965     -0.124     -2.393
  -1   -2    -10.289     -3.783     -0.337
  -1   -2     20.532     -4.528     -3.990
  -1   -2      8.193    -11.137      8.595
  -1   -2      0.273      4.700     -8.892
  -1   16     -0.036     -0.391      1.713
  -1   -2    -11.544     -0.139      9.974
  -1   -2     -0.327     -1.496      9.269
  -1   -2     -8.564     -0.433     -8.363
  -1  375     -6.405      3.759     -7.948
  -1   -2     14.592     -9.627      3.880
  -1   -2     14.500      4.842      3.483
 391  193     -1.026      2.406     -3.772
  -1   -2      2.430     -0.900      9.463
  -1   -2     -8.082      4.888     -9.933
  -1  436     10.870     -8.958     -4.977
  -1   -2     19.190      4.817     -5.163
 229   -2      4.659    -10.380      2.196
  -1   -2     -5.889    -10.459      7.788
 199  220      4.472      6.116      5.297
 116   -2      0.810     -1.654     -3.206
  -1   -2      9.921     -3.366      6.547
  -1   -2      6.738     -3.836      1.487
  -1   -2     12.009     -3.787      3.415
  -1   -2     -0.837     -9.066      4.194
  -1   -2     -3.032     -2.183      9.804
  -1   -2      7.719     -9.060      4.511
  -1   -2     -0.280      0.751      8.959
  92   -2     16.333      1.009      0.471
  -1   -2      0.273      4.700     -8.892
  -1   -2     -0.036     -0.391      1.713
  -1   -2     19.965     -0.124     -2.393
  -1   -2     13.573      0.743     -2.509
  -1   -2     20.532     -4.528     -3.990
  -1   -2      8.193    -11.137      8.595
  -1   -2    -10.289     -3.783     -0.337
  -1   -2    -11.544     -0.139      9.974
  -1   -2     -0.327     -1.496      9.269
  -1   -2     -8.564     -0.433     -8.363
  -1   -2     14.592     -9.627      3.880
  -1   -2     -6.405      3.759     -7.948
  -1   -2     14.500      4.842      3.483
  -1   -2     -1.026      2.406     -3.772
  -1   -2     -8.082      4.888     -9.933
  -1   -2      2.430     -0.900      9.463
  -1   -2     10.870     -8.958     -4.977
  -1   -2     19.190      4.817     -5.163
  -1   -2     -5.889    -10.459      7.788
  -1   -2      6.738     -3.836      1.487
  -1   -2     12.009     -3.787      3.415
  -1   -2     -0.837     -9.066      4.194
  -1   -2     -3.032     -2.183      9.804
  -1   -2      7.719     -9.060      4.511
  -1   -2     -0.280      0.751      8.959
  -1   -2     -0.036     -0.391      1.713
 213  233      8.193    -11.137      8.595
  -1   -2     19.965     -0.124     -2.393
  -1   -2     20.532     -4.528     -3.990
  -1   -2     13.573      0.743     -2.509
  -1   -2      0.273      4.700     -8.892
  -1   -2    -11.544     -0.139      9.974
  -1   -2     -0.327     -1.496      9.269
  -1   -2     -8.564     -0.433     -8.363
  -1   -2     -6.405      3.759     -7.948
  -1   -2     14.592     -9.627      3.880
  -1   -2     18.370     -5.294      1.536
  -1   -2     14.500      4.842      3.483
  -1   -2     -1.026      2.406     -3.772
  -1   -2      2.430     -0.900      9.463
  -1   -2     -8.082      4.888     -9.933
  -1   -2     10.870     -8.958     -4.977
  -1   -2     19.190      4.817     -5.163
  -1   -2     -5.889    -10.459      7.788
  -1   -2      9.921     -3.366      6.547
  -1   -2      6.738     -3.836      1.487
  -1   -2     12.009     -3.787      3.415
  -1   -2     -0.837     -9.066      4.194
  -1   -2     -3.032     -2.183      9.804
  -1   -2      7.719     -9.060      4.511
  -1   -2     -0.280      0.751      8.959
  -1   -2     -0.036     -0.391      1.713
  -1   -2     19.965     -0.124     -2.393
  -1   -2     13.573      0.743     -2.509
  -1   -2     20.532     -4.528     -3.990
  -1   -2      0.273      4.700     -8.892
  -1   -2    -11.544     -0.139      9.974
  -1   -2     -0.327     -1.496      9.269
  -1   -2     -8.564     -0.433     -8.363
  -1   -2     -6.405      3.759     -7.948
  -1   -2     14.592     -9.627      3.880
  -1   -2     14.500      4.842      3.483
  -1   -2     -1.026      2.406     -3.772
  -1   -2     -8.082      4.888     -9.933
  -1   -2      2.430     -0.900      9.463
  95   14      9.049     -9.927      8.775
  -1   -2     19.190      4.817     -5.163
  -1   -2     10.870     -8.958     -4.977
  -1   -2      9.921     -3.366      6.547
  -1   -2      6.738     -3.836      1.487
  -1   -2     12.009     -3.787      3.415
  -1   -2     -0.837     -9.066      4.194
  -1   -2      7.719     -9.060      4.511
  -1   -2     -0.280      0.751      8.959
  -1   -2     -0.036     -0.391      1.713
  -1   -2     19.965     -0.124     -2.393
  -1   -2      0.273      4.700     -8.892
  -1   -2     13.573      0.743     -2.509
  -1   -2     20.532     -4.528     -3.990
  -1   -2    -11.544     -0.139      9.974
  -1   -2     -0.327     -1.496      9.269
  -1   -2     14.592     -9.627      3.880
  -1   -2     -8.564     -0.433     -8.363
  -1   -2     -6.405      3.759     -7.948
 274   -2     18.370     -5.294      1.536
  -1   -2     14.500      4.842      3.483
  -1   -2     -1.026      2.406     -3.772
  -1   -2      2.430     -0.900      9.463
  -1   -2     -8.082      4.888     -9.933
  -1   -2     19.190      4.817     -5.163
  -1   -2     10.870     -8.958     -4.977
  -1   -2      9.921     -3.366      6.547
  -1   -2      6.738     -3.836      1.487
   8  167     12.009     -3.787      3.415
  -1   -2     -0.837     -9.066      4.194
  -1   -2     -3.032     -2.183      9.804
  -1   -2      7.719     -9.060      4.511
  -1   -2     -0.280      0.751      8.959
  -1   -2     19.965     -0.124     -2.393
  -1   -2     13.573      0.743     -2.509
  -1   -2     20.532     -4.528     -3.990
  -1   -2     -0.036     -0.391      1.713
  -1   -2      0.273      4.700     -8.892
  -1   -2    -11.544     -0.139      9.974
 106   -2     -0.327     -1.496      9.269
  -1   -2     -6.405      3.759     -7.948
 374  391     -8.564     -0.433     -8.363
  -1   -2     14.592     -9.627      3.880
  -1   -2     14.500      4.842      3.483
  -1   -2     -1.026      2.406     -3.772
  -1   -2      2.430     -0.900      9.463
  -1   -2     -8.082      4.888     -9.933
  -1   -2     10.870     -8.958     -4.977
  -1   -2     19.190      4.817     -5.163
  -1   -2      9.921     -3.366      6.547
  -1   -2      6.738     -3.836      1.487
  -1   -2     -3.032     -2.183      9.804
  -1   -2      7.719     -9.060      4.511
  -1   -2     -0.280      0.751      8.959
  -1   -2     -0.036     -0.391      1.713
  -1   -2     13.573      0.743     -2.509
 184  333     20.532     -4.528     -3.990
  -1   -2      0.273      4.700     -8.892
  -1   -2    -11.544     -0.139      9.974
  -1   -2     -6.405      3.759     -7.948
  -1   -2     14.592     -9.627      3.880
  -1   -2     -1.026      2.406     -3.772
  -1   -2     14.500      4.842      3.483
  -1   -2     -8.082      4.888     -9.933
  -1   -2      2.430     -0.900      9.463
  -1   -2     10.870     -8.958     -4.977
  -1   -2     19.190      4.817     -5.163
  -1   -2      9.921     -3.366      6.547
  -1   -2      6.738     -3.836      1.487
  -1   -2     -0.837     -9.066      4.194
  -1   -2      7.719     -9.060      4.511
  -1   -2     -0.280      0.751      8.959
  -1   -2     13.573      0.743     -2.509
  -1   -2     -0.036     -0.391      1.713
  -1   -2      0.273      4.700     -8.892
  -1   -2    -11.544     -0.139      9.974
  -1   -2     -6.405      3.759     -7.948
 114  357     14.592     -9.627      3.880
  -1   -2     14.500      4.842      3.483
  -1   -2     -1.026      2.406     -3.772
  -1   -2     -8.082      4.888     -9.933
  -1   -2      2.430     -0.900      9.463
  -1   -2     19.190      4.817     -5.163
  -1   -2     10.870     -8.958     -4.977
  -1   -2      6.738     -3.836      1.487
  -1   -2     -0.837     -9.066      4.194
  -1   -2     -3.032     -2.183      9.804
  -1   -2      7.719     -9.060      4.511
  -1   -2     -0.280      0.751      8.959
  -1   -2     -0.036     -0.391      1.713
  -1   -2     13.573      0.743     -2.509
  -1   -2      0.273      4.700     -8.892
  -1   -2    -11.544     -0.139      9.974
  -1   -2     14.500      4.842      3.483
  -1  113     -1.026      2.406     -3.772
  -1   -2     -8.082      4.888     -9.933
  -1   -2      2.430     -0.900      9.463
  -1   -2     19.190      4.817     -5.163
  -1   -2     10.870     -8.958     -4.977
  -1   -2      6.738     -3.836      1.487
  -1   -2     -0.837     -9.066      4.194
  -1   -2     -3.032     -2.183      9.804
  -1   -2      7.719     -9.060      4.511
  -1   -2     -0.280      0.751      8.959
  -1   -2     13.573      0.743     -2.509
  -1   -2     -0.036     -0.391      1.713
  -1   -2      0.273      4.700     -8.892
 189  406    -11.544     -0.139      9.974
  -1   -2     14.500      4.842      3.483
  -1   -2      2.430     -0.900      9.463
  -1   -2     -8.082      4.888     -9.933
  -1   -2     19.190      4.817     -5.163
  -1   -2     10.870     -8.958     -4.977
  -1   -2      6.738     -3.836      1.487
  -1   -2     -3.032     -2.183      9.804
  -1   -2      7.719     -9.060      4.511
  -1   -2     -0.280      0.751      8.959
  -1   -2     -0.036     -0.391      1.713
  -1   -2     13.573      0.743     -2.509
  -1   -2      0.273      4.700     -8.892
  -1   -2     14.500      4.842      3.483
  -1   -2     -8.082      4.888     -9.933
  -1   -2      2.430     -0.900      9.463
  -1   -2     10.870     -8.958     -4.977
  -1   -2     19.190      4.817     -5.163
  -1   -2      6.738     -3.836      1.487
  -1   -2     -0.837     -9.066      4.194
  -1   -2     -0.837     -9.066      4.194
  -1   -2     -3.032     -2.183      9.804
  -1   -2      7.719     -9.060      4.511
  -1   -2     -0.280      0.751      8.959
  -1   -2     -0.036     -0.391      1.713
  -1   -2     13.573      0.743     -2.509
  -1   -2      0.273      4.700     -8.892
  -1   -2     14.500      4.842      3.483
  -1   -2      2.430     -0.900      9.463
  -1   -2     -8.082      4.888     -9.933
  -1   -2     10.870     -8.958     -4.977
  -1   -2     19.190      4.817     -5.163
  -1   -2      6.738     -3.836      1.487
  -1   -2     -0.837     -9.066      4.194
  -1   -2     -0.837     -9.066      4.194
  -1   -2     -3.032     -2.183      9.804
  -1   -2      7.719     -9.060      4.511
  -1   -2     -0.280      0.751      8.959
 427   89     13.573      0.743     -2.509
  -1   -2      0.273      4.700     -8.892
  -1   -2     -0.036     -0.391      1.713
  -1   -2     14.500      4.842      3.483
  -1   -2      2.430     -0.900      9.463
  -1   -2     -8.082      4.888     -9.933
  -1   -2     10.870     -8.958     -4.977
  -1   -2     19.190      4.817     -5.163
  -1   -2      6.738     -3.836      1.487
  -1   -2     -0.837     -9.066      4.194
  -1   -2     -0.837     -9.066      4.194
  -1   -2     -3.032     -2.183      9.804
  -1   -2      7.719     -9.060      4.511
  -1   -2     -0.280      0.751      8.959
  -1   -2      0.273      4.700     -8.892
 449   -2     -0.036     -0.391      1.713
  -1   -2     14.500      4.842      3.483
  -1   -2     -8.082      4.888     -9.933
  -1   -2      2.430     -0.900      9.463
 419   -2     10.870     -8.958     -4.977
  -1   -2     19.190      4.817     -5.163
  -1   -2      6.738     -3.836      1.487
  -1   -2     -0.837     -9.066      4.194
  -1   -2     -0.837     -9.066      4.194
  -1   -2     -3.032     -2.183      9.804
  -1   -2      7.719     -9.060      4.511
  -1   -2      0.273      4.700     -8.892
  -1   -2     14.500      4.842      3.483
  -1   -2     -8.082      4.888     -9.933
  -1   -2      2.430     -0.900      9.463
  -1   -2     19.190      4.817     -5.163
  -1   -2      6.738     -3.836      1.487
  -1   -2     -0.837     -9.066      4.194
  -1   -2     -0.837     -9.066      4.194
  -1   -2     -3.032     -2.183      9.804
  -1   -2      7.719     -9.060      4.511
  -1   -2      0.273      4.700     -8.892
  -1   -2     14.500      4.842      3.483
  -1   -2     -8.082      4.888     -9.933
  -1   -2      2.430     -0.900      9.463
  -1   -2     19.190      4.817     -5.163
  -1   -2      6.738     -3.836      1.487
  -1   -2     -0.837     -9.066      4.194
  -1   -2     -0.837     -9.066      4.194
  -1   -2     -3.032     -2.183      9.804
  -1   -2      7.719     -9.060      4.511
  -1   -2      0.273      4.700     -8.892
  -1   -2     14.500      4.842      3.483
  -1   -2     -8.082      4.888     -9.933
  -1   -2      2.430     -0.900      9.463
  -1   -2     19.190      4.817     -5.163
  -1   -2      6.738     -3.836      1.487
  -1   -2     -0.837     -9.066      4.194
  -1   -2     -0.837     -9.066      4.194
  -1   -2     -3.032     -2.183      9.804
  -1   -2      7.719     -9.060      4.511
  -1   -2      0.273      4.700     -8.892
  -1   -2     14.500      4.842      3.483
  -1   -2      2.430     -0.900      9.463
  -1   -2     -8.082      4.888     -9.933
  -1   -2     19.190      4.817     -5.163
  -1   -2      6.738     -3.836      1.487
  -1   -2     -0.837     -9.066      4.194
  -1   -2     -0.837     -9.066      4.194
   6  313     -3.032     -2.183      9.804
  -1   -2      7.719     -9.060      4.511
  -1   -2      0.273      4.700     -8.892
  -1   -2     14.500      4.842      3.483
  -1   -2     -8.082      4.888     -9.933
  -1   -2      2.430     -0.900      9.463
  -1   -2     19.190      4.817     -5.163
  -1   -2      6.738     -3.836      1.487
  -1   -2     -0.837     -9.066      4.194
  -1   -2     -0.837     -9.066      4.194
  -1   -2      7.719     -9.060      4.511
  -1   -2      0.273      4.700     -8.892
  -1   -2     14.500      4.842      3.483
  -1   -2      2.430     -0.900      9.463
  -1   -2     -8.082      4.888     -9.933
  -1   -2     19.190      4.817     -5.163
  -1   -2      6.738     -3.836      1.487
  -1   -2     -0.837     -9.066      4.194
  -1   -2     -0.837     -9.066      4.194
 492   -2      7.719     -9.060      4.511
  -1   -2      0.273      4.700     -8.892
  -1   -2     14.500      4.842      3.483
  -1   -2      2.430     -0.900      9.463
  -1   -2     -8.082      4.888     -9.933
  -1   -2     19.190      4.817     -5.163
 170   23      6.738     -3.836      1.487
  -1   -2     -0.837     -9.066      4.194
  -1   -2     -0.837     -9.066      4.194
  -1   -2      0.273      4.700     -8.892
  -1   -2     14.500      4.842      3.483
 504  520     -8.082      4.888     -9.933
  -1   -2     19.190      4.817     -5.163
  -1   -2     -0.837     -9.066      4.194
  -1   -2     -0.837     -9.066      4.194
  -1   -2      0.273      4.700     -8.892
  -1   -2     14.500      4.842      3.483
 535   -2      2.430     -0.900      9.463
  -1   -2     19.190      4.817     -5.163
  -1   -2     -0.837     -9.066      4.194
  -1   -2     -0.837     -9.066      4.194
  -1   -2      0.273      4.700     -8.892
  -1   -2     14.500      4.842      3.483
  -1   -2     19.190      4.817     -5.163
  -1   -2     -0.837     -9.066      4.194
  -1   -2     -0.837     -9.066      4.194
  -1   -2      0.273      4.700     -8.892
  -1   -2     14.500      4.842      3.483
  -1   -2     19.190      4.817     -5.163
  -1   -2     -0.837     -9.066      4.194
  -1   -2     -0.837     -9.066      4.194
  -1   -2      0.273      4.700     -8.892
  -1   -2     14.500      4.842      3.483
  -1   -2     19.190      4.817     -5.163
  -1   -2      0.273      4.700     -8.892
  -1   -2     14.500      4.842      3.483
  -1   -2     19.190      4.817     -5.163
  16  548     -0.837     -9.066      4.194
  -1   -2      0.273      4.700     -8.892
  -1   -2     14.500      4.842      3.483
  -1   -2     19.190      4.817     -5.163
  -1   -2      0.273      4.700     -8.892
  -1   -2     14.500      4.842      3.483
  -1   -2     19.190      4.817     -5.163
  -1   -2      0.273      4.700     -8.892
  -1   -2     14.500      4.842      3.483
  -1   -2     19.190      4.817     -5.163
  -1   -2     14.500      4.842      3.483
  -1   -2     19.190      4.817     -5.163
  -1   -2      0.273      4.700     -8.892
  -1   -2     14.500      4.842      3.483
 124  566     19.190      4.817     -5.163
  93   -2      0.273      4.700     -8.892
 551   68     14.500      4.842      3.483
