77
   5   16     -1.647    -10.447     -3.415
  55   39     14.397     -8.178     -8.528
  39   -2      4.975     -8.826    -10.148
  24    1      4.736     -8.790     -2.662
   4    2      0.841     -6.784      2.338
  -1   -2     11.395     -8.339     -5.363
  73   49     19.798     -6.161     -7.570
   7    4      5.989     -5.758      1.762
  -1   12     -0.958     -9.036      7.165
  15   -2     -1.576    -10.821      1.254
   1   -2      0.650    -10.218     -3.175
  20   48     -0.356    -10.470      1.826
  -1   -2      8.497     -5.447     10.045
  -1   31      4.013    -10.390      9.053
  51   18     12.473     -5.465      4.972
  -1   -2     -7.617     -9.022     -8.687
  12   -2     18.447     -6.456     -5.371
  17   -2     12.984     -8.474     -6.689
  14   -2      9.742    -10.179    -10.047
  -1   -2     11.027     -9.712     -9.142
  27   -2     12.640     -7.612     -3.241
  -1    0      1.003    -11.044     -4.330
  16   28      9.940     -9.028     -4.127
  -1   -2      9.331     -0.433      8.088
  -1   36     10.838    -10.061    -10.362
  26   -2      5.977    -10.482     -1.819
  10   41      0.594    -10.729      1.946
  -1   23      9.482     -3.294      7.615
  65   15     -3.789    -10.676     -6.982
  -1   26     12.953     -8.713     -8.667
  11   13      8.687     -6.943      5.483
  -1   -2     10.742     -8.227     -7.104
  19   66     -5.447    -10.529     -0.270
  41   -2     13.119     -8.140     -4.625
  78   24     15.424     -5.045     -6.357
   8    5     19.567     -6.968     -4.315
  -1   -2     -0.803     -9.439      9.389
  -1   44      5.318    -10.254      6.873
  30   -2      8.482    -10.383      1.214
  -1   38      5.482    -10.979     -0.474
  -1   45     16.640      3.804    -10.021
  64   -2      9.812     -3.923      8.648
  -1   43     -1.024     -8.199     -9.697
  81   -2     -1.386     -6.272     -2.146
  79   61     -6.209     -7.819     -2.511
  33   19     10.709      0.598      4.750
  -1   -2      7.754     -6.142      7.960
  67   20     -6.338     -6.612     -7.456
  22   42      9.955     -6.047      5.955
  77   54    -10.359     -8.719      3.377
  60   -2    -11.167    -10.279      0.779
  29   56     15.595     -6.482     -4.990
  59   22      8.114     -3.872      1.041
  -1   -2    -10.767     -7.324      2.759
  63   58      8.186      6.229     10.908
  -1   -2     20.787     -6.632      3.581
  -1   71     13.269     -4.105     10.228
  62   40     10.779     -9.518      1.903
  28   -2     -0.694     -9.166      6.385
  34   37     10.797     -4.301      4.376
  -1   62     18.498     -1.346      0.026
  -1   -2     13.547     -6.201      0.637
  68   -2    -11.633     -9.752     -7.814
  66   63     -3.404     -4.863      8.955
  -1   11     -8.246    -10.098     -8.703
  -1   10      5.983     -8.769     -9.122
  31   74     16.378     -3.986     -9.720
  69   33     21.472     -6.282     -7.544
  52   79     10.249     -5.102      7.112
  35   -2     10.829     -8.546     -4.117
  -1    9     11.422     -9.198     -7.196
  40   -2     -8.469     -9.642    -12.051
  80   76     12.863      3.328     -4.310
  -1   34     -3.023     -9.448     -3.124
  53   -2     19.295     -6.776      7.168
  -1   46    -11.801     -9.779     -5.551
  48   78     15.487     -3.101     -1.074
