242
   0    0      8.823     -5.252      9.034
  99   95     -3.699     -9.227     -3.630
   4    4     -3.080     -9.416      4.166
  -1   -2      7.302     -8.941      7.122
  19   -2      9.967     -3.357      6.571
 109  174      9.204      1.935      8.676
  -1   -2      7.340    -10.358      1.554
  -1  183     13.983     -4.914     -1.016
   8   10     17.514     -9.132      2.773
  82   -2      6.401     -4.265     -2.772
  86  105     16.480     -6.447     -2.464
  36   -2     -2.387     -6.198      3.031
 116  100    -10.434     -5.971     -4.020
  -1   13      6.744     -3.839      1.449
  15   -2     11.872     -3.761      3.770
 114  167      7.281     -7.244     -1.503
  -1   19     10.604     -5.352     -5.145
  -1  103     -1.671     -7.410     -6.578
  18   -2     10.257     -8.082      7.188
 202   21      9.303     -2.606      7.936
 105  106     -0.674     -2.319     -3.198
  -1   -2     -0.771     -9.058      4.372
  24  102      7.206     -4.741     -6.827
  97   -2      8.290     -7.295      6.320
  -1   29      3.802     -5.038     -3.470
  -1  225     -3.046     -2.171      9.701
  -1  200     -0.197     -6.861    -10.123
  26   56      6.233     -9.226      7.052
   5    5     -4.719    -10.092     -6.866
  48   89     12.047     -5.395      1.226
   9   35      4.926     -8.567      5.271
  -1   -2    -12.315     -1.479     -9.284
  31   34     11.928     -6.887      4.148
  32   31      3.186     -8.018      6.097
  -1   69     -2.526     -6.152     -0.967
 101   -2     -1.441     -5.457      3.062
 108   84     -2.711     -1.758      1.454
   7   87     12.247     -5.811     -8.480
  41   -2      9.676     -0.784     10.215
  53   -2     -9.962     -8.800     -8.386
  40   -2     13.597     -5.093     -5.211
  43  133     10.755     -5.218      6.015
  -1   -2     -0.130     -6.126      9.672
  45   43    -11.792     -6.801     -9.904
  55   -2     11.058     -1.753      3.729
  -1   67     -8.325     -7.469      2.128
 104   60     -8.253     -8.419     -0.470
 132   -2      6.808     -2.310     -6.346
  -1   -2     17.607     -9.520      0.526
  49   -2      3.904     -7.816      5.259
  -1   46     -7.966     -5.608      4.163
 170   -2     -4.702     -1.632     -2.615
 152   55     -3.250     -4.312     -5.518
  79   76     14.214     -6.748      5.368
 163   81      4.743     -3.203      7.962
  -1   -2     12.616     -4.063     -3.803
  -1   -2     -5.915     -8.184      3.050
  -1   -2     15.575     -0.677     -5.204
  64   -2     -0.128     -7.056      8.553
  78   64      7.707     -9.318      1.962
  -1   -2     16.653     -6.761     -9.792
  66   85     17.859     -1.567     -3.063
  23   62     -0.650     -6.529      9.424
  -1  157      7.757     -0.067     -7.699
   2   -2      7.559     -9.049      4.923
  -1   -2     -7.912     -3.961     -2.604
  81   71     18.685     -8.952      0.784
  -1  159    -10.407     -3.831      0.107
  67   70     14.122     -7.365     -6.040
  61   -2     -6.054     -5.090     -9.208
 190   75     13.053      0.151     -1.151
  58   38     14.630     -2.952     -4.523
  76   -2     12.963     -6.999      7.076
  68   74     11.994     -8.625     -6.537
  85   78     14.694     -4.122      3.506
  77   77     20.018     -8.565     -3.061
  -1   79      4.624     -2.923     -3.269
  42   82      1.159     -9.912      4.809
  87   94     14.017     -7.338      6.877
  84   -2     14.757     -2.503     -4.667
  44   -2     -8.945     -6.886     -0.015
  -1  143     12.250      2.203      8.509
 111  179     -7.118     -6.533     -9.336
 164   -2    -12.296     -9.428     -5.134
  57  139     15.734     -6.722      3.797
  -1   16     -4.757     -0.982      9.788
  -1  108     -6.680     -1.381      0.763
  94   -2     15.465     -7.353     -1.195
  52   36      2.790     -6.265      8.890
 160  161      1.392     -1.662     -4.945
  -1   -2      4.351     -3.497      1.940
  96   -2      9.499     -4.744     -7.453
  33   12     -9.739     -7.013     -6.072
 181   65      0.909     -7.882      6.167
 126   88      2.431     -9.753     -4.261
 173   -2     10.926     -7.366     -9.000
  34   -2      3.993     -6.780      0.440
  22   -2     -3.697     -8.002      2.975
  63   30     15.419     -3.125     -1.295
  -1   99     -8.912     -7.936      3.136
  -1   -2      3.995     -5.165     -9.923
  -1   -2     18.067    -10.518      0.930
  -1   33     -2.923    -10.117     -1.333
 100   15     17.762    -11.039     -6.571
 129  168     18.116      2.723      3.498
  -1   96     14.600    -10.068     -8.084
  90   -2     20.076     -6.541     -3.849
  65    9     -6.597     -3.053     -1.559
 134   72     -8.749     -2.348     -4.125
  30   -2     13.688     -6.437     -9.615
 183   47     16.333      1.011      0.471
 207   -2    -12.961     -5.168     -4.382
  -1   53    -13.633    -10.688     -1.140
  -1   25     -0.034     -0.391      1.713
  -1   -2    -12.846     -4.790     -3.239
  -1   -2     13.573      0.745     -2.512
  25  172     10.778      1.700      6.722
 159  116     19.966     -0.121     -2.398
  -1   -2     10.845      2.004      8.730
  -1  118     20.532     -4.528     -3.991
 130   73      4.575     -9.021    -10.684
 102   -2     -0.178     -5.715    -11.977
  -1  158      0.273      4.701     -8.898
 165  122     -4.877      2.062     -3.183
  -1   -2    -11.547     -0.139      9.986
 128  126    -10.571     -5.309    -10.012
 142  110    -11.544     -1.753     -0.943
  -1   -2     -0.262     -1.481      9.087
 135  146     11.735     -9.331     -5.585
 193  131      7.200     -9.675     -7.434
  -1   42     16.456     -1.984      6.546
  -1   -2     -6.404      3.760     -7.950
 180   -2    -10.452     -0.539      0.580
  -1   -2     -8.567     -0.432     -8.358
 127   -2     14.594     -9.626      3.875
 172    3      9.911     -6.803      3.668
 141  134     16.257     -2.100    -11.618
  -1   -2      0.766     -5.079      2.424
  -1   -2     14.500      4.844      3.480
  -1   -2     -1.027      2.409     -3.774
  -1    2      7.650     -8.691     10.045
 143   -2     21.481     -8.106      5.126
  -1   -2     -8.081      4.891     -9.939
 184   58     14.132     -1.746     -8.913
  -1  147     -1.573     -9.187      6.044
  -1  196      2.439     -0.900      9.439
  69   -2     20.522     -8.975      3.306
  -1   -2    -12.362      1.598     -8.613
  -1   93     19.190      4.817     -5.158
  -1  109    -11.056    -10.463     -8.229
 219  152     -0.903      2.027     -3.174
 153  154      6.145     -9.586    -10.870
 161   45      7.465     -1.671     -7.897
 154   -2     13.940     -7.689      9.941
  -1   -2     20.134     -8.806      9.663
  -1   -2     21.099     -0.998     -3.714
 156  160      5.007      1.735     -4.705
 121   22      9.255     -8.136      7.862
  -1   32      4.852     -7.466      0.425
 171  101     15.375     -3.595     -2.879
 157  163      1.864     -1.591     11.954
  -1   63     19.772     -4.590     -3.319
 186   37     12.113     -6.737      1.791
  -1  165     -5.866      2.571     -8.937
  -1  141      8.156    -11.007      8.469
 178  180     21.271     -9.369     10.667
 112   -2     12.872      3.336     -4.335
  -1   49      6.948     -6.989      5.329
  -1   -2     19.327    -10.335     -4.120
  -1   48    -11.475     -3.944     -6.388
  -1   -2    -11.266     -3.025     -5.033
  -1  173      6.298     -2.960     -4.523
  -1   -2      7.007     -5.068     -0.247
  -1   -2      6.121     -2.494      8.347
 204  127     -1.684     -2.081      9.572
  39  187     18.424     -0.878      0.573
  -1   92     18.390     -2.914     -7.001
 137   -2      3.776     -9.470      1.261
  -1   59     13.817     -3.081    -12.047
  -1   -2      6.759     -3.824      1.490
  20  201     -0.832     -9.065      4.207
 187  176     -2.088     -7.438     -7.742
  -1   -2     -3.084     -2.169      9.668
  75   -2     -2.198     -6.118     -0.087
  -1   -2      0.273      4.701     -8.898
  -1   -2     13.573      0.745     -2.512
  -1  185    -12.846     -4.790     -3.239
 120  190    -12.520     -1.536     -9.817
  -1   -2    -11.547     -0.139      9.986
 194  205     -0.262     -1.481      9.087
  -1   -2     -6.404      3.760     -7.950
  -1   -2     -8.567     -0.432     -8.358
  -1   -2     14.500      4.844      3.480
 123  226     -1.027      2.409     -3.774
 147   -2      2.439     -0.900      9.439
 182  206     -8.081      4.891     -9.939
  -1   -2     19.190      4.817     -5.158
  -1   -2      6.744     -3.839      1.449
  -1   -2     -3.084     -2.169      9.668
 189  215     17.496     -9.528      0.787
  -1   -2      0.273      4.701     -8.898
 192  204    -11.547     -0.139      9.986
  -1   -2     -8.567     -0.432     -8.358
  -1   -2     -6.404      3.760     -7.950
  -1   -2     14.500      4.844      3.480
 212  219      0.766     -5.079      2.424
  -1   -2     -8.081      4.891     -9.939
  -1   -2     19.190      4.817     -5.158
  95   40      9.920     -3.365      6.554
  -1   -2      6.744     -3.839      1.449
  47   -2      0.766     -5.079      2.424
  -1   -2    -12.846     -4.790     -3.239
 206   -2     13.573      0.745     -2.512
  -1   -2      0.273      4.701     -8.898
 195   -2     -6.404      3.760     -7.950
  -1   -2     -8.567     -0.432     -8.358
  -1   -2     14.500      4.844      3.480
  -1   -2     -1.027      2.409     -3.774
  -1   -2     -8.081      4.891     -9.939
  -1   -2     19.190      4.817     -5.158
 185  235      6.744     -3.839      1.449
  -1  194      0.273      4.701     -8.898
  -1   -2     -8.567     -0.432     -8.358
  -1   -2     -1.027      2.409     -3.774
  -1   -2     14.500      4.844      3.480
  -1   -2     -8.081      4.891     -9.939
  -1   -2     19.190      4.817     -5.158
 224   -2     -3.084     -2.169      9.668
  -1   -2     -8.567     -0.432     -8.358
  -1   -2     14.500      4.844      3.480
  -1   -2     -8.081      4.891     -9.939
  -1   -2     19.190      4.817     -5.158
 226   -2     -8.567     -0.432     -8.358
 146  136     14.500      4.844      3.480
  -1   -2     -8.081      4.891     -9.939
  -1   -2     19.190      4.817     -5.158
 191   -2     -1.027      2.409     -3.774
  -1   -2     -8.081      4.891     -9.939
 237  112     19.190      4.817     -5.158
  -1   -2     -8.081      4.891     -9.939
  -1   -2     -8.081      4.891     -9.939
  -1  243     -8.081      4.891     -9.939
