49
   0    2      6.028    -10.336     -1.006
  30    4     19.888     -7.542     -4.056
   2   33     10.099     -9.958      9.463
  16    1     19.311     -8.919     -1.157
  -1   26     19.959     -5.741     -5.009
   3    8      7.630     -9.668      8.265
  34   14     19.189    -10.531     -6.316
  -1   17     18.025    -10.066     -8.615
  15    3     19.322     -9.048     -0.220
   8    6      5.987    -10.771      3.110
  49   25      9.182      1.973      8.548
   9   -2      9.976     -3.348      6.400
  -1   -2     14.667    -10.052     -8.413
   7    7     18.863     -9.479     -9.345
  46   -2     17.488    -11.047     -1.773
  35   47      8.665     -3.492      6.225
  41   -2      9.699     -0.336      7.174
  21   28      5.566     -6.787      7.720
  27    0     17.728     -8.221     -2.484
  -1    9     13.791     -6.892      8.155
  -1   -2      9.531    -10.175     -4.884
  -1   -2     12.843     -4.921      8.697
  28   39     17.501    -10.261     -3.316
  40   11      3.843    -10.706      5.299
  -1   -2      9.148     -5.670      9.060
  39   46      0.065     -7.596     -3.904
  10   27      6.705     -3.708      9.779
  14   15     11.607     -5.210      2.237
  38   -2      2.672     -4.555      0.508
  -1   -2      8.483     -3.609      3.977
  45   -2     14.414     -3.806     -4.599
  -1   -2     14.066    -10.192      7.974
   6   -2      5.201     -9.433     -0.968
  -1   22     -3.738    -10.623     -7.247
  51   -2     18.123     -3.737      1.125
  -1   -2     15.460      0.552      6.551
  -1   37     22.095     -1.548     -9.722
  -1   12     13.079     -2.219    -10.048
  22   -2     16.247     -6.925      7.369
  -1   -2     18.463     -6.792      2.906
  -1   -2     19.313     -4.766      1.925
  25   -2     19.437     -9.429     -4.957
  42   41     -0.125     -3.981     -1.765
  31   -2     -2.870     -9.325     -2.133
  -1   -2      3.173     -8.512     -9.375
  -1   18      3.460     -7.088     11.784
  -1   31     19.522     -7.853     -4.477
  54   -2     11.735     -5.333      2.666
  19   10     13.175      0.213     -1.432
