658
  59    0      8.822     -5.258      9.034
 108  158      6.806     -9.067     -2.869
  38   14      7.300     -8.942      7.108
  37   -2      9.962     -3.359      6.575
  -1   28     12.009     -5.791     -8.822
  -1    3     -3.428     -8.363     -4.764
  63   36      3.480    -10.086     10.031
   9   -2      6.403     -4.269     -2.769
 184   -2     16.479     -6.450     -2.470
   8  120     -4.805     -3.016      9.676
  -1    4      6.738     -3.836      1.494
  -1  423     11.859     -3.767      3.784
  11    9      7.281     -7.246     -1.505
  -1   10     10.603     -5.353     -5.142
  -1   -2     -1.685     -7.410     -6.620
  14   12      9.304     -2.615      7.943
  15   -2      8.280     -7.311      6.350
  -1   -2     -0.673     -2.320     -3.200
  -1   21     -0.766     -9.059      4.375
   6   18      7.205     -4.743     -6.820
  19   16     10.529      1.757      5.922
 164   39     -2.058     -9.376      0.289
 135   -2      3.803     -5.037     -3.467
  23   25     12.058     -5.403      1.226
  -1   23      4.921     -8.582      5.282
  -1   -2     -3.043     -2.172      9.700
  76   30     11.961     -6.901      4.246
  30   27      9.674     -0.784     10.210
  27   -2     -1.436     -5.462      3.055
  32   31     10.176    -10.085     -3.010
   0   -2     10.754     -5.220      6.018
  48   11     -5.574     -5.346     -4.384
 103   34    -11.793     -6.804     -9.911
  -1   32     11.077     -1.744      3.684
  35   35      1.385     -9.946      4.162
 131   38      6.803     -2.314     -6.365
  65  441      9.433     -4.253      4.234
 153   -2      6.799    -10.153      7.938
  24   -2     -3.373     -9.294     -4.724
  -1    1      7.557     -9.050      4.925
  41   -2      3.905     -7.818      5.259
  67   -2     14.213     -6.748      5.375
 143   -2     -3.247     -4.312     -5.511
  85   -2     15.579     -0.677     -5.195
  57   -2     19.036     -7.916     -1.439
 130   45     -6.128     -9.758     10.220
  99   -2    -11.075     -7.405     -9.606
 512  127      7.768     -0.071     -7.679
  12   75      9.372     -4.916     -5.312
 141  135     17.854     -1.573     -3.070
  73   49     -8.307     -8.419     -0.605
 120   20     -0.129     -7.053      8.562
  50   -2     13.048      0.146     -1.131
  53   54     -0.646     -6.531      9.433
  -1   46     18.694     -8.954      0.765
   7   50     14.121     -7.365     -6.038
   5   40      1.306     -8.152      3.645
  -1   71     11.968     -5.716    -10.915
  54   56     19.479     -8.673     -5.241
  98   33     -7.912     -3.962     -2.608
  56   53      9.815     -6.920      3.345
  81   29     -2.138     -6.094      0.049
  62   -2     11.996     -8.627     -6.541
  55   -2     17.192     -9.462      1.487
  61   59     12.963     -6.999      7.077
  -1   60     -9.225     -8.856     -5.403
  22   -2      7.705     -9.343      1.956
  60   61     14.695     -4.124      3.502
   1   -2      4.601    -10.917      2.882
  66   65      4.624     -2.926     -3.256
 139   -2     15.457     -3.173     -1.404
  69   69      4.330    -10.397     -9.753
 112   -2     14.751     -2.504     -4.647
  74  188      8.720     -7.503     -9.725
  68   63     12.252      2.204      8.510
 122   13     11.243    -10.570      3.161
  75   -2     15.468     -7.356     -1.205
  -1   64     13.012     -8.728     -0.085
  -1   74     -0.970     -6.761     -1.809
  83   -2      8.711     -5.441     -7.289
  -1  157     -7.606     -7.378     -8.578
  -1   -2     16.622      3.795     -9.975
  82   77     -6.594     -3.054     -1.544
 185  105      0.353     -4.206      0.736
 106   -2     -8.736     -2.351     -4.146
  39   -2     -2.632     -9.500      4.654
 100   80     17.365    -10.651      1.469
  -1   -2     17.548      2.360     -1.593
  -1   -2     -0.280      0.750      8.963
  -1   -2     16.333      1.008      0.472
  -1   68    -10.289     -3.780     -0.344
  45  108     13.573      0.742     -2.506
  -1   51     19.965     -0.124     -2.396
  -1   -2     20.533     -4.529     -3.989
  -1   -2      0.274      4.702     -8.891
  92   87     16.341     -2.990      0.279
  -1  154    -12.518     -1.537     -9.812
  -1   -2     -0.175     -5.717    -11.975
  97   90      4.349     -9.082    -11.311
  -1   -2     -0.037     -0.392      1.711
  -1  513    -11.544     -0.140      9.980
  -1   -2      8.195    -11.156      8.586
  -1   93    -10.570     -5.310    -10.013
  -1   62      8.300    -11.006     -1.242
  -1   -2     -0.331     -1.496      9.279
  -1    6     18.094     -5.226      0.452
  -1  174    -12.863     -6.593     -8.087
  -1   -2     -8.563     -0.434     -8.364
  -1  100      7.209     -9.680     -7.465
  -1   -2     -6.405      3.759     -7.949
  -1   -2     14.588     -9.626      3.891
  -1   -2     14.501      4.842      3.481
  -1   43     16.266     -2.102    -11.635
  -1   -2     -1.026      2.406     -3.772
  -1   -2      0.785     -5.083      2.369
 150  118    -12.337    -10.328      5.405
 116  107    -10.478      0.133     -3.719
 111   98     -8.771    -12.000     -9.523
 117   -2      7.650     -8.692     10.041
  -1   58     10.876     -8.959     -4.991
  -1  640      2.424     -0.899      9.481
  -1  117     -1.583     -9.187      6.016
  -1   -2     -8.081      4.886     -9.940
  -1  150     19.190      4.816     -5.160
 474  121    -12.361      1.597     -8.614
 175   -2     -0.904      2.027     -3.164
 127    5     -4.609     -0.739      5.067
  -1   -2     20.840     -5.313      7.671
  -1   -2     21.104     -0.996     -3.724
  -1  136      1.168     -3.721     10.063
  -1   -2     -5.898    -10.468      7.807
 128  124     13.939     -7.690      9.937
  -1   -2      7.477     -1.671     -7.870
  -1  153      0.512     -8.868      9.853
 134  144      5.001      1.732     -4.683
 558  142      0.794     -1.654     -3.175
 136   -2     15.975      1.123     -2.756
 138  132      4.854     -7.472      0.417
 142  131      1.876     -1.597     11.926
 140  133     -5.866      2.570     -8.939
  -1   66     15.376     -3.597     -2.875
 133  140      1.660     -4.113      9.488
 146  145      9.975     -7.272     -6.483
  -1   42    -11.313     -9.879     -8.751
  -1   41     -5.099     -1.741     -4.585
  -1   -2     -4.013    -10.436     -9.470
 123  104      2.840      1.837      0.157
  -1  143     18.357     -2.261      4.618
 147   -2      6.645     -6.486     -7.470
 101   -2      8.406     -9.931      6.871
  84  470     13.659     -9.816      4.857
  -1  165     17.409      2.669      5.109
  -1   -2     20.579     -8.327      9.563
 174  171    -11.266     -3.025     -5.028
  -1  511     12.869      3.334     -4.323
  64   37      6.945     -6.983      5.339
 156  152      6.115     -2.493      8.347
  -1  151     16.011     -5.436      6.860
  -1   -2     13.791    -10.580      5.882
  -1   -2     13.808     -3.080    -12.016
 104  605     -1.684     -2.082      9.575
  -1  573      9.921     -3.367      6.551
  -1   -2      6.738     -3.836      1.494
  -1   -2     12.006     -3.787      3.419
  -1   -2     -0.826     -9.065      4.213
  -1  156     -3.031     -2.185      9.808
  -1   -2      7.718     -9.062      4.512
  -1   -2     -0.280      0.750      8.963
  -1   15     -0.037     -0.392      1.711
 190   -2     17.548      2.360     -1.593
  -1   -2     16.333      1.008      0.472
  -1   -2     13.573      0.742     -2.506
  -1   -2     19.965     -0.124     -2.396
  -1   -2     20.533     -4.529     -3.989
  -1   -2    -12.518     -1.537     -9.812
  -1  122      0.274      4.702     -8.891
 350  366      8.195    -11.156      8.586
  -1   -2    -11.544     -0.140      9.980
  -1   -2     -0.331     -1.496      9.279
  -1   -2     14.588     -9.626      3.891
  -1  485     -8.563     -0.434     -8.364
  -1   -2     -6.405      3.759     -7.949
  -1   -2     14.501      4.842      3.481
  -1   55      0.785     -5.083      2.369
  -1   -2      2.424     -0.899      9.481
 607  453     -8.081      4.886     -9.940
  -1   -2     10.876     -8.959     -4.991
  -1   -2     19.190      4.816     -5.160
   4  215     -5.898    -10.468      7.807
  -1  450     21.104     -0.996     -3.724
  -1   -2      9.921     -3.367      6.551
  -1   -2      6.738     -3.836      1.494
  -1   -2     12.006     -3.787      3.419
  -1   -2     -0.826     -9.065      4.213
  -1   -2     -3.031     -2.185      9.808
  -1   -2      7.718     -9.062      4.512
  -1   -2     -0.280      0.750      8.963
 148   67     16.333      1.008      0.472
  -1   -2     13.573      0.742     -2.506
  -1   -2     19.965     -0.124     -2.396
  -1   -2     20.533     -4.529     -3.989
  -1   -2      0.274      4.702     -8.891
  -1   -2    -12.518     -1.537     -9.812
  -1   -2     -0.037     -0.392      1.711
  -1   -2      8.195    -11.156      8.586
  -1   -2    -11.544     -0.140      9.980
  -1   -2     -0.331     -1.496      9.279
  -1   -2     -6.405      3.759     -7.949
  -1   -2     14.588     -9.626      3.891
  -1   -2     -8.563     -0.434     -8.364
 209   -2     18.094     -5.226      0.452
  -1   -2     14.501      4.842      3.481
  -1   -2      0.785     -5.083      2.369
  -1   -2      2.424     -0.899      9.481
  -1   -2     -8.081      4.886     -9.940
  -1   -2     10.876     -8.959     -4.991
  -1   -2     19.190      4.816     -5.160
  -1  186     -5.898    -10.468      7.807
  -1   -2      6.738     -3.836      1.494
  -1   -2     12.006     -3.787      3.419
  -1   -2     -0.826     -9.065      4.213
  -1   -2     -3.031     -2.185      9.808
  -1   -2      7.718     -9.062      4.512
  -1   -2     -0.280      0.750      8.963
  -1   -2     13.573      0.742     -2.506
  -1   -2     19.965     -0.124     -2.396
  -1   -2     20.533     -4.529     -3.989
  -1   -2      0.274      4.702     -8.891
  -1   -2    -12.518     -1.537     -9.812
  -1   -2     -0.037     -0.392      1.711
  -1   -2      8.195    -11.156      8.586
  -1   -2    -11.544     -0.140      9.980
  -1   -2     -0.331     -1.496      9.279
  -1   -2     -6.405      3.759     -7.949
  -1   -2     -8.563     -0.434     -8.364
  -1   -2     14.588     -9.626      3.891
  -1   -2     14.501      4.842      3.481
  -1   -2      0.785     -5.083      2.369
  -1   -2     -8.081      4.886     -9.940
  -1   -2      2.424     -0.899      9.481
  -1   -2     10.876     -8.959     -4.991
  -1   -2     19.190      4.816     -5.160
 218  240      9.713     -2.257     -0.862
  -1   -2      9.921     -3.367      6.551
  -1   -2      6.738     -3.836      1.494
  -1   -2     12.006     -3.787      3.419
  -1   -2     -0.826     -9.065      4.213
  -1   -2     -3.031     -2.185      9.808
  -1   -2      7.718     -9.062      4.512
  -1   -2     -0.280      0.750      8.963
  -1   -2     13.573      0.742     -2.506
  -1   -2     19.965     -0.124     -2.396
  -1   -2     -0.037     -0.392      1.711
  -1   -2     20.533     -4.529     -3.989
  93  253    -12.518     -1.537     -9.812
  -1   -2      0.274      4.702     -8.891
  -1   -2      8.195    -11.156      8.586
  -1   -2    -11.544     -0.140      9.980
  -1   -2     -0.331     -1.496      9.279
  -1   -2     -6.405      3.759     -7.949
  -1   -2     -8.563     -0.434     -8.364
  -1   -2     14.588     -9.626      3.891
  -1   -2     14.501      4.842      3.481
  -1   -2      0.785     -5.083      2.369
  -1   -2     -8.081      4.886     -9.940
  -1   -2      2.424     -0.899      9.481
  -1   -2     10.876     -8.959     -4.991
  -1   -2     19.190      4.816     -5.160
  -1   -2      9.921     -3.367      6.551
  -1   -2      6.738     -3.836      1.494
  -1   -2     12.006     -3.787      3.419
  -1   -2     -0.826     -9.065      4.213
  -1   -2     -3.031     -2.185      9.808
  -1   -2      7.718     -9.062      4.512
  -1   -2     -0.280      0.750      8.963
  -1   -2     -0.037     -0.392      1.711
  -1   -2     13.573      0.742     -2.506
  -1   -2     19.965     -0.124     -2.396
  -1   -2     20.533     -4.529     -3.989
  -1   -2      0.274      4.702     -8.891
  -1   -2      8.195    -11.156      8.586
  -1   -2    -11.544     -0.140      9.980
  -1   -2     -0.331     -1.496      9.279
  -1   -2     -8.563     -0.434     -8.364
  -1   -2     14.588     -9.626      3.891
  -1   -2     -6.405      3.759     -7.949
  -1   -2     14.501      4.842      3.481
  -1   -2      0.785     -5.083      2.369
  -1   -2     -8.081      4.886     -9.940
  -1   -2      2.424     -0.899      9.481
  -1   -2     19.190      4.816     -5.160
  -1   -2     10.876     -8.959     -4.991
 318  336     -3.615     -8.339     -4.824
  -1   -2      6.738     -3.836      1.494
  -1   -2     12.006     -3.787      3.419
  -1   -2     -0.826     -9.065      4.213
  -1   -2     -3.031     -2.185      9.808
  -1   -2      7.718     -9.062      4.512
  -1   -2     -0.280      0.750      8.963
  -1   -2     -0.037     -0.392      1.711
  -1   -2     19.965     -0.124     -2.396
  -1   -2     13.573      0.742     -2.506
  -1   -2     20.533     -4.529     -3.989
  -1   -2      0.274      4.702     -8.891
  -1   -2      8.195    -11.156      8.586
  -1   -2    -11.544     -0.140      9.980
  -1   -2     -0.331     -1.496      9.279
  -1   -2     -8.563     -0.434     -8.364
  -1   -2     -6.405      3.759     -7.949
  -1   -2     14.588     -9.626      3.891
  -1   -2     14.501      4.842      3.481
  -1   -2      0.785     -5.083      2.369
  -1   -2      2.424     -0.899      9.481
  -1   -2     -8.081      4.886     -9.940
  -1   -2     19.190      4.816     -5.160
  -1   -2     10.876     -8.959     -4.991
  -1   -2      9.921     -3.367      6.551
  -1   -2      9.921     -3.367      6.551
  -1   -2      6.738     -3.836      1.494
  -1   -2     12.006     -3.787      3.419
  -1   -2     -0.826     -9.065      4.213
  -1   -2     -3.031     -2.185      9.808
  -1   -2      7.718     -9.062      4.512
  -1   -2     -0.280      0.750      8.963
  -1   -2     13.573      0.742     -2.506
  -1   -2     19.965     -0.124     -2.396
  -1   -2     20.533     -4.529     -3.989
  -1   -2      8.195    -11.156      8.586
  -1   -2      0.274      4.702     -8.891
  -1   -2     -0.037     -0.392      1.711
  -1   -2    -11.544     -0.140      9.980
  -1   -2     -0.331     -1.496      9.279
  -1   -2     -8.563     -0.434     -8.364
  -1   -2     -6.405      3.759     -7.949
  -1   -2     14.588     -9.626      3.891
  -1   -2     14.501      4.842      3.481
  -1   -2      2.424     -0.899      9.481
  -1   -2     -8.081      4.886     -9.940
  -1   -2     10.876     -8.959     -4.991
  -1   -2     19.190      4.816     -5.160
  -1   -2      9.921     -3.367      6.551
  -1   -2      6.738     -3.836      1.494
  -1   -2     12.006     -3.787      3.419
  -1   -2     -0.826     -9.065      4.213
  -1   -2     -3.031     -2.185      9.808
  -1   -2      7.718     -9.062      4.512
  -1   -2     -0.280      0.750      8.963
  -1   -2      0.274      4.702     -8.891
  -1   -2     -0.037     -0.392      1.711
  -1   -2     19.965     -0.124     -2.396
  -1   -2     13.573      0.742     -2.506
  -1   -2     20.533     -4.529     -3.989
  -1   -2      8.195    -11.156      8.586
  -1   -2    -11.544     -0.140      9.980
  -1   -2     -0.331     -1.496      9.279
  -1   -2     -8.563     -0.434     -8.364
  -1   -2     14.588     -9.626      3.891
  -1   -2     -6.405      3.759     -7.949
  -1   -2     14.501      4.842      3.481
  -1   -2     -8.081      4.886     -9.940
  -1   -2      2.424     -0.899      9.481
  -1   -2     10.876     -8.959     -4.991
  -1   -2     19.190      4.816     -5.160
  -1   -2      6.738     -3.836      1.494
  -1   -2     12.006     -3.787      3.419
  -1   -2     -0.826     -9.065      4.213
  -1   -2     -3.031     -2.185      9.808
  -1   -2      7.718     -9.062      4.512
  -1   -2     -0.280      0.750      8.963
  -1   -2     -0.037     -0.392      1.711
  -1   92      8.195    -11.156      8.586
  -1   -2     19.965     -0.124     -2.396
  -1   -2     20.533     -4.529     -3.989
  -1   -2     13.573      0.742     -2.506
  -1   -2      0.274      4.702     -8.891
  -1   -2    -11.544     -0.140      9.980
 377  371     -0.331     -1.496      9.279
  -1   -2     -8.563     -0.434     -8.364
  -1   -2     -6.405      3.759     -7.949
  -1   -2     14.588     -9.626      3.891
  -1   -2     14.501      4.842      3.481
  -1   -2      2.424     -0.899      9.481
  -1   -2     -8.081      4.886     -9.940
  -1   -2     10.876     -8.959     -4.991
  -1   -2     19.190      4.816     -5.160
  -1   -2      9.921     -3.367      6.551
  -1   -2      6.738     -3.836      1.494
  -1   -2     12.006     -3.787      3.419
  -1   -2     -0.826     -9.065      4.213
  -1   -2     -3.031     -2.185      9.808
  -1   -2      7.718     -9.062      4.512
  -1   -2     -0.280      0.750      8.963
  -1   -2     -0.037     -0.392      1.711
  -1   -2     19.965     -0.124     -2.396
  -1   -2     13.573      0.742     -2.506
  -1   -2     20.533     -4.529     -3.989
  -1   -2      0.274      4.702     -8.891
  -1   -2    -11.544     -0.140      9.980
  -1   -2     -8.563     -0.434     -8.364
  -1   -2     -6.405      3.759     -7.949
  -1   -2     14.588     -9.626      3.891
  -1   -2     14.501      4.842      3.481
  -1   -2     -8.081      4.886     -9.940
  -1   -2      2.424     -0.899      9.481
  -1   -2     19.190      4.816     -5.160
  -1   -2     10.876     -8.959     -4.991
  -1   -2      9.921     -3.367      6.551
  -1   -2      6.738     -3.836      1.494
  -1   -2     12.006     -3.787      3.419
  -1   -2     -0.826     -9.065      4.213
  -1   -2      7.718     -9.062      4.512
  -1   -2     -0.280      0.750      8.963
  -1   -2     -0.037     -0.392      1.711
  -1   -2     19.965     -0.124     -2.396
  -1   -2      0.274      4.702     -8.891
  -1   -2     13.573      0.742     -2.506
  -1   -2     20.533     -4.529     -3.989
  -1   -2    -11.544     -0.140      9.980
  -1   -2     14.588     -9.626      3.891
  -1   -2     -8.563     -0.434     -8.364
 457   -2     -6.405      3.759     -7.949
  -1   -2     14.501      4.842      3.481
  -1   -2      2.424     -0.899      9.481
  -1   -2     -8.081      4.886     -9.940
  -1   -2     19.190      4.816     -5.160
  -1   -2     10.876     -8.959     -4.991
  -1   -2      9.921     -3.367      6.551
  -1   -2      6.738     -3.836      1.494
  71   -2     12.006     -3.787      3.419
  -1   -2     -0.826     -9.065      4.213
  -1   -2     -3.031     -2.185      9.808
  -1   -2      7.718     -9.062      4.512
  -1   -2     -0.280      0.750      8.963
  -1   -2     19.965     -0.124     -2.396
  -1   -2     13.573      0.742     -2.506
 137  231     20.533     -4.529     -3.989
  -1   -2     -0.037     -0.392      1.711
  -1   -2      0.274      4.702     -8.891
  -1   -2    -11.544     -0.140      9.980
 459  148     14.588     -9.626      3.891
  -1   -2     14.501      4.842      3.481
  -1   -2      2.424     -0.899      9.481
  -1   -2     -8.081      4.886     -9.940
  -1   -2     10.876     -8.959     -4.991
  -1   -2     19.190      4.816     -5.160
  36   -2      9.921     -3.367      6.551
  -1   -2      6.738     -3.836      1.494
  -1   -2     -3.031     -2.185      9.808
  -1   -2      7.718     -9.062      4.512
  -1   -2     -0.280      0.750      8.963
  -1   -2     -0.037     -0.392      1.711
  -1   -2     13.573      0.742     -2.506
  -1   -2      0.274      4.702     -8.891
  -1   -2    -11.544     -0.140      9.980
  -1   -2     14.501      4.842      3.481
  -1   -2     -8.081      4.886     -9.940
  -1   -2      2.424     -0.899      9.481
  -1   -2     10.876     -8.959     -4.991
  -1   -2     19.190      4.816     -5.160
  -1   -2      6.738     -3.836      1.494
  -1   -2     -0.826     -9.065      4.213
  -1   -2      7.718     -9.062      4.512
  -1   -2     -0.280      0.750      8.963
  -1   -2     13.573      0.742     -2.506
  -1   -2     -0.037     -0.392      1.711
  -1   -2      0.274      4.702     -8.891
  -1   -2    -11.544     -0.140      9.980
  -1   -2     14.501      4.842      3.481
  -1   -2     -8.081      4.886     -9.940
  -1   -2      2.424     -0.899      9.481
  -1   -2     19.190      4.816     -5.160
  -1   -2     10.876     -8.959     -4.991
  -1   -2      6.738     -3.836      1.494
  -1   -2     -0.826     -9.065      4.213
  -1   -2     -3.031     -2.185      9.808
  -1   -2      7.718     -9.062      4.512
  -1   -2     -0.280      0.750      8.963
  -1   -2     -0.037     -0.392      1.711
  -1   -2     13.573      0.742     -2.506
  -1   -2      0.274      4.702     -8.891
  -1   -2    -11.544     -0.140      9.980
  -1   -2     14.501      4.842      3.481
  -1   -2     -8.081      4.886     -9.940
  -1   -2      2.424     -0.899      9.481
  -1   -2     19.190      4.816     -5.160
  -1   -2     10.876     -8.959     -4.991
  -1   -2      6.738     -3.836      1.494
  -1   -2     -0.826     -9.065      4.213
  -1   -2     -3.031     -2.185      9.808
  -1   -2      7.718     -9.062      4.512
  -1   -2     -0.280      0.750      8.963
  -1   -2     13.573      0.742     -2.506
  -1   -2     -0.037     -0.392      1.711
  -1   -2      0.274      4.702     -8.891
 502   -2    -11.544     -0.140      9.980
  -1   -2     14.501      4.842      3.481
  -1   -2      2.424     -0.899      9.481
  -1   -2     -8.081      4.886     -9.940
  -1   -2     19.190      4.816     -5.160
  -1   -2     10.876     -8.959     -4.991
  -1   -2      6.738     -3.836      1.494
  -1   -2     -3.031     -2.185      9.808
  -1   -2      7.718     -9.062      4.512
  -1   -2     -0.280      0.750      8.963
  -1   -2     -0.037     -0.392      1.711
  -1   -2     13.573      0.742     -2.506
  -1   -2      0.274      4.702     -8.891
  -1   -2     14.501      4.842      3.481
  -1   -2     -8.081      4.886     -9.940
  -1   -2      2.424     -0.899      9.481
  -1   -2     10.876     -8.959     -4.991
  -1   -2     19.190      4.816     -5.160
  -1   -2      6.738     -3.836      1.494
  -1   -2     -0.826     -9.065      4.213
  -1   -2     -0.826     -9.065      4.213
  -1   -2     -3.031     -2.185      9.808
  -1   -2      7.718     -9.062      4.512
  -1   -2     -0.280      0.750      8.963
  -1   -2     -0.037     -0.392      1.711
 169   -2     13.573      0.742     -2.506
  -1   -2      0.274      4.702     -8.891
  -1   -2     14.501      4.842      3.481
  -1   -2      2.424     -0.899      9.481
  -1   -2     -8.081      4.886     -9.940
  -1   -2     10.876     -8.959     -4.991
  -1   -2     19.190      4.816     -5.160
  -1   -2      6.738     -3.836      1.494
  -1   -2     -0.826     -9.065      4.213
  -1   -2     -0.826     -9.065      4.213
  -1   -2     -3.031     -2.185      9.808
  -1   -2      7.718     -9.062      4.512
  -1   -2     -0.280      0.750      8.963
  -1   -2      0.274      4.702     -8.891
  -1   -2     -0.037     -0.392      1.711
  -1   -2     14.501      4.842      3.481
  -1   -2      2.424     -0.899      9.481
  -1   -2     -8.081      4.886     -9.940
  -1   -2     10.876     -8.959     -4.991
  -1   -2     19.190      4.816     -5.160
  -1   -2      6.738     -3.836      1.494
  -1   -2     -0.826     -9.065      4.213
  -1   -2     -0.826     -9.065      4.213
  -1   -2     -3.031     -2.185      9.808
  -1   -2      7.718     -9.062      4.512
  86   -2     -0.280      0.750      8.963
  -1   -2      0.274      4.702     -8.891
  96   85     -0.037     -0.392      1.711
  -1   -2     14.501      4.842      3.481
  -1   -2     -8.081      4.886     -9.940
  -1   -2      2.424     -0.899      9.481
 124  528     10.876     -8.959     -4.991
  -1   -2     19.190      4.816     -5.160
  -1   -2      6.738     -3.836      1.494
  -1   -2     -0.826     -9.065      4.213
  -1   -2     -0.826     -9.065      4.213
  -1   -2     -3.031     -2.185      9.808
  -1   -2      7.718     -9.062      4.512
  -1   -2      0.274      4.702     -8.891
  -1   -2     14.501      4.842      3.481
  -1   -2     -8.081      4.886     -9.940
  -1   -2      2.424     -0.899      9.481
  -1   -2     19.190      4.816     -5.160
  -1   -2      6.738     -3.836      1.494
  -1   -2     -0.826     -9.065      4.213
  -1   -2     -0.826     -9.065      4.213
 596  193     -3.031     -2.185      9.808
  -1   -2      7.718     -9.062      4.512
  -1   -2      0.274      4.702     -8.891
  -1   -2     14.501      4.842      3.481
  -1   -2     -8.081      4.886     -9.940
  -1   -2      2.424     -0.899      9.481
  -1   -2     19.190      4.816     -5.160
  -1   -2      6.738     -3.836      1.494
  -1   -2     -0.826     -9.065      4.213
  -1   -2     -0.826     -9.065      4.213
  -1   -2      7.718     -9.062      4.512
  -1   -2      0.274      4.702     -8.891
  -1   -2     14.501      4.842      3.481
  -1   -2     -8.081      4.886     -9.940
  -1   -2      2.424     -0.899      9.481
  -1   -2     19.190      4.816     -5.160
  -1   -2      6.738     -3.836      1.494
  -1   -2     -0.826     -9.065      4.213
  -1   -2     -0.826     -9.065      4.213
  -1   -2      7.718     -9.062      4.512
  -1   -2      0.274      4.702     -8.891
  -1   -2     14.501      4.842      3.481
  -1   -2      2.424     -0.899      9.481
  -1   -2     -8.081      4.886     -9.940
  -1   -2     19.190      4.816     -5.160
 161   22      6.738     -3.836      1.494
  -1   -2     -0.826     -9.065      4.213
  -1   -2     -0.826     -9.065      4.213
  -1   -2      7.718     -9.062      4.512
  -1   -2      0.274      4.702     -8.891
  -1   -2     14.501      4.842      3.481
  -1   -2     -8.081      4.886     -9.940
  -1   -2      2.424     -0.899      9.481
  -1   -2     19.190      4.816     -5.160
  -1   -2     -0.826     -9.065      4.213
  -1   -2     -0.826     -9.065      4.213
  47  593      7.718     -9.062      4.512
  -1   -2      0.274      4.702     -8.891
  -1   -2     14.501      4.842      3.481
  -1   -2      2.424     -0.899      9.481
 107  616     -8.081      4.886     -9.940
  -1   -2     19.190      4.816     -5.160
  -1   -2     -0.826     -9.065      4.213
  -1   -2     -0.826     -9.065      4.213
  -1   -2      0.274      4.702     -8.891
  -1   -2     14.501      4.842      3.481
 631   -2      2.424     -0.899      9.481
  -1   -2     19.190      4.816     -5.160
  -1   -2     -0.826     -9.065      4.213
  -1   -2     -0.826     -9.065      4.213
  -1   -2      0.274      4.702     -8.891
  -1   -2     14.501      4.842      3.481
  -1   -2     19.190      4.816     -5.160
  -1   -2     -0.826     -9.065      4.213
  -1   -2     -0.826     -9.065      4.213
  -1   -2      0.274      4.702     -8.891
  -1   -2     14.501      4.842      3.481
  -1   -2     19.190      4.816     -5.160
  -1   -2     -0.826     -9.065      4.213
  -1   -2     -0.826     -9.065      4.213
  -1   -2      0.274      4.702     -8.891
  -1   -2     14.501      4.842      3.481
  -1   -2     19.190      4.816     -5.160
  -1   -2     -0.826     -9.065      4.213
  -1   -2     -0.826     -9.065      4.213
  -1   -2      0.274      4.702     -8.891
  -1   -2     14.501      4.842      3.481
  -1   -2     19.190      4.816     -5.160
  -1   -2     -0.826     -9.065      4.213
  -1   -2     -0.826     -9.065      4.213
  -1   -2      0.274      4.702     -8.891
  -1   -2     14.501      4.842      3.481
  -1   -2     19.190      4.816     -5.160
  -1   -2      0.274      4.702     -8.891
  -1   -2     14.501      4.842      3.481
  -1   -2     19.190      4.816     -5.160
  17  642     -0.826     -9.065      4.213
  -1   -2      0.274      4.702     -8.891
  -1   -2     14.501      4.842      3.481
  -1   -2     19.190      4.816     -5.160
  -1   -2      0.274      4.702     -8.891
  -1   -2     14.501      4.842      3.481
  -1   -2     19.190      4.816     -5.160
  -1   -2      0.274      4.702     -8.891
  -1   -2     14.501      4.842      3.481
  -1   -2     19.190      4.816     -5.160
  -1   -2     14.501      4.842      3.481
  -1   -2     19.190      4.816     -5.160
  -1   -2      0.274      4.702     -8.891
  -1   -2     14.501      4.842      3.481
 648  657     19.190      4.816     -5.160
 646  655      0.274      4.702     -8.891
  -1   -2     14.501      4.842      3.481
