69
  20    3     18.458     -6.821     -8.213
  34   31      9.074     -8.203     -9.821
  -1   -2     11.612     -6.816      0.102
  15    4      6.317    -10.167     -6.971
   0   -2      8.051     -3.408      2.591
   1    6      7.083     -7.728      3.183
   3    7      3.034     -8.315      2.213
  18   32     11.965     -2.729      2.326
  49   -2      8.968    -10.134      2.905
  -1   21      9.910     -0.384      6.669
  -1   11      5.863     -8.726     -6.655
  24   19     14.910     -6.744     -6.109
  46    1      3.915    -11.069      2.605
  27   44     16.470     -6.473     -5.608
  51   39     14.306     -2.084     -4.375
  25   -2     15.754     -5.895     -8.882
  31   12     11.269     -5.293      3.159
  -1   49     16.184     -2.741      2.486
  19   14      4.990    -10.951     -8.943
  -1   -2      7.256    -11.233     -0.290
  -1   -2     16.024     -2.521     -8.253
  28   25      7.630     -9.209     -6.087
  21   -2      7.771     -9.211      4.331
  10    9     18.651     -6.126     -8.447
  41   40     10.281     -3.466      5.607
  50   -2     -3.950     -8.726    -10.495
  -1   28      8.343    -11.023     -7.484
  32   -2     18.382     -3.535      0.187
   8   -2     17.609     -7.209     -9.697
   6   -2      8.570    -10.795     -1.405
  -1   -2     16.015     -4.897     -7.899
  54   61     14.074      3.093     -3.650
  -1   26      5.573     -9.319      7.829
  -1   57      4.594     -4.020      3.557
  43   -2     20.698     -5.024     -7.208
   5   -2     11.613     -4.081      6.969
  -1   23     15.233     -5.754     -5.719
  -1   -2     16.369     -4.445     -3.508
  39   54     19.851     -5.412     -6.773
  -1   70     17.778     -1.555     -2.788
  -1   -2      3.874     -8.825     10.249
  -1    5     19.862     -5.867     -4.765
  45   38     17.478     -7.127      1.823
  -1   22      9.594     -8.596      1.643
  -1   18     17.882     -4.515     -3.754
  -1   62     -5.226    -10.719     -2.441
  -1   -2     -0.115     -8.959      8.958
  47   65     -3.398     -4.863      8.970
  -1   -2      3.732     -8.373      6.031
  -1   -2      0.925     -0.040     -6.694
  -1   13     19.380     -7.119     -1.157
  29   34     11.384     -9.512      1.634
  -1   36    -10.840     -9.487     -9.668
  -1   -2     15.260     -2.948      5.099
  -1   10     12.950     -6.740     -2.187
  -1   59     10.657     -6.882      2.724
  26   17      6.506     -7.131     -3.765
  62   60     12.866      3.330     -4.321
  -1   -2      7.795     -5.671     -7.902
  -1   -2      2.195    -12.157     -7.394
   9    0     11.261     -1.142      3.737
  -1   -2    -14.611     -4.414     10.414
  -1   -2     11.459      2.401     11.019
  -1   30      1.345     -9.917      9.533
  -1   -2     20.408     -5.876    -10.597
  60   -2     17.778     -1.555     -2.788
  -1   -2     -5.226    -10.719     -2.441
  -1   -2     -5.226    -10.719     -2.441
  61   -2     -5.226    -10.719     -2.441
