604
 509   44      8.815     -5.264      9.010
   1   -2      6.797     -9.068     -2.873
  13    2      9.958     -3.361      6.578
  40   -2      6.864     -9.059      4.917
  53    5     12.001     -5.791     -8.820
   7   18      6.398     -4.267     -2.778
 105   59     16.478     -6.448     -2.463
   6   -2     -4.806     -3.015      9.663
  -1   -2      6.733     -3.838      1.478
  -1   -2     11.856     -3.769      3.793
  -1  133      7.280     -7.245     -1.506
  10   10     10.601     -5.352     -5.143
  76   -2     -1.687     -7.411     -6.626
  -1   39      9.311     -2.612      7.914
  -1   32      6.752     -9.660     -6.197
  74   -2     12.276     -6.987      5.334
  14   13      8.276     -7.310      6.353
  -1   -2     -0.769     -9.059      4.364
 108  144     -0.677     -2.320     -3.198
  60   -2     19.705     -9.360     -4.574
  18   -2     10.530      1.759      5.924
  -1   -2      7.203     -4.741     -6.822
 179   -2      7.561     -9.039      4.918
  42   20      4.913     -8.585      5.294
  -1  548      3.801     -5.040     -3.477
  46  109     17.209     -1.217     -9.606
  -1   -2     -3.046     -2.171      9.697
  38  255     -2.071     -9.380      0.272
  96   38      6.547     -1.663     -2.228
  -1   66     13.600     -4.897      7.245
  50  127     14.485     -7.788     -5.193
  28   27      9.672     -0.784     10.206
  31   -2     -1.436     -5.459      3.051
  11   31     10.755     -5.219      6.016
  98  137     10.173    -10.083     -3.008
  45   75     -5.574     -5.346     -4.385
 149    4      1.383     -9.946      4.158
 373   -2    -11.795     -6.804     -9.920
  36  155      6.806     -2.312     -6.357
  29   35     18.093     -9.271     -8.967
  -1   60     13.829     -6.903      4.989
  37   37      9.432     -4.251      4.231
  72   -2     19.036     -7.913     -1.433
  -1   -2     11.081     -1.747      3.674
  43   -2     11.392     -7.563      8.770
  19   40      4.139     -7.810      5.889
  26   -2     -4.425     -9.117     -1.354
 135   11     -3.248     -4.312     -5.515
  47   -2     -6.134     -9.759     10.219
  -1   -2     -5.914     -8.184      3.047
 132   22     -0.132     -7.052      8.555
 126   -2     14.124     -7.363     -6.048
  70   63     -8.308     -8.418     -0.615
  52   56     -0.647     -6.532      9.424
  56   36     -7.912     -3.962     -2.606
  49   78     -2.142     -6.092      0.050
  -1   49     11.965     -5.715    -10.917
 115   51     11.993     -8.625     -6.531
  -1   -2      0.670     -5.128      2.709
 148   45     14.695     -4.124      3.503
  -1   -2     18.306     -9.891     -7.723
  -1  148     -4.669    -10.598     -5.741
 557   42      4.625     -2.926     -3.270
  71   70     14.761     -2.499     -4.680
  80   -2     -9.578     -6.679     -2.954
   4  149      8.719     -7.502     -9.729
  78   81      9.501     -4.740     -7.458
  94  135     15.449     -3.157     -1.373
  77   -2     12.635      0.118     -3.327
  54   -2     14.484    -10.491      3.531
  51   71     -8.028     -6.598     -1.556
  27   55     13.391     -7.543      6.508
 174   80      0.169     -1.623     -1.305
  82   77      3.595    -10.164      8.936
  81   -2     -0.974     -6.761     -1.803
  35   -2     -3.780     -6.865      0.068
  85   73      8.705     -5.439     -7.289
  21   34      0.351     -4.202      0.737
  86   86     -6.590     -3.054     -1.546
  -1   64     17.057     -7.721     -5.543
  -1   -2     18.145     -0.972     -4.900
  -1  463     -0.279      0.749      8.962
 145   91    -10.288     -3.783     -0.344
  -1   -2     16.332      1.010      0.474
 137   53     -3.918     -9.865      7.416
  -1   62     13.572      0.742     -2.506
  -1   -2     11.302     -0.647     10.015
  -1   -2      0.280      4.700     -8.881
 173   -2     17.548      2.359     -1.591
  -1  165     -0.038     -0.392      1.703
 150   -2     16.338     -2.988      0.282
 161  187     20.528     -4.527     -3.981
  -1   -2    -12.519     -1.537     -9.819
  -1   76     -0.184     -5.720    -12.007
  -1  563    -11.545     -0.139      9.984
  -1   -2     23.073     -9.371      8.786
  -1   65      8.296    -11.009     -1.238
  -1   -2    -12.865     -6.597     -8.098
  99   33    -10.571     -5.311    -10.015
  -1   -2      4.092     -9.153    -12.078
  -1   -2     -0.326     -1.498      9.262
  -1   -2     -6.405      3.758     -7.947
  -1   69     -8.571     -0.432     -8.345
  -1   12     10.575     -2.644      9.142
  -1    9     10.038     -6.768      4.030
  30   -2     11.602     -1.236      4.863
  -1   -2     18.092     -5.225      0.455
  -1   -2     -1.025      2.408     -3.776
 110  112    -10.479      0.133     -3.728
  -1   -2     14.499      4.842      3.479
  -1   -2     16.261     -2.100    -11.624
  -1    1      7.648     -8.691     10.038
  -1  116      4.256    -10.451     -8.254
  -1   74     18.450     -1.964     -3.834
 129  101     -7.189     -1.948    -10.118
  64   17     11.937      2.179      7.518
 140   -2      7.927     -8.223     -8.069
  -1   -2     -8.082      4.892     -9.940
  -1  170      5.513    -11.160      0.621
  -1  281     19.190      4.816     -5.160
 116  140     -1.579     -9.186      6.028
  -1  369    -12.362      1.599     -8.621
  -1   26      5.242     -0.349      5.466
  -1  125      6.717     -7.858      6.036
 134   57     12.599     -6.972     10.722
 392  122     -0.904      2.027     -3.173
 123   -2      6.132     -9.586    -10.840
 118  128      7.479     -1.670     -7.853
  73   -2      4.941    -10.257      3.015
  -1   89     -5.919    -10.466      7.851
 128   82      1.878     -1.593     11.929
 127  129      5.005      1.735     -4.701
 124  139      1.169     -3.725     10.066
 612  134     -5.867      2.573     -8.940
  -1   -2     -1.751     -8.284      8.335
  -1   50     19.763     -4.594     -3.295
 141  143    -11.304     -9.879     -8.765
   9  136      9.962     -7.272     -6.451
  -1   -2      6.646     -6.482     -7.465
 144  145      2.839      1.839      0.158
  -1   84     17.414      2.669      5.092
  -1   41     -4.013    -10.436     -9.488
  95   61    -11.265     -3.024     -5.029
 165   -2     -1.686     -2.080      9.573
  -1   -2     -8.502     -7.461     -5.279
  -1   -2     16.014     -5.431      6.851
  -1   54      3.784     -9.471      1.237
  -1  156     13.816     -3.082    -12.052
  -1    6      6.733     -3.838      1.478
  -1   -2     12.010     -3.787      3.411
  -1   47     -0.830     -9.066      4.203
  -1   -2     -3.033     -2.184      9.799
  -1   -2     -0.279      0.749      8.962
  -1   -2     16.332      1.010      0.474
  -1   -2      0.280      4.700     -8.881
  -1   -2     13.572      0.742     -2.506
 125    3     20.528     -4.527     -3.981
  -1   -2    -11.545     -0.139      9.984
  -1   -2     -0.326     -1.498      9.262
  32   43    -12.865     -6.597     -8.098
  -1   -2     -6.405      3.758     -7.947
  -1   -2     -8.571     -0.432     -8.345
  -1  400     -1.025      2.408     -3.776
  -1  240     14.499      4.842      3.479
  -1   52      0.778     -5.082      2.381
  -1   -2     18.092     -5.225      0.455
  -1   -2     -8.082      4.892     -9.940
  -1   -2     19.190      4.816     -5.160
 121   48     -5.919    -10.466      7.851
  -1   -2      6.733     -3.838      1.478
  -1   -2     12.010     -3.787      3.411
  -1   -2     -0.830     -9.066      4.203
  -1   -2     -3.033     -2.184      9.799
  -1   -2     -0.279      0.749      8.962
  87  186     16.332      1.010      0.474
 159   92     13.572      0.742     -2.506
  -1   -2      0.280      4.700     -8.881
  -1   -2    -11.545     -0.139      9.984
  -1   -2     -0.326     -1.498      9.262
 189   24     18.092     -5.225      0.455
  -1   -2     -8.571     -0.432     -8.345
 167   -2     -8.248     -6.709     -2.510
  -1   -2     -6.405      3.758     -7.947
  -1   -2     14.499      4.842      3.479
  -1   -2      0.778     -5.082      2.381
  -1   -2     -1.025      2.408     -3.776
  -1   -2     -8.082      4.892     -9.940
  -1   -2     19.190      4.816     -5.160
  -1   -2      6.733     -3.838      1.478
  -1   -2     12.010     -3.787      3.411
  -1   -2     -0.830     -9.066      4.203
  -1   -2     -3.033     -2.184      9.799
  -1   -2     -0.279      0.749      8.962
  -1   -2      0.280      4.700     -8.881
  -1   -2    -11.545     -0.139      9.984
  -1   -2     -0.326     -1.498      9.262
  -1   -2     -6.405      3.758     -7.947
  -1   -2     -8.571     -0.432     -8.345
  -1   -2     -1.025      2.408     -3.776
  -1   -2     14.499      4.842      3.479
  -1   -2      0.778     -5.082      2.381
  -1   -2     -8.082      4.892     -9.940
  -1   -2     19.190      4.816     -5.160
  -1  498      9.920     -3.369      6.550
  -1   -2      9.920     -3.369      6.550
  -1   -2      6.733     -3.838      1.478
  -1   -2     12.010     -3.787      3.411
  -1   -2     -0.830     -9.066      4.203
  -1   -2     -3.033     -2.184      9.799
  -1   -2     -0.279      0.749      8.962
  -1   -2      0.280      4.700     -8.881
  -1   -2    -11.545     -0.139      9.984
  -1   -2     -0.326     -1.498      9.262
  -1   -2     -6.405      3.758     -7.947
  -1   -2     -8.571     -0.432     -8.345
  -1   -2     -1.025      2.408     -3.776
  -1   -2     14.499      4.842      3.479
  -1   -2      0.778     -5.082      2.381
  -1   -2     -8.082      4.892     -9.940
  -1   -2     19.190      4.816     -5.160
  -1   -2      9.920     -3.369      6.550
  -1   -2      6.733     -3.838      1.478
  -1   -2     12.010     -3.787      3.411
 155   -2     -0.830     -9.066      4.203
  -1   -2     -3.033     -2.184      9.799
  -1   -2     -0.279      0.749      8.962
  -1   -2      0.280      4.700     -8.881
  -1  152    -12.519     -1.537     -9.819
  -1   -2    -11.545     -0.139      9.984
  -1   -2     -0.326     -1.498      9.262
  -1   -2     -8.571     -0.432     -8.345
  -1   -2     -6.405      3.758     -7.947
  -1   -2      0.778     -5.082      2.381
  -1   -2     14.499      4.842      3.479
  -1   -2     -1.025      2.408     -3.776
  -1   -2     -8.082      4.892     -9.940
  -1   -2     19.190      4.816     -5.160
  -1   -2      9.920     -3.369      6.550
  -1   -2      6.733     -3.838      1.478
  -1   -2     12.010     -3.787      3.411
  -1   -2     -3.033     -2.184      9.799
  -1   -2     -0.279      0.749      8.962
  -1   -2      0.280      4.700     -8.881
  -1   -2    -12.519     -1.537     -9.819
  -1   -2    -11.545     -0.139      9.984
  -1   -2     -0.326     -1.498      9.262
  -1   -2     -6.405      3.758     -7.947
  -1   -2     -8.571     -0.432     -8.345
  -1   -2     14.499      4.842      3.479
  -1   -2     -1.025      2.408     -3.776
  -1   -2      0.778     -5.082      2.381
  -1   -2     -8.082      4.892     -9.940
  -1   -2     19.190      4.816     -5.160
  -1   -2      9.920     -3.369      6.550
  -1   -2      9.920     -3.369      6.550
  -1   -2      6.733     -3.838      1.478
  -1   -2     12.010     -3.787      3.411
  -1   -2     -3.033     -2.184      9.799
  -1   -2     -0.279      0.749      8.962
  -1   -2      0.280      4.700     -8.881
  -1   -2    -11.545     -0.139      9.984
  -1   -2     -0.326     -1.498      9.262
  -1   -2     -8.571     -0.432     -8.345
  -1   -2     -6.405      3.758     -7.947
  -1   -2     14.499      4.842      3.479
  -1   -2     -1.025      2.408     -3.776
  -1   -2      0.778     -5.082      2.381
  -1   -2     -8.082      4.892     -9.940
  -1   -2     19.190      4.816     -5.160
  -1   -2      9.920     -3.369      6.550
  -1   -2      9.920     -3.369      6.550
  -1   -2      6.733     -3.838      1.478
  -1   -2     12.010     -3.787      3.411
  -1   -2     -3.033     -2.184      9.799
  -1   -2     -0.279      0.749      8.962
  -1   -2      0.280      4.700     -8.881
  -1   -2    -12.519     -1.537     -9.819
  -1   -2    -11.545     -0.139      9.984
  -1   -2     -0.326     -1.498      9.262
  -1   -2     -8.571     -0.432     -8.345
  -1   -2     -6.405      3.758     -7.947
  -1   -2     14.499      4.842      3.479
  -1   -2      0.778     -5.082      2.381
  -1   -2     -1.025      2.408     -3.776
  -1   -2     -8.082      4.892     -9.940
  -1   -2     19.190      4.816     -5.160
  -1   -2      6.733     -3.838      1.478
  -1   -2     12.010     -3.787      3.411
  -1   -2     -3.033     -2.184      9.799
  -1   -2     -0.279      0.749      8.962
  -1   -2      0.280      4.700     -8.881
  -1   -2    -11.545     -0.139      9.984
  -1   -2     -0.326     -1.498      9.262
  -1   -2     -6.405      3.758     -7.947
  -1   -2     -8.571     -0.432     -8.345
  -1   -2     14.499      4.842      3.479
 171  309      0.778     -5.082      2.381
  -1   -2     -1.025      2.408     -3.776
  -1   -2     -8.082      4.892     -9.940
  -1   -2      9.920     -3.369      6.550
  -1   -2      9.920     -3.369      6.550
  -1   -2      6.733     -3.838      1.478
  -1   -2     12.010     -3.787      3.411
  -1   -2     -3.033     -2.184      9.799
  -1   -2     -0.279      0.749      8.962
  -1   -2      0.280      4.700     -8.881
  -1   -2    -12.519     -1.537     -9.819
  -1   -2    -11.545     -0.139      9.984
  -1   -2     -0.326     -1.498      9.262
  -1   -2     -6.405      3.758     -7.947
  -1   -2     -8.571     -0.432     -8.345
  -1   -2     14.499      4.842      3.479
  -1   -2     -1.025      2.408     -3.776
  -1   -2     -8.082      4.892     -9.940
  -1   -2      9.920     -3.369      6.550
  -1   -2      6.733     -3.838      1.478
   8  313     12.010     -3.787      3.411
  -1   -2     -3.033     -2.184      9.799
  -1   -2     -0.279      0.749      8.962
  -1   -2      0.280      4.700     -8.881
  -1   -2    -11.545     -0.139      9.984
  -1   -2     -0.326     -1.498      9.262
  -1   -2     -6.405      3.758     -7.947
  -1   -2     -8.571     -0.432     -8.345
  -1   -2     14.499      4.842      3.479
  -1   -2     -1.025      2.408     -3.776
  -1   -2     -8.082      4.892     -9.940
  -1   -2      6.733     -3.838      1.478
  -1   -2     -3.033     -2.184      9.799
  -1   -2     -0.279      0.749      8.962
  -1   -2      0.280      4.700     -8.881
  -1   -2    -12.519     -1.537     -9.819
  -1   -2    -11.545     -0.139      9.984
  -1   -2     -0.326     -1.498      9.262
  -1   -2     -6.405      3.758     -7.947
  -1   -2     -8.571     -0.432     -8.345
  -1   -2     14.499      4.842      3.479
  -1   -2     -1.025      2.408     -3.776
  -1   -2     -8.082      4.892     -9.940
  -1   -2      6.733     -3.838      1.478
  -1   -2     -3.033     -2.184      9.799
  -1   -2     -0.279      0.749      8.962
  -1   -2      0.280      4.700     -8.881
  -1   -2    -12.519     -1.537     -9.819
  -1   -2    -11.545     -0.139      9.984
  -1   -2     -0.326     -1.498      9.262
  -1   -2     -6.405      3.758     -7.947
  -1   -2     -8.571     -0.432     -8.345
  -1   -2     14.499      4.842      3.479
  -1   -2     -1.025      2.408     -3.776
  -1   -2     -8.082      4.892     -9.940
  -1   -2      9.920     -3.369      6.550
  -1   -2      6.733     -3.838      1.478
  -1   -2     -3.033     -2.184      9.799
  -1   -2     -0.279      0.749      8.962
  -1   -2      0.280      4.700     -8.881
  -1   -2    -12.519     -1.537     -9.819
  -1   -2    -11.545     -0.139      9.984
  -1   -2     -0.326     -1.498      9.262
  -1   -2     -8.571     -0.432     -8.345
  -1   -2     -6.405      3.758     -7.947
  -1  175     -1.025      2.408     -3.776
  -1   -2     14.499      4.842      3.479
  -1   -2     -8.082      4.892     -9.940
  -1   -2      9.920     -3.369      6.550
  -1   -2      6.733     -3.838      1.478
  -1   -2     -3.033     -2.184      9.799
  -1   -2     -0.279      0.749      8.962
  -1   -2      0.280      4.700     -8.881
 119   -2    -12.519     -1.537     -9.819
  -1   -2    -11.545     -0.139      9.984
  -1   -2     -0.326     -1.498      9.262
  -1   -2     -8.571     -0.432     -8.345
  -1   -2     -6.405      3.758     -7.947
  -1   -2     14.499      4.842      3.479
  -1   -2     -8.082      4.892     -9.940
  -1   -2      9.920     -3.369      6.550
  -1   -2      6.733     -3.838      1.478
  -1   -2     -3.033     -2.184      9.799
  -1   -2     -0.279      0.749      8.962
  -1   -2      0.280      4.700     -8.881
  -1   -2    -11.545     -0.139      9.984
  -1   -2     -0.326     -1.498      9.262
  -1   -2     -6.405      3.758     -7.947
  -1   -2     -8.571     -0.432     -8.345
  -1   -2     14.499      4.842      3.479
  -1   -2     -8.082      4.892     -9.940
  -1   -2      6.733     -3.838      1.478
  -1   -2     -3.033     -2.184      9.799
  -1   -2     -0.279      0.749      8.962
  -1   -2      0.280      4.700     -8.881
  -1   -2    -11.545     -0.139      9.984
 592   -2     -0.326     -1.498      9.262
  -1   -2     -6.405      3.758     -7.947
  -1   -2     -8.571     -0.432     -8.345
  -1   -2     14.499      4.842      3.479
  -1   -2     -8.082      4.892     -9.940
  -1   -2      9.920     -3.369      6.550
  -1   -2      9.920     -3.369      6.550
  -1   -2      6.733     -3.838      1.478
  -1   -2     -3.033     -2.184      9.799
  -1   -2     -0.279      0.749      8.962
  -1   -2      0.280      4.700     -8.881
  -1   -2    -11.545     -0.139      9.984
  -1   -2     -6.405      3.758     -7.947
  -1   -2     -8.571     -0.432     -8.345
  -1   -2     14.499      4.842      3.479
  -1   -2     -8.082      4.892     -9.940
  -1   -2      9.920     -3.369      6.550
  -1   -2      6.733     -3.838      1.478
  -1   -2     -0.279      0.749      8.962
  -1   -2      0.280      4.700     -8.881
  -1   -2    -11.545     -0.139      9.984
  -1   -2     -8.571     -0.432     -8.345
  -1   -2     -6.405      3.758     -7.947
  -1   -2     14.499      4.842      3.479
  -1   -2     -8.082      4.892     -9.940
  -1   -2      9.920     -3.369      6.550
  -1   -2      6.733     -3.838      1.478
  -1   -2     -3.033     -2.184      9.799
  -1   -2     -0.279      0.749      8.962
  -1   -2      0.280      4.700     -8.881
  -1   -2    -11.545     -0.139      9.984
  -1   -2     -6.405      3.758     -7.947
  -1   -2     -8.571     -0.432     -8.345
  -1   -2     14.499      4.842      3.479
  -1   -2     -8.082      4.892     -9.940
  -1   -2      6.733     -3.838      1.478
  -1   -2     -3.033     -2.184      9.799
  -1   -2     -0.279      0.749      8.962
  -1   -2      0.280      4.700     -8.881
  -1   -2    -11.545     -0.139      9.984
  -1   -2     -6.405      3.758     -7.947
  -1   -2     -8.571     -0.432     -8.345
  -1   -2     14.499      4.842      3.479
  -1   -2     -8.082      4.892     -9.940
  -1   -2      9.920     -3.369      6.550
  -1   -2      9.920     -3.369      6.550
  -1   -2      6.733     -3.838      1.478
  -1   -2     -3.033     -2.184      9.799
  -1   -2     -0.279      0.749      8.962
  -1   -2      0.280      4.700     -8.881
  -1   -2    -11.545     -0.139      9.984
  -1   -2     -8.571     -0.432     -8.345
  -1   -2     -6.405      3.758     -7.947
  -1   -2     14.499      4.842      3.479
  -1   -2     -8.082      4.892     -9.940
  -1   -2      9.920     -3.369      6.550
  -1   -2      6.733     -3.838      1.478
  -1   -2     -3.033     -2.184      9.799
  -1   -2     -0.279      0.749      8.962
  -1   -2      0.280      4.700     -8.881
  -1   -2    -11.545     -0.139      9.984
  -1   -2     -8.571     -0.432     -8.345
  -1   -2     -6.405      3.758     -7.947
  -1   -2     14.499      4.842      3.479
  -1   -2     -8.082      4.892     -9.940
  -1   -2      9.920     -3.369      6.550
  -1   -2      6.733     -3.838      1.478
  -1   -2     -3.033     -2.184      9.799
  -1   -2     -0.279      0.749      8.962
  -1   -2      0.280      4.700     -8.881
  -1   -2    -11.545     -0.139      9.984
 506  504     -6.405      3.758     -7.947
  -1   -2     -8.571     -0.432     -8.345
  -1   -2     14.499      4.842      3.479
  -1   -2     -8.082      4.892     -9.940
  -1   -2      9.920     -3.369      6.550
  -1   -2      9.920     -3.369      6.550
  -1   -2      6.733     -3.838      1.478
  -1   -2     -3.033     -2.184      9.799
  -1   -2     -0.279      0.749      8.962
  -1   -2      0.280      4.700     -8.881
  -1   -2    -11.545     -0.139      9.984
  -1   -2     -8.571     -0.432     -8.345
  -1   -2     14.499      4.842      3.479
  -1   -2     -8.082      4.892     -9.940
  -1   -2      9.920     -3.369      6.550
  -1   -2      6.733     -3.838      1.478
  -1   -2     -3.033     -2.184      9.799
  -1   -2     -0.279      0.749      8.962
  -1   -2      0.280      4.700     -8.881
  -1   -2    -11.545     -0.139      9.984
  -1   -2     -8.571     -0.432     -8.345
  -1   -2     14.499      4.842      3.479
  -1   -2     -8.082      4.892     -9.940
 151   19      6.733     -3.838      1.478
  -1   -2     -3.033     -2.184      9.799
  -1   -2     -0.279      0.749      8.962
  -1   -2      0.280      4.700     -8.881
  -1   -2    -11.545     -0.139      9.984
 168  493     -8.571     -0.432     -8.345
  -1   -2     14.499      4.842      3.479
  -1   -2     -8.082      4.892     -9.940
  -1   -2     -3.033     -2.184      9.799
  -1   -2     -0.279      0.749      8.962
  -1   -2      0.280      4.700     -8.881
  -1   -2    -11.545     -0.139      9.984
  -1   -2     14.499      4.842      3.479
  -1   -2     -8.082      4.892     -9.940
  -1   -2     -3.033     -2.184      9.799
  -1   -2     -0.279      0.749      8.962
  -1   -2      0.280      4.700     -8.881
  -1   -2    -11.545     -0.139      9.984
  -1   -2     14.499      4.842      3.479
  -1   -2     -8.082      4.892     -9.940
  -1   -2     -3.033     -2.184      9.799
  -1   -2     -0.279      0.749      8.962
  -1   -2      0.280      4.700     -8.881
  -1   -2    -11.545     -0.139      9.984
  -1   -2     14.499      4.842      3.479
  -1   -2     -8.082      4.892     -9.940
  -1   -2     -3.033     -2.184      9.799
  -1   -2     -0.279      0.749      8.962
  -1   -2      0.280      4.700     -8.881
  -1   -2    -11.545     -0.139      9.984
  -1   -2     14.499      4.842      3.479
  -1   -2     -8.082      4.892     -9.940
  -1   -2     -3.033     -2.184      9.799
  -1   -2     -0.279      0.749      8.962
  -1   -2      0.280      4.700     -8.881
  -1   -2    -11.545     -0.139      9.984
  -1   -2     14.499      4.842      3.479
  -1   -2     -8.082      4.892     -9.940
  -1   -2     -3.033     -2.184      9.799
  -1   -2     -0.279      0.749      8.962
  -1   -2      0.280      4.700     -8.881
  -1   -2    -11.545     -0.139      9.984
  -1   -2     14.499      4.842      3.479
  -1   -2     -8.082      4.892     -9.940
  -1   -2     -3.033     -2.184      9.799
  -1   -2     -0.279      0.749      8.962
  -1   -2      0.280      4.700     -8.881
  -1   -2    -11.545     -0.139      9.984
  -1   -2     14.499      4.842      3.479
  -1   -2     -8.082      4.892     -9.940
  -1   -2     -3.033     -2.184      9.799
  -1   -2     -0.279      0.749      8.962
  -1   -2      0.280      4.700     -8.881
 575   -2    -11.545     -0.139      9.984
  -1   -2     14.499      4.842      3.479
  -1   -2     -8.082      4.892     -9.940
  -1   -2     -3.033     -2.184      9.799
  -1   -2     -0.279      0.749      8.962
  -1   -2      0.280      4.700     -8.881
  -1   -2     14.499      4.842      3.479
  -1   -2     -8.082      4.892     -9.940
  -1   -2     -3.033     -2.184      9.799
  -1   -2     -0.279      0.749      8.962
  -1   -2      0.280      4.700     -8.881
  -1   -2     14.499      4.842      3.479
  -1   -2     -8.082      4.892     -9.940
  20  581     -3.033     -2.184      9.799
  -1   -2     -0.279      0.749      8.962
  -1   -2      0.280      4.700     -8.881
  -1   -2     14.499      4.842      3.479
  -1   -2     -8.082      4.892     -9.940
  -1   -2     -0.279      0.749      8.962
  -1   -2      0.280      4.700     -8.881
  -1   -2     14.499      4.842      3.479
  -1   -2     -8.082      4.892     -9.940
  -1   -2     -0.279      0.749      8.962
  -1   -2      0.280      4.700     -8.881
  -1   -2     14.499      4.842      3.479
  -1   -2     -8.082      4.892     -9.940
  -1   -2      0.280      4.700     -8.881
  -1   -2     14.499      4.842      3.479
  -1   -2     -8.082      4.892     -9.940
  -1   -2      0.280      4.700     -8.881
  -1   -2     14.499      4.842      3.479
  -1   -2     -8.082      4.892     -9.940
  -1   -2      0.280      4.700     -8.881
  -1   -2     14.499      4.842      3.479
  -1   -2      0.280      4.700     -8.881
  -1   -2     14.499      4.842      3.479
  -1   -2     -8.082      4.892     -9.940
  -1   -2      0.280      4.700     -8.881
  -1   -2     14.499      4.842      3.479
  -1   -2     -8.082      4.892     -9.940
  -1   -2      0.280      4.700     -8.881
  -1   -2     14.499      4.842      3.479
  -1  176     -8.082      4.892     -9.940
  -1   -2      0.280      4.700     -8.881
  -1   -2     14.499      4.842      3.479
  -1   -2      0.280      4.700     -8.881
  -1   -2     14.499      4.842      3.479
  -1   -2      0.280      4.700     -8.881
  -1   -2     14.499      4.842      3.479
  -1   -2      0.280      4.700     -8.881
  -1   -2     14.499      4.842      3.479
  -1   -2      0.280      4.700     -8.881
  -1   -2     14.499      4.842      3.479
  -1   -2      0.280      4.700     -8.881
  -1   -2     14.499      4.842      3.479
  -1   -2      0.280      4.700     -8.881
  -1   -2     14.499      4.842      3.479
  -1   -2      0.280      4.700     -8.881
  -1   -2     14.499      4.842      3.479
  -1   -2      0.280      4.700     -8.881
  -1   -2     14.499      4.842      3.479
 643  623      0.280      4.700     -8.881
  -1   -2     14.499      4.842      3.479
  -1   -2     14.499      4.842      3.479
  -1   -2     14.499      4.842      3.479
