660
   0   -2      8.822     -5.259      9.027
  39    1      7.302     -8.943      7.111
  -1   -2      9.958     -3.360      6.583
   5   -2     -3.361     -8.742     -4.748
  10   18      6.402     -4.269     -2.776
 126  169     -4.022     -3.194      7.469
 105   50     16.480     -6.450     -2.464
  -1    4      6.739     -3.836      1.493
  -1   -2     11.861     -3.767      3.787
  12    9      7.279     -7.246     -1.506
  13   74     10.603     -5.353     -5.147
  31   11     -1.688     -7.410     -6.629
  15   -2      9.300     -2.615      7.949
  75    0     10.259     -8.082      7.184
   2   36      8.279     -7.311      6.349
 168   43     -0.677     -2.321     -3.208
  20   -2     10.530      1.758      5.926
  -1  654     -0.770     -9.059      4.369
  19   83      7.205     -4.743     -6.821
  -1   -2     -3.042     -2.173      9.692
  51   24      2.760     -7.787      7.937
  18   19     -2.063     -9.376      0.300
 590   76      3.797     -5.039     -3.484
  24   -2      4.920     -8.583      5.285
  -1   -2    -12.308     -1.479     -9.272
  23   21     12.056     -5.398      1.225
  -1   29     11.962     -6.901      4.247
  27   27      9.674     -0.785     10.208
   4   28     12.246     -5.815     -8.480
  61   -2     -1.432     -5.463      3.041
  26   12     10.755     -5.219      6.018
  29   32     10.176    -10.085     -3.010
  33   30     11.072     -1.748      3.696
  59   31     -5.576     -5.347     -4.377
  32   33    -11.794     -6.804     -9.915
  34   35      1.386     -9.947      4.155
   6   41      3.200    -10.055      9.265
 155   -2      9.431     -4.251      4.238
  35   -2      6.806     -2.314     -6.355
  21   -2     -3.372     -9.295     -4.726
  56   14      4.145     -7.811      5.903
 144   -2     -3.248     -4.313     -5.512
 143   99    -11.110     -7.400     -9.696
 112   -2     15.574     -0.679     -5.194
  -1  615      7.559     -9.052      4.919
  45  142     -6.129     -9.758     10.222
  54   45     19.036     -7.917     -1.433
  -1   -2      7.770     -0.075     -7.668
  -1   -2     17.606     -9.519      0.528
  50   -2     -8.303     -8.418     -0.600
  55   62     14.123     -7.365     -6.045
  92   -2     17.854     -1.570     -3.070
  -1   55     -0.130     -7.053      8.559
  60   53      9.813     -6.921      3.342
  53   -2     -0.646     -6.532      9.428
 183   -2     -0.306     -5.550      5.031
  58   48     19.480     -8.672     -5.242
  -1   57     18.694     -8.955      0.763
 119  171     11.996     -8.626     -6.538
  64   60     12.962     -6.999      7.082
  65   -2     -9.221     -8.857     -5.397
  67   63     14.693     -4.124      3.505
 103   -2      7.704     -9.342      1.959
  74   17     12.249      2.200      8.505
  77   75     15.748     -6.732      3.818
  69   68      4.625     -2.927     -3.267
 140   -2     15.459     -3.175     -1.403
 197   -2     14.760     -2.501     -4.676
  90   65     -9.576     -6.679     -2.956
  71   72      4.327    -10.400     -9.755
  -1   -2     11.254    -10.578      3.126
  57   -2      9.499     -4.744     -7.450
  -1   -2     15.465     -7.356     -1.197
  -1  157      8.715     -7.506     -9.721
  78   81     -0.972     -6.760     -1.813
  48   -2      8.709     -5.442     -7.298
  -1   -2     -3.785     -6.862      0.062
  82   84     -6.595     -3.054     -1.551
  -1  204     18.119      2.718      3.501
  -1    3     -4.823    -10.293     -6.773
  86   -2     17.364    -10.651      1.474
  -1   -2     -0.281      0.750      8.959
  -1   89     16.333      1.007      0.470
  -1  521     13.574      0.743     -2.507
  -1  161    -10.289     -3.783     -0.345
 546  561     -0.034     -0.393      1.713
  -1   51     20.532     -4.529     -3.989
  95   69     16.341     -2.990      0.278
  -1   -2     -0.185     -5.719    -12.009
  -1  129      0.274      4.702     -8.892
  98   98      4.341     -9.084    -11.332
  -1   -2    -11.545     -0.139      9.980
 370  393      8.194    -11.157      8.584
 102   -2    -10.570     -5.311    -10.014
  -1   -2      8.299    -11.006     -1.243
  -1   39    -12.865     -6.598     -8.093
  -1  398     -0.333     -1.499      9.282
  -1  456     14.602     -9.629      3.859
 117  109     -8.780    -11.994     -9.541
  -1   -2     -6.405      3.759     -7.951
 108  107      7.209     -9.681     -7.470
  -1   -2     -8.562     -0.433     -8.370
  -1   -2     14.501      4.843      3.481
  -1   71     16.252     -2.101    -11.602
 146  669     -1.025      2.407     -3.771
  83  110      1.323     -4.031     -1.818
  -1   -2      0.783     -5.084      2.368
 116  117    -10.478      0.133     -3.723
  91   59     13.199      0.191     -1.474
  -1    5     18.088     -5.224      0.469
  -1  610     -8.080      4.891     -9.939
  -1   -2     10.873     -8.959     -4.982
  -1   -2      2.422     -0.899      9.488
  -1  104     -7.184     -1.949    -10.102
  -1   77     11.932    -11.327     -0.454
  -1  130      4.470      6.119      5.303
  -1   -2     19.190      4.816     -5.165
 121   -2     -1.582     -9.186      6.020
 115   -2    -12.305    -10.327      5.392
  -1  127     -4.612     -0.738      5.062
   9  336     -3.400     -4.865      8.964
 124  124    -12.362      1.598     -8.615
 175   -2     -0.903      2.023     -3.167
  -1   -2      6.137     -9.587    -10.851
 131  132     13.941     -7.690      9.937
  -1   -2     21.104     -0.998     -3.727
  -1   -2     20.847     -5.312      7.691
  47   34      7.483     -1.671     -7.857
  -1  134      5.009      1.734     -4.701
  -1   -2     -5.906    -10.466      7.827
  -1   52     -8.336    -11.103      1.371
 138  135      1.876     -1.595     11.929
 137  137      4.853     -7.474      0.417
 139  147     -5.865      2.573     -8.933
  -1  146      3.540    -10.107     10.230
  49  141     15.976      1.122     -2.756
 129  128      1.164     -3.722     10.078
  -1   -2      6.636     -6.484     -7.454
  -1   -2     -0.936     -9.505      9.087
  -1   38    -11.308     -9.879     -8.750
 141   -2      1.659     -4.112      9.480
  -1  140     15.371     -3.598     -2.868
 135  195      0.794     -1.655     -3.182
 147  138     20.297     -3.052     11.079
 134   -2      2.839      1.837      0.159
 142  153      9.981     -7.275     -6.496
  -1   -2     20.567     -8.331      9.537
  -1  159      8.406     -9.935      6.866
 439  158     13.662     -9.818      4.849
  -1  155     12.864      3.334     -4.311
 123  148     19.145     -0.541     -3.550
 157  163     16.012     -5.437      6.856
 156  162      6.118     -2.497      8.351
 133  122     -0.352     -9.198      8.006
  96   49    -11.263     -3.027     -5.031
  -1   -2     13.816     -3.084    -12.037
 165   -2     -1.687     -2.082      9.566
  80   -2     -8.508     -7.467     -5.290
   1  165      3.778     -9.470      1.255
  -1  596      9.920     -3.367      6.548
  -1   -2      6.739     -3.836      1.493
  -1  429     12.010     -3.787      3.419
  -1   -2     -0.832     -9.066      4.205
  -1   -2      7.723     -9.061      4.498
  -1   -2     -0.281      0.750      8.959
 151   44     16.333      1.007      0.470
  -1   -2     13.574      0.743     -2.507
  -1   -2     20.532     -4.529     -3.989
  -1   -2    -12.517     -1.537     -9.816
  -1   -2      0.274      4.702     -8.892
  -1   16     -0.034     -0.393      1.713
 153  174    -10.289     -3.783     -0.345
  -1   -2      8.194    -11.157      8.584
  -1   -2    -11.545     -0.139      9.980
 106   -2    -12.865     -6.598     -8.093
  -1   -2     -0.333     -1.499      9.282
  -1   -2     14.602     -9.629      3.859
  -1   67     -8.562     -0.433     -8.370
  -1   -2     -6.405      3.759     -7.951
  -1   -2     14.501      4.843      3.481
  -1   -2     18.088     -5.224      0.469
  -1   58      0.783     -5.084      2.368
  -1   -2      2.422     -0.899      9.488
  -1   -2     -8.080      4.891     -9.939
  -1  565     10.873     -8.959     -4.982
  -1   -2     19.190      4.816     -5.165
 217  108     -5.906    -10.466      7.827
  -1  160     21.104     -0.998     -3.727
  73   -2      6.636     -6.484     -7.454
  -1   -2      9.920     -3.367      6.548
  -1   -2      6.739     -3.836      1.493
  -1   -2     12.010     -3.787      3.419
  -1   -2     -0.832     -9.066      4.205
 565  580     -3.032     -2.185      9.804
  -1   -2      7.723     -9.061      4.498
  -1   -2     -0.034     -0.393      1.713
  -1   -2     -0.281      0.750      8.959
  -1   -2     13.574      0.743     -2.507
  -1   -2     20.532     -4.529     -3.989
  -1   -2    -12.517     -1.537     -9.816
  -1   -2      0.274      4.702     -8.892
  -1   -2      8.194    -11.157      8.584
  -1   -2    -11.545     -0.139      9.980
  -1   -2     -0.333     -1.499      9.282
  -1   -2     -6.405      3.759     -7.951
  -1   -2     14.602     -9.629      3.859
  -1   -2     -8.562     -0.433     -8.370
  -1   -2     18.088     -5.224      0.469
  -1   -2      0.783     -5.084      2.368
  -1   -2     14.501      4.843      3.481
  -1   -2      2.422     -0.899      9.488
  -1   -2     10.873     -8.959     -4.982
  -1   -2     -8.080      4.891     -9.939
  -1   -2     19.190      4.816     -5.165
  -1   -2      9.714     -2.258     -0.869
 188   -2     -5.906    -10.466      7.827
  -1   -2      6.739     -3.836      1.493
  -1   -2     12.010     -3.787      3.419
  -1   -2     -0.832     -9.066      4.205
  -1   -2     -3.032     -2.185      9.804
  -1   -2      7.723     -9.061      4.498
  -1   -2     -0.281      0.750      8.959
  -1   -2     13.574      0.743     -2.507
  -1   -2      0.274      4.702     -8.892
  -1   -2     20.532     -4.529     -3.989
  -1   -2    -12.517     -1.537     -9.816
  -1   -2      8.194    -11.157      8.584
  -1   -2    -11.545     -0.139      9.980
  -1   -2     -0.333     -1.499      9.282
  -1   -2     -0.034     -0.393      1.713
  -1   -2     14.602     -9.629      3.859
 435   73     18.088     -5.224      0.469
  -1   -2     -6.405      3.759     -7.951
  -1   -2     -8.562     -0.433     -8.370
  -1   -2     14.501      4.843      3.481
  -1   -2      0.783     -5.084      2.368
  -1   -2      2.422     -0.899      9.488
  -1   -2     -8.080      4.891     -9.939
  -1   -2     10.873     -8.959     -4.982
  -1   -2     19.190      4.816     -5.165
 242  271      9.714     -2.258     -0.869
  -1   -2      9.920     -3.367      6.548
  -1   -2      9.920     -3.367      6.548
  -1   -2      6.739     -3.836      1.493
  -1   -2     12.010     -3.787      3.419
  -1   -2     -0.832     -9.066      4.205
  -1   -2     -3.032     -2.185      9.804
  -1   -2      7.723     -9.061      4.498
  -1   -2     -0.281      0.750      8.959
  -1   -2     13.574      0.743     -2.507
  -1   -2     -0.034     -0.393      1.713
  -1   -2     20.532     -4.529     -3.989
  -1   -2      0.274      4.702     -8.892
 254   95    -12.517     -1.537     -9.816
  -1   -2      8.194    -11.157      8.584
  -1   -2    -11.545     -0.139      9.980
  -1   -2     -0.333     -1.499      9.282
  -1   -2     -8.562     -0.433     -8.370
  -1   -2     14.602     -9.629      3.859
  -1   -2     -6.405      3.759     -7.951
  -1   -2      0.783     -5.084      2.368
  -1   -2     14.501      4.843      3.481
  -1   -2     -8.080      4.891     -9.939
  -1   -2      2.422     -0.899      9.488
  -1   -2     10.873     -8.959     -4.982
  -1   -2     19.190      4.816     -5.165
  -1   -2      9.920     -3.367      6.548
  -1   -2      6.739     -3.836      1.493
  -1   -2     12.010     -3.787      3.419
  -1   -2     -0.832     -9.066      4.205
  -1   -2     -3.032     -2.185      9.804
  -1   -2      7.723     -9.061      4.498
  -1   -2     -0.281      0.750      8.959
  -1   -2     -0.034     -0.393      1.713
  -1   -2     13.574      0.743     -2.507
  -1   -2      0.274      4.702     -8.892
  -1   -2     20.532     -4.529     -3.989
  -1   -2      8.194    -11.157      8.584
  -1   -2    -11.545     -0.139      9.980
  -1   -2     -0.333     -1.499      9.282
  -1   -2     14.602     -9.629      3.859
  -1   -2     -8.562     -0.433     -8.370
  -1   -2     -6.405      3.759     -7.951
  -1   -2     14.501      4.843      3.481
  -1   -2      0.783     -5.084      2.368
  -1   -2      2.422     -0.899      9.488
  -1   -2     10.873     -8.959     -4.982
  -1   -2     -8.080      4.891     -9.939
  -1   -2     19.190      4.816     -5.165
  -1   -2      9.920     -3.367      6.548
  -1   -2      6.739     -3.836      1.493
  -1   -2     12.010     -3.787      3.419
  -1   -2     -3.032     -2.185      9.804
  -1   -2      7.723     -9.061      4.498
  -1   -2     -0.281      0.750      8.959
  -1   -2     13.574      0.743     -2.507
  -1   -2     -0.034     -0.393      1.713
  -1   -2     20.532     -4.529     -3.989
  -1   -2      0.274      4.702     -8.892
  -1   -2      8.194    -11.157      8.584
  -1   -2    -11.545     -0.139      9.980
  -1   -2     -0.333     -1.499      9.282
  -1   -2     -6.405      3.759     -7.951
  -1   -2     -8.562     -0.433     -8.370
  -1   -2     14.602     -9.629      3.859
  -1   -2     14.501      4.843      3.481
  -1   -2      0.783     -5.084      2.368
  -1   -2      2.422     -0.899      9.488
  -1   -2     -8.080      4.891     -9.939
  -1   -2     10.873     -8.959     -4.982
  -1   -2     19.190      4.816     -5.165
  -1   37     -3.581     -8.714     -4.755
  -1   -2      9.920     -3.367      6.548
  -1   -2      9.920     -3.367      6.548
  -1   -2      6.739     -3.836      1.493
  -1   -2     12.010     -3.787      3.419
  -1   -2     -0.832     -9.066      4.205
  -1   -2     -3.032     -2.185      9.804
  -1   -2      7.723     -9.061      4.498
  -1   -2     -0.034     -0.393      1.713
  -1   -2     -0.281      0.750      8.959
  -1   -2      0.274      4.702     -8.892
  -1   -2     13.574      0.743     -2.507
  -1   -2     20.532     -4.529     -3.989
  -1   -2      8.194    -11.157      8.584
  -1   -2    -11.545     -0.139      9.980
  -1   -2     -0.333     -1.499      9.282
  -1   -2     -8.562     -0.433     -8.370
  -1   -2     -6.405      3.759     -7.951
  -1   -2     14.602     -9.629      3.859
  -1   -2     14.501      4.843      3.481
  -1   -2     -8.080      4.891     -9.939
  -1   -2      2.422     -0.899      9.488
  -1   -2     19.190      4.816     -5.165
  -1   -2     10.873     -8.959     -4.982
  -1   -2      9.920     -3.367      6.548
 292   -2     -3.581     -8.714     -4.755
  -1   -2      6.739     -3.836      1.493
  -1   -2     12.010     -3.787      3.419
  -1   -2     -0.832     -9.066      4.205
  -1   -2     -3.032     -2.185      9.804
  -1   -2      7.723     -9.061      4.498
  -1   -2     -0.281      0.750      8.959
  -1   -2     13.574      0.743     -2.507
  -1   -2     -0.034     -0.393      1.713
  -1   -2     20.532     -4.529     -3.989
  -1   -2      8.194    -11.157      8.584
  -1   -2      0.274      4.702     -8.892
  -1   -2    -11.545     -0.139      9.980
  -1   -2     -0.333     -1.499      9.282
  -1   -2     -8.562     -0.433     -8.370
  -1   -2     -6.405      3.759     -7.951
  -1   -2     14.602     -9.629      3.859
  -1   -2     14.501      4.843      3.481
  -1   -2     -8.080      4.891     -9.939
  -1   -2      2.422     -0.899      9.488
  -1   -2     10.873     -8.959     -4.982
  -1   -2     19.190      4.816     -5.165
  -1   -2      9.920     -3.367      6.548
  -1   -2      6.739     -3.836      1.493
  -1   -2     12.010     -3.787      3.419
  -1   -2     -0.832     -9.066      4.205
  -1   -2     -3.032     -2.185      9.804
  -1   -2      7.723     -9.061      4.498
  -1   -2     -0.281      0.750      8.959
  -1   -2     13.574      0.743     -2.507
 176   -2      8.194    -11.157      8.584
  -1   -2     20.532     -4.529     -3.989
  -1   -2      0.274      4.702     -8.892
  -1   -2     -0.034     -0.393      1.713
  -1   -2    -11.545     -0.139      9.980
 376   -2     -0.333     -1.499      9.282
  -1   -2     -6.405      3.759     -7.951
  -1   -2     -8.562     -0.433     -8.370
  -1   -2     14.602     -9.629      3.859
  -1   -2     14.501      4.843      3.481
  -1   -2     -8.080      4.891     -9.939
  -1   -2      2.422     -0.899      9.488
  -1   -2     10.873     -8.959     -4.982
  -1   -2     19.190      4.816     -5.165
  -1   -2      9.920     -3.367      6.548
  -1   -2      6.739     -3.836      1.493
  -1   -2     12.010     -3.787      3.419
  -1   -2     -0.832     -9.066      4.205
  -1   -2     -3.032     -2.185      9.804
  -1   -2      7.723     -9.061      4.498
  -1   -2     -0.281      0.750      8.959
  -1   -2     13.574      0.743     -2.507
  -1   -2      0.274      4.702     -8.892
  -1   -2     -0.034     -0.393      1.713
  -1   -2     20.532     -4.529     -3.989
  -1   -2    -11.545     -0.139      9.980
  -1   -2     -6.405      3.759     -7.951
  -1   -2     -8.562     -0.433     -8.370
  -1   -2     14.602     -9.629      3.859
  -1   -2     14.501      4.843      3.481
  -1   -2     -8.080      4.891     -9.939
  -1   -2      2.422     -0.899      9.488
  -1   -2     10.873     -8.959     -4.982
  -1   -2     19.190      4.816     -5.165
  -1   -2      9.920     -3.367      6.548
  -1   -2      9.920     -3.367      6.548
  -1   -2      6.739     -3.836      1.493
  -1   -2     12.010     -3.787      3.419
  -1   -2     -0.832     -9.066      4.205
  -1   -2     -3.032     -2.185      9.804
  -1   -2      7.723     -9.061      4.498
  -1   -2     -0.281      0.750      8.959
  -1   -2     -0.034     -0.393      1.713
  -1   -2     13.574      0.743     -2.507
  -1   -2     20.532     -4.529     -3.989
  -1   -2      0.274      4.702     -8.892
  -1   -2    -11.545     -0.139      9.980
  -1   -2     -6.405      3.759     -7.951
  -1   -2     -8.562     -0.433     -8.370
  -1   -2     14.602     -9.629      3.859
  -1   -2     14.501      4.843      3.481
  -1   -2      2.422     -0.899      9.488
  -1   -2     10.873     -8.959     -4.982
  -1   -2     -8.080      4.891     -9.939
  -1   -2     19.190      4.816     -5.165
  -1   -2      9.920     -3.367      6.548
  -1   -2      6.739     -3.836      1.493
  11   -2     12.010     -3.787      3.419
  -1   -2     -0.832     -9.066      4.205
  -1   -2     -3.032     -2.185      9.804
  -1   -2      7.723     -9.061      4.498
  -1   -2     -0.281      0.750      8.959
  -1   -2     13.574      0.743     -2.507
  -1   -2     20.532     -4.529     -3.989
  -1   -2     -0.034     -0.393      1.713
  -1   -2      0.274      4.702     -8.892
  -1   -2    -11.545     -0.139      9.980
  -1   -2     -6.405      3.759     -7.951
  -1   -2     -8.562     -0.433     -8.370
  -1   -2     14.602     -9.629      3.859
  -1   -2     14.501      4.843      3.481
  -1   -2      2.422     -0.899      9.488
  -1   -2     10.873     -8.959     -4.982
  -1   -2     -8.080      4.891     -9.939
  -1   -2     19.190      4.816     -5.165
  36   -2      9.920     -3.367      6.548
  -1   -2      6.739     -3.836      1.493
  -1   -2     -0.832     -9.066      4.205
  -1   -2     -3.032     -2.185      9.804
  -1   -2      7.723     -9.061      4.498
  -1   -2     -0.281      0.750      8.959
  -1   -2     -0.034     -0.393      1.713
  -1   -2     13.574      0.743     -2.507
  -1   -2      0.274      4.702     -8.892
 189   -2     20.532     -4.529     -3.989
  -1   -2    -11.545     -0.139      9.980
  -1   -2     -8.562     -0.433     -8.370
 185  440     -6.405      3.759     -7.951
  -1   -2     14.602     -9.629      3.859
  -1   -2     14.501      4.843      3.481
  -1   -2      2.422     -0.899      9.488
  -1   -2     -8.080      4.891     -9.939
  -1   -2     10.873     -8.959     -4.982
  -1   -2     19.190      4.816     -5.165
  -1   -2      6.739     -3.836      1.493
  -1   -2     -0.832     -9.066      4.205
  -1   -2     -3.032     -2.185      9.804
  -1   -2      7.723     -9.061      4.498
  -1   -2     -0.281      0.750      8.959
  -1   -2     -0.034     -0.393      1.713
  -1   -2     13.574      0.743     -2.507
  -1   -2      0.274      4.702     -8.892
  -1   -2    -11.545     -0.139      9.980
  -1   -2     -8.562     -0.433     -8.370
 150   56     14.602     -9.629      3.859
  -1   -2     14.501      4.843      3.481
  -1   -2     -8.080      4.891     -9.939
  -1   -2     10.873     -8.959     -4.982
  -1   -2      2.422     -0.899      9.488
  -1   -2     19.190      4.816     -5.165
  -1   -2      6.739     -3.836      1.493
  -1   -2     -0.832     -9.066      4.205
  -1   -2     -3.032     -2.185      9.804
  -1   -2      7.723     -9.061      4.498
  -1   -2     -0.281      0.750      8.959
  -1   -2     -0.034     -0.393      1.713
  -1   -2     13.574      0.743     -2.507
  -1   -2      0.274      4.702     -8.892
  -1   -2    -11.545     -0.139      9.980
 180   -2     -8.562     -0.433     -8.370
  -1   -2     14.501      4.843      3.481
  -1   -2     -8.080      4.891     -9.939
  -1   -2      2.422     -0.899      9.488
  -1   -2     10.873     -8.959     -4.982
  -1   -2     19.190      4.816     -5.165
  -1   -2      6.739     -3.836      1.493
  -1   -2     -0.832     -9.066      4.205
  -1   -2     -3.032     -2.185      9.804
  -1   -2      7.723     -9.061      4.498
  -1   -2     -0.281      0.750      8.959
  -1   -2     13.574      0.743     -2.507
  -1   -2     -0.034     -0.393      1.713
  -1   -2      0.274      4.702     -8.892
  -1   -2    -11.545     -0.139      9.980
  -1   -2     14.501      4.843      3.481
  -1   -2      2.422     -0.899      9.488
  -1   -2     -8.080      4.891     -9.939
  -1   -2     10.873     -8.959     -4.982
  -1   -2     19.190      4.816     -5.165
  -1   -2      6.739     -3.836      1.493
  -1   -2     -0.832     -9.066      4.205
  -1   -2     -3.032     -2.185      9.804
  -1   -2      7.723     -9.061      4.498
  -1   -2     -0.281      0.750      8.959
  -1   -2     -0.034     -0.393      1.713
 154   -2     13.574      0.743     -2.507
  -1   -2      0.274      4.702     -8.892
 100  510    -11.545     -0.139      9.980
  -1   -2     14.501      4.843      3.481
  -1   -2      2.422     -0.899      9.488
  -1   -2     -8.080      4.891     -9.939
  -1   -2     19.190      4.816     -5.165
  -1   -2     10.873     -8.959     -4.982
  -1   -2     -0.832     -9.066      4.205
  -1   -2     -3.032     -2.185      9.804
  -1   -2      7.723     -9.061      4.498
  -1   -2     -0.281      0.750      8.959
  -1   -2     -0.034     -0.393      1.713
  -1   -2      0.274      4.702     -8.892
  -1   -2     14.501      4.843      3.481
  -1   -2      2.422     -0.899      9.488
  -1   -2     -8.080      4.891     -9.939
 550   -2     10.873     -8.959     -4.982
  -1   -2     19.190      4.816     -5.165
  -1   -2      6.739     -3.836      1.493
  -1   -2     -0.832     -9.066      4.205
  -1   -2     -3.032     -2.185      9.804
  -1   -2      7.723     -9.061      4.498
  -1   -2     -0.281      0.750      8.959
  -1   -2      0.274      4.702     -8.892
  -1   -2     -0.034     -0.393      1.713
  -1   -2     14.501      4.843      3.481
  -1   -2      2.422     -0.899      9.488
  -1   -2     -8.080      4.891     -9.939
  -1   -2     19.190      4.816     -5.165
  -1   -2      6.739     -3.836      1.493
  -1   -2     -0.832     -9.066      4.205
  -1   -2     -3.032     -2.185      9.804
  -1   -2      7.723     -9.061      4.498
  -1   -2     -0.281      0.750      8.959
  -1   -2     -0.034     -0.393      1.713
  -1   -2      0.274      4.702     -8.892
  -1   -2     14.501      4.843      3.481
  -1   -2      2.422     -0.899      9.488
  -1   -2     -8.080      4.891     -9.939
  -1   -2     19.190      4.816     -5.165
  -1   -2      6.739     -3.836      1.493
  -1   -2     -0.832     -9.066      4.205
  -1   -2     -3.032     -2.185      9.804
  -1   -2      7.723     -9.061      4.498
  -1   -2     -0.281      0.750      8.959
  -1   -2     -0.034     -0.393      1.713
  -1   -2      0.274      4.702     -8.892
  -1   -2     14.501      4.843      3.481
  -1   -2      2.422     -0.899      9.488
  -1   -2     -8.080      4.891     -9.939
  -1   -2     19.190      4.816     -5.165
  -1   -2      6.739     -3.836      1.493
  -1   -2     -0.832     -9.066      4.205
  -1   -2     -3.032     -2.185      9.804
  -1   -2     -0.281      0.750      8.959
  -1   -2      0.274      4.702     -8.892
  -1   -2     -0.034     -0.393      1.713
  -1   -2     14.501      4.843      3.481
  -1   -2      2.422     -0.899      9.488
  -1   -2     -8.080      4.891     -9.939
  -1   -2     19.190      4.816     -5.165
 161   20      6.739     -3.836      1.493
  -1   -2     -0.832     -9.066      4.205
  -1   -2     -3.032     -2.185      9.804
  -1   -2      7.723     -9.061      4.498
  -1   -2     -0.281      0.750      8.959
  -1   -2      0.274      4.702     -8.892
  -1   -2     14.501      4.843      3.481
  -1   -2     -8.080      4.891     -9.939
  -1   -2      2.422     -0.899      9.488
  -1   -2     19.190      4.816     -5.165
  -1   -2     -0.832     -9.066      4.205
  -1   -2     -3.032     -2.185      9.804
  -1   -2      7.723     -9.061      4.498
  -1   -2      0.274      4.702     -8.892
  -1   -2     14.501      4.843      3.481
  -1   -2      2.422     -0.899      9.488
  -1   -2     -8.080      4.891     -9.939
  -1   -2     19.190      4.816     -5.165
  -1   -2     -0.832     -9.066      4.205
  -1   -2     -3.032     -2.185      9.804
 601   64      7.723     -9.061      4.498
  -1   -2      0.274      4.702     -8.892
  -1   -2     14.501      4.843      3.481
  -1   -2     19.190      4.816     -5.165
  -1   -2     -0.832     -9.066      4.205
  -1   -2     -3.032     -2.185      9.804
  -1   -2      0.274      4.702     -8.892
  -1   -2     14.501      4.843      3.481
  -1   -2      2.422     -0.899      9.488
  -1   -2     -8.080      4.891     -9.939
  -1   -2     19.190      4.816     -5.165
  -1   -2     -0.832     -9.066      4.205
 160    6     -3.032     -2.185      9.804
  -1   -2      0.274      4.702     -8.892
  -1   -2     14.501      4.843      3.481
  -1   -2      2.422     -0.899      9.488
  -1   -2     -8.080      4.891     -9.939
  -1   -2     19.190      4.816     -5.165
  -1   -2     -0.832     -9.066      4.205
  -1   -2      0.274      4.702     -8.892
  -1   -2     14.501      4.843      3.481
  -1   -2      2.422     -0.899      9.488
  -1   -2     19.190      4.816     -5.165
 605  121     -8.080      4.891     -9.939
  -1   -2     -0.832     -9.066      4.205
  -1   -2      0.274      4.702     -8.892
  -1   -2     14.501      4.843      3.481
  -1   -2      2.422     -0.899      9.488
  -1   -2     19.190      4.816     -5.165
  -1   -2     -0.832     -9.066      4.205
  -1   -2      0.274      4.702     -8.892
  -1   -2     14.501      4.843      3.481
  -1   -2      2.422     -0.899      9.488
  -1   -2     19.190      4.816     -5.165
  -1   -2     -0.832     -9.066      4.205
  -1   -2      0.274      4.702     -8.892
  -1   -2     14.501      4.843      3.481
  -1   -2      2.422     -0.899      9.488
  -1   -2     19.190      4.816     -5.165
  -1   -2     -0.832     -9.066      4.205
  -1   -2      0.274      4.702     -8.892
  -1   -2     14.501      4.843      3.481
  -1   -2      2.422     -0.899      9.488
  -1   -2     19.190      4.816     -5.165
  -1   -2     -0.832     -9.066      4.205
  -1   -2      0.274      4.702     -8.892
  -1   -2     14.501      4.843      3.481
 120  624      2.422     -0.899      9.488
  -1   -2     19.190      4.816     -5.165
 641   -2     -0.832     -9.066      4.205
  -1   -2      0.274      4.702     -8.892
  -1   -2     14.501      4.843      3.481
  -1   -2     19.190      4.816     -5.165
  -1   -2      0.274      4.702     -8.892
  -1   -2     14.501      4.843      3.481
  -1   -2     19.190      4.816     -5.165
  -1   -2      0.274      4.702     -8.892
  -1   -2     14.501      4.843      3.481
  -1   -2     19.190      4.816     -5.165
  -1   -2      0.274      4.702     -8.892
  -1   -2     14.501      4.843      3.481
  -1   -2     19.190      4.816     -5.165
 656  177      0.274      4.702     -8.892
  -1   -2     14.501      4.843      3.481
 655  668     19.190      4.816     -5.165
  -1   -2     14.501      4.843      3.481
  -1   -2     14.501      4.843      3.481
