398
   0    0      8.821     -8.552     -9.088
 101  133     -8.002     -8.688      3.648
 141   13     -8.047     -8.218      3.155
  -1    5      6.768      0.768     -1.057
 218   -2     -3.156     -7.291      2.935
  10    3      1.269     -7.015      7.213
   9    7     -3.945     -1.440      2.803
  -1   68    -11.955    -10.260     -8.063
  -1  203     11.034     -8.579     -5.304
  -1   -2      6.851     -1.464     -3.910
  -1   -2     -5.329     -8.738     -9.495
  16   12      2.166     -6.303      1.335
 224   -2     -3.812     -7.122      8.840
  24  359     -1.358     -3.429      0.785
  -1  279     17.440     -9.549     -8.762
 159  118      9.702     -9.129     -8.367
  14   37      4.904     -8.876     -0.597
 203   -2     -5.459     -5.441     -4.989
  -1   23     -0.580     -4.074      5.669
  32    6     -3.793     -7.705      7.033
  67   -2     -8.326     -7.925     -3.326
 372  122      0.593     -8.486      4.372
  -1   53     -8.381    -10.128     -0.911
 391   24     -6.784     -0.685     -6.296
  -1   22      9.066     -1.552      1.758
  -1   -2     19.454     -1.893     -7.220
  66   -2     -7.402     -9.432     -0.423
  20   21     -1.579     -0.315     -9.243
 107  113     16.111     -6.432     -0.528
  -1   -2      2.977     -8.030      6.318
  -1   -2     15.559     -3.613     -9.631
 143  166     12.864     -9.271     -8.021
 137  134     19.731     -5.583     -3.827
  85  310     17.536     -6.424     -2.564
  45   -2      9.559      1.008      9.925
 185   -2     10.891     -6.454      1.895
 255   -2     19.204     -9.895     -6.494
  35   61     16.784     -4.479     -2.335
 146  213     -2.667     -8.624     -4.810
 206   39      6.341     -4.446      8.450
 194   -2     13.902     -0.124     -6.074
 103  132     10.292     -6.994      0.514
 169   -2     19.053     -7.031     -2.876
  -1   -2     15.615     -6.525      8.187
  -1   -2    -11.574     -9.662     -7.861
 192   -2     19.886     -8.211     -4.890
 221   -2      7.647     -4.862     -9.753
  64    2     -6.822     -8.033      0.366
  81   77     13.784     -4.875      9.502
 198   38     18.254     -9.511     -8.090
  -1  205     17.872     -9.955     -9.272
  -1  276     -8.046     -7.337     -4.153
 280   51      9.118     -1.437      9.359
  -1  210     13.693      0.857     -5.043
  -1  315      7.432     -4.024     -0.770
 364   -2     16.990     -9.586      0.718
  36   -2      4.059     -8.781      3.346
  -1  290     18.688     -2.815     -8.574
  18  158     16.997     -2.085     -9.738
  -1   -2      0.873     -2.636     -3.022
  -1   -2     10.109     -2.545      6.016
  -1   -2     16.020     -0.237     -3.365
  58   44     -4.494     -1.186     -6.260
  63   57      0.686     -6.488     -5.095
  53   -2      1.522     -0.807     -7.900
  -1   -2     14.816     -5.471     -0.566
 168  123     -4.223     -6.965      6.680
 271   46     16.665     -0.932     -9.149
  65  165     -2.413     -6.421     -0.124
 213  266     14.637     -6.754     -1.107
 245   -2     16.968     -1.178     -0.010
 403   -2     10.282     -2.882      7.730
  88   60     -1.041     -2.116     -5.181
  41  136      8.151     -7.684      9.719
  -1  141      6.797     -2.202     -6.519
 126   78     -9.865     -8.893     -4.552
  69   -2     10.764     -5.036      5.306
 217  281      8.614     -7.420      5.070
 307   56     14.910     -7.766     -2.539
 262  147     10.665     -0.499     -4.839
  86   -2      0.202     -8.649     -3.694
 290   80      8.928     -3.267      7.544
  31   87     15.496     -4.453     -8.708
 265   -2      9.518     -5.572      0.088
  93   -2     11.113     -2.386      5.500
 215   -2     19.029      2.094     -7.379
 114  264     19.208     -3.717     -5.034
  -1   -2     14.975     -2.905      4.518
  -1  180     20.048     -3.346     -3.967
  -1  186     15.280     -1.496     -8.739
  98   -2     -4.161     -1.639     -7.478
  43  199     12.876     -5.367     -5.637
 230   -2     -3.318     -4.852      9.597
 109   -2     18.566     -8.873     -2.045
  48   -2     -5.800     -9.739     -7.788
   4   -2     -7.508     -6.993      8.883
 113   -2      5.414     -6.094      8.104
 214  156     12.928     -7.974     -4.545
 100   -2     11.807     -3.284      8.047
  -1   85     17.505     -3.761      2.690
 226   49    -11.021     -9.681     -9.516
  94   -2     17.610     -0.706     -0.941
  -1  100      8.941     -1.941      8.474
  -1   -2     13.199     -4.190      9.843
 325  306     -4.986     -4.730      0.306
  -1  265     14.538     -3.430      4.017
  -1   -2     12.822     -8.472    -10.008
 234  208     -0.375     -7.544      9.322
 161   -2      1.470      2.311      5.883
 117   -2     -7.897     -7.844      2.734
  -1    8     -8.410     -7.128      4.956
  -1   -2      7.456    -10.414     -7.723
 248   71     -7.038    -10.603      0.857
  -1   14      1.202     -9.885      9.294
 124  362     -2.607      2.395      5.013
 123  370     -3.152      2.593      5.934
  46  114     -1.775     -4.923      2.828
 299   59     -2.992     -7.372     -2.878
 125  256     17.766     -7.613      2.512
  -1   -2     -3.512    -10.492      6.049
  -1   -2     -8.602      1.255      3.681
  -1   -2     18.747     -3.985     -2.981
  -1  107     -5.304    -10.600    -10.566
 153  228     -5.948    -10.563      1.937
 130  159     -7.968     -9.466     -5.042
  -1  171     -4.707     -9.550     -0.670
  -1   -2     14.634     -2.663     -4.284
 197  314    -10.903     -6.227     -3.402
 286  121      2.060     -9.243      4.671
 313  151    -11.212     -9.192     -0.312
 144  154     15.898     -2.495     -8.349
  12   -2    -12.178     -9.889     -3.984
  -1  267      5.434     -9.154     -2.264
  49   76      1.726     -8.721     -5.200
 243  187     18.241     -4.888     -2.557
  -1   -2     -2.597     -9.335      8.068
 119   -2      0.564    -10.278     -0.070
  -1  124     -1.347      4.848      3.134
 238   -2      3.314     -6.989      0.666
 172  309      0.087    -10.883      2.581
  90   -2     10.374     -6.733     -0.764
  -1  135     -5.285      3.580     -7.611
 380  364     -3.046     -2.170      9.702
  -1   -2     11.905     -5.791     -7.575
  74   -2      5.350     -8.863     -8.307
 259  294     18.402     -6.768      1.543
  -1  162     13.963     -8.530     -8.903
 223  146      5.642     -9.774     -0.922
 151   99      4.632     -7.846      7.694
 326   69     15.210     -1.761      6.683
 128  234    -13.327     -8.097     -5.023
 149   25      7.494     -9.308      3.802
  -1   -2      7.967    -10.957     -8.817
  -1   -2     -2.217     -9.411      0.948
  15  126      4.514     -9.219      3.450
  21  115      7.833     -9.783      1.949
 367   -2    -12.048     -4.768     -1.357
 170   36     14.155      0.532     -6.449
   7   -2      0.399     -8.159     -5.492
  -1   -2      7.488    -10.694     -9.510
  -1  185     13.398     -9.963     -8.803
  -1  195     -5.225     -7.688     -0.690
 241  206    -11.035     -8.545     -3.211
 236  220    -13.431     -4.902     -3.689
   2   -2     -8.321     -7.470      2.129
 285  288     19.850     -4.166     -4.788
  -1  239      1.836     -8.675      4.029
 219   -2      7.432     -7.220     -1.466
 166   -2     18.550     -8.852     -6.493
  -1  179      9.962     -8.518      3.991
 148   -2     18.247     -7.996      0.117
 133   -2     11.307    -10.292     -7.194
  82  215     -9.746     -9.798     -2.449
 346  222     13.900      3.113     -3.206
  96   94     17.982     -8.876      2.691
 173  111     12.013     -9.280     -9.427
 189  176     -7.171      0.693      5.969
 138   -2     12.609     -6.410      8.800
 228  149      2.723     -4.705      8.238
 145  150     -4.472     -9.624      4.122
  -1   -2     15.670      0.555     -7.681
 267  241     18.149     -6.122      2.105
  83   84     16.419     -4.480      1.478
 122   29     -5.708     -8.129      3.751
  -1   -2      9.476     -6.054      2.506
 186  201     13.580     -9.546     -7.422
 235   -2     12.455     -4.772     -2.207
 320   -2    -12.298     -6.061     -1.271
  -1   -2      5.063     -8.646      4.914
  -1   74      9.873     -5.223      8.199
 158  131     -1.421     -9.148      0.117
 283   93     18.847     -6.027    -10.105
 188   -2     18.678     -6.592     -8.048
 232  252     -0.470    -10.056      7.551
  -1   -2    -13.485    -10.407     -4.356
 298   -2     -0.180     -5.515      2.580
  -1   -2     12.962     -6.998      7.083
  -1  277     -3.994     -3.612     -6.583
 211  102      2.190     -3.668      7.323
 164  153     -6.745     -7.062      3.944
  72   -2     -2.398     -6.155     -0.641
  -1  211     20.360     -4.512     -4.742
  -1   -2     -0.945     -9.100      9.509
 227   -2    -10.459    -10.962     -2.279
  79  278      7.881     -0.100      5.129
 111   42     13.508     -1.824     -6.984
  -1   -2     14.841     -2.582     10.364
 287  144     -2.576     -9.525      0.919
 191   -2     15.474     -2.929     -4.895
 296  216     11.499      0.797      6.870
 327   -2    -10.019     -6.313     -8.306
 157  345     12.983      2.564     -2.524
  -1   -2     -4.584     -9.454      2.515
  -1   31     16.611      1.270      8.264
  59   66     14.209     -5.153     -4.134
  -1   -2      4.218     -6.365      1.196
  95   -2      4.487     -2.839     -3.559
 281  227     18.971     -8.547     -5.046
  -1   -2     -6.880    -10.857      3.277
  -1   64     19.092     -8.242    -10.163
  -1   -2     16.886     -1.531      8.137
 142  307    -12.154     -7.163     -9.105
 256  300    -12.016     -2.421     -9.334
 177  157     -6.714     -6.478     -5.986
 129  168      1.700     -8.181      4.255
 242   63     -2.710     -3.725     -5.827
 303   16     18.200     -9.610     -6.969
 140  167      6.613     -5.702      1.297
 190   -2     -4.041    -10.004      0.555
 134   -2     20.353    -10.296     -5.514
 165   30      7.355     -4.510     -4.435
  -1  226     -1.052     -7.384      4.919
 154  182     15.293     -2.229      0.053
  -1   -2     18.354     -4.345     -8.603
  -1  246      7.889     -0.023     -7.248
 374  230      9.258      1.401     -5.123
 182   -2     -8.128     -8.442     -0.188
  -1  138     10.997     -5.133      0.110
  -1   89     18.873     -3.497     -7.521
  -1  298     15.795      0.733     -3.235
 254   -2     16.570      1.221     -3.648
  -1  145      7.539    -10.670     -5.625
  -1   -2     15.851      1.687     -6.886
 160   -2      0.000     -5.930     -1.273
  61   97      9.033     -3.430     -4.250
  -1   92     18.241     -9.796      1.930
  -1  104     19.416      0.238     -9.429
 102  103      7.435     -1.109     -8.660
  -1   -2     11.412     -9.164     -9.462
 302   52     13.698     -2.574     -2.034
 104  236     -5.379     -9.947     -1.506
 350  125      3.265    -10.087      8.022
 335   -2    -11.879     -1.101     -5.512
  56  289     10.248     -5.392     -5.252
 220   -2     -7.548     -6.533      7.036
  -1   -2     20.743     -9.969     -5.734
 263   -2      3.779    -10.201     10.622
 249   -2     20.417     -8.830     -4.393
  -1  285      7.998     -3.371    -10.434
  -1   -2     -3.364     -3.524     -0.935
 272  258      7.897      0.195      3.080
  -1   -2     10.459     -3.496     -3.160
  -1  169      5.711     -5.599      3.223
  73  261      8.696     -2.690      2.006
  -1   -2     11.122     -5.214      5.624
 175  304      5.872     -4.840     -3.698
  -1   17     -1.134     -4.846      0.609
 315  200      9.110     -2.588      9.614
  -1   -2     13.718     -7.077     -2.451
 131  197     -4.429     -7.797      8.431
  -1  283      6.596     -6.621      5.410
 253  139     15.467     -0.692     -5.571
  -1  129    -11.847    -10.123      2.130
  -1   -2     -0.464     -6.110      8.793
  -1   -2      6.132     -7.360     -4.025
  -1   -2     -3.260     -4.630     -6.346
 348   -2     19.053      4.399     -9.171
  -1   96     19.656     -0.635     -5.960
 229   40     17.822     -8.134     -2.849
   5  291      3.519     -4.503     -1.488
 181   -2     10.166     -4.393      9.658
  -1   -2     14.857     -1.318      7.606
  -1  259      6.066     -1.810      8.085
  -1  140     -4.630    -10.147     -7.017
  -1   -2     13.274     -7.466      9.074
 300  284      3.723     -2.927      4.104
 239   19     20.587     -7.166     -3.388
  -1  250     16.767     -0.987     -8.511
 237  280      1.105     -5.699     -2.757
 178  224     16.154    -10.483     -1.889
  -1  117    -13.494     -6.178     -2.245
  -1   -2     11.280     -4.494     -3.944
  -1  237     12.362     -5.218      1.047
 395   -2    -12.177     -3.106     -7.313
 322   83     -7.324     -5.827     -6.287
 179   -2     16.702     -0.985      2.011
  -1   -2     -3.016     -4.072     -6.800
 289   47     11.837     -8.545      2.655
 202  207     -7.016     -8.843     -8.656
  -1   -2      0.913     -4.577     -8.184
 321  204     20.854      2.298     -1.847
  -1   -2     -7.149      0.785      7.464
 156   -2     -1.635     -2.046      3.589
  92   43      5.935     -3.115      4.518
 150   -2     19.252     -8.769      1.677
  -1  190      9.136      0.485     -8.902
 199   50     12.313     -3.687      6.519
  -1   33     10.583     -7.951     -5.826
  30   34      0.548     -7.792      4.411
  62  313     11.935      1.385     -4.285
  -1   -2      6.427     -9.523     -2.755
  -1  105     -0.191     -2.934     -2.263
 314  255      6.368     -5.190      1.604
  -1   32    -10.036    -11.085     -1.035
  -1   86     12.233     -1.602      2.673
  -1   -2      4.225      0.362     -9.056
  -1   -2      1.013     -3.349     -5.803
  -1  318     -2.708      1.585      2.924
 288   -2     10.093     -6.638     -4.198
 365  287      5.022      2.152      2.312
  -1   -2     21.614      2.774      6.998
  -1   -2    -13.014      0.587      5.530
  -1   -2    -14.245     -3.088     11.837
 359  305      3.839      4.336      0.678
  -1  181     -7.559     -3.998     -4.700
  -1   -2     -3.351     -0.687      5.725
  -1  178    -11.419     -0.414     -9.313
  -1   -2      9.050      5.412      7.396
  -1  242     17.346     -5.561    -10.835
 275   -2     14.949      1.201      4.196
  -1   -2     19.091     -2.105     10.570
 337  268     -9.740     -2.677      3.355
  -1   41     -1.604     -9.190      5.974
 343   -2     -6.148      3.759     -8.766
 333  238     18.521     -2.770     -0.622
  54   -2     14.988    -10.685     -9.877
  -1  328      7.860      4.748      0.679
 304   -2    -10.543     -2.643     -8.541
  -1   -2      0.390     -4.124      0.651
  -1  209      3.484     -4.329      9.118
 274   -2      1.878     -1.593     11.921
 330   -2     -7.055     -3.097     -5.407
 329  308     20.065      3.684     -1.643
  -1  299     -2.163     -9.962    -12.358
  -1  175    -11.005     -5.374     -8.363
  -1  341     10.480      4.775      1.824
  -1  321     -2.753      1.828    -10.096
 352   -2    -15.298      2.920      4.835
  -1   -2     -1.942     -1.264      0.098
  -1   -2      9.197      6.217      8.606
  -1   -2     -9.265      3.740     -3.633
  -1   91     -6.227     -2.163     -6.328
  -1   -2      9.495     -5.494     -9.427
  -1  340    -10.977      0.847     -5.703
 358  257     18.827      2.299     -2.230
 354  365    -10.634     -0.044    -10.906
  -1   -2     -4.237     -0.037     -6.492
 291   -2     -6.688     -2.540     -1.693
 361  240     10.829      3.142      9.450
  -1  316    -12.572     -1.031      1.603
  -1   -2      3.263     -5.328    -10.566
  -1   -2      8.795     -8.572     -9.344
  -1   -2      6.798      0.768     -1.099
   6  356      6.798      0.765     -1.066
  -1   -2      6.830     -1.448     -3.994
  -1   -2      6.838     -1.449     -3.986
  22  358     -6.784     -0.685     -6.296
  -1  217     10.870     -2.798      9.508
  -1   -2      9.245     -1.572      2.252
  -1   -2     -2.381     -6.418     -0.261
  -1   -2     16.007     -0.221     -3.390
  -1   -2      0.883     -2.601     -3.296
  55   -2     14.610      0.675     -7.216
  -1   -2     -8.602      1.255      3.681
 319   -2     -1.485      4.863      2.768
 163   -2     -5.232      3.607     -7.779
 180  327     -7.735      0.789      9.344
 373  366      6.830     -1.448     -3.994
 375  379     -1.610     -0.305     -9.401
  -1   -2      9.035     -1.518      1.559
  25  360      9.245     -1.572      2.252
  -1   -2     -0.578     -4.080      5.768
  19   -2     -0.578     -4.080      5.768
  -1   -2      1.462     -0.794     -7.993
  -1   -2      0.883     -2.601     -3.296
  77  371     15.964     -0.230     -3.290
 381   -2     16.007     -0.221     -3.390
 387  374     -0.608     -4.066      5.457
 127  363     -8.566      1.259      3.561
  -1   -2      1.462     -0.794     -7.993
 377  381      1.462     -0.794     -7.993
  -1   -2      0.883     -2.601     -3.296
 400  382      0.859     -2.613     -3.240
 394  378      9.669     -2.422      5.239
  38    9     10.061     -2.454      5.781
 401   -2      6.123     -4.431      8.619
  -1   -2     10.576     -2.899      8.496
  -1  235     10.909     -5.109      5.529
