662
   0  158      8.816     -5.263      9.011
  37    1      7.300     -8.943      7.110
  -1   -2      9.958     -3.361      6.583
  77   74     -4.792    -10.285     -7.137
  50   -2     12.155     -8.717     -6.966
   6   -2      6.401     -4.267     -2.774
 108   -2     16.478     -6.447     -2.465
 652   -2     -4.806     -3.016      9.670
  -1    3      6.735     -3.838      1.479
  -1  207     11.863     -3.769      3.780
   8    6      7.281     -7.245     -1.505
  -1    7     10.602     -5.353     -5.142
  10    8     -1.689     -7.410     -6.633
  39   10     10.258     -8.081      7.186
  11   -2      9.310     -2.614      7.921
  17   19      8.278     -7.311      6.353
  13   -2     -0.675     -2.320     -3.202
  15   -2     10.530      1.757      5.924
 150   -2      7.204     -4.743     -6.821
  89   -2      3.804     -5.038     -3.473
  38   18      4.915     -8.586      5.290
  -1   -2     -3.046     -2.171      9.703
  14   21     -2.070     -9.378      0.285
  -1   -2      2.760     -7.789      7.937
  24   25      9.673     -0.785     10.206
  -1   70     11.967     -6.903      4.265
  57   52     12.044     -5.394      1.199
  -1   23      6.549     -1.665     -2.236
  26   28     -1.438     -5.460      3.052
 148   -2    -11.797     -6.805     -9.925
  47   -2     12.246     -5.813     -8.477
  27   27     10.754     -5.219      6.017
  60   30     10.173    -10.083     -3.009
 127  148      6.806     -2.313     -6.359
  46    9     11.073     -1.748      3.695
 162   15      1.384     -9.946      4.158
  31   -2     -5.572     -5.345     -4.388
  35   35      9.432     -4.252      4.234
  22  136     -3.372     -9.295     -4.725
  20   37      4.141     -7.809      5.889
  96   62    -11.689     -6.313     -5.315
  -1   11      9.431     -6.884      2.145
 157   -2     14.215     -6.746      5.369
  40   40     15.570     -0.678     -5.191
  41   -2     -3.248     -4.311     -5.515
 144   42     -6.130     -9.758     10.219
 142   71     17.863     -1.571     -3.044
 114   53     -0.303     -5.551      5.037
  42   -2     -5.913     -8.183      3.044
   9   46      9.374     -4.916     -5.311
 177   48     19.442     -8.698     -5.388
  59   -2      3.559    -10.119     10.168
  45   51     -0.645     -6.531      9.431
 170   61     14.124     -7.364     -6.048
 101   -2      9.637    -11.044      6.742
 584   57     13.056      0.149     -1.153
  -1   32     -7.913     -3.961     -2.605
  65   54     -8.307     -8.418     -0.608
 133   -2     13.072     -6.999      6.822
  54   20     -0.130     -7.053      8.563
   1   39      7.702     -9.347      1.962
  -1    2      9.416     -3.893     10.335
  -1   -2     14.694     -4.124      3.506
  55   -2     18.687     -8.950      0.790
  48   56      6.840     -8.787      6.873
  62  108     12.249      2.202      8.507
  66   64     14.737     -2.507     -4.609
  61   63      4.624     -2.928     -3.267
  21   -2     15.459     -3.172     -1.398
  67   -2     11.231    -10.567      3.183
  70   72      8.721     -7.502     -9.725
  -1   -2     -9.573     -6.682     -2.941
  63   49     15.441     -7.317     -1.145
  -1   68     13.960     -1.477      9.934
  53   -2     -8.029     -6.598     -1.558
  51   -2     -3.788     -6.864      0.068
  76   -2      8.704     -5.440     -7.274
  75   55     -0.970     -6.760     -1.804
  -1   -2     -5.649     -7.305      8.464
  79   77     -6.591     -3.051     -1.544
 121   -2     -2.628     -9.500      4.657
  -1   -2     -0.280      0.749      8.959
  81  180     17.550      2.360     -1.597
  -1   -2     16.333      1.008      0.469
  -1   -2     13.573      0.742     -2.509
  -1   -2     19.965     -0.122     -2.393
  -1  654      0.269      4.702     -8.906
  -1   -2     20.531     -4.528     -3.985
  43   59     16.340     -2.990      0.278
  -1   -2    -12.519     -1.537     -9.817
  -1   -2    -10.286     -3.783     -0.343
  -1   -2     -0.183     -5.719    -12.002
  -1   -2     10.979    -10.003      9.686
  -1   -2    -11.544     -0.139      9.973
  -1   -2    -10.570     -5.311    -10.015
  -1   60      8.300    -11.007     -1.244
  -1  132      8.517    -10.370     11.651
  -1   -2     -0.338     -1.498      9.295
  -1   -2     -0.034     -0.394      1.718
  99   96     16.588     -8.487     -9.163
  -1  143     14.589     -9.627      3.890
  -1   66     -8.566     -0.433     -8.353
 141  489     -6.403      3.758     -7.947
 103   99      7.208     -9.681     -7.469
  -1   -2      8.195    -11.186      8.565
  -1   -2     16.756    -10.382     -0.511
 104  172     15.483    -10.285     -9.695
  -1   -2     14.500      4.842      3.482
 112  104     16.263     -2.101    -11.629
  -1   85     18.092     -5.223      0.457
  -1   -2      1.324     -4.030     -1.820
  -1   -2      0.788     -5.083      2.349
 721  114     -1.026      2.407     -3.772
  -1  501    -10.478      0.134     -3.723
  -1   -2     -8.082      4.890     -9.939
 145  112     -1.580     -9.186      6.024
  30   58     10.876     -8.958     -4.991
  -1   79     19.191      4.817     -5.162
 159  131      5.243     -0.350      5.467
 123  113    -12.362      1.598     -8.616
 125   -2     -4.611     -0.739      5.063
 122   69     11.932    -11.327     -0.454
 156  151      4.937    -10.255      3.034
 179   -2     -0.902      2.025     -3.174
  -1   -2     13.941     -7.690      9.939
  -1   29      7.466     -1.672     -7.904
  -1  118      6.139     -9.588    -10.857
 131   -2      4.996      1.734     -4.669
  -1   45     -5.901    -10.472      7.808
 146  135      6.653     -6.486     -7.496
  -1   -2     -5.969    -10.297      2.230
 136   -2     15.976      1.124     -2.763
 516  127     -5.866      2.574     -8.938
  -1  125      4.854     -7.476      0.413
 149  133      9.979     -7.275     -6.498
 143   -2     15.372     -3.595     -2.872
  -1   44     19.763     -4.596     -3.295
 109   16      0.805     -1.656     -3.209
  -1   43     -5.098     -1.742     -4.584
 191   12      2.839      1.836      0.156
  -1   -2      8.405     -9.950      6.863
  95   -2    -11.314     -9.879     -8.755
  -1  140     -5.253    -12.182     -9.157
  -1  144      6.118     -2.501      8.345
 130   -2      4.043    -10.229      7.728
  -1  211     17.403      2.670      5.118
 154  163     12.867      3.334     -4.318
  -1   41     16.010     -5.438      6.862
 178   50    -11.265     -3.024     -5.031
 100  129     13.668     -9.818      4.836
 111   -2     -8.508     -7.460     -5.292
  -1   -2      6.296     -2.961     -4.512
 163  150     13.824     -3.081    -12.062
 161   -2      8.865    -10.529     -7.119
  -1   -2     17.185     -2.081     -3.937
  -1   -2      6.735     -3.838      1.479
  -1  128     12.020     -3.789      3.392
  -1  604     -3.032     -2.183      9.807
  -1  626      7.721     -9.059      4.507
  -1   -2     -0.280      0.749      8.959
 107   -2     16.333      1.008      0.469
  -1   -2     -0.034     -0.394      1.718
  -1   -2     13.573      0.742     -2.509
  -1   -2     19.965     -0.122     -2.393
  -1   -2     20.531     -4.528     -3.985
  -1   -2      0.269      4.702     -8.906
  -1   -2     10.979    -10.003      9.686
 206  147    -10.286     -3.783     -0.343
  -1   -2     16.756    -10.382     -0.511
  -1   -2    -11.544     -0.139      9.973
  -1   -2     -5.969    -10.297      2.230
  -1  606     -0.338     -1.498      9.295
  -1   -2     14.589     -9.627      3.890
  -1   -2     -6.403      3.758     -7.947
  -1   -2     -8.566     -0.433     -8.353
  -1   -2     18.092     -5.223      0.457
  -1   -2     14.500      4.842      3.482
  -1  102      0.788     -5.083      2.349
  -1   -2     -1.026      2.407     -3.772
  -1   -2     -8.082      4.890     -9.939
  -1   -2     10.876     -8.958     -4.991
  -1   -2     19.191      4.817     -5.162
 135  181     -5.901    -10.472      7.808
  -1  588      9.922     -3.367      6.547
  -1   -2      9.922     -3.367      6.547
  -1   -2      6.735     -3.838      1.479
  -1   -2     12.020     -3.789      3.392
  -1   -2     -3.032     -2.183      9.807
  -1   -2      7.721     -9.059      4.507
  -1   -2     -0.280      0.749      8.959
  -1   -2     13.573      0.742     -2.509
  -1   -2     19.965     -0.122     -2.393
  -1   -2      0.269      4.702     -8.906
  -1   -2     20.531     -4.528     -3.985
  -1   -2     -0.034     -0.394      1.718
  -1  139    -12.519     -1.537     -9.817
  91  215    -10.286     -3.783     -0.343
  -1  141      6.509    -11.095      3.522
 182   -2     10.979    -10.003      9.686
  -1   -2    -11.544     -0.139      9.973
  -1   -2     -0.338     -1.498      9.295
  -1   -2     14.589     -9.627      3.890
  -1   -2     -6.403      3.758     -7.947
  -1   -2     -8.566     -0.433     -8.353
  -1   -2     14.500      4.842      3.482
  -1   -2     -1.026      2.407     -3.772
  -1   -2     -8.082      4.890     -9.939
  -1   -2     10.876     -8.958     -4.991
 219   38     -5.969    -10.297      2.230
  -1   -2      9.922     -3.367      6.547
  -1   -2      6.735     -3.838      1.479
   7   24     12.020     -3.789      3.392
  -1   -2     -3.032     -2.183      9.807
  -1   -2      7.721     -9.059      4.507
  -1   -2     -0.280      0.749      8.959
  -1   -2     -0.034     -0.394      1.718
  -1   -2     19.965     -0.122     -2.393
  -1   -2     13.573      0.742     -2.509
  85  165     20.531     -4.528     -3.985
  -1   -2      0.269      4.702     -8.906
  -1   -2      6.509    -11.095      3.522
  -1   -2    -11.544     -0.139      9.973
  -1   -2     -0.338     -1.498      9.295
  -1   -2     14.589     -9.627      3.890
  -1   -2     -6.403      3.758     -7.947
  -1   -2     -8.566     -0.433     -8.353
  -1   -2     18.092     -5.223      0.457
  -1   -2     14.500      4.842      3.482
  -1   -2     -1.026      2.407     -3.772
  -1   -2     -8.082      4.890     -9.939
  -1   -2     10.876     -8.958     -4.991
  -1   -2      6.735     -3.838      1.479
  -1   -2     -3.032     -2.183      9.807
  -1   -2      7.721     -9.059      4.507
  -1   -2     -0.280      0.749      8.959
  -1   -2     19.965     -0.122     -2.393
  -1   -2     13.573      0.742     -2.509
  -1   -2      0.269      4.702     -8.906
  -1   -2    -12.519     -1.537     -9.817
  -1   -2      6.509    -11.095      3.522
  -1   -2    -11.544     -0.139      9.973
  -1   -2     -0.034     -0.394      1.718
  -1   -2     -0.338     -1.498      9.295
  -1   -2     14.589     -9.627      3.890
  -1   -2     -6.403      3.758     -7.947
  -1   -2     -8.566     -0.433     -8.353
  -1   -2     14.500      4.842      3.482
  -1   -2     -1.026      2.407     -3.772
  -1   -2     -8.082      4.890     -9.939
  -1   -2     10.876     -8.958     -4.991
  -1   -2      6.735     -3.838      1.479
  -1   -2     -3.032     -2.183      9.807
  -1   -2      7.721     -9.059      4.507
  -1   -2     -0.280      0.749      8.959
  -1   -2     -0.034     -0.394      1.718
  -1   -2      0.269      4.702     -8.906
  -1   -2     13.573      0.742     -2.509
  -1   -2     19.965     -0.122     -2.393
  -1   -2    -12.519     -1.537     -9.817
  -1   -2    -11.544     -0.139      9.973
  -1   -2      6.509    -11.095      3.522
  -1   -2     -0.338     -1.498      9.295
  -1   -2     14.589     -9.627      3.890
  -1   -2     -6.403      3.758     -7.947
  -1   -2     -8.566     -0.433     -8.353
  -1   -2     14.500      4.842      3.482
  -1   -2     -1.026      2.407     -3.772
  -1   -2     -8.082      4.890     -9.939
  -1   -2     10.876     -8.958     -4.991
  -1   -2      9.922     -3.367      6.547
  -1   -2      6.735     -3.838      1.479
  -1   -2     -3.032     -2.183      9.807
  -1   -2      7.721     -9.059      4.507
  -1   -2     -0.280      0.749      8.959
  -1   -2     -0.034     -0.394      1.718
  -1   -2     13.573      0.742     -2.509
  -1   -2      0.269      4.702     -8.906
  -1   -2     19.965     -0.122     -2.393
  -1   -2    -12.519     -1.537     -9.817
  -1   -2    -11.544     -0.139      9.973
  -1   -2      6.509    -11.095      3.522
  -1   -2     -0.338     -1.498      9.295
  -1   -2     14.589     -9.627      3.890
  -1   -2     -8.566     -0.433     -8.353
  -1   -2     -6.403      3.758     -7.947
  -1   -2     -1.026      2.407     -3.772
  -1   -2     14.500      4.842      3.482
  -1   -2     -8.082      4.890     -9.939
  -1   -2     10.876     -8.958     -4.991
  -1   -2      9.922     -3.367      6.547
  -1   -2      6.735     -3.838      1.479
  -1   -2     -3.032     -2.183      9.807
  -1   -2     -0.280      0.749      8.959
  -1   -2     -0.034     -0.394      1.718
  -1   -2     19.965     -0.122     -2.393
  -1   -2     13.573      0.742     -2.509
  -1   -2      0.269      4.702     -8.906
  -1   -2    -12.519     -1.537     -9.817
  -1   -2    -11.544     -0.139      9.973
  -1   -2      6.509    -11.095      3.522
  -1   -2     -0.338     -1.498      9.295
  -1   -2     14.589     -9.627      3.890
  -1   -2     -8.566     -0.433     -8.353
  -1   -2     -6.403      3.758     -7.947
  -1   -2     14.500      4.842      3.482
  -1   -2     -1.026      2.407     -3.772
  -1   -2     -8.082      4.890     -9.939
  -1   -2     10.876     -8.958     -4.991
  -1   -2      9.922     -3.367      6.547
  -1   -2      6.735     -3.838      1.479
  -1   -2     -3.032     -2.183      9.807
  -1   -2      7.721     -9.059      4.507
  -1   -2     -0.280      0.749      8.959
  -1   -2     19.965     -0.122     -2.393
  -1   -2     13.573      0.742     -2.509
  -1   -2     -0.034     -0.394      1.718
  -1   -2      0.269      4.702     -8.906
  -1   -2    -11.544     -0.139      9.973
 339  334      6.509    -11.095      3.522
  -1   -2     -0.338     -1.498      9.295
  -1   -2     -6.403      3.758     -7.947
  -1   -2     14.589     -9.627      3.890
  -1   -2     -8.566     -0.433     -8.353
 366   -2     -1.026      2.407     -3.772
  -1   -2     14.500      4.842      3.482
  -1   -2     -8.082      4.890     -9.939
  -1   -2     10.876     -8.958     -4.991
  -1   -2      6.735     -3.838      1.479
  -1   -2     -3.032     -2.183      9.807
  -1   -2      7.721     -9.059      4.507
  -1   -2     -0.280      0.749      8.959
  -1   -2     13.573      0.742     -2.509
  -1   -2     19.965     -0.122     -2.393
  -1   -2      0.269      4.702     -8.906
  -1   -2     -0.034     -0.394      1.718
  -1   -2    -11.544     -0.139      9.973
  -1   -2     -0.338     -1.498      9.295
  -1   -2     -6.403      3.758     -7.947
  -1   -2     -8.566     -0.433     -8.353
  -1   -2     14.589     -9.627      3.890
  -1   -2     14.500      4.842      3.482
  -1   -2     -8.082      4.890     -9.939
  -1   -2     10.876     -8.958     -4.991
  -1   -2      9.922     -3.367      6.547
  -1   -2      9.922     -3.367      6.547
  -1   -2      6.735     -3.838      1.479
  -1   -2     -3.032     -2.183      9.807
  -1   -2      7.721     -9.059      4.507
  -1   -2     -0.280      0.749      8.959
  -1   -2     13.573      0.742     -2.509
  -1   -2     -0.034     -0.394      1.718
  -1   -2      0.269      4.702     -8.906
  -1   -2    -11.544     -0.139      9.973
  -1   -2     -0.338     -1.498      9.295
  -1   -2     14.589     -9.627      3.890
  -1   -2     -6.403      3.758     -7.947
  -1   -2     -8.566     -0.433     -8.353
  -1   -2     14.500      4.842      3.482
  -1   -2     -8.082      4.890     -9.939
  -1   -2     10.876     -8.958     -4.991
  -1   -2      9.922     -3.367      6.547
  -1   -2      6.735     -3.838      1.479
  -1   -2      7.721     -9.059      4.507
  -1   -2     -0.280      0.749      8.959
  -1   -2     13.573      0.742     -2.509
  -1   -2    -12.519     -1.537     -9.817
  -1   -2      0.269      4.702     -8.906
  -1   -2     -0.034     -0.394      1.718
  -1   -2    -11.544     -0.139      9.973
  -1   -2     -0.338     -1.498      9.295
  -1   -2     14.589     -9.627      3.890
  -1   -2     -8.566     -0.433     -8.353
  -1   -2     -6.403      3.758     -7.947
  -1   -2     14.500      4.842      3.482
  -1   -2     -8.082      4.890     -9.939
  -1   -2     10.876     -8.958     -4.991
  -1   -2      9.922     -3.367      6.547
  -1   -2      6.735     -3.838      1.479
  -1   -2     -3.032     -2.183      9.807
  -1   -2      7.721     -9.059      4.507
  -1   -2     -0.034     -0.394      1.718
  -1   -2     -0.280      0.749      8.959
  -1   -2     13.573      0.742     -2.509
  -1   -2    -12.519     -1.537     -9.817
  -1   -2      0.269      4.702     -8.906
  -1   -2    -11.544     -0.139      9.973
  -1   -2     -0.338     -1.498      9.295
  -1   -2     -6.403      3.758     -7.947
  -1   -2     14.589     -9.627      3.890
  -1   -2     -8.566     -0.433     -8.353
  -1   -2     14.500      4.842      3.482
  -1   -2     10.876     -8.958     -4.991
  -1   -2     -8.082      4.890     -9.939
  -1   -2      6.735     -3.838      1.479
  -1   -2     -3.032     -2.183      9.807
  -1   -2      7.721     -9.059      4.507
  -1   -2     -0.280      0.749      8.959
  -1   -2     13.573      0.742     -2.509
  -1   -2      0.269      4.702     -8.906
  -1  109    -12.519     -1.537     -9.817
  -1   -2    -11.544     -0.139      9.973
 160  445     -0.338     -1.498      9.295
  -1   -2     -0.034     -0.394      1.718
  -1   -2     14.589     -9.627      3.890
  -1   -2     -6.403      3.758     -7.947
  -1   -2     -8.566     -0.433     -8.353
  -1   -2     14.500      4.842      3.482
  -1   -2     -8.082      4.890     -9.939
  -1   -2     10.876     -8.958     -4.991
  -1   -2      9.922     -3.367      6.547
  -1   -2      9.922     -3.367      6.547
  -1   -2      6.735     -3.838      1.479
  -1   -2     -3.032     -2.183      9.807
  -1   -2      7.721     -9.059      4.507
  -1   -2     -0.280      0.749      8.959
  -1   -2     13.573      0.742     -2.509
  -1   -2     -0.034     -0.394      1.718
  -1   -2      0.269      4.702     -8.906
  -1   -2    -11.544     -0.139      9.973
  -1   -2     -8.566     -0.433     -8.353
  -1   -2     14.589     -9.627      3.890
  -1   -2     -6.403      3.758     -7.947
  -1   -2     14.500      4.842      3.482
  -1   -2     -8.082      4.890     -9.939
  -1   -2     10.876     -8.958     -4.991
  -1   -2      9.922     -3.367      6.547
  -1   -2      6.735     -3.838      1.479
  -1   -2     -3.032     -2.183      9.807
  -1   -2      7.721     -9.059      4.507
  -1   -2     -0.280      0.749      8.959
  -1   -2     -0.034     -0.394      1.718
  -1   -2     13.573      0.742     -2.509
  -1   -2      0.269      4.702     -8.906
  -1   -2    -11.544     -0.139      9.973
  -1   -2     14.589     -9.627      3.890
  -1   -2     -8.566     -0.433     -8.353
  -1   -2     -6.403      3.758     -7.947
  -1   -2     14.500      4.842      3.482
  -1   -2     10.876     -8.958     -4.991
  -1   -2     -8.082      4.890     -9.939
  -1   -2      9.922     -3.367      6.547
  -1   -2      6.735     -3.838      1.479
  -1   -2     -3.032     -2.183      9.807
  -1   -2      7.721     -9.059      4.507
  -1   -2     -0.280      0.749      8.959
  -1   -2     13.573      0.742     -2.509
  -1   -2     -0.034     -0.394      1.718
  -1   -2      0.269      4.702     -8.906
  -1   -2    -11.544     -0.139      9.973
  -1   -2     -6.403      3.758     -7.947
  -1   -2     -8.566     -0.433     -8.353
  -1   -2     14.589     -9.627      3.890
  -1   -2     14.500      4.842      3.482
  -1   -2     -8.082      4.890     -9.939
  -1   -2     10.876     -8.958     -4.991
  -1   -2      9.922     -3.367      6.547
  -1   -2      9.922     -3.367      6.547
  -1   -2      6.735     -3.838      1.479
  -1   -2     -3.032     -2.183      9.807
  -1   -2      7.721     -9.059      4.507
  -1   -2     -0.034     -0.394      1.718
  -1   -2     -0.280      0.749      8.959
  -1   -2      0.269      4.702     -8.906
  -1   -2     13.573      0.742     -2.509
  -1   -2    -11.544     -0.139      9.973
  -1   -2     -8.566     -0.433     -8.353
  -1   -2     -6.403      3.758     -7.947
  -1   -2     14.589     -9.627      3.890
  -1   -2     14.500      4.842      3.482
  -1   -2     -8.082      4.890     -9.939
  -1   -2     10.876     -8.958     -4.991
  -1   -2      9.922     -3.367      6.547
  -1   -2      6.735     -3.838      1.479
  -1   -2     -3.032     -2.183      9.807
  -1   -2      7.721     -9.059      4.507
  -1   -2     -0.280      0.749      8.959
  -1   -2     13.573      0.742     -2.509
  -1   -2     -0.034     -0.394      1.718
  -1   -2      0.269      4.702     -8.906
  -1   -2    -11.544     -0.139      9.973
  -1   -2     -8.566     -0.433     -8.353
  -1   97     -6.403      3.758     -7.947
  -1   -2     14.589     -9.627      3.890
  -1   -2     14.500      4.842      3.482
  -1   -2     -8.082      4.890     -9.939
  -1   -2     10.876     -8.958     -4.991
  -1   -2      9.922     -3.367      6.547
  -1   -2      6.735     -3.838      1.479
  -1   -2     -3.032     -2.183      9.807
  -1   -2      7.721     -9.059      4.507
  -1   -2     -0.280      0.749      8.959
  -1   -2     13.573      0.742     -2.509
  -1   -2      0.269      4.702     -8.906
  -1   -2     -0.034     -0.394      1.718
  -1   -2    -11.544     -0.139      9.973
  -1   -2     -8.566     -0.433     -8.353
  -1   -2     14.589     -9.627      3.890
  -1   -2     14.500      4.842      3.482
  -1   -2     -8.082      4.890     -9.939
  -1   -2     10.876     -8.958     -4.991
  -1   -2      6.735     -3.838      1.479
  -1   -2     -3.032     -2.183      9.807
  -1   -2      7.721     -9.059      4.507
  -1   -2     -0.280      0.749      8.959
  -1   -2     13.573      0.742     -2.509
  -1   -2      0.269      4.702     -8.906
  -1   -2     -0.034     -0.394      1.718
  -1   -2    -11.544     -0.139      9.973
  -1   -2     -8.566     -0.433     -8.353
  73   -2     14.589     -9.627      3.890
  -1   -2     14.500      4.842      3.482
  -1   -2     -8.082      4.890     -9.939
  -1   -2     10.876     -8.958     -4.991
  -1   -2      6.735     -3.838      1.479
  -1   -2     -3.032     -2.183      9.807
  -1   -2      7.721     -9.059      4.507
  -1   -2     -0.280      0.749      8.959
  -1   -2     -0.034     -0.394      1.718
  -1   -2     13.573      0.742     -2.509
  -1   -2      0.269      4.702     -8.906
  -1   -2    -11.544     -0.139      9.973
 529  105     -8.566     -0.433     -8.353
  -1   -2     14.500      4.842      3.482
  -1   -2     10.876     -8.958     -4.991
  -1   -2     -8.082      4.890     -9.939
  -1   -2      6.735     -3.838      1.479
  -1   -2     -3.032     -2.183      9.807
  -1   -2      7.721     -9.059      4.507
  -1   -2     -0.280      0.749      8.959
  -1   -2     13.573      0.742     -2.509
  -1   -2     -0.034     -0.394      1.718
  -1   -2      0.269      4.702     -8.906
  -1   -2    -11.544     -0.139      9.973
  -1   -2     14.500      4.842      3.482
  -1   -2     10.876     -8.958     -4.991
  -1   -2     -8.082      4.890     -9.939
  -1   -2      6.735     -3.838      1.479
  -1   -2     -3.032     -2.183      9.807
  -1   -2      7.721     -9.059      4.507
  -1   -2     -0.280      0.749      8.959
  -1   -2     -0.034     -0.394      1.718
  -1   -2     13.573      0.742     -2.509
  -1   -2      0.269      4.702     -8.906
  -1   -2    -11.544     -0.139      9.973
  -1   -2     14.500      4.842      3.482
  -1   -2     -8.082      4.890     -9.939
  -1   -2     10.876     -8.958     -4.991
  -1   -2      6.735     -3.838      1.479
  -1   -2     -3.032     -2.183      9.807
  -1   -2      7.721     -9.059      4.507
  -1   -2     -0.280      0.749      8.959
  -1   -2     -0.034     -0.394      1.718
  -1   -2     13.573      0.742     -2.509
  -1   -2      0.269      4.702     -8.906
  -1   -2    -11.544     -0.139      9.973
  -1   -2     14.500      4.842      3.482
  -1   -2     -8.082      4.890     -9.939
  -1   -2     10.876     -8.958     -4.991
 622   -2      6.735     -3.838      1.479
  -1   -2     -3.032     -2.183      9.807
  -1   -2      7.721     -9.059      4.507
  -1   -2     -0.280      0.749      8.959
  -1   -2     -0.034     -0.394      1.718
  88   34     13.573      0.742     -2.509
  -1   -2      0.269      4.702     -8.906
  -1   -2    -11.544     -0.139      9.973
  -1   -2     14.500      4.842      3.482
  -1   -2     -8.082      4.890     -9.939
  -1   -2     10.876     -8.958     -4.991
  -1   -2     -3.032     -2.183      9.807
  -1   -2      7.721     -9.059      4.507
  -1   -2     -0.280      0.749      8.959
  -1   -2     -0.034     -0.394      1.718
  -1   -2      0.269      4.702     -8.906
  -1   -2    -11.544     -0.139      9.973
  -1   -2     14.500      4.842      3.482
  -1   -2     -8.082      4.890     -9.939
 192  596     10.876     -8.958     -4.991
  -1   -2     -3.032     -2.183      9.807
  -1   -2      7.721     -9.059      4.507
  -1   -2     -0.280      0.749      8.959
  -1   -2     -0.034     -0.394      1.718
  -1   -2      0.269      4.702     -8.906
 181  575    -11.544     -0.139      9.973
  -1   -2     14.500      4.842      3.482
  -1   -2     -8.082      4.890     -9.939
  -1   -2     -3.032     -2.183      9.807
  -1   -2      7.721     -9.059      4.507
  -1   -2     -0.280      0.749      8.959
  -1   -2     -0.034     -0.394      1.718
  -1   -2      0.269      4.702     -8.906
  -1   -2     14.500      4.842      3.482
  -1   -2     -8.082      4.890     -9.939
  -1   -2     -3.032     -2.183      9.807
  -1   -2      7.721     -9.059      4.507
  -1   -2     -0.280      0.749      8.959
  -1   -2      0.269      4.702     -8.906
  -1   -2     -0.034     -0.394      1.718
  -1   -2     14.500      4.842      3.482
  -1   -2     -8.082      4.890     -9.939
  -1   -2     -3.032     -2.183      9.807
  -1   -2      7.721     -9.059      4.507
  -1   -2     -0.280      0.749      8.959
  -1   -2     -0.034     -0.394      1.718
  -1   -2      0.269      4.702     -8.906
  -1   -2     14.500      4.842      3.482
  -1   -2     -8.082      4.890     -9.939
  -1   -2     -3.032     -2.183      9.807
  -1   -2      7.721     -9.059      4.507
  -1   -2     -0.280      0.749      8.959
 639   81     -0.034     -0.394      1.718
  -1   -2      0.269      4.702     -8.906
  -1   -2     14.500      4.842      3.482
  -1   -2     -8.082      4.890     -9.939
  -1   -2     -3.032     -2.183      9.807
  -1   -2     -0.280      0.749      8.959
  -1   -2      0.269      4.702     -8.906
  -1   -2     14.500      4.842      3.482
  -1   -2     -8.082      4.890     -9.939
   5   -2     -3.032     -2.183      9.807
  -1   -2      7.721     -9.059      4.507
  -1   -2     -0.280      0.749      8.959
  -1   -2      0.269      4.702     -8.906
  -1   -2     14.500      4.842      3.482
  -1   -2     -8.082      4.890     -9.939
 677   -2      7.721     -9.059      4.507
  -1   -2      0.269      4.702     -8.906
  -1   -2     14.500      4.842      3.482
  -1   -2     -8.082      4.890     -9.939
  -1   -2      0.269      4.702     -8.906
  -1   -2     14.500      4.842      3.482
  -1   -2      0.269      4.702     -8.906
  -1   -2     14.500      4.842      3.482
  -1   -2     -8.082      4.890     -9.939
  -1   -2      0.269      4.702     -8.906
  -1   -2     14.500      4.842      3.482
  -1   -2     -8.082      4.890     -9.939
  -1   -2      0.269      4.702     -8.906
  -1   -2     14.500      4.842      3.482
 190  625     -8.082      4.890     -9.939
  -1   -2      0.269      4.702     -8.906
  -1   -2     14.500      4.842      3.482
  -1   -2      0.269      4.702     -8.906
  -1   -2     14.500      4.842      3.482
  -1   -2      0.269      4.702     -8.906
  -1   -2     14.500      4.842      3.482
  -1   -2      0.269      4.702     -8.906
  -1   -2     14.500      4.842      3.482
  -1   -2      0.269      4.702     -8.906
  -1   -2     14.500      4.842      3.482
  -1   -2      0.269      4.702     -8.906
  -1   -2     14.500      4.842      3.482
  -1   -2      0.269      4.702     -8.906
  -1   -2     14.500      4.842      3.482
  -1   -2      0.269      4.702     -8.906
  -1   -2     14.500      4.842      3.482
  -1   -2      0.269      4.702     -8.906
  -1   -2     14.500      4.842      3.482
  -1  119      0.269      4.702     -8.906
  -1   -2     14.500      4.842      3.482
  -1   -2     14.500      4.842      3.482
 722  655     14.500      4.842      3.482
