415
 203   -2     18.470     -2.975     -3.372
 173    2     -7.732     -7.361      6.797
 376    1     -5.838     -0.907      2.921
 225   -2     11.919     -1.741      1.486
   3    3     -3.153      1.921      6.613
   7    6     -3.365     -3.060      0.429
  45   92     12.131      1.365      8.196
  14    7     -4.284     -8.555     -8.450
   5    9     -4.019      1.718      6.733
 304   -2     19.322     -9.492     -1.331
  13    5      6.464      0.043      1.956
  -1   -2      6.765     -9.132     -1.939
  -1   10     13.098     -3.015      8.272
 117  277     -8.508     -8.460     -0.630
  -1   20     -1.508      4.735      4.336
 256   -2     18.814      0.264     -1.215
 111  254     -8.720     -7.157      1.276
 182  143     15.929     -7.502      5.223
 202   82     15.998     -5.854      6.141
  -1   -2     17.133     -1.514      2.840
 123   78     17.702     -6.376     -3.506
  -1  105     12.106     -5.447     -8.968
  31   -2     -7.222     -0.311     -8.720
 361   48     -0.024     -9.060     -0.581
 167   -2     18.335     -3.757     -7.743
  28   -2      6.813     -2.806     -1.839
 102  153    -10.591     -6.778     -8.852
 302  115     16.282     -0.103     -5.615
 206   -2     14.833      1.384      9.875
  51   -2     10.969     -6.910      0.715
  47   -2     -7.064     -7.487      7.297
 145   -2     16.121     -0.923      2.894
  79  210    -11.890     -7.112     -8.466
  -1   -2     18.238     -9.848     -7.186
 255   63     11.285     -3.739      5.263
 331  191      0.788     -8.900      4.740
  70   -2     16.911     -6.910      4.224
  -1   41     -2.993     -5.069      2.293
 149   65     15.168     -7.290      6.703
 190   -2     11.349     -7.092      9.797
  75   -2     18.579     -8.945      1.349
  -1   -2     17.591     -5.066      0.297
  86   62      6.911     -5.417     -8.648
 223   47     18.543     -2.029     -3.837
  -1  164     -5.485     -5.410     -3.984
 226   86      9.381     -7.066      1.525
 175   -2     13.126     -7.819      8.628
 290   59      6.850     -1.944     -2.069
  15   42     -8.673     -6.787      0.635
  62  201      9.830     -5.979     -3.023
  35   70      9.491     -3.052      4.886
 168   76     12.982     -4.648     -6.476
 144   -2     12.819     -3.649      5.214
  63   87     -6.856     -1.267     -9.792
  -1   -2      7.922     -3.316      9.474
 240  346     12.996      0.989     -5.160
  89  214     13.810     -5.663     -7.781
 303   -2     17.575     -4.657      1.856
  50   60     -8.035     -1.726     -7.588
 153   -2     15.175      0.160     -3.270
 119   -2     19.787     -6.357     -1.980
 293  260      5.309     -4.719      0.210
  -1   55     13.626    -10.500     -7.492
 241   -2     16.388     -3.942     -9.569
  78   -2      0.367     -4.093      1.581
 118  281      2.399     -7.382     -0.808
  92  137      6.246     -9.116      7.033
 235   -2    -10.321     -8.304     -0.113
  -1   -2     12.689     -0.709     -6.593
 263  245      6.308     -0.895      4.086
  -1   -2     16.075     -6.766      4.200
  -1   -2     18.130     -7.848     -8.079
 162   52     -3.854     -6.440     -4.664
 207  146     -4.526     -7.218     -0.552
 193   68     10.146      2.882     -1.638
 307   -2     18.965     -8.064     -8.833
 291  147     18.142      2.290     -7.355
 306  171     11.616     -7.266      8.688
  -1   -2     13.331      2.372      6.679
 189   -2     -7.928     -6.644     -2.828
  -1   -2     11.685     -7.975     -0.040
 247   -2     -8.049     -5.641      3.758
  84   -2      6.312     -3.016     -4.387
  -1   -2     14.770     -6.159     -5.087
 131  121    -10.723     -9.778     -2.039
  -1  336      1.739     -2.551     -9.727
   1   28     18.992     -2.973     -6.689
  -1   77     15.991     -9.858     -3.288
  -1  280     18.400     -5.417      1.856
  -1   -2     19.116     -0.965     -7.120
 143   -2      8.459     -5.446      4.930
 246   25     11.258     -2.607      8.201
  -1  200      8.476     -5.436     -6.756
 205  184     -1.265     -6.308      2.790
 101   99      6.184     -0.237      6.112
  -1   -2     16.557     -1.652     -7.495
  93   -2      4.840     -5.328      5.966
 237  270     10.710      2.766     -6.563
 227   80     -5.250     -7.877     -2.633
  -1  276      6.225     -4.133     -1.258
  -1   -2      9.733      0.633      7.647
  -1   -2    -12.657     -7.880      0.176
  -1  223     -1.928     -7.211      9.399
 386   49     -5.714     -4.001      5.508
  -1   32     19.163     -0.779      2.218
  16   96      7.226     -7.247     -1.369
  69   -2     -0.778     -8.541      2.507
 214   -2     16.385     -7.679      5.939
  24  109      5.534    -10.206     -7.019
 124   -2      6.991    -10.120     -9.438
 234   53      3.433     -7.985      5.888
  -1   -2     -8.268      4.024     -6.123
  -1   -2      8.106     -9.565     -9.135
  -1  249     15.037     -3.421      8.266
 121   51     15.102     -6.159      5.802
 219  313     15.811      0.626      2.704
  -1   14     -8.659     -7.503      1.327
 181  261      4.058     -7.187     -1.466
  46  247     13.785      3.103     -2.923
  67   -2     15.081      0.538     -6.220
   2   -2     10.222     -3.317      5.784
  -1  236     18.405     -5.656     -0.802
  20   15     17.101     -4.805     -0.240
 176   -2      8.005     -1.644     -2.646
 132   50    -10.172     -9.261      0.014
  -1  215     -2.356     -4.201     -9.008
 314  259    -12.189     -9.944     -3.991
  -1   18     12.427     -5.963      8.533
  12   83     12.154     -8.081      3.662
  -1  381     -2.714     -1.539     -7.058
 140   93      1.716     -8.507     -8.264
 126  230     17.434     -1.355     -5.692
  68  368     -4.023     -7.385    -10.991
  39  131    -12.753     -9.608     -4.150
 171  125     14.144     -0.571     -1.493
 137   -2      2.877     -6.534     -1.394
 267  155     15.424     -3.354      4.676
  -1   74     14.001     -6.314      5.674
  94    0     -5.769     -3.624      3.439
 198  151     18.399      3.658      3.083
 129   85     17.278     -5.460      3.261
 120   -2    -11.327     -8.376     -0.374
  -1  140     -3.044     -2.169      9.702
  -1  296     12.187     -8.436     -3.974
 156   -2      8.366     -9.307      0.287
 210  181      8.195     -8.170     10.152
  -1   -2     11.347     -0.445     -6.264
  -1   -2     -6.009     -5.299      3.892
 158   46     13.716      3.075      8.217
 297  273      0.554     -1.294      6.393
 122  222     20.048     -4.714     -1.861
 166  267     16.232     -9.794    -10.478
  -1  284     12.674     -9.961     -8.660
 200   12     18.395     -4.377     -5.497
  -1   -2    -13.469    -10.337     -3.008
 232  274     -3.818     -8.691     -2.639
  -1   -2     19.765      3.090     -0.406
 213   -2     14.740     -7.358     -7.598
  -1   -2      7.930     -3.726      2.038
 107   -2      8.266     -3.844      1.527
 318  159    -13.144     -4.784     -3.930
 196  165     13.983     -6.664      4.649
  -1  126     -8.787     -6.808     -1.666
  -1  157      9.677     -0.784     10.220
 346   -2      8.669     -6.271     -9.858
  80   19     14.269     -6.961     -9.372
  -1   -2     10.517     -7.994      0.999
  97   -2     14.090     -5.545      8.045
 216   -2      2.400     -4.613      1.511
  44  244      9.376     -9.299     -9.026
  -1  142     10.957     -0.939     -4.235
  -1  327      6.462      1.435     -9.966
  -1  265     10.975     -7.270     -9.393
 115   23     13.482     -5.697      0.321
  -1  258     16.901     -3.004     -7.553
  -1  167      5.377      1.120      9.282
  85   -2     12.186     -8.663     -2.334
 278   -2     18.134     -0.325      2.825
  -1  250     20.257     -0.861     -6.859
 305   -2     16.381     -9.166      3.545
  -1   61     19.104     -9.386     -7.472
 285  235     -0.522     -5.366      4.504
 146  305     -0.151     -7.151      7.809
  -1   -2      5.081     -7.426     -0.372
  -1  283      6.881     -9.308      1.768
 257   -2    -12.820     -9.257     -3.321
 254   -2     11.995     -8.405      2.535
  -1   -2      7.234      0.264     10.106
 208   67     10.271      1.157      2.261
 326   -2     -8.014     -0.943     -2.582
  -1   11     12.741     -1.294     -2.235
  43   -2     14.033     -8.785     -4.016
  -1  233     17.884     -3.172     -9.037
  -1  287    -10.384    -10.149     -4.746
  -1  178      4.106     -0.031      7.038
  19   13     17.357     -0.728     -6.079
 313   -2      7.191     -4.691      4.855
  -1   -2      1.392     -3.348     10.096
  -1   -2     17.511     -9.532      2.339
  -1   72     16.606      1.096     -1.382
  60  107      5.572     -9.475     -9.193
 275  123     15.948     -3.638     -9.489
 125  152     14.676     -2.754     -4.360
  -1   -2      6.608     -4.868     -5.915
  -1  315     -7.688     -9.734     -0.492
 204  120     11.113     -8.320     -4.388
  -1   -2     -0.655     -4.230     -1.098
  49   -2     14.073     -7.083     -7.413
   4   91     19.706     -5.987     -2.038
 264   -2     -4.127     -7.442      6.291
  -1   -2      2.664     -5.598     -3.773
  -1   -2     -3.539     -9.214      2.984
  -1  338     19.144      2.034     -0.977
  -1  100      8.831     -5.744      9.951
 336  272     16.012      4.817     -8.635
  -1  255     11.900     -1.120      7.867
 277   -2      8.338     -5.208      9.447
  -1   -2      2.609     -9.144     -8.708
  -1  180      6.724     -4.716     10.202
 294   81      6.418      4.077      2.579
 170   29     12.361     -4.257      6.996
 135   -2     -7.252     -7.819      0.540
  -1   31      3.608     -7.375      5.587
  -1   -2     -5.789     -4.597     -9.211
  -1   21      6.506    -10.392     -5.894
  38   -2    -11.408     -9.275     -2.431
  -1  295      8.850     -9.439      1.731
  -1  217      7.524      0.153     -8.209
  -1   94      5.384     -5.888     -4.862
  -1   -2     17.764     -8.356      3.340
 186   -2      1.775     -5.779      7.829
 217   84     13.029     -7.244      2.502
 248   -2      0.658     -0.269     -0.718
 358  356      7.778      6.989      4.523
  -1  240     19.863     -2.558     -5.154
  -1   -2     13.995     -4.326      9.993
 363   58     20.270     -8.464      0.548
 261   -2      0.830     -1.619     -3.293
  -1  221     20.784      6.254     -3.973
  -1   88     -5.205     -8.944      4.746
 342  117    -12.469     -5.192     -3.211
 104  290      4.624     -2.924     -3.267
 155   16      5.818     -8.654      2.896
 218   -2     -6.628     -6.511     -7.358
  -1   -2     20.515     -3.676     -8.090
  -1  103     -5.412     -2.970    -10.167
  17  199     18.966     -9.817     -0.611
 105  344     10.214     -1.939     -0.667
 188   30     13.605     -7.225      7.882
  -1  229      4.963      2.178      1.290
  -1  311     -8.978      0.471      0.723
 249   -2     -8.371     -8.573      5.481
  -1   -2      1.204      0.635      8.189
 103   -2      7.907     -4.775      1.374
 177  136     12.621     -1.942      0.217
  -1   -2     10.836     -5.261      5.829
  61  289     10.677     -8.585      5.488
  59   38      8.158     -0.069      4.765
  -1   -2     -8.045     -8.022     -6.913
  87   27      7.662      1.417     -7.714
  -1  288    -11.015     -6.907      5.380
 163   -2      4.303     -3.657      2.007
  33   -2     18.005     -8.279     -5.197
 165  118     12.615     -9.448     -9.679
  -1  216     14.239     -1.697     -9.397
 127   -2     12.166      1.716      1.150
  99   -2     15.531     -0.383      0.012
  -1   -2     18.634     -6.499     -8.390
  22    4     16.537     -2.733     -0.237
 220  188      6.655     -1.480     -7.841
 258  127      4.585    -10.402    -10.532
 284   -2      4.829      2.461     -0.391
  -1  337     -2.463     -9.304     -5.243
 265  268     19.897     -4.079     -1.326
 187  174     -8.769    -10.301     -6.811
 329   -2     18.785      2.648      0.852
 365  113      7.733      2.543      6.779
  -1   -2      9.567      0.946      8.109
 280  243     16.869     -9.529      1.472
 250  241     -2.082     -7.412      5.449
  41   -2     -7.087     -7.437    -10.383
  76  213     11.833      0.179      3.678
  -1  169     11.480     -3.505      6.845
  -1  363     10.757     -9.929     -1.487
  -1   75      4.980     -5.113     -0.539
 221   -2      1.595     -7.615     -9.073
  -1   -2     13.616     -0.013     -7.355
 299   -2     10.776     -8.516      6.170
 279  297      2.371     -1.626     10.599
  -1  293     16.035     -7.064      0.988
  -1   -2     11.828      4.495      9.440
 179   -2      5.481     -8.950      7.348
  -1  228      1.990     -6.045     -5.155
 161  156      0.592     -8.562      7.652
 268   -2     19.340     -8.749     -8.054
 356  285      3.698      5.497      0.043
 327   71     -4.909     -2.778     -7.699
 159  138    -12.497     -7.787     -7.335
 245  141    -10.718     -9.342    -10.341
   9  162     18.457     -6.640     -0.293
  -1   17     18.672     -5.487     -9.330
 244  252      6.236     -5.697      7.335
  -1  234    -10.310    -10.835     -2.279
 350  332      0.976      2.905     -8.862
 317   -2      4.540      2.363      3.742
 148  195      8.536     -9.273     -3.146
  -1   -2     15.728     -9.385     -1.406
 266   -2     -0.986     -6.749     -1.712
 322   -2      9.351      5.410      1.230
  -1   -2      0.908      0.764      6.701
 320  286     -2.827      1.692    -10.348
  37   -2     -6.790     -2.936     -9.508
 309  352     16.744      5.957      1.688
  21   -2     17.656     -2.828      3.987
 236  205     14.636     -0.323      5.822
 252   43     17.418     -6.060     -1.950
 151   -2      3.632     -8.811      5.970
  -1   -2     -0.593     -5.089     -6.950
  -1  219     17.394     -1.590      4.018
  -1  300     -6.272     -2.182     -6.181
  -1   39     19.086     -7.296     -7.891
  77  132      6.159     -0.694      1.557
  -1   45      7.440     -5.494      2.308
 141   -2      7.967     -7.316      3.023
  -1   -2     19.694    -10.007     -1.445
 212   37     18.909     -6.073      0.942
 298   95     -1.893     -3.382      1.155
 150  224      0.214     -1.745      3.885
  -1  264     -4.179     -3.158      7.778
 174   -2      2.129     -6.081      6.197
 251   -2      5.623     -0.996     -5.279
   8  148      5.567     -8.835     -6.017
  -1  168     -0.232     -2.751     -0.566
 112  308     17.915     -8.899     -5.902
 139  303    -10.007     -1.727     -3.803
 282  333     -0.326     -2.378     -8.323
  -1  196     17.553     -4.481      5.433
  -1   44     -2.086     -4.024     -7.916
 335   -2     12.098      7.461     -0.205
  -1  364     22.773      1.832      5.924
  -1   64    -14.148     -9.107      5.378
  74   -2     12.308      0.014     -4.560
  -1   -2     -2.239     -1.905    -11.583
 333   -2     -8.650     -0.408     -9.547
 332   -2    -12.541     -2.777     -1.006
  -1   69      2.258    -10.785     -8.212
  -1   -2      8.491    -10.936    -10.043
  -1   -2     -7.902    -11.266     -9.871
  -1  341      8.195      6.232     10.883
  -1   -2     12.763      2.231    -11.989
  -1  316      7.634      4.892      9.106
  -1  359     -5.276      4.172      2.291
  -1  340     -7.260      0.524     -1.226
  -1  139     -1.600     -9.189      5.983
  -1   -2     -8.737     -3.340     -8.591
 321  362    -10.237     -1.158      7.619
 134  354     -9.645    -10.681     -9.479
 195  319     17.177      5.412     -3.006
 319  339     -7.605      2.573     -1.790
 222  163    -12.746    -10.895     -0.217
  -1   -2     -4.083      0.067     -3.902
  -1   -2     10.848      4.520     10.132
 357  101     14.053      5.849     -8.864
  -1   -2      5.004      1.405      6.381
  -1  248     19.157     -1.069     -0.175
 286  253     20.298      5.997     -1.374
 384   -2     -7.655     -1.292     -9.392
  96  182     -4.560      1.791     -9.935
  26  256     15.117      0.782     -9.290
  -1   -2     -8.965     -4.376     10.369
 128   -2    -11.044     -6.002     -3.070
 270   -2     -8.076     -1.338      3.888
 340   -2     -7.151      1.984     -4.427
  -1   -2     -9.123     -2.687     -7.542
 338  257    -11.783     -5.701     -3.579
  -1   -2     -1.513      4.748      4.231
  -1   -2     -1.343      4.717      4.699
  -1  366     -3.355     -3.055      0.321
 369  375     -7.216     -0.307     -8.834
  -1   -2     -8.294      4.022     -6.034
  -1   -2     -3.084     -2.168      9.670
  -1   -2     -2.761     -1.537     -7.187
 178  384     10.725      2.720     -7.015
  -1  392     -0.798     -4.256     -0.680
 243  149     -5.661     -5.416     -4.564
  -1   -2     -5.809     -0.907      2.806
 367  380     -5.797     -0.905      2.850
  -1  385      6.315      0.055      2.059
 377  116     -2.761     -1.537     -7.187
  -1   -2      1.537     -2.529     -9.715
  11   -2     -1.547      4.750      4.283
  -1   -2     -1.343      4.717      4.699
 380  383     -8.294      4.022     -6.034
  -1   -2      6.315      0.055      2.059
  -1   -2      6.315      0.055      2.059
 390  390     -3.625      1.688      7.602
 371  377     -1.343      4.717      4.699
  -1   -2      6.315      0.055      2.059
  -1   -2      6.315      0.055      2.059
  -1   -2      6.315      0.055      2.059
 382   -2      6.315      0.055      2.059
  -1  388      6.604     -2.787     -1.743
  -1   -2      6.604     -2.787     -1.743
 392  391     -8.179     -1.707     -7.585
  -1   -2     17.759     -1.298     -0.924
  -1   -2     -0.798     -4.256     -0.680
 387   -2      6.604     -2.787     -1.743
  -1   -2      1.537     -2.529     -9.715
  -1   -2     -0.798     -4.256     -0.680
  -1   -2     17.759     -1.298     -0.924
 391   -2     17.759     -1.298     -0.924
  -1   -2      1.537     -2.529     -9.715
 393  238      1.537     -2.529     -9.715
  -1   -2     -0.798     -4.256     -0.680
 394   -2     -0.798     -4.256     -0.680
