651
   0    0      8.815     -5.261      9.029
   1   -2     10.626     -5.170      2.413
   2   -2      6.797     -9.069     -2.862
  10   40     10.026     -5.005     -0.487
 139   23     15.398    -10.145     -5.264
  56   12      9.155     -7.538      4.765
   4    4      9.958     -3.360      6.587
 164    8     -2.666     -9.399     -1.126
  23   -2      6.397     -4.266     -2.760
 589    9     -4.801     -3.013      9.661
 550  550      6.736     -3.835      1.504
  -1   -2     11.858     -3.770      3.791
  -1   -2     10.602     -5.351     -5.140
  -1   63      9.004     -9.223     -1.759
 121   -2     -0.259     -0.045     -3.737
  33   16     -1.687     -7.410     -6.627
  -1   17      9.304     -2.615      7.936
  -1   -2     10.949    -10.029     -3.226
  17   -2     -0.673     -2.320     -3.198
  -1   -2     12.054     -5.398      1.243
  18   31      7.202     -4.741     -6.815
  19   21     10.530      1.760      5.924
  81   -2      3.799     -5.037     -3.476
  -1   -2     -3.044     -2.170      9.697
  73  187     17.608     -9.521      0.530
  -1   25     14.206     -6.932     -9.215
  -1   50      7.023     -7.518      2.216
  89   -2     19.057     -7.912     -1.482
 136  186      6.554     -1.664     -2.244
  16    2      6.606     -9.571     -5.784
 123   32      6.936     -9.042      5.798
   5   -2     12.245     -5.811     -8.475
  28   -2      9.674     -0.784     10.213
  30   -2     -1.444     -5.459      3.070
 150    5     11.107     -9.889     -4.459
  29   -2     11.950     -6.900      4.295
  14   33      8.665     -1.247      9.725
  -1   -2     10.754     -5.218      6.022
  36   38    -11.798     -6.804     -9.927
  40   39     19.392     -8.734     -5.511
  -1   -2     -5.575     -5.347     -4.382
  34   -2     -8.326     -7.471      2.118
 138   67      6.803     -2.313     -6.364
  68   -2      9.431     -4.251      4.236
  44   -2     -3.376     -9.294     -4.725
  -1   93     19.769     -8.786     -1.545
  45   -2     14.211     -6.747      5.390
  -1   79     11.030     -8.895      0.647
 107   83      3.903     -7.816      5.260
  -1   75    -11.691     -6.312     -5.319
  -1   -2     15.572     -0.678     -5.181
  48   48     -3.246     -4.311     -5.510
  51   -2     -0.135     -7.054      8.568
  43   29      7.704     -8.549     -2.259
 148   -2     17.852     -1.577     -3.088
 141   37     -0.651     -6.532      9.417
 202  131     -4.866     -9.724      6.442
  -1   54     10.980     -1.810      4.288
 100   26      3.979     -9.767     -3.249
  94   86     14.156     -9.462      0.314
  -1   -2      7.761     -0.071     -7.687
 119   -2     16.508     -6.449      2.405
 111   -2     -5.913     -8.185      3.045
   6   -2      6.404     -7.445      2.174
  55   53     14.121     -7.364     -6.037
   3   -2      9.811     -6.918      3.359
  77   59     -8.307     -8.419     -0.615
  50   88     -2.142     -6.092      0.041
  57   90     15.745     -6.734      3.824
  60   58     13.050      0.153     -1.139
  61   61     -7.912     -3.962     -2.604
  -1   -2     11.992     -8.624     -6.530
  88   60     -4.588    -10.304     -7.579
  62   -2     14.694     -4.121      3.503
  21  147     13.979     -4.902     -1.373
  -1   51      4.670    -10.342     -9.427
 110   44     -7.555     -7.390     -8.777
  -1   -2      8.995      1.268      8.985
 152   -2     15.334     -5.081      6.991
  -1   -2      7.534     -8.541      5.674
  67    1      4.621     -2.923     -3.258
  65   -2     12.244      2.198      8.490
  53   -2      3.204     -7.474      9.292
  64   68      8.722     -7.502     -9.730
  -1   81     -7.296     -1.000    -10.021
  70   74     14.556      2.346      9.623
  35   -2     16.963     -9.897     -9.844
  74   72     15.464     -7.355     -1.189
  -1   14      9.497     -4.744     -7.441
  82   -2     15.445     -3.157     -1.366
  -1   80      1.689     -5.917     -6.332
 112   -2    -10.214     -6.779     -4.485
 133   -2     18.288     -7.219     -3.845
  -1   -2     -2.564    -11.104     -1.375
  85   34     -3.785     -6.864      0.056
  -1  128     -0.179     -6.809     -4.217
  -1   -2     -5.802    -11.212      5.602
  -1   -2     -6.598     -3.057     -1.556
  93   96     -2.535     -9.358     -7.081
  87   89      2.715     -1.591      9.661
 149   42      1.992     -6.069      8.413
  90   94     18.315     -2.202      4.433
  -1   -2     15.092     -7.949      9.308
 109   76     -4.585    -10.573      3.680
  -1  125     -9.619    -10.762     -7.293
  -1  287      9.098      6.165      8.856
  -1  197     16.333      1.010      0.475
  -1   99     -0.280      0.750      8.960
  -1   -2     19.964     -0.121     -2.390
  -1   -2      0.281      4.700     -8.881
  -1   78     20.530     -4.526     -3.983
  -1   -2     16.340     -2.988      0.283
  97  370     17.552      2.359     -1.599
 169   -2     -0.035     -0.394      1.710
  -1   -2    -12.519     -1.538     -9.820
 158   -2     -0.323     -1.494      9.257
  -1   -2    -10.570     -5.310    -10.014
  -1  108    -11.544     -0.140      9.975
  -1   36     -7.958    -10.804      6.594
  -1   -2     -6.404      3.759     -7.954
  -1   -2      4.793    -11.161     -1.361
  -1  137      2.796    -10.992     -3.316
  -1   -2     -8.563     -0.433     -8.367
  -1   82     -8.249     -6.711     -2.515
 120  117     16.257     -2.100    -11.611
  -1  141     15.567      4.682     -6.273
 106   -2     18.094     -5.216      0.461
 118   22      1.322     -4.029     -1.817
  -1   92      0.763     -5.078      2.431
  -1   -2     14.500      4.843      3.482
  -1  107     -1.026      2.408     -3.775
  -1   -2     20.868     -5.306      7.793
 122  122    -10.478      0.133     -3.723
 147  121     -1.030     -7.874     -2.405
 601  144     -8.079      4.889     -9.940
  -1   -2     14.318      0.510      0.123
  98   -2     -1.576     -9.184      6.039
 130  415    -12.362      1.599     -8.621
  -1   -2     19.191      4.817     -5.161
 128  133     -4.610     -0.738      5.062
  -1   -2     -0.008     -9.172      6.600
 134   -2      6.132     -9.586    -10.842
  -1  143     -0.902      2.028     -3.169
  -1  159     11.232    -10.883      1.565
  -1  158     20.588     -8.331      9.629
  -1  139      5.010      1.736     -4.715
 103  140      1.171     -3.722     10.056
  -1   41      7.469     -1.671     -7.890
 114  103     15.976      1.124     -2.756
 137  142     20.294     -3.049     11.047
  75   20     -5.096     -1.737     -4.577
  -1   55      1.662     -4.113      9.485
  59   30     13.609     -8.403      3.854
 143   69     15.369     -3.596     -2.862
 151  151    -11.312     -9.877     -8.725
 146  115     -5.867      2.573     -8.941
  -1   -2     -0.962     -9.505      9.014
  -1   84      6.656     -6.488     -7.515
 173   56     18.903     -0.668     -2.950
 145   -2      0.788     -1.653     -3.155
  76  116     -7.849     -1.032     -8.704
  91  154     17.409      2.670      5.105
  -1   43     13.186     -7.601      7.449
  -1   64     16.012     -5.433      6.856
  86   57      9.533     -5.499     -9.526
  -1   45     -7.358     -3.979      4.589
  -1   -2      3.693    -10.388     -1.670
 165  111     -1.687     -2.082      9.568
  -1   -2     13.824     -3.080    -12.062
  -1  169     18.686     -0.979      1.587
  -1  161     10.743     -5.172      2.128
  -1   -2      9.920     -3.366      6.553
  -1   -2      9.920     -3.366      6.553
  -1   -2      6.736     -3.835      1.504
  -1   -2     12.017     -3.788      3.398
  12  165     10.159     -5.198      7.485
  -1   -2     -0.831     -9.065      4.206
  -1  155     -3.032     -2.183      9.804
  -1   70     14.407      2.371      9.958
  -1   65      9.098      6.165      8.856
  -1   -2     -0.280      0.750      8.960
  -1   -2     16.333      1.010      0.475
  -1   -2     20.530     -4.526     -3.983
  -1  467      0.281      4.700     -8.881
  -1  181     19.964     -0.121     -2.390
  -1  600     -6.404      3.759     -7.954
  -1  537     -8.563     -0.433     -8.367
  -1   -2     14.500      4.843      3.482
  -1   -2     -1.026      2.408     -3.775
  -1   -2     -8.079      4.889     -9.940
  -1   -2     20.868     -5.306      7.793
  -1   -2     14.318      0.510      0.123
  -1  100     19.191      4.817     -5.161
  -1   -2     10.743     -5.172      2.128
  -1   -2      9.920     -3.366      6.553
 166   -2      9.816     -5.012      0.163
  -1   -2      6.736     -3.835      1.504
  -1   -2     12.017     -3.788      3.398
  -1   -2     -0.831     -9.065      4.206
  -1   -2     -3.032     -2.183      9.804
 167   -2     17.502     -9.525      0.778
  -1   -2      9.098      6.165      8.856
 177   -2     16.333      1.010      0.475
  -1   -2     -0.280      0.750      8.960
  -1   -2     20.530     -4.526     -3.983
  -1   -2      0.281      4.700     -8.881
  -1   -2    -12.519     -1.538     -9.820
  -1   -2     -6.404      3.759     -7.954
  -1   -2     -8.563     -0.433     -8.367
  -1   -2     14.500      4.843      3.482
  -1   -2     -1.026      2.408     -3.775
  -1   -2     -8.079      4.889     -9.940
  -1   -2     14.318      0.510      0.123
  -1   -2     19.191      4.817     -5.161
 182  200     20.868     -5.306      7.793
  -1   -2      9.920     -3.366      6.553
  -1   -2      9.920     -3.366      6.553
  -1   -2      6.736     -3.835      1.504
  -1   -2     12.017     -3.788      3.398
  -1   -2     -0.831     -9.065      4.206
  -1   -2     -3.032     -2.183      9.804
  -1   -2     -0.280      0.750      8.960
  -1   -2      9.098      6.165      8.856
  -1   -2     20.530     -4.526     -3.983
  -1   -2    -12.519     -1.538     -9.820
  -1   -2      0.281      4.700     -8.881
  -1   -2     -6.404      3.759     -7.954
  -1   -2     -8.563     -0.433     -8.367
  -1   -2     14.500      4.843      3.482
  -1   -2     -1.026      2.408     -3.775
  -1   -2     -8.079      4.889     -9.940
  -1   -2     14.318      0.510      0.123
  -1   -2     19.191      4.817     -5.161
  -1  280      9.711     -2.257     -0.866
  -1   -2      9.920     -3.366      6.553
  -1   -2      6.736     -3.835      1.504
  -1   -2     12.017     -3.788      3.398
  -1   -2     -0.831     -9.065      4.206
  -1   -2     -3.032     -2.183      9.804
  -1   -2      9.098      6.165      8.856
  -1   -2     -0.280      0.750      8.960
  -1   -2     20.530     -4.526     -3.983
  -1   -2      0.281      4.700     -8.881
  -1   -2     -8.563     -0.433     -8.367
  -1   -2     -6.404      3.759     -7.954
  -1   -2     -1.026      2.408     -3.775
  -1   -2     14.500      4.843      3.482
  -1   -2     14.318      0.510      0.123
  -1   -2     -8.079      4.889     -9.940
  -1   -2     19.191      4.817     -5.161
  -1   -2      6.736     -3.835      1.504
  -1   -2     12.017     -3.788      3.398
  -1   -2     -0.831     -9.065      4.206
  -1   -2     -3.032     -2.183      9.804
  -1   -2     -0.280      0.750      8.960
  -1   -2      9.098      6.165      8.856
  -1   -2     20.530     -4.526     -3.983
  -1   -2    -12.519     -1.538     -9.820
  -1   -2      0.281      4.700     -8.881
  -1   -2     -6.404      3.759     -7.954
  -1   -2     -8.563     -0.433     -8.367
  -1   -2     14.500      4.843      3.482
  -1   -2     -1.026      2.408     -3.775
  -1   -2     -8.079      4.889     -9.940
  -1   -2     14.318      0.510      0.123
  -1   -2     19.191      4.817     -5.161
  -1   -2      9.920     -3.366      6.553
  -1   -2      9.920     -3.366      6.553
  -1   -2      6.736     -3.835      1.504
  -1   -2     12.017     -3.788      3.398
  -1   -2     -0.831     -9.065      4.206
  -1   -2     -3.032     -2.183      9.804
  -1   -2     -0.280      0.750      8.960
  -1   -2      9.098      6.165      8.856
  -1   -2      0.281      4.700     -8.881
  -1   -2     20.530     -4.526     -3.983
  -1   -2    -12.519     -1.538     -9.820
  -1   -2     -6.404      3.759     -7.954
  -1   -2     -8.563     -0.433     -8.367
  -1   -2     14.500      4.843      3.482
  -1   -2     -1.026      2.408     -3.775
  -1   -2     -8.079      4.889     -9.940
 275  138      9.711     -2.257     -0.866
  -1   -2     19.191      4.817     -5.161
  -1   -2      9.920     -3.366      6.553
  -1   -2      6.736     -3.835      1.504
  -1   -2     12.017     -3.788      3.398
  -1   -2     -0.831     -9.065      4.206
  -1   -2     -3.032     -2.183      9.804
  -1   -2      0.281      4.700     -8.881
 284   98      9.098      6.165      8.856
  -1   -2     20.530     -4.526     -3.983
  -1   -2    -12.519     -1.538     -9.820
  -1   -2     -6.404      3.759     -7.954
  -1   -2     -8.563     -0.433     -8.367
  -1   -2     14.500      4.843      3.482
  -1   -2     -1.026      2.408     -3.775
  -1   -2     -8.079      4.889     -9.940
  -1   -2     19.191      4.817     -5.161
  -1   -2      9.920     -3.366      6.553
  -1   -2      9.920     -3.366      6.553
  -1   -2      6.736     -3.835      1.504
  -1   -2     12.017     -3.788      3.398
  -1   -2     -0.831     -9.065      4.206
  -1   -2     -3.032     -2.183      9.804
 174  171     20.530     -4.526     -3.983
  -1   -2      0.281      4.700     -8.881
  -1   -2    -12.519     -1.538     -9.820
  -1   -2     -6.404      3.759     -7.954
  -1   -2     -8.563     -0.433     -8.367
  -1   -2     -1.026      2.408     -3.775
  -1   -2     14.500      4.843      3.482
  -1   -2     -8.079      4.889     -9.940
  -1   -2     19.191      4.817     -5.161
  -1   -2      6.736     -3.835      1.504
  -1   -2     12.017     -3.788      3.398
  -1   -2     -0.831     -9.065      4.206
  -1   -2     -3.032     -2.183      9.804
  -1   -2      0.281      4.700     -8.881
  -1   -2    -12.519     -1.538     -9.820
  -1   -2     -6.404      3.759     -7.954
  -1   -2     -8.563     -0.433     -8.367
  -1   -2     -1.026      2.408     -3.775
  -1   -2     14.500      4.843      3.482
  -1   -2     -8.079      4.889     -9.940
  -1   -2     19.191      4.817     -5.161
  -1   -2      6.736     -3.835      1.504
  -1   -2     12.017     -3.788      3.398
  -1   -2     -0.831     -9.065      4.206
  -1   -2     -3.032     -2.183      9.804
  -1   -2      0.281      4.700     -8.881
  -1   -2     -6.404      3.759     -7.954
  -1   -2     -8.563     -0.433     -8.367
  -1   -2     -1.026      2.408     -3.775
  -1   -2     14.500      4.843      3.482
  -1   -2     -8.079      4.889     -9.940
  -1   -2     19.191      4.817     -5.161
  -1   -2      6.736     -3.835      1.504
  -1   -2     12.017     -3.788      3.398
  -1   -2     -0.831     -9.065      4.206
  -1   -2     -3.032     -2.183      9.804
  -1   -2      0.281      4.700     -8.881
  -1   -2     -8.563     -0.433     -8.367
  -1   -2     -6.404      3.759     -7.954
  -1   -2     14.500      4.843      3.482
  -1   -2     -1.026      2.408     -3.775
  -1   -2     -8.079      4.889     -9.940
  -1   -2     19.191      4.817     -5.161
  -1   -2      6.736     -3.835      1.504
  -1   -2     12.017     -3.788      3.398
  -1   -2     -0.831     -9.065      4.206
  -1   -2     -3.032     -2.183      9.804
  -1   -2      0.281      4.700     -8.881
  -1   -2     -6.404      3.759     -7.954
  -1   -2     -8.563     -0.433     -8.367
  -1   -2     -1.026      2.408     -3.775
  -1   -2     14.500      4.843      3.482
  -1   -2     -8.079      4.889     -9.940
  -1   -2     19.191      4.817     -5.161
  -1   -2      9.920     -3.366      6.553
  -1   -2      9.920     -3.366      6.553
  -1   -2      6.736     -3.835      1.504
  -1   -2     12.017     -3.788      3.398
  -1   -2     -0.831     -9.065      4.206
  -1   -2     -3.032     -2.183      9.804
  -1   -2      0.281      4.700     -8.881
  -1   -2     -6.404      3.759     -7.954
  -1   -2     -8.563     -0.433     -8.367
  -1   -2     -1.026      2.408     -3.775
  -1   -2     14.500      4.843      3.482
  -1   -2     -8.079      4.889     -9.940
  -1   -2     19.191      4.817     -5.161
  -1   -2      9.920     -3.366      6.553
  -1   -2      6.736     -3.835      1.504
  -1   -2     12.017     -3.788      3.398
  20  348     -0.831     -9.065      4.206
  -1   -2     -3.032     -2.183      9.804
  -1   -2      0.281      4.700     -8.881
  -1   -2    -12.519     -1.538     -9.820
  -1   -2     -8.563     -0.433     -8.367
  -1   -2     -6.404      3.759     -7.954
  -1   -2     14.500      4.843      3.482
  -1   -2     -1.026      2.408     -3.775
  -1   -2     -8.079      4.889     -9.940
  -1   -2     19.191      4.817     -5.161
  -1   -2      9.920     -3.366      6.553
  -1   -2      6.736     -3.835      1.504
  -1   -2     12.017     -3.788      3.398
  -1   -2     -3.032     -2.183      9.804
  -1   -2      0.281      4.700     -8.881
  -1   -2    -12.519     -1.538     -9.820
  -1   -2     -6.404      3.759     -7.954
  -1   -2     -8.563     -0.433     -8.367
  -1   -2     14.500      4.843      3.482
  -1   -2     -1.026      2.408     -3.775
  -1   -2     -8.079      4.889     -9.940
  -1   -2     19.191      4.817     -5.161
  -1   -2      9.920     -3.366      6.553
  -1   -2      9.920     -3.366      6.553
  -1   -2      6.736     -3.835      1.504
  -1   -2     12.017     -3.788      3.398
  -1   -2     -3.032     -2.183      9.804
  -1   -2      0.281      4.700     -8.881
  -1   -2     -8.563     -0.433     -8.367
  -1   -2     -6.404      3.759     -7.954
  -1   -2     14.500      4.843      3.482
  -1   -2     -1.026      2.408     -3.775
  -1   -2     -8.079      4.889     -9.940
  -1   -2     19.191      4.817     -5.161
  -1   -2      9.920     -3.366      6.553
  -1   -2      9.920     -3.366      6.553
  -1   -2      6.736     -3.835      1.504
  -1   -2     12.017     -3.788      3.398
  -1   -2     -3.032     -2.183      9.804
  -1   -2      0.281      4.700     -8.881
  -1   -2    -12.519     -1.538     -9.820
  -1   -2     -8.563     -0.433     -8.367
  -1   -2     -6.404      3.759     -7.954
  -1   -2     14.500      4.843      3.482
  -1   -2     -1.026      2.408     -3.775
  -1   -2     -8.079      4.889     -9.940
 144  180     19.191      4.817     -5.161
  -1   -2      6.736     -3.835      1.504
  -1   -2     12.017     -3.788      3.398
  -1   -2     -3.032     -2.183      9.804
  -1   -2      0.281      4.700     -8.881
  -1   -2     -6.404      3.759     -7.954
  -1   -2     -8.563     -0.433     -8.367
  -1   -2     14.500      4.843      3.482
  -1   -2     -1.026      2.408     -3.775
  -1   -2     -8.079      4.889     -9.940
  -1   -2      9.920     -3.366      6.553
  -1   -2      9.920     -3.366      6.553
  -1   -2      6.736     -3.835      1.504
  -1   -2     12.017     -3.788      3.398
  -1   -2     -3.032     -2.183      9.804
  -1   -2      0.281      4.700     -8.881
  -1   -2    -12.519     -1.538     -9.820
  -1   -2     -6.404      3.759     -7.954
  -1   -2     -8.563     -0.433     -8.367
  -1   -2     14.500      4.843      3.482
  -1   -2     -1.026      2.408     -3.775
  -1   -2     -8.079      4.889     -9.940
  -1   -2      9.920     -3.366      6.553
  -1   -2      6.736     -3.835      1.504
 411  413     12.017     -3.788      3.398
  -1   -2     -3.032     -2.183      9.804
  -1   -2      0.281      4.700     -8.881
  -1   -2     -6.404      3.759     -7.954
  -1   -2     -8.563     -0.433     -8.367
  -1   -2     14.500      4.843      3.482
  -1   -2     -1.026      2.408     -3.775
  -1   -2     -8.079      4.889     -9.940
  -1   -2      6.736     -3.835      1.504
  -1   -2     -3.032     -2.183      9.804
  -1   -2      0.281      4.700     -8.881
  -1   -2    -12.519     -1.538     -9.820
  -1   -2     -6.404      3.759     -7.954
  -1   -2     -8.563     -0.433     -8.367
  -1   -2     14.500      4.843      3.482
  -1   -2     -1.026      2.408     -3.775
  -1   -2     -8.079      4.889     -9.940
  -1   -2      6.736     -3.835      1.504
  -1   -2     -3.032     -2.183      9.804
  -1   -2      0.281      4.700     -8.881
 432   71    -12.519     -1.538     -9.820
  -1   -2     -6.404      3.759     -7.954
  -1   -2     -8.563     -0.433     -8.367
  -1   -2     14.500      4.843      3.482
  -1   -2     -1.026      2.408     -3.775
  -1   -2     -8.079      4.889     -9.940
  -1   -2      9.920     -3.366      6.553
  -1   -2      6.736     -3.835      1.504
  -1   -2     -3.032     -2.183      9.804
  -1   -2      0.281      4.700     -8.881
  -1   -2     -8.563     -0.433     -8.367
  -1   -2     -6.404      3.759     -7.954
  -1   -2     14.500      4.843      3.482
  -1   -2     -8.079      4.889     -9.940
  -1   -2      9.920     -3.366      6.553
  -1   -2      6.736     -3.835      1.504
  -1   -2     -3.032     -2.183      9.804
  -1   -2      0.281      4.700     -8.881
  -1   -2     -8.563     -0.433     -8.367
  -1   -2     -6.404      3.759     -7.954
  -1   -2     14.500      4.843      3.482
  -1   -2     -8.079      4.889     -9.940
  -1   -2      9.920     -3.366      6.553
  -1   -2      6.736     -3.835      1.504
  -1   -2     -3.032     -2.183      9.804
  -1   -2      0.281      4.700     -8.881
  -1   -2     -6.404      3.759     -7.954
  -1   -2     -8.563     -0.433     -8.367
  -1   -2     14.500      4.843      3.482
  -1   -2     -8.079      4.889     -9.940
  -1   -2      6.736     -3.835      1.504
  -1   -2     -3.032     -2.183      9.804
  -1   -2      0.281      4.700     -8.881
  -1   -2     -6.404      3.759     -7.954
  -1   -2     -8.563     -0.433     -8.367
  -1   -2     14.500      4.843      3.482
  -1   -2     -8.079      4.889     -9.940
  -1   -2      9.920     -3.366      6.553
  -1   -2      9.920     -3.366      6.553
  -1   -2      6.736     -3.835      1.504
  -1   -2     -3.032     -2.183      9.804
  -1   -2      0.281      4.700     -8.881
  -1   -2     -6.404      3.759     -7.954
  -1   -2     -8.563     -0.433     -8.367
  -1   -2     14.500      4.843      3.482
  -1   -2     -8.079      4.889     -9.940
  -1   -2      9.920     -3.366      6.553
  -1   -2      6.736     -3.835      1.504
  -1   -2      0.281      4.700     -8.881
  -1   -2     -8.563     -0.433     -8.367
  -1   -2     -6.404      3.759     -7.954
  -1   -2     14.500      4.843      3.482
  -1   -2     -8.079      4.889     -9.940
  -1   -2      9.920     -3.366      6.553
  -1   -2      6.736     -3.835      1.504
  -1   -2     -3.032     -2.183      9.804
  -1   -2      0.281      4.700     -8.881
  -1   -2     -6.404      3.759     -7.954
  -1   -2     -8.563     -0.433     -8.367
  -1   -2     14.500      4.843      3.482
  -1   -2     -8.079      4.889     -9.940
 162  132      6.736     -3.835      1.504
  -1   -2     -3.032     -2.183      9.804
  -1   -2      0.281      4.700     -8.881
 537  106     -6.404      3.759     -7.954
  -1   -2     -8.563     -0.433     -8.367
  -1   -2     14.500      4.843      3.482
  -1   -2     -8.079      4.889     -9.940
  -1   -2      9.920     -3.366      6.553
  -1   -2      9.920     -3.366      6.553
  -1   -2     -3.032     -2.183      9.804
  -1   -2      0.281      4.700     -8.881
  -1   -2     -8.563     -0.433     -8.367
  -1   -2     14.500      4.843      3.482
  -1   -2     -8.079      4.889     -9.940
 183  533      9.920     -3.366      6.553
  -1   -2     -3.032     -2.183      9.804
  -1   -2      0.281      4.700     -8.881
  -1   -2     -8.563     -0.433     -8.367
  -1   -2     14.500      4.843      3.482
  -1   -2     -8.079      4.889     -9.940
  -1   -2     -3.032     -2.183      9.804
  -1   -2      0.281      4.700     -8.881
 536   -2     -8.563     -0.433     -8.367
  -1   -2     14.500      4.843      3.482
  -1   -2     -8.079      4.889     -9.940
  -1   -2     -3.032     -2.183      9.804
  -1   -2      0.281      4.700     -8.881
  -1   -2     14.500      4.843      3.482
  -1   -2     -8.079      4.889     -9.940
  -1   -2     -3.032     -2.183      9.804
  -1   -2      0.281      4.700     -8.881
  -1   -2     14.500      4.843      3.482
  -1   -2     -8.079      4.889     -9.940
  -1   -2     -3.032     -2.183      9.804
  -1   -2      0.281      4.700     -8.881
  -1   -2     14.500      4.843      3.482
  -1   -2     -8.079      4.889     -9.940
  -1   -2     -3.032     -2.183      9.804
  -1   -2      0.281      4.700     -8.881
  -1   -2     14.500      4.843      3.482
  -1   -2     -8.079      4.889     -9.940
  -1   -2     -3.032     -2.183      9.804
  -1   -2      0.281      4.700     -8.881
  -1   -2     14.500      4.843      3.482
  -1   -2     -8.079      4.889     -9.940
  -1   -2     -3.032     -2.183      9.804
  -1   -2      0.281      4.700     -8.881
  -1   -2     14.500      4.843      3.482
  -1   -2     -8.079      4.889     -9.940
  -1   -2     -3.032     -2.183      9.804
  -1   -2      0.281      4.700     -8.881
  -1   -2     14.500      4.843      3.482
  -1   -2     -8.079      4.889     -9.940
  -1   -2     -3.032     -2.183      9.804
  -1   -2      0.281      4.700     -8.881
  -1   -2     14.500      4.843      3.482
  -1   -2     -8.079      4.889     -9.940
  -1   -2     -3.032     -2.183      9.804
  -1   -2      0.281      4.700     -8.881
  -1   -2     14.500      4.843      3.482
  -1   -2     -8.079      4.889     -9.940
  -1   -2     -3.032     -2.183      9.804
  -1   -2      0.281      4.700     -8.881
  -1   -2     14.500      4.843      3.482
  -1   -2     -8.079      4.889     -9.940
  -1   -2     -3.032     -2.183      9.804
  -1   -2      0.281      4.700     -8.881
  -1   -2     14.500      4.843      3.482
  -1   -2     -8.079      4.889     -9.940
  -1   -2     -3.032     -2.183      9.804
  -1   -2      0.281      4.700     -8.881
  -1   -2     14.500      4.843      3.482
  -1   -2     -8.079      4.889     -9.940
  -1   -2     -3.032     -2.183      9.804
  -1   -2      0.281      4.700     -8.881
  -1   -2     14.500      4.843      3.482
  -1   -2     -8.079      4.889     -9.940
  -1   -2     -3.032     -2.183      9.804
  -1   -2      0.281      4.700     -8.881
  -1   -2     14.500      4.843      3.482
  -1   -2     -8.079      4.889     -9.940
  -1   -2      0.281      4.700     -8.881
  -1   -2     14.500      4.843      3.482
  -1   -2     -8.079      4.889     -9.940
  -1   -2      0.281      4.700     -8.881
  -1   -2     14.500      4.843      3.482
  -1   -2     -8.079      4.889     -9.940
  -1   -2      0.281      4.700     -8.881
  -1   -2     14.500      4.843      3.482
  -1   -2     -8.079      4.889     -9.940
  -1   -2      0.281      4.700     -8.881
  -1   -2     14.500      4.843      3.482
  -1   -2     -8.079      4.889     -9.940
  -1   -2      0.281      4.700     -8.881
  -1   -2     14.500      4.843      3.482
  -1   -2      0.281      4.700     -8.881
  -1   -2     14.500      4.843      3.482
  -1   -2     -8.079      4.889     -9.940
  -1   -2      0.281      4.700     -8.881
  -1   -2     14.500      4.843      3.482
  -1   -2     -8.079      4.889     -9.940
  -1   -2      0.281      4.700     -8.881
  -1   -2     14.500      4.843      3.482
  -1   -2     -8.079      4.889     -9.940
  -1   -2      0.281      4.700     -8.881
  -1   -2     14.500      4.843      3.482
  -1   -2      0.281      4.700     -8.881
  -1   -2     14.500      4.843      3.482
  -1   -2      0.281      4.700     -8.881
  -1   -2     14.500      4.843      3.482
  -1   -2      0.281      4.700     -8.881
  -1   -2     14.500      4.843      3.482
  -1   -2      0.281      4.700     -8.881
  -1   -2     14.500      4.843      3.482
  -1   -2      0.281      4.700     -8.881
  -1   -2     14.500      4.843      3.482
  -1   -2      0.281      4.700     -8.881
  -1   -2     14.500      4.843      3.482
  -1   -2      0.281      4.700     -8.881
  -1   -2     14.500      4.843      3.482
  -1   -2      0.281      4.700     -8.881
  -1   -2     14.500      4.843      3.482
 635  634      0.281      4.700     -8.881
  -1   -2     14.500      4.843      3.482
 636  635     14.500      4.843      3.482
