242
   0    0      3.416     -1.581     -9.594
  39   70     12.241     -7.022      5.097
 217  105     18.954     -0.412     -8.113
 139  123      8.574     -7.336      6.038
  20   -2     -1.598     -7.666      0.723
  -1   26     10.780     -7.760     10.320
 122   21     10.218     -3.439      7.577
   8  103      2.231     -4.656      2.440
  50   38      8.951     -6.230     -2.479
   1   -2      9.164     -8.205      8.189
 115   15     13.846     -7.498     -5.044
 182   -2      3.090     -0.977     -8.922
 156   95     -0.600     -2.315     -3.251
 222   60     12.293     -5.798     -8.877
  68   32     13.134     -7.001      6.675
 152   -2     14.530     -4.166      3.813
  -1   -2      8.943      2.101     -6.243
 136  152     -2.361     -6.197      2.988
 129  158     -7.870     -7.505      2.857
  97   -2      8.801     -7.419     -9.471
  -1    7      8.732     -3.308      6.957
  53   -2      1.411     -9.773     -1.631
  -1   -2     -6.494     -8.445      4.974
 141  167     -9.735     -8.721     -4.689
  19   -2     18.655     -4.619     -1.167
 140  156     17.169     -9.300      1.752
 137   -2      3.896     -8.354      9.935
  -1  118    -10.314     -3.889     -3.891
 172  117     12.105     -8.766     -7.195
 153   -2     -8.718     -7.943     -6.324
 206   -2      3.113      3.143      5.721
  -1  114     19.377     -5.973     -7.059
 173   -2     -7.470     -3.525      0.715
  -1   89      6.886     -5.829      9.774
 163   23      1.142     -6.203      2.612
  77    4      7.678     -9.300      7.777
  43   -2      6.225      0.043      8.681
  52   67      6.409     -4.264     -2.757
  25   64     10.701     -3.946      7.891
 233  129      1.569     -5.220      9.745
 176   -2     14.521     -7.141      0.888
 134   25     15.764     -6.715      4.401
  71   -2      8.871     -7.866      0.692
  40   72     10.467     -1.949     -0.443
  -1   69      2.863    -10.351     -3.635
 131   -2     10.594     -5.361     -5.012
  -1   27      3.377     -0.636      8.587
  -1   44      8.765     -5.284      8.660
 117   13     10.608      1.743      6.172
  49   93      3.549     -9.954      2.194
  -1   86      4.768     -4.968     -0.034
 177   -2      3.412     -3.360      3.871
 133   87      2.735    -10.641     -4.987
  46   -2      8.104    -10.182      4.449
  -1  196     18.309     -9.936     -9.084
  27  138     -8.547     -6.836     -0.653
  45  185      1.011     -9.877      3.604
  -1   80      7.120     -8.877      8.321
  -1   57     13.716     -3.969      8.576
   6   -2     -5.135     -8.746      6.857
 202  166     -8.705      0.607      0.282
  59   -2      9.576     -2.561      7.249
  -1   -2     -3.990     -4.907     -4.085
  74   -2     12.879     -8.932     -2.167
  -1    3      8.974     -5.964      3.770
  67   -2      6.187     -2.846      0.821
  79   61     12.052     -5.396      1.231
 170   50     13.882     -1.911      7.672
 109   -2      1.817     -8.372      5.591
  44  102      0.732     -6.811      5.702
  -1   -2     -4.999     -6.734      0.360
  -1   -2      3.199     -5.083     -5.264
 103   65      4.569     -0.892      1.646
  10  165     10.395     -6.626      5.011
   3  132      2.028     -7.876      9.133
 112   51    -10.563    -10.383     -5.495
  17   -2    -10.537     -9.338     -8.997
  16   -2     10.392     -3.317      5.355
 207   34     11.858      2.162      7.277
  -1  161      9.463      2.000      7.830
  73  231      1.046     -4.804      4.245
  -1   52     10.172    -10.087     -2.998
  12   -2     -2.625     -4.640     10.676
  -1   -2     17.409    -10.110      0.520
  -1   55      7.493     -9.142      3.351
  -1   92     -5.576     -5.343     -4.373
   4   -2     10.753     -5.218      6.022
  -1  188     18.383      2.675      4.729
 198  149     -9.921     -9.409     -0.270
 201   -2      7.799     -4.327     -3.277
  -1  125      2.616     -6.325      5.728
  41  116     14.639     -7.832     -4.148
  -1   77     11.076     -1.746      3.687
  -1   -2    -11.784     -6.798     -9.876
  60  170     11.571      0.977      2.561
  95   -2      4.136     -7.807      5.919
  -1   -2     19.034     -7.919     -1.428
 167   39    -11.273     -6.189     -4.279
 236   -2      9.678     -0.784     10.220
 190  169     16.206     -4.365      5.393
  -1   16     -6.340     -8.063      5.180
  66  177     -3.245     -4.311     -5.507
 105   58     -4.106     -7.086      8.551
  -1   -2      5.786     -1.740     -5.115
  18   -2     14.218     -6.748      5.367
 241  133     17.853     -1.574     -3.078
  26   78     -2.841     -9.382      3.814
 199  128     15.579     -0.671     -5.239
  36  139      6.556     -6.466     -7.229
  -1   -2     17.475    -10.908     -9.670
 108  235     -0.644     -6.531      9.437
 223  131     -6.880     -2.251      6.650
  -1   17      5.274     -8.896     -8.533
 160   -2      5.710     -7.962      6.905
  15    9     -2.951     -5.949      8.710
  -1   -2     -8.887     -4.540      4.255
  -1   -2     -7.914     -3.961     -2.606
  42   -2     -0.458     -8.719      4.844
 138   -2     16.991     -6.681      0.294
 102   98     16.002     -6.448     -5.744
 221   59     -4.154      1.260      7.750
 228   -2     16.211      2.122      1.624
  -1   79      9.417     -3.890     10.331
  -1   -2     15.026      0.526     -9.131
  -1   24     12.539    -10.288     -7.912
 150   14     18.689     -8.956      0.764
  -1   -2      5.009    -10.443     -0.697
 111   -2     16.159     -1.385     -3.712
 193   94     11.100     -6.801     -2.932
 238  229    -11.205     -1.390     -9.588
 178  141    -10.382     -8.894     -8.074
 146   -2     -9.553     -6.586     -1.531
  -1   -2     11.023     -5.412     -7.491
 168   -2      5.443     -8.588      3.902
  -1   62      4.627     -2.926     -3.279
 143   -2     -0.470      2.424     -3.348
  -1   -2     20.454     -3.698     -7.865
  -1   73      2.039      1.597      5.041
  72   82     14.766     -2.497     -4.691
  -1  175     14.457     -9.664      4.216
  -1  163      1.403     -1.945      3.939
 194   48      7.596     -2.790      7.910
  -1   99     -5.711     -8.190      7.884
  35  146     -8.791     -3.659     -0.807
 188   -2     15.917     -3.284     -2.543
  -1   46     14.929    -11.031      0.312
  -1   -2      3.110     -6.510      6.444
 220   76      7.191     -1.720     -8.797
   9   -2      6.864     -4.079      0.995
 214   -2     -5.584     -1.680     -4.252
  -1   36      3.420     -0.658     -1.515
  -1  122     12.197     -8.642      1.928
  38   -2     17.866     -5.122      0.002
 113   -2     -7.802     -8.610      5.331
 155  176     14.962     -3.627     -1.897
  48   85      0.117     -3.965      7.633
  34   42     12.899     -5.493      6.144
  -1   -2      4.585      3.497     -4.583
  -1   68      7.152     -9.442      3.388
  87   -2     14.089     -9.777      5.594
  62   -2      3.918     -4.493      3.426
  14   -2     12.972     -2.217    -10.486
 179  136      5.907     -9.466     -8.605
  98   -2      7.636     -9.100     -5.385
  -1   43      8.706     -5.440     -7.292
  -1   -2     -0.963     -7.508     10.254
 184  164     -6.593     -3.054     -1.541
 229   -2     -2.372     -2.174      5.816
   2   -2      9.587     -2.973      5.033
 215   -2    -10.662     -1.865     -4.335
  61   63    -11.813     -9.807     -8.133
  58   -2      0.459     -6.010      1.980
 157   22      2.180     -6.621      5.115
 192   -2     17.747     -1.949     -1.107
  -1  101     17.611     -3.841      2.569
  -1   -2     -4.475     -5.411     -5.156
  37   -2      6.078     -6.935      7.136
 218   -2     -1.272     -8.983     -1.065
 211   -2     -5.958      1.272      3.419
  91  144     -5.729     -2.835      3.814
 127   -2      5.696      0.440     -0.906
  -1   29    -10.539     -7.855     -9.021
  -1  147      3.316      3.789     -0.346
 181   -2     19.886    -11.133     -5.048
 244  183     15.960      2.713     -8.322
  -1  100     17.419     -4.534      1.846
  -1   20     -9.003     -3.980     -2.432
  -1  137     -0.038     -0.390      1.718
 151  178    -12.849     -4.789     -3.244
  -1   -2     -5.933      2.328     -6.070
  -1   56     -0.196     -5.715    -11.997
  -1  180    -11.555     -7.440    -10.783
 243  130     -3.788    -10.427    -10.497
 210  190    -12.905      0.517      5.901
  -1   -2     19.354    -10.347      3.728
  -1  213     -6.492     -4.439      8.835
  -1   71      9.434      6.461      2.016
 213  115     -9.373     -0.776     -3.236
  -1  197    -10.017     -0.023     -5.459
  -1  216     -8.563     -0.432     -8.368
 212  194     -6.406      3.762     -7.950
  93   41     16.659      1.211     -0.219
  -1   -2     14.501      4.844      3.479
  -1  112     16.310     -4.161     11.759
  -1   -2     -7.296     -1.109      0.964
  -1  150     18.789     -8.174     -8.535
 225   -2      2.272      2.141      2.945
  24  181    -12.402     -5.387     -3.040
 208   -2    -10.444     -3.058     -8.000
  -1  201      2.425     -0.897      9.475
 204  121     14.320      0.510      0.123
  -1   -2     -9.424     -6.894     11.795
 234   -2      7.576      6.253      9.254
 120   -2    -14.723     -8.197      1.819
 158   -2     20.576     -9.346      5.019
  -1   -2     -8.081      4.890     -9.938
  -1  222      7.279      3.243     -2.567
  -1   -2     18.236     -8.296    -11.437
  -1   -2     -4.612     -0.737      5.063
  -1   -2     19.191      4.817     -5.162
  -1   18     20.196     -8.476      8.176
 247  200     18.371      5.705     -8.387
  -1  195     -6.545     -2.020     -4.541
 130   19      6.215      2.431     -1.077
  -1  208      4.842      4.941      4.492
  -1   -2     18.759     -3.804      8.459
  -1  234     20.311     -3.046     11.107
  -1   -2      2.999      5.781      5.361
 110  126     12.615      0.066     -3.410
  -1   -2    -13.476     -9.426     -4.879
 116   -2     -5.198      1.639     -7.732
  -1   -2     15.595     -5.951     -3.191
 123  168     -7.690     -6.612     -4.884
  84   -2     17.569     -7.541     -2.896
  -1   88    -11.407      1.630     -4.284
 203   -2    -12.679     -6.043      4.364
  -1   -2    -16.336     -7.071      5.240
 149   -2     -0.261     -1.482      9.093
 209   -2     -8.081      4.890     -9.938
  -1  205     19.191      4.817     -5.162
 227  236     -6.912     -2.260      6.749
  -1   -2     19.191      4.817     -5.162
