652
  -1   -2      8.816     -5.261      9.033
  16   57     11.094     -7.978     -0.545
  -1   -2      8.714     -5.312      6.243
  -1   -2      9.957     -3.361      6.590
   2    5      3.648     -7.873      5.667
  -1  130     13.803      1.423      9.222
  20   -2      6.399     -4.268     -2.764
  -1    7      6.739     -3.833      1.516
  -1  436     11.862     -3.770      3.794
  23   11      7.282     -7.244     -1.495
  25    1     10.603     -5.352     -5.141
   4   12     10.609     -5.839     -4.051
  17   -2     -1.686     -7.409     -6.619
  60   14     10.258     -8.081      7.197
 124   -2      5.144     -8.669      7.103
 161   36      9.297     -2.616      7.952
 148   90     -0.675     -2.320     -3.201
  -1   -2      7.201     -4.742     -6.815
  21   -2     10.528      1.759      5.921
  -1  143      3.875     -9.399     -6.701
  90   -2      3.798     -5.037     -3.481
  -1   -2     -3.045     -2.171      9.703
  -1   -2    -12.316     -1.479     -9.288
   8  112     14.206     -6.932     -9.214
  29   -2      6.546     -1.661     -2.224
  30   26      6.604     -9.571     -5.777
  -1   27      6.935     -9.042      5.797
  45   -2     11.947     -6.901      4.295
  32   -2      9.674     -0.786     10.215
  -1  209     10.755     -5.218      6.021
  -1   32     -1.447     -5.457      3.092
  33  144      8.776     -8.998     -6.406
  35   51     11.075     -1.746      3.688
  -1   -2     -5.576     -5.347     -4.380
 136   -2      6.804     -2.311     -6.357
  43   -2     -8.327     -7.472      2.118
  38  157    -11.794     -6.805     -9.918
  98   -2      9.354     -5.158     -2.974
  -1   -2     -0.607     -9.012      4.788
  40   41     19.394     -8.738     -5.524
  42   38      9.434     -4.252      4.231
   3   28      8.368     -5.076      1.878
 151   -2     14.211     -6.748      5.387
 130   -2     -9.074     -9.103     -5.343
  -1   47     -3.250     -4.312     -5.517
  44   93     -3.378     -9.295     -4.721
  -1   46      9.589     -9.762      7.866
  46   48     -0.646     -6.533      9.435
  49   52     15.574     -0.677     -5.191
  50   49     -0.135     -7.054      8.571
 191   -2     17.865     -1.569     -3.037
  -1    3      9.814     -6.916      3.367
  -1   -2    -12.204     -1.087     -5.616
 109   92     15.743     -6.734      3.828
  85   24     14.123     -7.364     -6.038
  -1   -2      9.154     -9.388    -10.308
  22   -2     11.992     -8.623     -6.525
  -1   44      7.752     -0.065     -7.726
  -1   53      2.892     -5.101      7.415
  -1   86     -7.912     -3.962     -2.606
  61   64     -8.306     -8.419     -0.609
  95   -2     -0.303     -5.549      5.032
  -1   68     13.975     -4.900     -1.367
  -1  167     14.690     -4.121      3.495
 155  163      8.817     -3.390      6.854
  70   71      8.996      1.265      8.985
 159  166     15.172    -10.196     -4.516
 265   -2     13.052      0.152     -1.139
 150   55     17.117     -6.816      4.021
 154   -2     10.202    -10.078     -2.662
  -1   39     -6.778     -9.712      8.326
  -1   67      5.053     -2.953     -4.455
 122   -2     14.751     -2.503     -4.649
  67   -2     14.350     -9.542      4.472
  -1  123      1.110     -5.104      1.424
  68   -2     15.455     -3.174     -1.398
  59  158     -4.062    -10.872     -3.830
  41   42      9.499     -4.742     -7.450
  48   75     -9.579     -6.679     -2.959
  74  138     15.919     -9.190      4.010
 120   84     18.290     -7.218     -3.831
  37   -2     -8.031     -6.600     -1.563
  -1  161     10.416     -6.616    -10.224
  57   -2      9.507     -7.454      4.587
 145  149      2.723     -1.595      9.632
  53   -2     16.334     -8.674      5.661
  66   54     -3.778     -6.865      0.070
 106   -2     -4.012    -10.512      2.411
  34   13     -0.969     -6.759     -1.819
  -1   43     -4.173    -10.459     -8.930
 101   63     -6.597     -3.056     -1.563
 141   -2     11.530     -8.868     -4.355
  -1   -2     17.057     -7.722     -5.540
  -1   21      9.099      6.163      8.851
  -1  103    -12.957     -5.171     -4.378
 116   85     16.333      1.009      0.475
  -1  104     -0.280      0.751      8.961
  55   19     -0.038     -0.391      1.714
  -1   33    -10.001    -10.652      2.936
  -1   -2     19.964     -0.121     -2.390
  -1   -2     20.529     -4.525     -3.982
  88   -2     16.340     -2.988      0.284
 133  175     17.549      2.357     -1.593
  -1   -2      0.280      4.701     -8.883
  -1   -2     -0.180     -5.719    -11.988
  -1   72     -3.393      0.353     -1.533
  -1   -2      5.980    -10.184     -6.667
  -1   -2    -11.546     -0.139      9.977
  -1   -2    -10.570     -5.311    -10.016
 115  101     -0.327     -1.494      9.273
  -1  164    -10.288     -3.783     -0.346
  -1  127    -11.526     -0.872     -9.138
  -1   -2    -12.862     -6.596     -8.087
  54   97      6.644     -9.560    -10.706
  -1   -2     -6.406      3.759     -7.955
 537  533     -8.569     -0.434     -8.353
  -1   79     11.616     -9.842      9.438
  99   -2     15.560      4.682     -6.262
  -1  124     16.270     -2.101    -11.647
 100   22      1.322     -4.029     -1.815
  -1   -2     14.500      4.843      3.480
   9  153    -10.789     -0.630     -4.082
  -1   88     -1.028      2.407     -3.775
 123   -2    -10.478      0.133     -3.724
  -1   -2     20.867     -5.306      7.783
 167   -2     11.934      2.180      7.508
  97   89     -1.017     -7.876     -2.363
  -1  182     18.095     -5.205      0.465
  -1   -2     -8.081      4.888     -9.936
  -1  128     -7.186     -1.945    -10.104
  -1   -2      0.430     -9.804      1.403
  -1   -2     -1.586     -9.186      6.008
  -1  265     14.320      0.508      0.129
 112    8     -4.612     -0.738      5.062
 459   -2     -0.903      2.029     -3.168
 131  140    -12.362      1.598     -8.617
  -1  105     19.192      4.816     -5.158
 135  118      6.130     -9.586    -10.832
  -1   -2      7.480     -1.669     -7.847
 127  126      4.655    -10.385      2.192
 139  145      4.988      1.735     -4.652
 177   80      0.785     -1.653     -3.143
 140  147      4.847     -7.475      0.435
 143  148     15.975      1.126     -2.753
 163  151     15.368     -3.596     -2.863
  56   40     -1.750     -8.284      8.339
  -1   96     20.326     -3.050     11.150
  -1   62      1.661     -4.114      9.486
  -1   74      8.971     -7.506    -10.412
  -1  155      9.973     -7.271     -6.478
 107   50     18.894     -0.666     -2.938
  78  150      6.658     -6.486     -7.511
  -1  156     -0.938     -9.505      9.075
 174  154     -5.866      2.574     -8.939
 114   -2    -11.316     -9.878     -8.721
  -1  160     17.399      2.670      5.129
  72   66     16.014     -5.439      6.858
  -1   -2     11.433     -2.895     -5.142
  75   -2    -11.478     -3.945     -6.395
  -1   -2      2.280     -2.485     -8.953
  -1  162     12.871      3.335     -4.329
 158   -2    -11.264     -3.023     -5.024
  -1   78      9.501     -5.494     -9.442
  96  525      6.114     -2.499      8.348
 164  114     -1.687     -2.082      9.577
  12   37      6.277     -2.962     -4.455
  -1   -2     -4.856    -11.449     -0.836
  -1   -2     13.809     -3.080    -12.031
  -1    2     16.001     -7.955      9.353
 138   -2     16.073     -1.349      0.596
  -1   16      9.920     -3.366      6.552
  -1   -2      9.920     -3.366      6.552
  -1   -2      6.739     -3.833      1.516
  -1   -2     12.023     -3.788      3.393
  -1   -2      8.755     -5.343      5.753
  -1    0     10.160     -5.199      7.485
  -1  588     -3.031     -2.184      9.804
  -1   -2     16.333      1.009      0.475
  -1   -2      9.099      6.163      8.851
  -1   -2     19.964     -0.121     -2.390
  -1   -2     20.529     -4.525     -3.982
  -1   -2      0.280      4.701     -8.883
 173  196    -11.546     -0.139      9.977
  -1   -2     -6.406      3.759     -7.955
  -1   -2     -8.569     -0.434     -8.353
  -1  193     14.500      4.843      3.480
  -1   -2     -1.028      2.407     -3.775
  -1   -2     18.095     -5.205      0.465
  -1   -2     20.867     -5.306      7.783
  -1   -2     -8.081      4.888     -9.936
  -1   -2     14.320      0.508      0.129
  -1   -2     19.192      4.816     -5.158
  -1   -2      9.707     -2.255     -0.864
 203  222      8.755     -5.343      5.753
  -1   -2      9.920     -3.366      6.552
  -1   -2      6.739     -3.833      1.516
  -1   -2     12.023     -3.788      3.393
 187   -2     10.160     -5.199      7.485
  -1   25     -0.829     -9.066      4.209
  -1   -2     -3.031     -2.184      9.804
  -1   -2      9.099      6.163      8.851
  -1   -2     16.333      1.009      0.475
  -1   -2     19.964     -0.121     -2.390
  -1   -2     20.529     -4.525     -3.982
  -1   -2      0.280      4.701     -8.883
  -1   -2     -8.569     -0.434     -8.353
  -1   -2     -6.406      3.759     -7.955
  -1   -2     14.500      4.843      3.480
  -1   -2     -1.028      2.407     -3.775
  -1   -2     -8.081      4.888     -9.936
  -1   -2     20.867     -5.306      7.783
  -1   -2     14.320      0.508      0.129
  -1   -2     19.192      4.816     -5.158
  -1   -2      6.739     -3.833      1.516
  -1   -2     12.023     -3.788      3.393
  -1   -2     -0.829     -9.066      4.209
  -1   -2     -3.031     -2.184      9.804
  -1   -2     16.333      1.009      0.475
  -1   -2      9.099      6.163      8.851
  -1   -2      0.280      4.701     -8.883
  -1   -2     19.964     -0.121     -2.390
  -1   -2     20.529     -4.525     -3.982
  -1   -2     -8.569     -0.434     -8.353
  -1   -2     -6.406      3.759     -7.955
  -1   -2     14.500      4.843      3.480
  -1   -2     -1.028      2.407     -3.775
  -1   -2     -8.081      4.888     -9.936
  -1   -2     19.192      4.816     -5.158
 220  237     20.867     -5.306      7.783
  -1   -2      9.920     -3.366      6.552
  -1   -2      9.920     -3.366      6.552
  -1   -2      6.739     -3.833      1.516
  -1   -2     12.023     -3.788      3.393
  -1   -2     -0.829     -9.066      4.209
  -1   -2     -3.031     -2.184      9.804
  -1   -2     16.333      1.009      0.475
  -1   -2      9.099      6.163      8.851
  -1   -2      0.280      4.701     -8.883
  -1   -2     20.529     -4.525     -3.982
  -1   -2     -8.569     -0.434     -8.353
  -1   -2     -6.406      3.759     -7.955
  -1   -2     14.500      4.843      3.480
  -1   -2     -1.028      2.407     -3.775
  -1   -2     -8.081      4.888     -9.936
  -1   -2     19.192      4.816     -5.158
  -1   -2      9.920     -3.366      6.552
  -1   -2      6.739     -3.833      1.516
  -1   -2     12.023     -3.788      3.393
  -1   -2     -0.829     -9.066      4.209
  -1   -2     -3.031     -2.184      9.804
  -1   -2      9.099      6.163      8.851
  -1   -2     16.333      1.009      0.475
  -1   -2     20.529     -4.525     -3.982
  -1   -2      0.280      4.701     -8.883
  -1   -2     -6.406      3.759     -7.955
  -1   -2     -8.569     -0.434     -8.353
  -1   -2     14.500      4.843      3.480
  -1   -2     -1.028      2.407     -3.775
  -1   -2     -8.081      4.888     -9.936
  -1   -2     19.192      4.816     -5.158
  -1   -2      9.707     -2.255     -0.864
  -1   -2      6.739     -3.833      1.516
  -1   -2     12.023     -3.788      3.393
  -1   -2     -0.829     -9.066      4.209
  -1   -2     -3.031     -2.184      9.804
  -1  136     16.333      1.009      0.475
  -1   -2      9.099      6.163      8.851
  -1   -2     20.529     -4.525     -3.982
  -1   -2      0.280      4.701     -8.883
  -1   -2     -8.569     -0.434     -8.353
  -1   -2     -6.406      3.759     -7.955
  -1   -2     14.500      4.843      3.480
  -1   -2     -1.028      2.407     -3.775
  -1   -2     -8.081      4.888     -9.936
  -1   -2     19.192      4.816     -5.158
  -1   -2      9.920     -3.366      6.552
  -1   -2      9.920     -3.366      6.552
  -1   -2      6.739     -3.833      1.516
  -1   -2     12.023     -3.788      3.393
  -1   -2     -0.829     -9.066      4.209
  -1   -2     -3.031     -2.184      9.804
  -1   -2      9.099      6.163      8.851
  -1   -2     20.529     -4.525     -3.982
  -1   -2      0.280      4.701     -8.883
  -1   -2     -6.406      3.759     -7.955
  -1   -2     -8.569     -0.434     -8.353
  -1   -2     14.500      4.843      3.480
  -1   -2     -1.028      2.407     -3.775
  -1   -2     -8.081      4.888     -9.936
  -1   -2     19.192      4.816     -5.158
  -1   -2      9.920     -3.366      6.552
  -1   -2      9.920     -3.366      6.552
  -1   -2      6.739     -3.833      1.516
  -1   -2     12.023     -3.788      3.393
  -1   -2     -0.829     -9.066      4.209
  -1   -2     -3.031     -2.184      9.804
  -1   -2      9.099      6.163      8.851
  -1   -2      0.280      4.701     -8.883
  -1   -2     20.529     -4.525     -3.982
  -1   -2     -6.406      3.759     -7.955
  -1   -2     -8.569     -0.434     -8.353
  -1   -2     14.500      4.843      3.480
  -1   -2     -1.028      2.407     -3.775
  -1   -2     19.192      4.816     -5.158
  -1   -2     -8.081      4.888     -9.936
 281  293      9.707     -2.255     -0.864
  -1   -2      6.739     -3.833      1.516
  -1   -2     12.023     -3.788      3.393
  -1   -2     -0.829     -9.066      4.209
  -1   -2     -3.031     -2.184      9.804
  -1   -2     20.529     -4.525     -3.982
  -1   -2      0.280      4.701     -8.883
 289  301      9.099      6.163      8.851
  -1   -2     -6.406      3.759     -7.955
  -1   -2     -8.569     -0.434     -8.353
  -1   -2     14.500      4.843      3.480
  -1   -2     -1.028      2.407     -3.775
  -1   -2     -8.081      4.888     -9.936
  -1   -2     19.192      4.816     -5.158
  -1   -2      9.920     -3.366      6.552
  -1   -2      6.739     -3.833      1.516
  -1   -2     12.023     -3.788      3.393
  -1   -2     -0.829     -9.066      4.209
  -1   -2     -3.031     -2.184      9.804
  -1   -2     20.529     -4.525     -3.982
  -1   -2      0.280      4.701     -8.883
  -1   -2     -6.406      3.759     -7.955
  -1   -2     -8.569     -0.434     -8.353
  -1   -2     -1.028      2.407     -3.775
  -1   -2     14.500      4.843      3.480
  -1   -2     -8.081      4.888     -9.936
  -1   -2     19.192      4.816     -5.158
  -1   -2      9.920     -3.366      6.552
  -1   -2      9.920     -3.366      6.552
  -1   -2      6.739     -3.833      1.516
  -1   -2     12.023     -3.788      3.393
  -1   -2     -3.031     -2.184      9.804
 108  314     20.529     -4.525     -3.982
  -1   -2      0.280      4.701     -8.883
  -1   -2     -8.569     -0.434     -8.353
  -1   -2     -6.406      3.759     -7.955
  -1   -2     14.500      4.843      3.480
  -1   -2     -1.028      2.407     -3.775
  -1   -2     -8.081      4.888     -9.936
  -1   -2     19.192      4.816     -5.158
  -1   -2      9.920     -3.366      6.552
  -1   -2      9.920     -3.366      6.552
  -1   -2      6.739     -3.833      1.516
  -1   -2     12.023     -3.788      3.393
  -1   -2     -0.829     -9.066      4.209
  -1   -2     -3.031     -2.184      9.804
  -1   -2      0.280      4.701     -8.883
  -1   -2     -6.406      3.759     -7.955
  -1   -2     -8.569     -0.434     -8.353
  -1   -2     14.500      4.843      3.480
  -1   -2     -1.028      2.407     -3.775
  -1   -2     -8.081      4.888     -9.936
  -1   -2     19.192      4.816     -5.158
  -1   -2      9.920     -3.366      6.552
  -1   -2      6.739     -3.833      1.516
  -1   -2     12.023     -3.788      3.393
  -1   -2     -0.829     -9.066      4.209
  -1   -2      0.280      4.701     -8.883
  -1   -2     -6.406      3.759     -7.955
  -1   -2     -8.569     -0.434     -8.353
  -1   -2     14.500      4.843      3.480
  -1   -2     -1.028      2.407     -3.775
  -1   -2     -8.081      4.888     -9.936
  -1   -2     19.192      4.816     -5.158
  -1   -2      6.739     -3.833      1.516
  -1   -2     12.023     -3.788      3.393
 371  376     -0.829     -9.066      4.209
  -1   -2     -3.031     -2.184      9.804
  -1   -2      0.280      4.701     -8.883
  -1   -2     -6.406      3.759     -7.955
  -1   -2     -8.569     -0.434     -8.353
  -1   -2     14.500      4.843      3.480
  -1   -2     -1.028      2.407     -3.775
  -1   -2     -8.081      4.888     -9.936
 414   -2     19.192      4.816     -5.158
  -1   -2      9.920     -3.366      6.552
  -1   -2      9.920     -3.366      6.552
  -1   -2      6.739     -3.833      1.516
  -1   -2     12.023     -3.788      3.393
  -1   -2     -3.031     -2.184      9.804
  -1   -2      0.280      4.701     -8.883
  -1   -2     -8.569     -0.434     -8.353
  -1   -2     -6.406      3.759     -7.955
  -1   -2     14.500      4.843      3.480
  -1   -2     -1.028      2.407     -3.775
  -1   -2     -8.081      4.888     -9.936
  -1   -2      9.920     -3.366      6.552
  -1   -2      6.739     -3.833      1.516
  -1   -2     12.023     -3.788      3.393
  -1   -2     -3.031     -2.184      9.804
  -1   -2      0.280      4.701     -8.883
  -1   -2     -8.569     -0.434     -8.353
  -1   -2     -6.406      3.759     -7.955
  -1   -2     -1.028      2.407     -3.775
  -1   -2     14.500      4.843      3.480
  -1   -2     -8.081      4.888     -9.936
  -1   -2      6.739     -3.833      1.516
  -1   -2     12.023     -3.788      3.393
  -1   -2     -3.031     -2.184      9.804
  -1   -2      0.280      4.701     -8.883
  -1   -2     -8.569     -0.434     -8.353
  -1   -2     -6.406      3.759     -7.955
  -1   -2     14.500      4.843      3.480
  -1   -2     -1.028      2.407     -3.775
  -1   -2     -8.081      4.888     -9.936
  -1   -2      6.739     -3.833      1.516
  -1   -2     12.023     -3.788      3.393
  -1   -2     -3.031     -2.184      9.804
  -1   -2      0.280      4.701     -8.883
  -1   -2     -6.406      3.759     -7.955
  -1   -2     -8.569     -0.434     -8.353
  -1   -2     14.500      4.843      3.480
  -1   -2     -1.028      2.407     -3.775
  -1   -2     -8.081      4.888     -9.936
  -1   -2      9.920     -3.366      6.552
  -1   -2      9.920     -3.366      6.552
  -1   -2      6.739     -3.833      1.516
  -1   -2     12.023     -3.788      3.393
  -1   -2     -3.031     -2.184      9.804
  -1   -2      0.280      4.701     -8.883
  -1   -2     -6.406      3.759     -7.955
  -1   -2     -8.569     -0.434     -8.353
  -1   -2     14.500      4.843      3.480
  -1   -2     -1.028      2.407     -3.775
  -1   -2     -8.081      4.888     -9.936
  -1   -2      9.920     -3.366      6.552
  -1   -2      6.739     -3.833      1.516
 437   -2     12.023     -3.788      3.393
  -1   -2     -3.031     -2.184      9.804
  -1   -2      0.280      4.701     -8.883
  -1   -2     -8.569     -0.434     -8.353
  -1   -2     -6.406      3.759     -7.955
  -1   -2     14.500      4.843      3.480
  -1   -2     -1.028      2.407     -3.775
  -1   -2     -8.081      4.888     -9.936
  -1   -2      9.920     -3.366      6.552
  -1   -2      6.739     -3.833      1.516
  -1   -2     -3.031     -2.184      9.804
  -1   -2      0.280      4.701     -8.883
  -1   -2     -6.406      3.759     -7.955
  -1   -2     -8.569     -0.434     -8.353
  -1   -2     14.500      4.843      3.480
  -1   -2     -1.028      2.407     -3.775
  -1   -2     -8.081      4.888     -9.936
  -1   -2      9.920     -3.366      6.552
  -1   -2      6.739     -3.833      1.516
  -1   -2     -3.031     -2.184      9.804
  -1   -2      0.280      4.701     -8.883
  -1   -2     -6.406      3.759     -7.955
  -1   -2     -8.569     -0.434     -8.353
  -1   -2     -1.028      2.407     -3.775
  -1   -2     14.500      4.843      3.480
  -1   -2     -8.081      4.888     -9.936
  -1   -2      9.920     -3.366      6.552
  -1   -2      9.920     -3.366      6.552
  -1   -2      6.739     -3.833      1.516
  -1   -2     -3.031     -2.184      9.804
  -1   -2      0.280      4.701     -8.883
  -1   -2     -6.406      3.759     -7.955
  -1   -2     -8.569     -0.434     -8.353
  -1   -2     14.500      4.843      3.480
  -1   -2     -1.028      2.407     -3.775
  -1   -2     -8.081      4.888     -9.936
  -1   -2      9.920     -3.366      6.552
  -1   -2      6.739     -3.833      1.516
  -1   -2     -3.031     -2.184      9.804
  -1   -2      0.280      4.701     -8.883
  -1   -2     -6.406      3.759     -7.955
  -1   -2     -8.569     -0.434     -8.353
  -1   -2     14.500      4.843      3.480
 147  132     -1.028      2.407     -3.775
  -1   -2     -8.081      4.888     -9.936
  -1   -2      9.920     -3.366      6.552
  -1   -2      9.920     -3.366      6.552
  -1   -2      6.739     -3.833      1.516
  -1   -2     -3.031     -2.184      9.804
  -1   -2      0.280      4.701     -8.883
  -1   -2     -6.406      3.759     -7.955
  -1   -2     -8.569     -0.434     -8.353
  -1   -2     14.500      4.843      3.480
  -1   -2     -8.081      4.888     -9.936
  -1   -2      9.920     -3.366      6.552
  -1   -2      6.739     -3.833      1.516
  -1   -2     -3.031     -2.184      9.804
  -1   -2      0.280      4.701     -8.883
  -1   -2     -6.406      3.759     -7.955
  -1   -2     -8.569     -0.434     -8.353
  -1   -2     14.500      4.843      3.480
  -1   -2     -8.081      4.888     -9.936
  -1   -2      9.920     -3.366      6.552
  -1   -2      9.920     -3.366      6.552
  -1   -2      6.739     -3.833      1.516
  -1   -2     -3.031     -2.184      9.804
  -1   -2      0.280      4.701     -8.883
  -1   -2     -6.406      3.759     -7.955
  -1   -2     -8.569     -0.434     -8.353
  -1   -2     14.500      4.843      3.480
  -1   -2     -8.081      4.888     -9.936
  -1   -2      9.920     -3.366      6.552
  -1   -2      9.920     -3.366      6.552
  -1   -2      6.739     -3.833      1.516
  -1   -2     -3.031     -2.184      9.804
  -1   -2      0.280      4.701     -8.883
  -1   -2     -8.569     -0.434     -8.353
  -1   -2     -6.406      3.759     -7.955
  -1   -2     14.500      4.843      3.480
  -1   -2     -8.081      4.888     -9.936
  -1   -2      6.739     -3.833      1.516
  -1   -2     -3.031     -2.184      9.804
  -1   -2      0.280      4.701     -8.883
  -1   -2     -8.569     -0.434     -8.353
  -1   -2     -6.406      3.759     -7.955
  -1   -2     14.500      4.843      3.480
  -1   -2     -8.081      4.888     -9.936
  -1   -2      9.920     -3.366      6.552
  -1   -2      6.739     -3.833      1.516
  -1   -2     -3.031     -2.184      9.804
  -1   -2      0.280      4.701     -8.883
  -1   -2     -8.569     -0.434     -8.353
  -1   -2     -6.406      3.759     -7.955
  -1   -2     14.500      4.843      3.480
  -1   -2     -8.081      4.888     -9.936
  -1   -2      9.920     -3.366      6.552
  -1   -2      6.739     -3.833      1.516
  -1   -2     -3.031     -2.184      9.804
  -1   -2      0.280      4.701     -8.883
  -1   -2     -6.406      3.759     -7.955
  -1   -2     -8.569     -0.434     -8.353
  -1   -2     14.500      4.843      3.480
  -1   -2     -8.081      4.888     -9.936
  -1   -2      6.739     -3.833      1.516
  -1   -2     -3.031     -2.184      9.804
  -1   -2      0.280      4.701     -8.883
  -1   -2     -6.406      3.759     -7.955
  -1   -2     -8.569     -0.434     -8.353
  -1   -2     14.500      4.843      3.480
  -1   -2     -8.081      4.888     -9.936
  -1   -2      9.920     -3.366      6.552
  -1   -2      6.739     -3.833      1.516
  -1   -2     -3.031     -2.184      9.804
  -1   -2      0.280      4.701     -8.883
 512  508     -6.406      3.759     -7.955
  -1   -2     -8.569     -0.434     -8.353
  -1   -2     14.500      4.843      3.480
  -1   -2     -8.081      4.888     -9.936
 529   -2      9.920     -3.366      6.552
  -1   -2      6.739     -3.833      1.516
  -1   -2     -3.031     -2.184      9.804
  -1   -2      0.280      4.701     -8.883
 175  179     -8.569     -0.434     -8.353
  -1   -2     14.500      4.843      3.480
  -1   -2     -8.081      4.888     -9.936
  -1   -2      6.739     -3.833      1.516
  -1   -2     -3.031     -2.184      9.804
  -1   -2      0.280      4.701     -8.883
  -1   -2     14.500      4.843      3.480
  -1   -2     -8.081      4.888     -9.936
  -1   -2      6.739     -3.833      1.516
  -1   -2     -3.031     -2.184      9.804
  -1   -2      0.280      4.701     -8.883
  -1   -2     14.500      4.843      3.480
  -1   -2     -8.081      4.888     -9.936
 516  512      6.739     -3.833      1.516
  -1   -2     -3.031     -2.184      9.804
  -1   -2      0.280      4.701     -8.883
  -1   -2     14.500      4.843      3.480
  -1   -2     -8.081      4.888     -9.936
  -1   -2     -3.031     -2.184      9.804
  -1   -2      0.280      4.701     -8.883
  -1   -2     14.500      4.843      3.480
  -1   -2     -8.081      4.888     -9.936
  -1   -2     -3.031     -2.184      9.804
  -1   -2      0.280      4.701     -8.883
  -1   -2     14.500      4.843      3.480
  -1   -2     -8.081      4.888     -9.936
  -1   -2      0.280      4.701     -8.883
  -1   -2     14.500      4.843      3.480
  -1   -2     -8.081      4.888     -9.936
  -1   -2     -3.031     -2.184      9.804
  -1   -2      0.280      4.701     -8.883
  -1   -2     14.500      4.843      3.480
  -1   -2     -8.081      4.888     -9.936
  -1   -2     -3.031     -2.184      9.804
  -1   -2      0.280      4.701     -8.883
  -1   -2     14.500      4.843      3.480
  -1   -2     -8.081      4.888     -9.936
  -1   -2      0.280      4.701     -8.883
  -1   -2     14.500      4.843      3.480
  -1   -2     -8.081      4.888     -9.936
  -1   -2     -3.031     -2.184      9.804
  -1   -2      0.280      4.701     -8.883
  -1   -2     14.500      4.843      3.480
  -1   -2     -8.081      4.888     -9.936
  -1   -2     -3.031     -2.184      9.804
  -1   -2      0.280      4.701     -8.883
  -1   -2     14.500      4.843      3.480
  -1   -2     -8.081      4.888     -9.936
 592   -2     -3.031     -2.184      9.804
  -1   -2      0.280      4.701     -8.883
  -1   -2     14.500      4.843      3.480
  -1   -2     -8.081      4.888     -9.936
  -1   -2      0.280      4.701     -8.883
  -1   -2     14.500      4.843      3.480
  -1   -2     -8.081      4.888     -9.936
  -1   -2      0.280      4.701     -8.883
  -1   -2     14.500      4.843      3.480
  -1   -2     -8.081      4.888     -9.936
  -1   -2      0.280      4.701     -8.883
  -1   -2     14.500      4.843      3.480
 618  117     -8.081      4.888     -9.936
  -1   -2      0.280      4.701     -8.883
  -1   -2     14.500      4.843      3.480
  -1   -2      0.280      4.701     -8.883
  -1   -2     14.500      4.843      3.480
  -1   -2      0.280      4.701     -8.883
  -1   -2     14.500      4.843      3.480
  -1   -2      0.280      4.701     -8.883
  -1   -2     14.500      4.843      3.480
  -1   -2      0.280      4.701     -8.883
  -1   -2     14.500      4.843      3.480
  -1   -2      0.280      4.701     -8.883
  -1   -2     14.500      4.843      3.480
  -1   -2      0.280      4.701     -8.883
  -1   -2     14.500      4.843      3.480
  -1   -2      0.280      4.701     -8.883
  -1   -2     14.500      4.843      3.480
  -1   -2      0.280      4.701     -8.883
  -1   -2     14.500      4.843      3.480
  -1   -2      0.280      4.701     -8.883
  -1   -2     14.500      4.843      3.480
  -1   -2      0.280      4.701     -8.883
  -1   -2     14.500      4.843      3.480
  -1   -2      0.280      4.701     -8.883
  -1   -2     14.500      4.843      3.480
  -1   -2      0.280      4.701     -8.883
  -1   -2     14.500      4.843      3.480
  -1   -2      0.280      4.701     -8.883
  -1   -2     14.500      4.843      3.480
  -1   -2      0.280      4.701     -8.883
  -1   -2     14.500      4.843      3.480
  -1   -2      0.280      4.701     -8.883
  -1   -2     14.500      4.843      3.480
  -1   -2     14.500      4.843      3.480
  -1   -2      0.280      4.701     -8.883
  -1   -2     14.500      4.843      3.480
 637  633      0.280      4.701     -8.883
 176  635     14.500      4.843      3.480
