384
 112  123     -7.842     -7.484      3.052
  -1   -2     -6.454     -1.013      2.951
  89  257     15.210     -2.685      0.977
   7  334     -4.526     -8.391     -8.806
   3    4     -3.338      1.486      7.128
  15    3     15.379     -5.058      0.349
   5    7      6.291     -0.436      2.939
 110  295     17.511     -0.517      2.580
   6    8     -4.014     -3.221      0.317
 254   -2    -12.185     -4.935     -5.511
 105  275     10.699     -5.321     -4.924
 291  166      9.915     -4.535      1.443
   9    6     -4.293      1.151      6.990
  12  174     17.740     -6.695      0.422
 126   -2     -9.332     -7.156      1.560
  23   11     17.335     -5.968     -0.678
 263  169     -3.827     -4.829     -4.169
 148   -2      8.129     -9.343      0.937
  38   71      8.808      0.751      0.684
 317   46     17.597      0.415     -0.731
 201   -2      3.672     -7.827      4.168
 374  346     -8.096     -0.323     -9.513
 312   -2      9.088     -7.531      4.876
  14   65     -9.853     -6.185      1.097
  20   32     -1.574      4.420      4.699
   8   58     16.849     -0.633     -5.148
  -1   22      6.799     -3.516     -1.170
  -1   20      6.595     -4.486     -2.369
  -1   -2     16.231     -8.818      4.378
 192  152     10.346     -8.117      6.591
 177  153     16.083     -1.568      4.939
 200   -2      7.697     -4.719     -8.228
  33  131     12.019     -6.927      5.219
 146  104     -8.549     -7.941      4.919
  28   21     16.089     -4.430     -8.712
  -1   -2     -1.360     -7.348      6.265
  44   37     -5.593     -5.365     -5.397
  -1   -2     12.188     -5.898     -8.298
 202  118    -11.057     -8.410      0.034
 179   -2     19.510     -9.349     -4.852
 233   -2     17.265     -3.427     -5.553
 194   38      5.430      1.747     -7.611
  41  186     -3.747     -5.679      1.237
  66   51      9.624     -3.809      5.849
 305  282     -1.533     -4.987      0.719
  -1  159     15.492     -7.262      4.248
  -1   -2     14.223      1.433     -3.604
  -1   -2      5.699     -6.063      9.891
 223   82     -5.240     -7.767     -0.658
  -1  216     12.248     -6.906      8.985
 104   74     -9.808     -8.807     -4.888
  -1  181     19.029     -2.686     -8.806
 205  285     12.290     -0.301      2.079
 313   -2     15.640     -0.348     -2.676
 168   -2      1.265     -1.593     -4.599
 268  247     18.873     -4.483     -0.959
 143  124     13.908     -7.202      8.519
 372   16     -8.111     -6.637     -1.375
  -1   10     15.764     -3.933      1.145
 293   45     17.074     -7.386     -1.337
 128   -2     19.079      1.942     -2.760
  88   -2     -5.904     -8.916     -1.291
 145  291     20.082     -7.556     -1.861
 229  234      4.602      2.377      0.600
 169  108     10.288     -2.716      7.958
  -1   39      1.432     -7.201      3.608
  -1  145     10.474     -4.879      9.786
  -1   -2     -5.254     -6.901     -9.655
 253   59     19.571      6.199     -0.410
 132   -2      4.234     -0.360      1.569
 222  250     18.483     -5.328      1.713
 157  207     10.073     -0.782     10.334
 213  127     11.932      0.905      8.814
  60   -2     -8.416     -2.334     -7.995
 220   80      0.754     -4.867      5.129
 265   -2     10.456     -7.387     -6.939
  -1   -2     10.864     -4.599      7.933
  -1   69      4.536     -2.941     -2.934
 108   27     14.995     -2.637     -0.178
  -1  279      9.644      1.390     -0.569
  -1   -2     -5.509     -7.621     -1.447
  10  168     15.702     -3.379      4.113
  37   73     19.893     -6.608     -5.180
 153   60    -11.753     -7.190     -8.537
  78  270     17.736     -7.141     -5.561
 245   79      4.887     -1.023      3.889
 283  294     12.088     -9.290     -8.167
  -1   90     11.310     -5.975     -0.431
  -1  178      6.358     -6.125      7.858
 264   48     -3.430     -3.287      7.763
 155  283     10.222     -5.860      9.922
 171  274     11.500     -8.222      9.182
   4   -2     15.074     -2.989      1.704
  48  244     -2.333     -3.907      2.414
  -1  163      8.818     -5.697     10.090
 260   15      4.939     -5.841      6.503
  -1   98      8.732     -1.249      3.203
  99   -2      6.388     -0.839      5.103
 276  256      1.776     -3.705      9.744
 163   -2    -12.785     -9.176     -6.907
  -1   -2     12.246     -1.245      9.109
  32   18     18.568     -0.793      0.747
 161  103     10.705     -8.866      1.351
 206  162     -0.526     -8.225      1.102
 154   -2     16.994     -1.454     -8.988
  -1  105     20.358     -3.327     -2.507
  -1   -2     15.603     -4.617      2.054
  -1   -2     -9.334      3.868     -5.304
 136   -2     13.751     -1.393      8.655
  -1  144     -2.059     -6.491      4.029
  19   64     15.104     -6.428     -5.410
  -1   28     19.014     -1.971      0.839
 178  107      2.447     -0.902      9.418
  -1   24     10.930     -1.946      5.070
  -1   -2      5.759     -1.942     -4.953
  -1   13     10.089     -8.921     -1.616
  83   -2     11.700     -8.059      1.504
 352  101     18.488      3.260     -0.322
 135   -2     17.440     -8.312     -5.650
  -1   -2      8.814     -6.222     -9.438
 226  176     14.731      2.755      9.922
  50   -2    -10.157     -7.835     -0.955
  -1   87      3.953     -8.213      8.145
 214   95     13.946     -7.491     -5.748
  -1   -2     15.759     -2.576     -7.634
  -1  191      5.961     -9.364      1.243
 257   -2     -9.297     -8.549      2.755
 114   -2     13.469      1.682     10.059
 251  156     17.351     -9.544     -2.584
  -1   70     -4.423     -7.796      6.143
 228   -2      1.956     -6.373     -7.003
  -1   -2     -3.187     -1.628     -7.617
  -1   -2      4.356     -8.721      6.998
 103   -2     -4.577     -3.621     -4.771
  46  120     11.873      3.588      9.024
  -1   -2     15.884     -5.636      3.032
  -1  219     18.837     -0.850     -5.696
 119  164     16.256      2.153     -4.642
  -1  155     -5.447     -4.564    -10.563
  -1   63     10.285     -4.246      1.374
  34  198     13.229     -6.898     -6.716
 141  311    -12.480     -9.854     -2.932
  76   -2     15.764     -4.516     -1.217
 129  154      2.859     -8.391    -10.163
  -1   -2     -3.047     -2.170      9.701
 113   -2     15.999     -0.064      6.285
 199  126     19.637    -10.037     -4.617
  -1   -2     11.094     -3.619      6.072
 315  266     -5.633     -6.703      1.489
  -1  190      4.915     -9.318      9.705
 211   31     13.591     -8.985     -4.295
  -1   -2     10.272     -8.576      3.721
 115  114     13.684     -1.040     -0.107
  -1  319    -13.315     -4.846     -4.355
  30   19     15.408     -7.972      3.245
  -1   -2     17.894     -6.354     -4.013
  -1   -2     -5.755     -6.949      9.145
  -1  208    -13.808     -9.821     -4.366
 193   -2      3.771     -7.495      7.784
  -1  125      7.615     -7.418     -4.221
  -1   -2     18.262     -9.969      2.217
 217   -2     10.699     -1.071     -2.922
  -1   -2      9.294     -7.144      4.921
 120   -2      8.273     -3.844      1.526
 304   -2     -4.002     -7.259      7.768
 255  170      5.367     -1.493      7.690
  39   81     17.762     -9.377     -8.387
  -1   -2      5.670     -9.113      0.122
  -1   -2     10.403     -3.243      5.251
  -1  255     -0.125     -6.127      9.688
 207   -2      9.128     -6.083      2.948
 250   77     17.820     -2.312      2.026
  31  189      2.095     -9.461      5.711
  -1   -2      0.201     -5.833      8.259
  -1   -2     15.681     -5.156      0.569
  -1   -2     -5.479     -9.575     10.000
  -1   -2     18.046     -8.921      2.232
  -1   -2     16.460    -10.337     -9.223
  -1  305     16.780      5.486      0.657
  29  220      8.925     -2.402      9.067
  68  306      7.970      3.317     -0.938
 167  141      3.568      0.909      9.803
 133   -2     14.382      0.524     -4.489
  43   54     17.328     -5.866      1.629
 358  213     11.369     -2.490      2.971
 224   99      6.103      0.982     -4.087
 256   23     14.004     -0.265     -3.372
  -1   -2     -0.642     -6.532      9.444
 336   -2      0.582     -4.115      0.098
  -1   -2      6.197     -6.585      9.427
  36  225     10.862     -8.266     -3.753
  -1   -2     19.513     -6.862      1.027
 209   -2      7.152     -8.812      8.273
 275  192      1.639     -4.600      5.145
 231   89     15.632     -6.671      3.873
 240  209     18.039     -2.296     -6.961
  -1  201     19.183      3.352      0.848
 344   -2      9.492     -4.440     -2.495
 354  272     -8.755     -9.858     -8.171
  -1  179      1.953     -4.015     -2.844
 360  265     -1.824     -7.869      8.428
 333   -2     -2.871     -2.693    -10.922
  -1  183     17.551     -6.764     -9.056
 138  262    -11.321     -7.371    -10.142
 147  115     15.830      1.122     -2.303
  -1   -2     13.806      3.011     -2.970
  -1   -2     -3.801     -7.375    -10.496
 295  158      8.301     -9.471      3.144
  73  239      6.450     -6.439     -6.932
 109  113      5.865     -9.671     -3.589
  -1  193     -0.642     -5.572      4.694
 137  237      8.480     -9.770      1.451
 221  199     19.623      6.586     -4.108
  -1   33      9.371     -7.280     -5.132
 225  143    -10.897     -5.547      2.202
  82   34     12.530     -5.839      8.551
 368   25     -5.518     -8.362     -6.519
  59   -2      4.245     -2.002     -0.604
 149   -2    -10.580     -6.130     -2.227
 362   47     -8.432     -2.186      0.351
 175   -2      5.219     -9.191     -8.369
  -1   66     18.941     -2.739     -4.743
 203   -2     -6.023     -4.387      2.364
  -1  112     -7.660     -1.086     -3.557
 299   42     15.360     -4.681     -5.668
  -1  184    -12.194     -9.942     -9.331
  -1   -2     -5.816     -6.281     -2.199
  -1  284     -9.010     -6.859     -3.539
  -1  106      0.395     -7.106     -6.613
 287   36     -9.916    -10.221     -2.259
  25   -2      8.430     -2.559      5.583
 261   -2      8.869     -6.528     -3.137
  -1  187    -13.701     -7.870     -7.199
  -1   -2      0.456     -7.198      7.378
  -1   -2     20.033     -7.874     -9.614
  -1  149     20.791     -7.241     -5.736
 170   -2     19.089    -10.077     -3.459
 364   -2     17.940      3.100     -1.532
  75   40      1.925     -4.560      2.881
  -1  286      1.689     -5.916     -6.338
  -1  147     17.564     -8.578     -9.119
  94   -2      3.617     -3.811      4.248
  -1  172     19.532     -0.712     -7.787
  21  263      8.036     -8.009      0.778
  47   -2     17.946     -1.079      0.071
 296  251     13.709    -10.429     -8.121
 343   50      2.062     -5.596      9.161
 246  243      5.948      2.689      7.309
  -1  203     -3.581     -9.458     -6.639
  -1   55      8.030     -7.374      2.472
 156  307      1.623     -9.693      5.919
  -1   -2      0.902     -2.507    -10.253
  -1   -2     19.874     -8.904      1.303
 227   -2     14.530     -5.836      0.273
 282   -2      0.566     -6.641      8.984
 180   -2      5.029     -5.359      5.200
 242   -2     11.744      0.483      0.031
 232   68      7.474     -2.127      4.582
 216  211     13.615     -2.455     -4.991
  71   94     -2.161     -4.039     -0.338
 198  150     13.645      2.068      4.990
  -1  271      6.622     -2.345      9.619
 300   -2     -6.498     -3.077     -3.581
 269  278      9.049     -5.507     -8.228
 279   84     17.418     -7.815     -6.408
  -1   -2     18.493     -2.559     -0.249
 204   35      0.687     -8.487      8.603
 285  242      3.729      5.608      1.906
  72    9     15.746      0.567     -4.012
  -1  160      1.996     -8.297     -9.337
 121   44    -11.464     -7.380      2.941
  -1   -2      9.020     -6.786      0.394
 281   -2      3.464     -6.903      3.684
  67   -2     12.123     -0.070     -4.831
  -1  133     16.974    -10.151     -2.952
  63   86      6.969     -4.332      5.683
  58   97     19.562     -9.289     -1.815
 361   41    -12.246    -10.035     -4.594
 139  254     -2.297     -9.267      4.161
  -1  258     -9.304     -8.157     -8.162
  -1   -2      3.308      2.561     -5.244
  53   -2      1.447     -6.508     -3.204
 342  177      0.670     -9.249      4.975
  -1  217     19.367     -4.525      1.115
  -1   14     -2.586     -8.024     10.553
 289   -2      8.191     -8.696      9.468
  -1   88     -1.460     -2.553     -0.668
 327  338     11.057      3.655     -8.736
  -1  238      2.889      4.239     -9.129
 302   -2     12.465     -2.607     -6.200
  -1  276     15.393      6.408      1.964
 326   83     -0.119     -3.511     -5.758
  -1   -2      3.879      1.159     -4.228
  65  167     17.242     -8.760      1.592
 353  335     -6.561     -0.691     -8.105
 219  245     18.558     -3.526     -0.213
 341  299      7.598      5.744      1.922
  -1   -2     -3.261     -0.469     -3.561
  -1  236      8.837     -9.145      6.560
 267  277     18.257     -9.261     -8.723
 130   76     -6.527     -7.296     -2.283
  -1  240     -5.441     -9.099     -2.811
 237   56      6.933     -8.548     -8.145
 166    5      8.752     -3.205      1.889
  87   61     -7.515     -1.376    -10.038
  -1   -2     -0.883     -3.899      8.721
 284  135     15.690     -9.858     -4.178
 249  227     17.568     -3.775      0.888
 107  171     10.299     -9.549     -8.703
  -1   -2     -0.803     -2.747      3.404
 349   -2     -5.193      0.925     -8.552
 187   -2      1.944     -4.857      5.046
  -1   -2     -9.867     -0.952     -7.938
 355  197     12.273      2.635      8.584
  -1  230     12.264      5.184     -0.748
  -1   -2     11.155      2.852     -7.515
 244   26      7.338    -10.074    -10.329
  -1  327      2.196      1.495      4.277
 357  330     -1.491      3.356     -4.605
  -1   -2    -10.979     -6.432    -10.310
 322  339     21.976     -1.286      5.039
 339  268     -8.258      0.790     -3.742
 151  119     16.756      4.256      3.222
  -1    2     16.271     -6.973     11.332
  -1   -2    -10.564    -10.702      3.965
  -1   -2    -11.780     -3.560     -9.370
  -1  252     18.397      4.612      3.139
  -1  329      8.195      6.231     10.885
 162   -2     19.698     -6.428      5.258
 337   -2      2.514     -9.390    -11.176
  -1   -2      6.305    -11.046     -5.673
  -1   -2      8.498      6.839      5.870
 311   -2     -9.669     -4.969     -5.465
 383  310     -8.891      3.804     -4.930
  -1  157      5.288    -10.261    -10.676
 332   52      4.996      1.736     -4.674
 134  241      6.731      1.540     -1.156
  -1   12     14.166     -5.422      3.290
  -1   -2     -6.371    -10.856     10.226
  -1  332      4.323      7.084      3.925
 330   -2     -3.786     -0.696      2.598
  54   49      2.735     -2.704     -5.037
  -1  292     -9.235    -10.606     -9.868
  -1   92     12.868      3.329     -4.321
  -1  301     22.758      1.323      9.292
  -1  309      0.114      5.851     -7.663
 338   -2     22.376      1.160      4.850
  -1  260    -11.266     -3.024     -5.027
 334  180      9.810      4.741     11.117
  -1   72     17.737     -5.778     -8.859
  -1  246    -14.798     -9.321      8.151
  -1   -2      7.591      6.753     -5.980
 307   -2     -8.430     -1.151     -8.158
  -1   -2     -9.021     -2.679     -7.309
  -1   -2     -4.347     -8.393     -9.286
 182  288     -8.045     -0.315     -9.725
  -1   -2     -9.289      3.880     -5.467
  -1   -2     -3.133     -1.632     -7.470
 131  297    -13.831     -9.826     -4.281
 320  267     -3.047     -2.170      9.701
  -1  362     -1.304     -5.054      0.080
  -1   -2     -1.302      4.389      5.310
 366  340     -3.991     -3.198      0.150
  -1   -2     -9.289      3.880     -5.467
  -1   -2     -3.133     -1.632     -7.470
 384  355     11.155      2.852     -7.515
  -1   -2     -1.304     -5.054      0.080
  -1   -2     -6.431     -0.995      2.809
  -1   -2     -6.503     -1.021      2.955
 380  351     -6.454     -1.001      2.798
 116  352     -3.133     -1.632     -7.470
  -1   -2     -1.302      4.389      5.310
  -1   -2     -1.302      4.389      5.310
 370  354     -9.289      3.880     -5.467
 390  360     -3.774      1.114      8.150
 377  348     -1.302      4.389      5.310
  -1  358      6.524     -3.491     -0.998
  -1   -2      6.524     -3.491     -0.998
 391  361     -8.606     -2.313     -7.948
  -1   -2     -1.304     -5.054      0.080
 388  356      6.524     -3.491     -0.998
  -1   -2     -1.304     -5.054      0.080
  -1   -2     -1.304     -5.054      0.080
 392   -2     -1.304     -5.054      0.080
