208
   0    0      2.604     -5.325     -7.822
 174   -2      6.770     -9.089     -2.942
 146   -2      9.768     -4.938     -3.389
  58   81     12.158     -8.546     -5.718
 110   -2      7.569     -9.257      1.585
  74   -2      9.161     -7.540      4.775
 161  177    -11.740     -6.791     -9.470
  82   -2      9.968     -3.353      6.570
 145    9     14.116     -7.369     -5.847
  79   -2     18.865     -8.999      0.311
  14  132      3.829     -7.873      4.409
  -1   93      6.515     -8.621      7.502
 143   57      3.117     -6.159      6.015
 102   64     17.149     -8.087      2.641
 205  148     -1.584     -9.250     -8.417
  59   -2      0.430     -2.295      7.577
 129   15     16.237     -9.462      3.650
  84   20      7.769     -4.841      2.595
  20  183      6.402     -4.267     -2.756
  15    5      7.567     -8.651      0.764
  -1    1      9.377     -5.094     10.135
   7   72     -4.997     -7.572      4.857
  30   36     17.325     -7.133     -5.499
  67   88     13.153     -3.218     -1.507
  -1    7     10.835     -7.120      0.110
  33  102      7.787     -8.146      8.968
  46   24     11.445     -3.789      4.814
 152   -2     -4.943     -5.247     -6.255
  -1   -2      3.935     -9.451     -6.831
  32   27     -0.673     -2.319     -3.195
  34   28     10.530      1.761      5.924
  80  164     18.691     -4.921     -0.161
  -1    2    -11.924     -7.923     -9.229
  -1   34      3.228    -10.389     -5.156
  -1   -2      5.114     -9.915     -4.276
  -1   -2     -3.046     -2.170      9.705
 120   -2      5.800     -9.103      8.208
  -1  131     11.290     -5.532     -1.441
  39   -2     -6.434     -3.841      0.448
  61   39      4.916     -8.573      5.293
  55   -2     -3.274     -7.648     -8.710
 132   -2      5.132     -6.488     10.127
 100   55      3.806     -5.037     -3.460
  -1   -2     12.709     -6.895      7.636
  52  182     -3.711     -9.222     -3.643
  68   14     15.659     -7.086     -8.329
 203   -2     10.435     -0.187      2.461
  -1   -2    -10.051     -8.704      2.965
  60   42      9.674     -0.783     10.210
  -1   53     11.077     -1.742      3.684
  -1   91      3.227     -8.883     -9.056
 212   52      6.812     -2.309     -6.334
  16   87     -8.322     -7.469      2.142
  71   43     -1.438     -5.457      3.069
  -1   48    -11.504     -7.602     -1.925
   4    6      9.485     -4.236      4.123
  11   -2     -0.973     -2.205      5.232
  -1   71    -10.564    -10.277     -0.530
 154   -2      0.801     -5.069      2.360
 168   -2      6.972     -9.604     -6.779
  -1  136      5.074     -9.378     -2.307
  -1   73     -0.127     -6.126      9.677
 166   -2     -8.014     -3.471      1.370
  -1  165     13.143     -9.272      8.346
  -1   -2     -3.243     -4.314     -5.485
  81  134     15.575     -0.677     -5.180
 177   -2     -9.837     -8.578      3.897
 127  201     10.109     -0.808     -3.976
 141   -2     14.218     -6.748      5.366
  -1   -2     -0.273     -4.123      7.296
 151   80     18.468     -1.834     -1.817
  40  175      7.393     -8.974      7.603
  -1  126      6.635     -3.998     -0.529
  88   -2     -0.131     -7.053      8.564
  50   -2     14.591     -9.594      3.897
 183  143    -12.562     -5.143     -3.445
 178   -2      1.914     -3.941      8.747
  41   -2     -0.644     -6.531      9.437
  -1  120      7.269     -1.661     -8.529
  70   12     -5.916     -8.184      3.051
 112   68     -5.935     -3.037     -5.664
  -1   -2     -0.517      0.954      8.517
  45  112      3.199     -7.475      9.302
  89  111      7.761     -0.068     -7.679
 156   -2     13.791     -1.979      0.272
  23   -2     16.087     -6.670      4.304
 213   -2     -8.187     -3.906      7.842
 136   -2      6.096     -2.925     -7.404
  -1   45     19.646     -5.518     -3.536
 124   -2    -10.646     -7.892     -2.135
   8   18     -2.139     -6.092      0.063
 104   13      5.026     -4.140     -7.237
 134  101     13.051      0.153     -1.144
 103   -2     13.698     -3.499      3.176
  -1    4     15.336     -5.103      7.034
  -1   -2      9.815     -6.918      3.373
  -1   65      0.846     -4.123     -0.682
 126   -2    -12.625     -9.251     -4.211
  -1   97      8.120      1.749     -4.406
 192  212     10.046     -0.040    -10.393
 125   -2     14.695     -4.122      3.507
  76   -2     20.552    -11.094     -7.438
  93   10     14.228     -9.796      9.481
  73   32     12.043     -6.936     -0.521
 137   -2     15.751     -6.437     -5.138
  -1  133     15.153      2.281    -10.090
  98  184     10.249      2.829      1.548
  29    8      4.186     -9.383      7.263
  -1   -2     14.744     -2.505     -4.629
  -1   50     -9.567     -6.678     -2.923
 118   -2     -1.237     -8.982      2.748
  97   -2     -5.699     -4.288     -6.578
  -1   79      7.582     -5.386      2.668
 209  123     -8.662     -5.685     -7.877
  -1   35      1.696     -5.917     -6.324
  -1  105     13.010     -8.728     -0.080
  -1  110     20.017     -8.518     -3.088
 144  100      5.565     -9.480     -9.191
  10   -2     13.543     -2.595     -4.159
  -1   29     11.688     -5.783    -10.375
  -1   44     18.844     -4.053     -4.269
  26   96     12.936     -2.013     -6.085
  99   -2     -7.860     -5.488      8.864
 196  113      1.148     -2.401      9.435
 128   21      9.571     -8.719     -0.642
  35  158      6.823     -6.436     -8.001
  -1  109      4.620      4.890      3.513
 138   78     -7.581     -2.330     -0.905
  -1   90     -4.101     -3.359      0.383
  64   37     11.393     -4.747      1.634
  90   -2     18.823     -3.433     -4.060
  19  138      1.901     -1.829      2.146
  -1   77     13.452     -9.859      5.374
 113   76     13.375     -6.966     -1.606
  -1   -2     16.240     -8.335     -2.305
  42  202    -11.770     -9.241     -9.142
 148   95     -8.913     -7.937      3.137
  -1   16      4.600     -9.780     -4.811
 116  122     16.337     -3.628     -5.213
  -1   11     -6.031     -3.163     -0.089
  87   -2     15.752    -10.059     -8.232
  -1  135     -8.743     -2.346     -4.121
  -1  121      2.469     -6.136      9.677
  49   89     13.055     -5.642      5.781
  69  199    -10.066     -0.095     -2.763
  28  215      3.664     -0.138     -3.719
  -1   -2     20.531     -4.527     -3.987
 185  117     11.849    -10.899      0.843
 165  149    -11.544     -0.139      9.978
 189   66    -10.571     -5.309    -10.009
 135   54     -6.735     -8.850     -5.750
  22  186     14.477      0.965     -8.291
 181  210     -6.403      3.759     -7.946
 162   -2     -7.286      0.374      8.114
  65   -2     -8.249     -6.709     -2.504
 153  160     -1.028      2.410     -3.770
  -1  168     14.500      4.843      3.476
 207   -2     22.041     -5.997     10.472
 206  129     -4.435     -1.553     -2.954
  -1   -2    -13.276     -0.043      5.020
  -1  176      2.428     -0.897      9.473
  -1   62     10.650    -10.014     -4.007
  -1  154     -8.083      4.888     -9.938
  92  169    -11.011     -4.583      5.142
  -1   83     14.321      0.509      0.124
  -1  174    -12.364      1.598     -8.613
 202  172    -10.065     -0.242     -4.374
  -1   -2     19.190      4.817     -5.159
  -1   -2    -13.692     -9.164      8.769
  -1   -2     -3.403     -4.864      8.960
 169  203     -3.759      2.801     -3.273
 219   49     -3.050      1.789     -9.198
  -1   17     18.672     -9.418     11.421
  -1  103      1.718     -0.000     -8.292
  -1   -2     17.885     -0.550    -10.981
 119   -2    -12.992     -9.538     -4.833
 208  140     14.208      2.052      4.712
  -1   -2      4.997      1.733     -4.673
 111   19     -6.200     -4.083      7.588
  -1  190     20.310     -3.050     11.099
  -1   -2     -1.412    -10.379     -6.453
  -1  146     -3.027      4.335     -3.068
  -1  193     18.950      2.674      1.895
 194   -2     15.679     -0.868      7.363
  63   -2     18.702     -3.244      1.705
 191  179    -12.520     -1.430     -9.751
 199   -2      9.971     -7.272     -6.466
 211  116     15.444      1.806     -5.864
 105   26     -3.092     -9.376     -8.620
  -1  106     -3.114     -1.103      8.864
  38   -2      4.161     -6.531      4.337
  -1   -2      3.885    -10.308      4.264
  -1  139     19.933     -9.943      5.394
  -1   -2     15.242      4.182    -10.105
 214   -2      6.279     -2.963     -4.457
  -1  118     13.826     -3.082    -12.074
  -1   -2     15.935      1.908      2.155
  24   30      5.497     -5.377      3.957
 163  185     -4.879      1.663     -8.860
  -1  211     -8.820     -0.792    -10.687
 167  170      2.330      5.561      3.466
  -1  216     -3.046     -2.170      9.705
  -1   -2     -8.083      4.888     -9.938
  -1   82     19.190      4.817     -5.159
 187  218     15.488     -5.066      7.565
  -1  219     -8.083      4.888     -9.938
  43   -2     -3.023     -2.159      9.638
  -1   -2     19.190      4.817     -5.159
