642
   0   -2      8.817     -5.260      9.038
  -1   -2      7.453     -5.698      7.851
   5   -2      3.644     -7.874      5.672
   3   -2      9.157     -7.539      4.772
  -1    3      9.957     -3.360      6.589
  70   -2     15.676     -7.276     -0.881
  22   34      6.400     -4.266     -2.760
  -1   -2     13.231      0.648      8.926
  -1   -2      6.740     -3.832      1.521
  -1  444     11.858     -3.770      3.791
  -1   29     14.527     -6.204      9.808
  78   59      9.594     -5.087     -2.439
  13   -2     -1.688     -7.409     -6.624
  -1    2     10.259     -8.080      7.196
  -1   15      9.308     -2.613      7.922
 104   18     -0.674     -2.320     -3.199
 161    8      7.201     -4.741     -6.815
  99   39     10.528      1.760      5.923
  18   -2     12.055     -5.389      1.237
  -1   -2     13.720     -6.153      9.454
  65   -2      5.458     -6.502      9.282
  88  158      3.512     -4.700     -5.840
 210    7     -2.459     -9.430     -0.786
  42  142     14.205     -6.932     -9.210
 164   -2    -12.309     -1.479     -9.274
  76   -2     12.870     -8.942     -2.128
  -1  595     -3.043     -2.171      9.688
  28   27      6.555     -1.664     -2.245
 126   -2      6.932     -9.043      5.792
 163   61     11.949     -6.901      4.298
  -1   -2      9.674     -0.784     10.211
  32   86     -1.445     -5.457      3.076
  -1   19     11.940     -9.726      2.643
  36   31      8.665     -1.244      9.727
  26   32      6.607     -9.570     -5.779
  -1   33     10.754     -5.218      6.020
  -1   -2     -8.325     -7.473      2.124
  -1   36    -11.796     -6.805     -9.923
  45   -2     -5.578     -5.347     -4.370
  37   -2      6.805     -2.312     -6.353
  41   43     19.391     -8.741     -5.542
  38   -2      9.432     -4.250      4.235
  25   44     -3.378     -9.294     -4.718
  -1   45      3.989     -7.530      7.184
  48   52     -0.645     -6.532      9.433
  55  164     14.211     -6.747      5.388
  34   96    -11.689     -6.313     -5.317
  47   49     -3.246     -4.313     -5.509
  52   51     15.574     -0.677     -5.185
  81   50      3.960     -8.661      8.530
  60   75     11.483     -8.518     -5.223
  -1   -2     -4.590    -10.300     -7.592
  51   -2     10.965     -1.815      4.332
 116   48     -8.438    -10.760      7.686
  49   -2     -0.137     -7.053      8.578
  -1   56     11.967     -5.715    -10.914
  90   -2     -0.305     -5.549      5.031
  40   -2      9.815     -6.917      3.372
 108   -2     17.860     -1.567     -3.049
  -1   46     15.748     -6.732      3.830
  85  147      7.759     -0.069     -7.693
  64   62     -5.916     -8.184      3.041
  -1   60     14.124     -7.364     -6.041
  94   66     -7.910     -3.963     -2.600
  59   -2      1.303     -8.151      3.651
  86   -2     -8.306     -8.421     -0.612
  73   83      5.598    -10.870      1.651
  66   -2     15.366     -5.055      7.150
 136   78     13.052      0.153     -1.143
 525  206     14.691     -4.121      3.501
  79   -2      6.797     -8.707      7.776
  -1   -2      9.416     -3.888     10.336
  71   72      8.995      1.266      8.988
 142   77     12.256      2.203      8.526
  67   73      4.626     -2.925     -3.276
 113   89     -9.571     -6.681     -2.941
  80   -2      3.832    -10.335     -8.358
  74   58      8.723     -7.503     -9.729
  -1   74      9.044     -9.652      8.462
 165   -2      7.316     -4.717      4.503
 533   -2     -9.672     -2.133     -7.473
  72    6     -5.023      0.408     -1.076
  20    4      9.500     -4.739     -7.451
 144   30      8.751     -9.418      3.179
  50   17     15.445     -3.157     -1.362
  -1   57      1.694     -5.918     -6.325
  82   65     12.043     -8.796     -5.704
  84   -2     18.293     -7.217     -3.834
  -1   64     -3.782     -6.861      0.061
  62   14     -0.972     -6.758     -1.816
 147    1      5.393     -8.252      0.397
  -1   38     -8.908     -7.935      3.135
  95   90      2.717     -1.592      9.655
  -1   92     -6.594     -3.054     -1.551
  92   82     13.589     -7.564      6.737
 160  170     18.118      2.721      3.503
  -1   -2      5.506     -5.820      0.665
 141  121     -1.154     -2.116      2.175
  -1   -2      9.099      6.165      8.853
  -1   -2     16.333      1.009      0.475
  -1   -2     -0.279      0.750      8.961
  -1   -2    -12.949     -5.172     -4.360
  -1  168    -10.290     -3.783     -0.337
  97   85      9.843     -9.131     -3.926
 157  169    -11.319    -10.300     -7.204
  -1   -2     20.530     -4.526     -3.985
  83   93     16.340     -2.988      0.285
  -1   -2      0.280      4.701     -8.881
  -1   99     -0.034     -0.391      1.723
  -1   -2    -11.545     -0.139      9.979
  -1  165     -0.327     -1.495      9.270
  -1  110    -10.570     -5.311    -10.014
 117   -2     -3.455      2.512     -3.787
  -1   -2     13.163     -5.642     10.343
  -1  150     15.565      4.684     -6.270
 115   94     -1.785    -10.997     -6.770
 118   -2      6.641     -9.560    -10.690
  -1  516     -6.404      3.758     -7.946
  -1   -2     -8.563     -0.433     -8.368
  91   -2     17.764     -8.176     -4.595
 121   81     19.790     -8.785     -1.500
  75   84     -8.246     -6.708     -2.506
  -1   -2      1.323     -4.030     -1.819
 124  122     16.262     -2.100    -11.626
  -1   -2     14.500      4.844      3.483
 127  125    -10.478      0.134     -3.724
  -1   -2     20.864     -5.309      7.759
 109   24      2.337     -4.628      1.678
  -1   -2     18.089     -5.209      0.471
  -1   -2     14.319      0.509      0.127
 128  136     -7.191     -1.949    -10.121
  -1  145     14.964    -10.989      2.820
  -1   -2      0.190      2.093     -0.256
 125  128     10.876     -8.956     -4.984
  33  134     -1.591     -9.188      5.995
  -1   53     -0.007     -9.174      6.604
  -1   -2     19.190      4.817     -5.160
 140  140    -12.360      1.599     -8.619
  -1  133     -4.612     -0.738      5.058
 614   69     -8.081      4.886     -9.937
  -1   42      7.482     -1.669     -7.848
  -1    9     16.639    -10.278     -0.999
  -1  152      1.171     -3.726     10.064
 145  146      5.001      1.735     -4.686
  -1  113      4.847     -7.473      0.435
 150   21      6.644     -6.482     -7.467
  -1   -2     -8.532     -9.834     -5.907
 155  153      9.978     -7.271     -6.491
  -1   -2      1.661     -4.112      9.487
  -1   -2     -2.736      0.758      6.830
  -1  131    -11.301     -9.878     -8.764
 151   80     15.378     -3.595     -2.884
 106  139      2.837      1.839      0.157
  -1   47    -11.299     -4.088     -6.033
  17  161     16.012     -5.436      6.862
  -1   63     20.174     -2.486      0.088
 158  159     -5.255    -12.182     -9.164
 119   -2     12.868      3.335     -4.325
 156   -2     -0.965     -9.503      9.001
  -1   40      4.032     -8.371     10.293
  -1   95     18.358     -0.896     -5.151
 110   -2    -11.266     -3.025     -5.035
 173   -2     -1.686     -2.079      9.570
  -1   -2     -7.822     -9.838      7.719
  -1   -2     13.818     -3.081    -12.052
  -1   -2      9.920     -3.366      6.550
  -1   -2      9.920     -3.366      6.550
 512  520      6.740     -3.832      1.521
  -1   -2     12.018     -3.788      3.395
  -1   -2     -3.033     -2.185      9.802
  -1   22      9.099      6.165      8.853
 103   -2    -12.949     -5.172     -4.360
  -1  283     16.333      1.009      0.475
 101   -2     -0.279      0.750      8.961
  -1  155     -0.034     -0.391      1.723
 314  328     20.530     -4.526     -3.985
  -1  138      0.280      4.701     -8.881
  -1   -2    -11.545     -0.139      9.979
 114  111     -0.327     -1.495      9.270
  -1   -2     -6.404      3.758     -7.946
  -1   -2     -8.563     -0.433     -8.368
  -1  199     14.500      4.844      3.483
  -1   -2     20.864     -5.309      7.759
  96    5     18.089     -5.209      0.471
  -1   -2     -8.081      4.886     -9.937
  -1   -2     14.319      0.509      0.127
  -1  423     19.190      4.817     -5.160
  -1   -2      9.920     -3.366      6.550
  -1   -2      9.920     -3.366      6.550
  -1   -2      6.740     -3.832      1.521
  -1   -2     12.018     -3.788      3.395
  -1   -2      7.476     -5.625      8.072
  -1  167     10.161     -5.199      7.481
  -1   -2     -3.033     -2.185      9.802
  -1   -2     16.333      1.009      0.475
  -1   -2      9.099      6.165      8.853
  -1   -2     20.530     -4.526     -3.985
  -1   -2      0.280      4.701     -8.881
 111  219    -11.545     -0.139      9.979
  -1   -2     -6.404      3.758     -7.946
  -1   -2     -8.563     -0.433     -8.368
  -1   -2     14.500      4.844      3.483
 129   -2     18.089     -5.209      0.471
  -1   -2     20.864     -5.309      7.759
  -1   -2     -8.081      4.886     -9.937
  -1   -2     14.319      0.509      0.127
  -1   -2     19.190      4.817     -5.160
  -1  309      9.709     -2.255     -0.867
 222  243      7.476     -5.625      8.072
  -1   -2      9.920     -3.366      6.550
  -1   -2      6.740     -3.832      1.521
  -1   -2     12.018     -3.788      3.395
  31    0     10.161     -5.199      7.481
  -1  135     -0.834     -9.067      4.198
  -1   -2     -3.033     -2.185      9.802
  -1   -2      9.099      6.165      8.853
  -1   -2     16.333      1.009      0.475
  -1   -2     20.530     -4.526     -3.985
  -1   -2      0.280      4.701     -8.881
  -1   -2     -8.563     -0.433     -8.368
  -1   -2     -6.404      3.758     -7.946
  -1   -2     14.500      4.844      3.483
  -1   -2     -8.081      4.886     -9.937
  -1   -2     20.864     -5.309      7.759
 175   67     14.319      0.509      0.127
  -1   -2     19.190      4.817     -5.160
  -1   -2      6.740     -3.832      1.521
  -1   -2     12.018     -3.788      3.395
  -1   -2     -0.834     -9.067      4.198
  -1   -2     -3.033     -2.185      9.802
  -1   -2     16.333      1.009      0.475
  -1   -2      9.099      6.165      8.853
  -1   -2      0.280      4.701     -8.881
  -1   -2     20.530     -4.526     -3.985
  -1   -2     -8.563     -0.433     -8.368
  -1   -2     -6.404      3.758     -7.946
  -1   -2     14.500      4.844      3.483
  -1   -2     -8.081      4.886     -9.937
  -1   -2     19.190      4.817     -5.160
 237  257     20.864     -5.309      7.759
  -1   -2      9.920     -3.366      6.550
  -1   -2      9.920     -3.366      6.550
  -1   -2      6.740     -3.832      1.521
  -1   -2     12.018     -3.788      3.395
  -1   -2     -0.834     -9.067      4.198
  -1   -2     -3.033     -2.185      9.802
  -1   -2     16.333      1.009      0.475
  -1   -2      9.099      6.165      8.853
  -1   -2      0.280      4.701     -8.881
  -1   -2     20.530     -4.526     -3.985
  -1   -2     -8.563     -0.433     -8.368
  -1   -2     -6.404      3.758     -7.946
  -1   -2     14.500      4.844      3.483
  -1   -2     -8.081      4.886     -9.937
  -1   -2     19.190      4.817     -5.160
  -1   -2      9.920     -3.366      6.550
  -1   -2      6.740     -3.832      1.521
  -1   -2     12.018     -3.788      3.395
  -1   -2     -0.834     -9.067      4.198
  -1   -2     -3.033     -2.185      9.802
  -1   -2      9.099      6.165      8.853
  -1   -2     16.333      1.009      0.475
  -1   -2     20.530     -4.526     -3.985
  -1   -2      0.280      4.701     -8.881
  -1   -2     -6.404      3.758     -7.946
  -1   -2     -8.563     -0.433     -8.368
  -1   -2     14.500      4.844      3.483
  -1   -2     -8.081      4.886     -9.937
  -1   -2     19.190      4.817     -5.160
  -1   -2      9.709     -2.255     -0.867
  -1   -2      6.740     -3.832      1.521
  -1   -2     12.018     -3.788      3.395
  -1   -2     -0.834     -9.067      4.198
  -1   -2     -3.033     -2.185      9.802
 105   -2     16.333      1.009      0.475
  -1   -2      9.099      6.165      8.853
  -1   -2     20.530     -4.526     -3.985
  -1   -2      0.280      4.701     -8.881
  -1   -2     -8.563     -0.433     -8.368
  -1   -2     -6.404      3.758     -7.946
  -1   -2     14.500      4.844      3.483
  -1   -2     -8.081      4.886     -9.937
  -1   -2     19.190      4.817     -5.160
  -1   -2      9.920     -3.366      6.550
  -1   -2      9.920     -3.366      6.550
  -1   -2      6.740     -3.832      1.521
  -1   -2     12.018     -3.788      3.395
  -1   -2     -0.834     -9.067      4.198
  -1   -2     -3.033     -2.185      9.802
  -1   -2      9.099      6.165      8.853
  -1   -2     20.530     -4.526     -3.985
  -1   -2      0.280      4.701     -8.881
  -1   -2     -6.404      3.758     -7.946
  -1   -2     -8.563     -0.433     -8.368
  -1   -2     14.500      4.844      3.483
  -1   -2     -8.081      4.886     -9.937
  -1   -2     19.190      4.817     -5.160
  -1   -2      9.920     -3.366      6.550
  -1   -2      9.920     -3.366      6.550
  -1   -2      6.740     -3.832      1.521
  -1   -2     12.018     -3.788      3.395
  -1   -2     -0.834     -9.067      4.198
  -1   -2     -3.033     -2.185      9.802
  -1   -2      9.099      6.165      8.853
  -1   -2      0.280      4.701     -8.881
  -1   -2     20.530     -4.526     -3.985
  -1   -2     -6.404      3.758     -7.946
  -1   -2     -8.563     -0.433     -8.368
  -1   -2     14.500      4.844      3.483
  -1   -2     19.190      4.817     -5.160
  -1   -2     -8.081      4.886     -9.937
  44   41      9.709     -2.255     -0.867
  -1   -2      6.740     -3.832      1.521
  -1   -2     12.018     -3.788      3.395
  -1   -2     -0.834     -9.067      4.198
  -1   -2     -3.033     -2.185      9.802
  -1   -2     20.530     -4.526     -3.985
  -1   -2      0.280      4.701     -8.881
 301   97      9.099      6.165      8.853
  -1   -2     -6.404      3.758     -7.946
  -1   -2     -8.563     -0.433     -8.368
  -1   -2     14.500      4.844      3.483
  -1   -2     -8.081      4.886     -9.937
  -1   -2     19.190      4.817     -5.160
  -1   -2      9.920     -3.366      6.550
  -1   -2      6.740     -3.832      1.521
  -1   -2     12.018     -3.788      3.395
  -1   -2     -0.834     -9.067      4.198
  -1   -2     -3.033     -2.185      9.802
  -1   -2     20.530     -4.526     -3.985
  -1   -2      0.280      4.701     -8.881
  -1   -2     -6.404      3.758     -7.946
  -1   -2     -8.563     -0.433     -8.368
  -1   -2     14.500      4.844      3.483
  -1   -2     -8.081      4.886     -9.937
  -1   -2     19.190      4.817     -5.160
  -1   -2      9.920     -3.366      6.550
  -1   -2      9.920     -3.366      6.550
  -1   -2      6.740     -3.832      1.521
  -1   -2     12.018     -3.788      3.395
  -1   -2     -3.033     -2.185      9.802
 107   -2     20.530     -4.526     -3.985
  -1   -2      0.280      4.701     -8.881
  -1   -2     -8.563     -0.433     -8.368
  -1   -2     -6.404      3.758     -7.946
  -1   -2     14.500      4.844      3.483
  -1   -2     -8.081      4.886     -9.937
  -1   -2     19.190      4.817     -5.160
  -1   -2      9.920     -3.366      6.550
  -1   -2      9.920     -3.366      6.550
  -1   -2      6.740     -3.832      1.521
  -1   -2     12.018     -3.788      3.395
  -1   -2     -0.834     -9.067      4.198
  -1   -2     -3.033     -2.185      9.802
  -1   -2      0.280      4.701     -8.881
  -1   -2     -6.404      3.758     -7.946
  -1   -2     -8.563     -0.433     -8.368
  -1   -2     14.500      4.844      3.483
  -1   -2     -8.081      4.886     -9.937
  -1   -2     19.190      4.817     -5.160
  -1   -2      9.920     -3.366      6.550
  -1   -2      6.740     -3.832      1.521
  -1   -2     12.018     -3.788      3.395
  -1   -2     -0.834     -9.067      4.198
  -1   -2      0.280      4.701     -8.881
  -1   -2     -6.404      3.758     -7.946
  -1   -2     -8.563     -0.433     -8.368
  -1   -2     14.500      4.844      3.483
  -1   -2     -8.081      4.886     -9.937
  -1   -2     19.190      4.817     -5.160
  -1   -2      6.740     -3.832      1.521
  -1   -2     12.018     -3.788      3.395
  -1   -2     -0.834     -9.067      4.198
  -1   -2     -3.033     -2.185      9.802
  -1   -2      0.280      4.701     -8.881
  -1   -2     -6.404      3.758     -7.946
  -1   -2     -8.563     -0.433     -8.368
  -1   -2     14.500      4.844      3.483
  -1   -2     -8.081      4.886     -9.937
  -1   -2     19.190      4.817     -5.160
  -1   -2      9.920     -3.366      6.550
  -1   -2      9.920     -3.366      6.550
  -1   -2      6.740     -3.832      1.521
  -1   -2     12.018     -3.788      3.395
  -1   -2     -3.033     -2.185      9.802
  -1   -2      0.280      4.701     -8.881
  -1   -2     -8.563     -0.433     -8.368
  -1   -2     -6.404      3.758     -7.946
  -1   -2     14.500      4.844      3.483
  -1   -2     -8.081      4.886     -9.937
  -1   -2      9.920     -3.366      6.550
  -1   -2      6.740     -3.832      1.521
  -1   -2     12.018     -3.788      3.395
  -1   -2     -3.033     -2.185      9.802
  -1   -2      0.280      4.701     -8.881
  -1   -2     -8.563     -0.433     -8.368
  -1   -2     -6.404      3.758     -7.946
  -1   -2     14.500      4.844      3.483
  -1   -2     -8.081      4.886     -9.937
  -1   -2      6.740     -3.832      1.521
  -1   -2     12.018     -3.788      3.395
  -1   -2     -3.033     -2.185      9.802
  -1   -2      0.280      4.701     -8.881
  -1   -2     -8.563     -0.433     -8.368
  -1   -2     -6.404      3.758     -7.946
  -1   -2     14.500      4.844      3.483
  -1   -2     -8.081      4.886     -9.937
  -1   -2      6.740     -3.832      1.521
  -1   -2     12.018     -3.788      3.395
  -1   -2     -3.033     -2.185      9.802
  -1   -2      0.280      4.701     -8.881
  -1   -2     -6.404      3.758     -7.946
  -1   -2     -8.563     -0.433     -8.368
  -1   -2     14.500      4.844      3.483
  -1   -2     -8.081      4.886     -9.937
  -1   -2      9.920     -3.366      6.550
  -1   -2      9.920     -3.366      6.550
  -1   -2      6.740     -3.832      1.521
  -1   -2     12.018     -3.788      3.395
  -1   -2     -3.033     -2.185      9.802
  -1   -2      0.280      4.701     -8.881
  -1   -2     -6.404      3.758     -7.946
  -1   -2     -8.563     -0.433     -8.368
  -1   -2     14.500      4.844      3.483
  -1   -2     -8.081      4.886     -9.937
  -1   -2      9.920     -3.366      6.550
  -1   -2      6.740     -3.832      1.521
  10   -2     12.018     -3.788      3.395
  -1   -2     -3.033     -2.185      9.802
  -1   -2      0.280      4.701     -8.881
  -1   -2     -8.563     -0.433     -8.368
  -1   -2     -6.404      3.758     -7.946
  -1   -2     14.500      4.844      3.483
  -1   -2     -8.081      4.886     -9.937
  -1   -2      9.920     -3.366      6.550
  -1   -2      6.740     -3.832      1.521
  -1   -2     -3.033     -2.185      9.802
  -1   -2      0.280      4.701     -8.881
  -1   -2     -6.404      3.758     -7.946
  -1   -2     -8.563     -0.433     -8.368
  -1   -2     14.500      4.844      3.483
  -1   -2     -8.081      4.886     -9.937
  -1   -2      9.920     -3.366      6.550
  -1   -2      6.740     -3.832      1.521
  -1   -2     -3.033     -2.185      9.802
  -1   -2      0.280      4.701     -8.881
  -1   -2     -6.404      3.758     -7.946
  -1   -2     -8.563     -0.433     -8.368
  -1   -2     14.500      4.844      3.483
  -1   -2     -8.081      4.886     -9.937
  -1   -2      9.920     -3.366      6.550
  -1   -2      9.920     -3.366      6.550
  -1   -2      6.740     -3.832      1.521
  -1   -2     -3.033     -2.185      9.802
  -1   -2      0.280      4.701     -8.881
  -1   -2     -6.404      3.758     -7.946
  -1   -2     -8.563     -0.433     -8.368
  -1   -2     14.500      4.844      3.483
  -1   -2     -8.081      4.886     -9.937
  -1   -2      9.920     -3.366      6.550
  -1   -2      6.740     -3.832      1.521
  -1   -2     -3.033     -2.185      9.802
  -1   -2      0.280      4.701     -8.881
  -1   -2     -6.404      3.758     -7.946
  -1   -2     -8.563     -0.433     -8.368
  -1   -2     14.500      4.844      3.483
  -1   -2     -8.081      4.886     -9.937
  -1   -2      9.920     -3.366      6.550
  -1   -2      9.920     -3.366      6.550
  -1   -2      6.740     -3.832      1.521
  -1   -2     -3.033     -2.185      9.802
  -1   -2      0.280      4.701     -8.881
  -1   -2     -6.404      3.758     -7.946
  -1   -2     -8.563     -0.433     -8.368
  -1   -2     14.500      4.844      3.483
  -1   -2     -8.081      4.886     -9.937
  -1   -2      9.920     -3.366      6.550
  -1   -2      6.740     -3.832      1.521
  -1   -2     -3.033     -2.185      9.802
  -1   -2      0.280      4.701     -8.881
  -1   -2     -6.404      3.758     -7.946
  -1   -2     -8.563     -0.433     -8.368
  -1   -2     14.500      4.844      3.483
  -1   -2     -8.081      4.886     -9.937
  -1   -2      9.920     -3.366      6.550
  -1   -2      9.920     -3.366      6.550
  -1   -2      6.740     -3.832      1.521
  -1   -2     -3.033     -2.185      9.802
  -1   -2      0.280      4.701     -8.881
  -1   -2     -6.404      3.758     -7.946
  -1   -2     -8.563     -0.433     -8.368
  -1   -2     14.500      4.844      3.483
  -1   -2     -8.081      4.886     -9.937
  -1   -2      9.920     -3.366      6.550
  -1   -2      9.920     -3.366      6.550
  -1   -2      6.740     -3.832      1.521
  -1   -2     -3.033     -2.185      9.802
  -1   -2      0.280      4.701     -8.881
  -1   -2     -8.563     -0.433     -8.368
  -1   -2     -6.404      3.758     -7.946
  -1   -2     14.500      4.844      3.483
  -1   -2     -8.081      4.886     -9.937
  -1   -2      6.740     -3.832      1.521
  -1   -2     -3.033     -2.185      9.802
  -1   -2      0.280      4.701     -8.881
  -1   -2     -8.563     -0.433     -8.368
  -1   -2     -6.404      3.758     -7.946
  -1   -2     14.500      4.844      3.483
  -1   -2     -8.081      4.886     -9.937
  -1   -2      9.920     -3.366      6.550
  -1   -2      6.740     -3.832      1.521
  -1   -2     -3.033     -2.185      9.802
  -1   -2      0.280      4.701     -8.881
  -1   -2     -8.563     -0.433     -8.368
  -1   -2     -6.404      3.758     -7.946
  -1   -2     14.500      4.844      3.483
  -1   -2     -8.081      4.886     -9.937
  -1   -2      9.920     -3.366      6.550
  -1   -2      6.740     -3.832      1.521
  -1   -2     -3.033     -2.185      9.802
  -1   -2      0.280      4.701     -8.881
  -1   -2     -6.404      3.758     -7.946
  -1   -2     -8.563     -0.433     -8.368
  -1   -2     14.500      4.844      3.483
  -1   -2     -8.081      4.886     -9.937
  -1   -2      6.740     -3.832      1.521
  -1   -2     -3.033     -2.185      9.802
  -1   -2      0.280      4.701     -8.881
  -1   -2     -6.404      3.758     -7.946
  -1   -2     -8.563     -0.433     -8.368
  -1   -2     14.500      4.844      3.483
  -1   -2     -8.081      4.886     -9.937
  -1   -2      9.920     -3.366      6.550
  -1   -2      6.740     -3.832      1.521
  -1   -2     -3.033     -2.185      9.802
  -1   -2      0.280      4.701     -8.881
 508   -2     -6.404      3.758     -7.946
  -1   -2     -8.563     -0.433     -8.368
  -1   -2     14.500      4.844      3.483
  -1   -2     -8.081      4.886     -9.937
  -1   -2      9.920     -3.366      6.550
  -1   -2      6.740     -3.832      1.521
  -1   -2     -3.033     -2.185      9.802
  -1   -2      0.280      4.701     -8.881
 179  540     -8.563     -0.433     -8.368
  -1   -2     14.500      4.844      3.483
  -1   -2     -8.081      4.886     -9.937
  -1   -2      6.740     -3.832      1.521
  -1   -2     -3.033     -2.185      9.802
  -1   -2      0.280      4.701     -8.881
  -1   -2     14.500      4.844      3.483
  -1   -2     -8.081      4.886     -9.937
  -1   -2      6.740     -3.832      1.521
  -1   -2     -3.033     -2.185      9.802
  -1   -2      0.280      4.701     -8.881
  -1   -2     14.500      4.844      3.483
  -1   -2     -8.081      4.886     -9.937
   9  173      6.740     -3.832      1.521
  -1   -2     -3.033     -2.185      9.802
  -1   -2      0.280      4.701     -8.881
  -1   -2     14.500      4.844      3.483
  -1   -2     -8.081      4.886     -9.937
  -1   -2     -3.033     -2.185      9.802
  -1   -2      0.280      4.701     -8.881
  -1   -2     14.500      4.844      3.483
  -1   -2     -8.081      4.886     -9.937
  -1   -2     -3.033     -2.185      9.802
  -1   -2      0.280      4.701     -8.881
  -1   -2     14.500      4.844      3.483
  -1   -2     -8.081      4.886     -9.937
  -1   -2      0.280      4.701     -8.881
  -1   -2     14.500      4.844      3.483
  -1   -2     -8.081      4.886     -9.937
  -1   -2     -3.033     -2.185      9.802
  -1   -2      0.280      4.701     -8.881
  -1   -2     14.500      4.844      3.483
  -1   -2     -8.081      4.886     -9.937
  -1   -2     -3.033     -2.185      9.802
  -1   -2      0.280      4.701     -8.881
  -1   -2     14.500      4.844      3.483
  -1   -2     -8.081      4.886     -9.937
  -1   -2      0.280      4.701     -8.881
  -1   -2     14.500      4.844      3.483
  -1   -2     -8.081      4.886     -9.937
  -1   -2     -3.033     -2.185      9.802
  -1   -2      0.280      4.701     -8.881
  -1   -2     14.500      4.844      3.483
  -1   -2     -8.081      4.886     -9.937
  -1   -2     -3.033     -2.185      9.802
  -1   -2      0.280      4.701     -8.881
  -1   -2     14.500      4.844      3.483
  -1   -2     -8.081      4.886     -9.937
 588   10     -3.033     -2.185      9.802
  -1   -2      0.280      4.701     -8.881
  -1   -2     14.500      4.844      3.483
  -1   -2     -8.081      4.886     -9.937
  -1   -2      0.280      4.701     -8.881
  -1   -2     14.500      4.844      3.483
  -1   -2     -8.081      4.886     -9.937
  -1   -2      0.280      4.701     -8.881
  -1   -2     14.500      4.844      3.483
  -1   -2     -8.081      4.886     -9.937
  -1   -2      0.280      4.701     -8.881
  -1   -2     14.500      4.844      3.483
  -1   -2     -8.081      4.886     -9.937
  -1   -2      0.280      4.701     -8.881
  -1   -2     14.500      4.844      3.483
  -1   -2      0.280      4.701     -8.881
  -1   -2     14.500      4.844      3.483
  -1   -2      0.280      4.701     -8.881
  -1   -2     14.500      4.844      3.483
  -1   -2      0.280      4.701     -8.881
  -1   -2     14.500      4.844      3.483
  -1   -2      0.280      4.701     -8.881
  -1   -2     14.500      4.844      3.483
  -1   -2      0.280      4.701     -8.881
  -1   -2     14.500      4.844      3.483
  -1   -2      0.280      4.701     -8.881
  -1   -2     14.500      4.844      3.483
  -1   -2      0.280      4.701     -8.881
  -1   -2     14.500      4.844      3.483
  -1   -2      0.280      4.701     -8.881
  -1   -2     14.500      4.844      3.483
  -1   -2      0.280      4.701     -8.881
  -1   -2     14.500      4.844      3.483
  -1   -2      0.280      4.701     -8.881
  -1   -2     14.500      4.844      3.483
  -1   -2      0.280      4.701     -8.881
  -1   -2     14.500      4.844      3.483
  -1   -2      0.280      4.701     -8.881
  -1   -2     14.500      4.844      3.483
  -1   -2      0.280      4.701     -8.881
  -1   -2     14.500      4.844      3.483
  -1   -2      0.280      4.701     -8.881
  -1   -2     14.500      4.844      3.483
  -1   -2      0.280      4.701     -8.881
  -1   -2     14.500      4.844      3.483
  -1   -2     14.500      4.844      3.483
  -1   -2      0.280      4.701     -8.881
  -1   -2     14.500      4.844      3.483
 633  640      0.280      4.701     -8.881
 635  642     14.500      4.844      3.483
