410
  20    1     -9.677     -9.247     -8.584
 173   -2     -4.825     -8.321      1.659
   1   -2     -0.139     -8.579      1.761
  -1   -2     -4.968     -6.007     10.402
 198  116      1.077     -6.314      7.139
   2   10      1.143     -8.014      5.160
   7   69     -3.722    -10.139     -4.690
 134  125     -1.422     -8.123      4.867
 115   62     -8.520     -9.328     -6.057
 138  192      8.004     -9.382     -6.830
   8   11      5.268     -7.707     -2.037
  18  219     -9.654     -8.099      0.055
 206   70     -3.545     -7.090      9.206
  11    8     -2.973     -2.195      2.744
  12  382      6.876     -1.259     -4.996
  26    7      6.926      0.646     -2.617
  13   14      2.875     -5.463     -0.428
  92   -2      0.145     -5.855      1.267
  -1   -2     -1.324      0.020     -8.110
  31   17      0.712     -4.068      7.433
 208  229      7.924     -9.237      1.288
  16   36     -3.474     -6.706      8.808
  -1   -2      8.837     -1.265      0.066
 358   -2      8.206     -9.114      9.099
 170   29    -11.129    -10.245     -8.437
  37   -2     -6.289     -9.202     -0.541
 215   92     -1.520     -9.871     -9.910
 221   -2      6.940     -8.472      6.363
 247   13     -6.069     -7.746     -3.518
 146  115     15.846     -5.642     -7.472
   3   -2     -7.616     -6.666      4.226
  -1   -2      9.526     -2.044      3.176
  41   20     -0.315     -4.107      0.973
 316  287      2.221     -9.891      2.042
 252  304     -3.202     -8.406     -1.165
  -1   -2     -6.099     -0.637     -5.621
 116   22    -10.843     -9.679     -9.980
 164   24     19.936     -6.616     -4.763
  42   39      6.446     -3.822      6.082
 218   58     17.752     -3.602     -4.108
  60   31     13.262     -8.488     -2.160
 242   68      9.538     -6.988      0.804
 202  263     -7.085    -10.472     -5.194
 239   -2      7.504     -6.699      9.823
   0  144     -5.224     -9.058     -1.208
 340  157     16.649     -7.673     -1.336
 105  200      5.055     -7.417      4.541
  -1   -2      1.628     -2.265     -4.187
  45   26      9.990     -2.391      5.582
  -1   -2      1.409     -0.390     -6.923
  15   91     -5.928     -9.830     -2.754
 101   -2     16.733     -2.687    -10.644
  44   51     -5.458     -7.822     -1.050
 104   72      8.175     -3.875      1.775
  -1   38     19.880     -5.188     -2.118
 322   66     -3.127     -2.105     -4.781
  77   -2     -4.630    -10.348     -9.202
 199   -2    -10.206     -7.569     -0.944
 188   -2     15.731     -6.655      5.910
  -1  145      4.617     -7.663     -5.434
  66   59      1.619     -5.596     -6.050
  79   78     13.705     -4.329      6.734
 325   -2      9.299      2.013      8.196
 379  109     19.027     -9.820     -1.755
  99   57      9.876      0.782      7.283
 161  358     13.663      0.551     -7.940
 240  107     -8.849    -10.207      0.007
 248  123     -3.665     -9.199     -3.797
 355   -2    -12.226     -7.304     -9.847
 336  317      8.999     -7.508      4.918
 407   67     10.356     -4.349      3.391
 108   -2      7.669     -4.588      8.494
 241  178     17.955     -8.971      2.435
 102   76      7.986     -5.066    -10.434
  32   -2     -1.361     -7.471      1.472
  -1   -2     -7.510     -9.856     -9.170
 309   -2     14.314     -4.846      1.850
  -1   -2     -4.168     -8.551     -8.595
  -1   85     -0.138     -2.925     -4.151
  -1   -2      0.090     -7.076     -9.433
  -1  375      9.569     -3.322      8.655
  36   34     16.258     -3.215      0.923
 119   47     -1.263     -6.508      0.134
  25    6     -1.524     -7.941      7.476
 359   87      4.332     -6.224     -4.339
  86   77     -0.097     -6.090      9.523
  87   -2     -9.903    -10.239     -9.453
  -1   -2     -8.112    -10.039     -4.671
 178  331      9.642     -0.660     -2.190
   4  201     -2.073     -7.043      8.608
  85  215     10.648     -5.967      9.681
 197  147     11.844     -5.059     -5.942
 107  111      3.046     -1.979     -8.379
  -1   -2     16.899     -5.352     -7.064
 270   94     17.996     -0.423      0.924
 361   -2     -7.772     -2.236     -8.075
  73   35     16.945     -7.343     -1.197
  -1   -2      6.958     -2.023     -6.957
  -1   -2    -10.000     -2.266     -9.875
  -1   28     17.080     -9.489      0.433
 214   -2     16.949     -6.408     -3.244
 285  236     -9.422     -9.148     -0.154
  -1   -2     -2.698     -2.379     -6.169
 291   -2      2.173     -7.684     -9.809
 335  206     14.762     -0.042      0.752
 326   -2     -0.901     -4.151     -2.533
 201  150    -10.575     -7.953     -3.394
 200    4     12.285     -9.302     -7.876
 354   97      4.371     -2.411      7.055
 237  191      4.339     -2.088      6.738
 317  173     18.331     -7.913     -8.724
 301   -2     14.533     -5.457     -0.589
 404  273      8.833     -4.285     -2.758
 348  279     -8.432     -1.167    -10.208
  28  102      5.923     -7.007      7.462
 176  104     12.618     -2.678      6.839
 394   -2      9.953     -1.782      6.822
  -1    0      8.857     -8.419    -10.334
  -1    3     -5.251     -7.605      3.411
 227   -2     -4.150    -10.457      0.352
 132  135     -2.618     -9.756      5.301
 231   -2     16.519     -1.495     -7.967
 136   43      2.924     -7.484      6.680
 139   -2      0.591    -10.669     -3.695
  90   -2     10.786     -8.445     -7.349
 137  392     -2.764      2.565      5.454
  51  134      3.389     -9.742      3.470
  -1  168      0.454    -10.415      1.263
  -1  138     -3.180     -9.638      1.897
 265  151      5.984    -10.162     -2.517
 211  247      4.981     -8.923     -9.460
 174  254     20.482     -4.172     -2.263
  -1  265      1.313    -10.462      6.120
   9  140     -2.358      2.160      4.150
  -1  164      3.885    -10.063      7.461
  -1    5      1.021     -7.711     -1.895
  43   -2      8.688     -9.065      0.503
   5  156     -5.095     -7.244     10.106
  -1  117    -12.805     -8.274     -4.141
  -1  158     -1.216    -10.798     -5.209
 388  395     -7.811      1.171      3.403
 374   -2      6.706      2.529     -2.144
 249   -2    -10.996     -4.359      3.159
  -1   79     12.720     -3.582     -8.315
 131   18     -4.902     -8.697      1.469
  -1   -2     -0.642     -8.754      8.188
  -1   37     -4.774    -10.365     -3.310
  -1   -2     10.747     -0.244    -10.225
 267  280      2.950     -9.922      6.046
  -1   -2     -1.617    -10.247      0.168
  94  197      0.683    -10.649     -5.121
  -1   -2      1.058     -9.819      2.733
  -1  214     20.000     -5.998     -2.015
  -1   -2      9.646     -5.101     -2.496
  -1   96      5.194     -6.531      9.990
  -1   -2     -1.608    -10.898     -6.685
  24   -2     -2.447     -9.438     -0.763
  -1   -2    -11.617    -10.849     -0.950
  63  179      0.530     -7.213      7.645
 324    2     -4.853     -8.550     -2.065
  -1   -2      4.311     -8.255      9.339
 158  163     13.115     -7.072      6.533
  69  270     -0.295     -7.814     -2.368
  -1  227     -6.853    -10.699      1.556
  10  137      9.733     -9.170     -8.966
  -1   -2     -1.222     -8.503      0.674
  -1   49     19.724     -6.761     -3.237
 384  149      5.028     -9.897     -2.520
 162  170     -3.044     -2.170      9.699
 183  393     15.057     -0.157     -4.665
 114   -2      2.812     -4.969     10.255
  89   -2      2.355     -8.281      6.032
 257   75      9.846     -6.002      1.611
  -1  230     13.480     -9.448     -6.843
 307   -2      4.238     -8.991     -5.588
  -1   73    -11.881    -10.894     -5.145
 272   -2    -10.130      2.140     -9.115
 236   64     16.803     -6.549     -1.969
  64  251    -12.837     -5.228     -4.073
 103   -2    -11.132     -9.801     -3.294
  -1   33      8.807     -6.063     -0.710
  -1   52     19.258     -1.281     -9.599
  -1   -2      5.482      1.864     -5.866
  -1  249      9.699     -8.314      3.922
 187  184     -1.287      4.424      2.484
 194  190     -3.744      2.875     -8.402
  -1  141      0.605     -8.206     -8.596
 310  293     14.035      0.218      3.758
  -1   -2     10.122     -2.670      6.061
  -1   -2     20.039    -10.391     -0.021
  -1  160      8.598    -10.597    -10.151
 333  221     19.241     -5.591     -2.576
  75   -2     -0.648     -6.532      9.431
  -1   -2     17.547     -1.176    -10.093
  -1   56      5.065     -7.726      6.395
 212   84     15.304     -1.211     -0.598
  -1  205     -5.575     -0.401      5.256
  -1  338     -4.760    -10.682    -10.097
  -1  257     15.882     -4.547      4.223
  -1   -2     -7.968     -5.608      4.158
  -1  242      1.408    -10.712      5.365
 106  235     16.981     -7.222     -3.220
 323   -2     18.787     -9.578     -6.803
  -1  248      1.313     -5.638      9.565
  -1   -2     10.722    -10.273     -2.633
  -1   -2     10.713    -10.173    -10.785
 353  319    -10.610    -10.793     -3.054
  -1  165     19.087     -0.978     -3.822
  17   -2      9.421     -8.648      2.751
 281  308     -0.023     -5.305     -5.728
  -1   -2     15.017     -5.588      9.715
  -1   -2     -4.294    -10.035     -4.716
  -1  153     -1.320    -10.425     -1.850
  -1  326     18.818     -1.616     -5.282
  65   -2    -11.885     -9.634     -6.939
 186  276     20.152     -2.558     -1.473
  46   -2     11.536     -8.159     -7.249
 232   80     12.034     -2.802      8.716
  55   46      9.368     -6.263      8.759
  -1   -2     19.511     -3.033     -7.661
 338   -2      7.395      0.144     -6.802
 160  302     -3.216     -9.905     -0.971
 306  324      4.981     -8.710      2.644
 110  268     -7.822     -7.277     -0.224
 381  128     14.068     -2.284      9.642
 321  174     -0.731     -9.905      4.545
  -1  101      4.409    -10.446    -10.005
 217  210     -6.401      0.834      7.150
  -1  281     13.716     -7.055     -2.450
 287   -2     17.526     -9.403     -5.175
 294  309     16.222     -3.518      2.631
  -1   -2    -12.813     -9.240     -4.537
 196  143      9.218     -8.026      7.524
  -1   12     -7.853     -8.383      0.521
  -1   -2     -8.430    -10.964     -5.539
 223   -2     14.149     -1.852     -8.543
 153  193     -3.838    -10.741     -2.139
 234   82     20.074     -8.888     -7.529
 190   -2      3.734     -9.240      5.670
 151   65      4.051    -10.112      4.869
  -1   93      5.069     -8.593      4.893
 327   -2     10.890     -5.474     -5.384
 228  300     15.682     -4.363     -8.340
 274   95     14.860      0.045      5.482
 311   -2      2.168     -6.850      7.897
  -1  177    -13.129     -7.934     -6.453
  61  246     -0.942     -3.276     -7.027
  -1   -2     -1.468    -10.083      2.007
 297  208     -3.488     -4.827      8.758
 177  262     -3.983    -10.285      2.656
 303   -2     19.173     -2.347     -1.060
 118   -2     18.855     -2.165     -5.318
 290   -2      4.525     -3.258      7.313
  -1  207      8.141     -4.535     -9.808
  -1  343      6.676     -1.626      5.903
 260  224     11.103      1.267      9.424
 112   -2     18.629     -9.826     -2.141
  -1   -2      4.624     -2.923     -3.257
  -1   -2      9.471      1.268      7.810
 243  154     19.764     -2.004     -4.519
  -1  233     19.754    -10.658     -3.486
 344  129     13.208     -4.495     -6.042
  -1  195     15.426     -9.021     -2.762
  -1  237     -6.824     -1.268     -9.723
  27  381      1.624     -9.386      0.364
 113  288      5.245     -5.120      9.937
  -1  261      1.315     -3.307     10.302
 253   -2     15.475     -8.329     -6.765
  -1   -2     -2.907    -10.105      2.059
  -1  303     -2.237    -10.441      7.572
 172  297     -7.214     -5.378      8.672
 191   -2     16.638     -9.918     -3.687
  -1   27     -9.347     -6.938      3.343
  -1   -2     -4.645     -8.165     -4.146
  -1   -2    -12.528    -10.790     -9.587
  74   -2    -11.313     -7.421    -10.119
 339  234     19.292     -0.177     -5.324
  -1   -2      4.449    -10.081     -9.665
 100  118      5.039     -7.607     -2.132
  -1  213     17.508     -3.091    -10.380
 352  226     19.446     -2.445      1.915
  -1   -2     16.579     -5.144      0.451
 244  122      8.055     -4.546     -6.338
 341   44     -1.307     -9.262     -0.397
 300  113     -2.357     -3.407      7.251
 128   -2      7.365     -7.116      4.822
  -1  283      5.071     -1.001      3.512
 289   -2     20.207     -7.971     -3.462
  -1  187     -8.966     -7.329     -9.068
  -1  391      1.410     -6.045     10.205
  -1  203     14.822     -1.143     -9.513
 165   -2     18.413     -3.292      0.437
 346  188     11.799      2.967     -1.468
 152  277     -1.426    -10.446      1.007
  -1  126      5.093     -7.526      9.003
 263   88     12.481     -8.727     -7.933
 163   41     14.626     -3.513     -9.955
  58   -2     -3.404     -9.451     -2.776
  -1  269     17.826     -9.952     -8.722
 169   -2      1.857    -10.287      4.697
 225  296     -0.523     -6.692     -3.166
  -1  105     17.099     -8.057     -8.870
 140  148     -9.506     -3.445     -0.893
 312   -2     20.247     -6.405      0.266
  -1   -2     -1.735     -9.964      4.068
 180   -2    -13.401    -10.127     -4.724
  -1   -2      0.457    -10.891      3.780
  93   -2      5.621     -2.964     -2.642
 282  176     -0.007     -9.973      7.416
  -1  131     -7.522    -10.623     -8.696
  84   -2     -0.069     -4.165      1.988
 111   -2     -2.648     -9.856     -7.540
  -1  121     16.041     -3.443     -4.469
  49   -2      8.080     -5.859      9.260
 273   -2     17.545    -10.505     -6.974
 157   -2     -5.442     -3.387     -9.534
  -1   -2      1.861     -8.436     -9.974
  76   -2      9.693     -1.080      7.441
  -1   -2     -5.645     -2.868      3.933
  78  110      9.242     -7.507      6.139
 279   -2     16.645     -3.747      4.681
  -1   16     -8.426     -8.205      7.156
  -1  306     10.581     -0.450     -7.042
 356  202     -9.909      0.011     -5.210
  -1   -2      4.908     -4.094      7.645
 181   -2     17.407     -0.212     -9.543
  -1   -2      0.462     -3.696     -8.637
  -1   -2     14.366      4.120      4.088
  -1  181      1.777     -5.951      7.096
  -1   -2     16.661     -0.583    -10.368
 262   -2     11.279     -6.540     -0.496
 368   60     19.768     -1.483     -1.919
 320  373    -11.545     -9.006      0.889
  -1  103     -6.396     -8.490     -7.952
 144   -2     13.503     -6.670     -6.359
  -1  360      4.448      3.013     -6.847
  -1   -2     -5.354     -9.065     -6.782
  -1  127     13.455     -2.509     -8.698
  -1  318     17.882      1.782      0.161
  -1  155     12.229    -10.354     -4.728
  -1   81      5.699     -5.451      3.431
 230  325     -1.914     -3.207      4.775
  -1   -2    -12.271    -10.029     -4.188
 167   -2     -5.741     -9.758      7.853
 127   -2      3.655     -2.170      2.441
  -1   54      7.807     -5.434      2.450
 268   -2     -4.263      1.574      8.131
 347  344    -11.592     -0.139     10.101
  -1   90      5.335      3.454     -9.802
 238  330     -9.835     -0.757     -4.110
  -1   -2     -8.458     -0.173     -9.569
  -1   42    -11.214    -11.150      0.918
  -1  252    -11.825     -0.625     -0.722
  -1   -2    -16.906     -5.013      9.560
  -1  315     -9.128     -2.587     -8.957
  -1   -2      6.546      1.488     -9.301
  -1   -2     15.869      4.838     -9.894
 245  376    -13.560     -6.262     -2.072
  -1  363      2.427     -0.896      9.474
  -1   -2     20.886     -5.297      9.515
  -1   -2    -12.586    -10.346      6.777
  -1  377     -9.646    -12.574    -10.436
  -1  298     16.548      0.972    -11.293
 351  353     15.586      5.575      3.237
  -1  347      3.029      0.038     -8.780
  -1   -2     12.662      6.376      7.501
 171  120     13.482     -7.363      9.297
  -1   32     -6.219     -3.900      1.019
  -1   -2     10.249      1.952      9.232
 288   -2      8.125      1.845     -4.982
 378  245     13.577      4.265     -6.143
 350   -2     -2.597     -0.528     -1.875
  -1  341    -10.552      2.701     -4.582
 369   -2     13.899      3.684      9.235
  -1  218     13.396    -10.542     -9.899
  -1  253      8.656      0.611    -11.891
  -1   -2     -5.987      1.444      2.724
  -1  342    -13.720     -4.432      7.074
 330  362      3.267      3.516     -6.956
  -1   -2      1.251      4.449     -4.678
 373   -2    -12.342     -7.107      0.792
 154  220    -12.415     -3.888     -4.726
  -1  194      9.534     -5.502     -9.536
 370  204     17.003      1.120     -4.365
  -1  356     -9.312      4.891     -7.579
 380  359      8.461      5.333      4.834
 125  351     -6.470      0.411     -2.290
  -1   15     -1.303      0.019     -8.216
  30  384      8.837     -1.265      0.066
 385  394      0.711     -4.073      7.314
 390  397      1.424     -0.380     -7.075
  -1   -2      1.424     -0.380     -7.075
  -1  404     10.163     -2.404      6.047
  -1   21     -6.099     -0.637     -5.621
  47   -2     -6.140     -0.631     -5.640
  -1   -2      1.657     -2.256     -4.357
  -1   -2      1.657     -2.256     -4.357
  68   74     13.711      0.558     -7.931
 397  400      9.508     -2.031      3.120
 283  278    -10.007     -2.210     -9.565
  19  383     -1.270      0.026     -8.322
  -1   -2      1.424     -0.380     -7.075
  50   -2      1.371     -0.381     -6.913
  -1   -2      1.657     -2.255     -4.357
 393  399      1.657     -2.256     -4.357
 403  402      6.318     -3.810      6.175
  -1   -2     10.239     -4.291      3.161
 406   -2     10.163     -2.404      6.047
  -1   -2     10.239     -4.291      3.161
 408  405     10.239     -4.291      3.161
