613
   0    0      8.826     -5.254      9.062
  -1   -2      9.599     -4.493      8.552
   2   65      6.797     -9.068     -2.868
  -1   61      9.160     -7.539      4.770
  -1   46      9.962     -3.359      6.582
  -1   -2     12.005     -5.790     -8.813
   9   -2      6.022     -6.453     -6.207
  27   12      6.404     -4.267     -2.765
  34   -2     15.675     -7.277     -0.868
  78   84     16.479     -6.446     -2.457
  38   26      2.381     -4.641      0.960
   7   -2     -2.290     -9.333     -6.680
  -1  505      6.755     -3.826      1.562
  -1   13     11.851     -3.768      3.802
  15   15     -1.686     -7.407     -6.610
  -1   14     10.604     -5.352     -5.142
  42    7      9.298     -2.616      7.946
  52   -2     12.062     -5.391      1.243
 177   -2     -0.675     -2.319     -3.204
  -1   -2      7.203     -4.741     -6.816
  21   47      3.862     -9.409     -6.750
 173   45     10.528      1.758      5.923
  67   58     -5.898     -8.168      3.085
  25   -2      4.914     -8.585      5.303
  -1   -2     17.612     -9.525      0.522
 141    2      6.606     -9.576     -5.761
 169   22      2.808     -3.036      9.106
  -1   -2     -3.043     -2.171      9.699
  65   23     15.223     -8.662      9.047
  74   85     -2.456     -9.426     -0.752
  47   -2     11.954     -6.901      4.289
 111   40      6.553     -1.664     -2.239
  30   33     15.381    -10.143     -5.666
  -1   -2    -12.310     -1.478     -9.270
  36   39    -12.042     -9.968     -4.514
  97   -2      3.198     -5.084     -5.275
   4   74      7.142     -8.815      8.292
 143   -2     -1.447     -5.456      3.082
  18   37      9.673     -0.784     10.208
  76   -2      6.810     -2.308     -6.337
  -1    4     10.756     -5.218      6.019
  22   17     11.070     -1.745      3.703
  85   42    -11.794     -6.804     -9.914
  40   -2     -5.575     -5.346     -4.381
  43   -2     -8.325     -7.471      2.123
  45   -2      9.431     -4.250      4.239
  35   34      8.716     -9.089     -6.206
  46   24      3.904     -7.816      5.269
  61   31     11.295     -8.213      4.659
  62    6      7.557     -9.049      4.930
  -1   36      6.143     -9.115      7.336
  -1   -2    -11.687     -6.312     -5.311
  19   -2      9.697     -6.590      6.057
  49   -2     -0.648     -6.532      9.429
  16   55      9.377     -4.911     -5.301
  51   -2     14.216     -6.749      5.375
  -1   -2     -5.514    -10.385      6.874
  75  103     14.080     -8.359      8.818
  50   -2     -3.249     -4.311     -5.516
  53   57     19.369     -8.754     -5.675
  59   -2     17.853     -1.570     -3.074
  56   50     15.572     -0.676     -5.206
  54   48     -0.135     -7.054      8.579
   8   76      9.819     -6.916      3.376
  -1   -2     -8.308     -8.418     -0.607
  37   -2      8.552     -1.297     10.347
  -1   -2      7.760     -0.068     -7.686
  -1  160    -12.291     -7.237     -9.421
  10   -2     14.123     -7.365     -6.038
 123   -2      7.698     -9.354      1.980
  -1   66     11.969     -5.715    -10.907
 133   -2     11.992     -8.623     -6.527
  95   68     -7.913     -3.962     -2.604
  57   -2     10.289     -8.129      4.880
  60   -2     -2.151     -6.087      0.033
  82   -2     12.963     -6.997      7.080
  69   70     18.676     -8.948      0.821
  -1   59      9.326     -6.014      2.848
  -1   56     -2.875     -9.220     -6.112
  -1   -2      8.995      1.266      8.988
 161   -2     13.049      0.149     -1.134
  -1   -2     14.693     -4.122      3.502
  55  153      4.625     -2.924     -3.269
  -1   71     -8.912    -10.952     -3.125
 131   64     17.030     -6.243     -2.423
  -1   73     15.365     -5.054      7.156
  79  134     12.250      2.202      8.509
 170   -2     16.473     -9.329      2.747
  81   -2     19.370     -5.582     -2.883
  14   60     -8.431    -10.729     -5.748
  83   89      1.697     -5.920     -6.322
 108   -2     15.447     -3.159     -1.364
  -1   44     -8.032     -6.597     -1.559
  -1   63     -0.972     -6.757     -1.798
  -1   -2      8.869     -8.346      1.043
  -1   20      1.958     -8.367     -9.458
 165   91     10.057     -9.464     -3.107
  92   -2     16.263    -10.172     -9.495
  89   90     -3.782     -6.864      0.068
  -1   -2     -7.613     -7.373     -8.574
  90   18      8.700     -5.439     -7.271
   6   53    -12.578     -7.877     -7.229
  -1   88      5.110     -9.124     -7.444
  -1   -2      4.000     -5.165     -9.932
  -1   98      2.714     -1.593      9.663
  91   -2     -7.430     -7.731      1.551
  11   -2     -6.597     -3.054     -1.564
  -1   10      5.222     -4.966      9.699
  -1   49     13.586     -7.565      6.745
 118   43     -8.747     -2.346     -4.103
  -1   21      9.100      6.164      8.851
 110  200     17.550      2.359     -1.595
  -1   -2     -0.036     -0.392      1.715
  -1   -2    -10.289     -3.783     -0.340
  -1   -2     16.333      1.008      0.474
  -1   -2     -0.279      0.749      8.962
  -1   -2    -12.960     -5.170     -4.387
 116   -2    -10.436    -10.220     -1.281
  -1   -2    -12.844     -4.792     -3.237
  -1   -2     19.964     -0.121     -2.393
 192   -2     16.340     -2.989      0.284
  -1   -2     20.532     -4.526     -3.987
  -1   99      3.071     -8.737     10.837
  -1   -2      0.264      4.704     -8.929
  -1   -2    -11.545     -0.139      9.978
  -1  104    -10.017    -12.145     -5.575
  -1   -2    -10.570     -5.310    -10.014
  -1   62     11.271     -9.903     -5.653
  -1   -2     -0.323     -1.495      9.260
  -1  124     14.585     -9.626      3.906
  -1   -2     -6.405      3.759     -7.951
 152  102     -8.560     -0.433     -8.380
  -1   -2    -14.356     -9.226     11.453
  -1   96     16.617    -10.955    -10.423
 121   69      6.648     -9.561    -10.699
  -1   -2     14.500      4.842      3.481
 244  265     -1.026      2.408     -3.775
 125  130     16.263     -2.101    -11.627
  -1   -2     -0.913    -10.828      5.490
  -1   -2      0.765     -5.077      2.428
  -1   -2     20.870     -5.306      7.780
 129  132    -10.478      0.134     -3.725
  99   41     18.379     -5.275      1.525
  -1  119     17.571      3.848    -12.327
 130  137    -15.146     -9.365     10.338
  -1   -2     14.318      0.510      0.120
  93   -2    -14.900    -10.756      4.009
 136   -2     -1.592     -9.185      6.002
  -1   -2     -8.080      4.888     -9.941
 142  138     -4.610     -0.738      5.063
 179   -2     -0.903      2.028     -3.168
 140  118    -12.362      1.598     -8.617
  -1  110     19.191      4.817     -5.157
  -1   -2     -0.014     -9.172      6.586
  -1   -2     20.649     -1.631    -11.687
  44  146      7.471     -1.670     -7.880
 114   27     -2.418     -9.235     -3.574
 146   -2      4.840     -7.458      0.467
  -1   35      5.008      1.735     -4.700
  -1  147    -14.584      0.147      4.853
  -1  380     21.107     -0.998     -3.731
 148   -2     20.308     -3.050     11.098
 117   81     15.976      1.124     -2.757
 149   -2      1.172     -3.724     10.056
  72   -2    -11.313     -9.878     -8.725
  84  158      1.661     -4.111      9.481
 153  152     15.370     -3.594     -2.869
 158  156     -5.863      2.572     -8.931
  -1  150     -0.939     -9.504      9.080
  -1   51     -5.100     -1.738     -4.589
  -1   87      8.966     -7.505    -10.402
  -1   -2      0.807     -1.655     -3.217
 159  164      2.837      1.836      0.156
 162  170     20.778     -8.337      9.809
  -1   -2     13.668     -9.816      4.846
 208  181     12.869      3.331     -4.322
 157  161      9.977     -7.271     -6.484
  -1  226     17.410      2.670      5.103
  31   83    -11.469     -3.951     -6.380
  -1   67     20.176     -2.486      0.090
  -1  114    -10.399    -11.068     -5.415
 135   -2    -11.299    -11.109     -5.666
  96  512      6.122     -2.494      8.344
 115  558     -1.685     -2.079      9.568
  -1  492    -11.186      4.882    -10.077
  -1  208    -11.265     -3.024     -5.033
  33   -2     13.815     -3.079    -12.033
  -1   80    -11.956     -8.897      9.932
  -1   -2      6.820     -3.805      1.750
  13   -2     11.999     -3.785      3.435
  23  204     17.499     -9.529      0.787
  -1  171     -3.032     -2.184      9.807
  58   -2    -11.316     -6.269     -4.408
  -1  172    -10.289     -3.783     -0.340
  -1   -2      9.100      6.164      8.851
  -1   -2     -0.279      0.749      8.962
  -1   -2     16.333      1.008      0.474
  -1   -2    -12.960     -5.170     -4.387
  -1   -2    -12.844     -4.792     -3.237
  -1  157     19.964     -0.121     -2.393
  -1   -2     20.532     -4.526     -3.987
  -1   -2    -12.518     -1.536     -9.815
  -1   -2     -0.036     -0.392      1.715
  -1  142      0.264      4.704     -8.929
  -1   -2    -11.545     -0.139      9.978
  -1   -2     -0.323     -1.495      9.260
 184   -2     -8.560     -0.433     -8.380
  -1  577     -6.405      3.759     -7.951
  -1   75      0.765     -5.077      2.428
  -1  341     20.870     -5.306      7.780
  -1   -2     14.500      4.842      3.481
  -1   -2     -1.026      2.408     -3.775
 174   -2     14.318      0.510      0.120
  -1   -2     -8.080      4.888     -9.941
 139  139     19.191      4.817     -5.157
  -1   19      0.807     -1.655     -3.217
  -1   -2      9.921     -3.366      6.550
  -1   -2      9.921     -3.366      6.550
  -1   -2     -3.032     -2.184      9.807
  41   -2     10.164     -5.200      7.476
  -1   -2      9.100      6.164      8.851
  -1   -2     -0.279      0.749      8.962
  -1   -2     16.333      1.008      0.474
  -1   -2    -12.960     -5.170     -4.387
  -1   -2    -12.844     -4.792     -3.237
  -1   -2     20.532     -4.526     -3.987
  -1   -2     -0.036     -0.392      1.715
  -1   -2    -10.289     -3.783     -0.340
  -1   -2      0.264      4.704     -8.929
  -1   -2    -11.545     -0.139      9.978
  -1   -2     -0.323     -1.495      9.260
  -1   -2     -6.405      3.759     -7.951
  -1   -2     20.870     -5.306      7.780
  -1   -2     -1.026      2.408     -3.775
  -1   -2      0.765     -5.077      2.428
  -1   -2     -8.080      4.888     -9.941
 213  237      0.807     -1.655     -3.217
  -1   -2      9.921     -3.366      6.550
  -1   -2      6.820     -3.805      1.750
  -1   -2     -3.032     -2.184      9.807
 102  184    -12.960     -5.170     -4.387
  -1   -2     16.333      1.008      0.474
  -1   -2      9.100      6.164      8.851
  -1   -2     -0.279      0.749      8.962
  -1   -2    -12.844     -4.792     -3.237
  -1   -2     20.532     -4.526     -3.987
  -1   -2     -0.036     -0.392      1.715
 105  112    -10.289     -3.783     -0.340
  -1   -2      0.264      4.704     -8.929
  -1   -2    -11.545     -0.139      9.978
  -1   -2     -0.323     -1.495      9.260
  -1   -2     -6.405      3.759     -7.951
  -1   -2      0.765     -5.077      2.428
  -1   -2     -1.026      2.408     -3.775
  -1   -2     20.870     -5.306      7.780
  -1   -2     18.093     -5.204      0.468
  -1   -2     -8.080      4.888     -9.941
  -1   -2      9.643     -4.463      8.362
 214  238      9.563     -4.508      8.568
  -1   -2      6.820     -3.805      1.750
  -1   -2     -3.032     -2.184      9.807
  -1   -2     -0.279      0.749      8.962
  -1   -2      9.100      6.164      8.851
  -1   -2     16.333      1.008      0.474
  -1   -2     -0.036     -0.392      1.715
  -1   -2    -12.844     -4.792     -3.237
  -1   -2     20.532     -4.526     -3.987
  -1   -2      0.264      4.704     -8.929
  -1   -2    -11.545     -0.139      9.978
  -1   -2     -0.323     -1.495      9.260
  -1   -2     -6.405      3.759     -7.951
  -1   -2      0.765     -5.077      2.428
 144  587     -1.026      2.408     -3.775
  -1   -2     -8.080      4.888     -9.941
  -1   -2     20.870     -5.306      7.780
  -1   -2      6.820     -3.805      1.750
  -1   -2     -3.032     -2.184      9.807
  -1   -2      9.100      6.164      8.851
  -1   -2     -0.036     -0.392      1.715
  -1   -2     16.333      1.008      0.474
  -1   -2     -0.279      0.749      8.962
 252  273    -12.844     -4.792     -3.237
  -1   -2     20.532     -4.526     -3.987
  -1   -2      0.264      4.704     -8.929
  -1   -2    -11.545     -0.139      9.978
 206  215     -0.323     -1.495      9.260
  -1   -2     -6.405      3.759     -7.951
 126   -2      0.765     -5.077      2.428
  -1   -2     20.870     -5.306      7.780
  -1   -2     -8.080      4.888     -9.941
  -1   -2      6.820     -3.805      1.750
  -1   -2     -3.032     -2.184      9.807
  -1   -2      9.100      6.164      8.851
  -1   -2     16.333      1.008      0.474
  -1  107     -0.279      0.749      8.962
  -1   -2     -0.036     -0.392      1.715
  -1   -2     20.532     -4.526     -3.987
  -1   -2      0.264      4.704     -8.929
  -1   -2    -11.545     -0.139      9.978
  -1   -2     -6.405      3.759     -7.951
  -1   -2     20.870     -5.306      7.780
  -1   -2     -8.080      4.888     -9.941
  -1   -2      9.921     -3.366      6.550
  -1   -2      9.921     -3.366      6.550
  -1   -2      6.820     -3.805      1.750
  -1   -2     -3.032     -2.184      9.807
  -1   -2      9.100      6.164      8.851
  -1   -2     16.333      1.008      0.474
  -1   -2     20.532     -4.526     -3.987
  -1   -2      0.264      4.704     -8.929
  -1   -2     -0.036     -0.392      1.715
  -1   -2    -11.545     -0.139      9.978
  -1   -2     -6.405      3.759     -7.951
  -1   -2     20.870     -5.306      7.780
  -1   -2     -8.080      4.888     -9.941
  -1   -2      9.921     -3.366      6.550
  -1   -2      9.921     -3.366      6.550
  -1   -2      6.820     -3.805      1.750
  -1   -2     -3.032     -2.184      9.807
  -1   -2      9.100      6.164      8.851
  -1   -2     16.333      1.008      0.474
  -1   -2     -0.036     -0.392      1.715
  -1   -2     20.532     -4.526     -3.987
  -1   -2      0.264      4.704     -8.929
  -1   -2    -11.545     -0.139      9.978
  -1   -2     -6.405      3.759     -7.951
  -1   -2     20.870     -5.306      7.780
  -1   -2     -8.080      4.888     -9.941
  -1   -2      9.921     -3.366      6.550
  -1   -2      9.921     -3.366      6.550
  -1   -2      6.820     -3.805      1.750
  -1   -2     -3.032     -2.184      9.807
  -1   -2     16.333      1.008      0.474
  -1   -2      9.100      6.164      8.851
  -1   -2     20.532     -4.526     -3.987
  -1   -2      0.264      4.704     -8.929
 299  319    -11.545     -0.139      9.978
  -1   -2     -6.405      3.759     -7.951
  -1   -2     20.870     -5.306      7.780
  -1   -2     -8.080      4.888     -9.941
  -1   -2      9.921     -3.366      6.550
  -1   -2      6.820     -3.805      1.750
  -1   -2     -3.032     -2.184      9.807
  -1   -2      9.100      6.164      8.851
 124   -2     16.333      1.008      0.474
  -1   -2     20.532     -4.526     -3.987
  -1   -2      0.264      4.704     -8.929
  -1   -2     -6.405      3.759     -7.951
  -1   -2     -8.080      4.888     -9.941
  -1   -2     20.870     -5.306      7.780
  -1   -2      6.820     -3.805      1.750
  -1   -2     -3.032     -2.184      9.807
  -1   -2      9.100      6.164      8.851
  -1   -2      0.264      4.704     -8.929
  -1   -2     20.532     -4.526     -3.987
  -1   -2     -6.405      3.759     -7.951
  -1   -2     -8.080      4.888     -9.941
 321  131     20.870     -5.306      7.780
  -1   -2      9.921     -3.366      6.550
  -1   -2      9.921     -3.366      6.550
  -1   -2      6.820     -3.805      1.750
  -1   -2     -3.032     -2.184      9.807
  -1   -2      9.100      6.164      8.851
  -1   -2      0.264      4.704     -8.929
  -1   -2     20.532     -4.526     -3.987
  -1   -2     -6.405      3.759     -7.951
  -1   -2     -8.080      4.888     -9.941
  -1   -2      9.921     -3.366      6.550
  -1   -2      6.820     -3.805      1.750
  -1   -2     -3.032     -2.184      9.807
  -1   -2      9.100      6.164      8.851
  -1   -2     20.532     -4.526     -3.987
  -1   -2      0.264      4.704     -8.929
  -1   -2     -6.405      3.759     -7.951
  -1   -2     -8.080      4.888     -9.941
  -1   -2      6.820     -3.805      1.750
  -1   -2     -3.032     -2.184      9.807
  -1   -2      9.100      6.164      8.851
  -1   -2     20.532     -4.526     -3.987
  -1   -2      0.264      4.704     -8.929
  -1   -2     -6.405      3.759     -7.951
  -1   -2     -8.080      4.888     -9.941
  -1   -2      9.921     -3.366      6.550
  -1   -2      9.921     -3.366      6.550
  -1   -2      6.820     -3.805      1.750
  -1   -2     -3.032     -2.184      9.807
  -1   -2      9.100      6.164      8.851
  -1   -2     20.532     -4.526     -3.987
  -1   -2      0.264      4.704     -8.929
  -1   -2     -6.405      3.759     -7.951
  -1   -2     -8.080      4.888     -9.941
  -1   -2      9.921     -3.366      6.550
  -1   -2      9.921     -3.366      6.550
  -1   -2      6.820     -3.805      1.750
  -1   -2     -3.032     -2.184      9.807
  -1   -2      9.100      6.164      8.851
  -1   -2      0.264      4.704     -8.929
  -1   -2     20.532     -4.526     -3.987
  -1   -2     -6.405      3.759     -7.951
  -1   -2     -8.080      4.888     -9.941
  -1   -2      6.820     -3.805      1.750
  -1   -2     -3.032     -2.184      9.807
  -1   -2     20.532     -4.526     -3.987
  -1   -2      0.264      4.704     -8.929
  -1  379      9.100      6.164      8.851
  -1   -2     -6.405      3.759     -7.951
  -1   -2     -8.080      4.888     -9.941
  -1   -2      9.921     -3.366      6.550
  -1   -2      6.820     -3.805      1.750
  -1   -2     -3.032     -2.184      9.807
  -1   -2     20.532     -4.526     -3.987
  -1   -2      0.264      4.704     -8.929
  -1   -2     -6.405      3.759     -7.951
  -1   -2     -8.080      4.888     -9.941
  -1   -2      9.921     -3.366      6.550
  -1   -2      9.921     -3.366      6.550
  -1   -2      6.820     -3.805      1.750
  -1   -2     -3.032     -2.184      9.807
 360   -2     20.532     -4.526     -3.987
  -1   -2      0.264      4.704     -8.929
  -1   -2     -6.405      3.759     -7.951
  -1   -2     -8.080      4.888     -9.941
  -1   -2      9.921     -3.366      6.550
  -1   -2      9.921     -3.366      6.550
  -1   -2      6.820     -3.805      1.750
  -1   -2     -3.032     -2.184      9.807
  -1   -2      0.264      4.704     -8.929
  -1   -2     -6.405      3.759     -7.951
  -1   -2     -8.080      4.888     -9.941
  -1   -2      9.921     -3.366      6.550
  -1   -2      6.820     -3.805      1.750
  -1   -2      0.264      4.704     -8.929
  -1   -2     -6.405      3.759     -7.951
  -1   -2     -8.080      4.888     -9.941
  -1   -2      6.820     -3.805      1.750
  -1   -2     -3.032     -2.184      9.807
  -1   -2      0.264      4.704     -8.929
  -1   -2     -6.405      3.759     -7.951
  -1   -2     -8.080      4.888     -9.941
  -1   -2      9.921     -3.366      6.550
  -1   -2      9.921     -3.366      6.550
  -1   -2      6.820     -3.805      1.750
  -1   -2     -3.032     -2.184      9.807
  -1   -2      0.264      4.704     -8.929
  -1   -2     -6.405      3.759     -7.951
  -1   -2     -8.080      4.888     -9.941
  -1   -2      9.921     -3.366      6.550
  -1   -2      6.820     -3.805      1.750
  -1   -2     -3.032     -2.184      9.807
  -1   -2      0.264      4.704     -8.929
  -1   -2     -6.405      3.759     -7.951
  -1   -2     -8.080      4.888     -9.941
  -1   -2      6.820     -3.805      1.750
  -1   -2     -3.032     -2.184      9.807
  -1   -2      0.264      4.704     -8.929
  -1   -2     -6.405      3.759     -7.951
  -1   -2     -8.080      4.888     -9.941
  -1   -2      6.820     -3.805      1.750
  -1   -2     -3.032     -2.184      9.807
  -1   -2      0.264      4.704     -8.929
  -1   -2     -6.405      3.759     -7.951
  -1   -2     -8.080      4.888     -9.941
  -1   -2      9.921     -3.366      6.550
  -1   -2      9.921     -3.366      6.550
  -1   -2      6.820     -3.805      1.750
  -1   -2     -3.032     -2.184      9.807
  -1   -2      0.264      4.704     -8.929
  -1   -2     -6.405      3.759     -7.951
  -1   -2     -8.080      4.888     -9.941
  -1   -2      9.921     -3.366      6.550
  -1   -2      6.820     -3.805      1.750
  -1   -2     -3.032     -2.184      9.807
  -1   -2      0.264      4.704     -8.929
  -1   -2     -6.405      3.759     -7.951
  -1   -2     -8.080      4.888     -9.941
  -1   -2      9.921     -3.366      6.550
  -1   -2      6.820     -3.805      1.750
  -1   -2     -3.032     -2.184      9.807
  -1   -2      0.264      4.704     -8.929
  -1   -2     -6.405      3.759     -7.951
  -1   -2     -8.080      4.888     -9.941
  -1   -2      9.921     -3.366      6.550
  -1   -2      6.820     -3.805      1.750
  -1   -2     -3.032     -2.184      9.807
  -1   -2      0.264      4.704     -8.929
  -1   -2     -6.405      3.759     -7.951
  -1   -2     -8.080      4.888     -9.941
  -1   -2      9.921     -3.366      6.550
  -1   -2      9.921     -3.366      6.550
  -1   -2      6.820     -3.805      1.750
  -1   -2     -3.032     -2.184      9.807
  -1   -2      0.264      4.704     -8.929
  -1   -2     -6.405      3.759     -7.951
  -1   -2     -8.080      4.888     -9.941
  -1   -2      9.921     -3.366      6.550
  -1   -2      6.820     -3.805      1.750
  -1   -2     -3.032     -2.184      9.807
  -1   -2      0.264      4.704     -8.929
  -1   -2     -6.405      3.759     -7.951
  -1   -2     -8.080      4.888     -9.941
  -1   -2      9.921     -3.366      6.550
  -1   -2      9.921     -3.366      6.550
  -1   -2      6.820     -3.805      1.750
  -1   -2     -3.032     -2.184      9.807
  -1   -2      0.264      4.704     -8.929
  -1   -2     -6.405      3.759     -7.951
  -1   -2     -8.080      4.888     -9.941
  -1   -2      9.921     -3.366      6.550
  -1   -2      6.820     -3.805      1.750
  -1   -2     -3.032     -2.184      9.807
  -1   -2      0.264      4.704     -8.929
  -1   -2     -6.405      3.759     -7.951
  -1   -2     -8.080      4.888     -9.941
  -1   -2      9.921     -3.366      6.550
  -1   -2      9.921     -3.366      6.550
  -1   -2      6.820     -3.805      1.750
  -1   -2     -3.032     -2.184      9.807
  -1   -2      0.264      4.704     -8.929
  -1   -2     -6.405      3.759     -7.951
  -1   -2     -8.080      4.888     -9.941
  -1   -2      9.921     -3.366      6.550
  -1   -2      9.921     -3.366      6.550
  -1   -2      6.820     -3.805      1.750
  -1   -2     -3.032     -2.184      9.807
  -1   -2      0.264      4.704     -8.929
  -1   -2     -6.405      3.759     -7.951
  -1   -2     -8.080      4.888     -9.941
  -1   -2      6.820     -3.805      1.750
  -1   -2     -3.032     -2.184      9.807
  -1   -2      0.264      4.704     -8.929
  -1   -2     -6.405      3.759     -7.951
  -1   -2     -8.080      4.888     -9.941
  -1   -2      9.921     -3.366      6.550
  -1   -2      6.820     -3.805      1.750
  -1   -2     -3.032     -2.184      9.807
  -1   -2      0.264      4.704     -8.929
 472   -2     -6.405      3.759     -7.951
  -1   -2     -8.080      4.888     -9.941
  -1   -2      9.921     -3.366      6.550
  -1   -2      6.820     -3.805      1.750
  -1   -2     -3.032     -2.184      9.807
  -1   -2      0.264      4.704     -8.929
  -1   -2     -8.080      4.888     -9.941
  -1   -2      6.820     -3.805      1.750
  -1   -2     -3.032     -2.184      9.807
  -1   -2      0.264      4.704     -8.929
  -1   -2     -8.080      4.888     -9.941
  -1   -2      9.921     -3.366      6.550
  -1   -2      6.820     -3.805      1.750
  -1   -2     -3.032     -2.184      9.807
  -1   -2      0.264      4.704     -8.929
  -1   -2     -8.080      4.888     -9.941
   1  176      9.921     -3.366      6.550
  -1   -2      6.820     -3.805      1.750
  -1   -2     -3.032     -2.184      9.807
  -1   -2      0.264      4.704     -8.929
  -1   -2     -8.080      4.888     -9.941
  -1   -2      6.820     -3.805      1.750
  -1   -2     -3.032     -2.184      9.807
  -1   -2      0.264      4.704     -8.929
  -1   -2     -8.080      4.888     -9.941
  12   -2      6.820     -3.805      1.750
  -1   -2     -3.032     -2.184      9.807
  -1   -2      0.264      4.704     -8.929
  -1   -2     -8.080      4.888     -9.941
  -1   -2     -3.032     -2.184      9.807
  -1   -2      0.264      4.704     -8.929
  -1   -2     -8.080      4.888     -9.941
  -1   -2     -3.032     -2.184      9.807
  -1   -2      0.264      4.704     -8.929
  -1   -2     -8.080      4.888     -9.941
  -1   -2     -3.032     -2.184      9.807
  -1   -2      0.264      4.704     -8.929
  -1   -2     -8.080      4.888     -9.941
  -1   -2      0.264      4.704     -8.929
  -1   -2     -8.080      4.888     -9.941
  -1   -2     -3.032     -2.184      9.807
  -1   -2      0.264      4.704     -8.929
  -1   -2     -8.080      4.888     -9.941
  -1   -2     -3.032     -2.184      9.807
  -1   -2      0.264      4.704     -8.929
  -1   -2     -8.080      4.888     -9.941
  -1   -2      0.264      4.704     -8.929
  -1   -2     -8.080      4.888     -9.941
 168   11     -3.032     -2.184      9.807
  -1   -2      0.264      4.704     -8.929
  -1   -2     -8.080      4.888     -9.941
  -1   -2      0.264      4.704     -8.929
  -1   -2     -8.080      4.888     -9.941
  -1   -2      0.264      4.704     -8.929
  -1   -2     -8.080      4.888     -9.941
  -1   -2      0.264      4.704     -8.929
 557   -2     -8.080      4.888     -9.941
  -1   -2      0.264      4.704     -8.929
  -1   -2      0.264      4.704     -8.929
  -1   -2      0.264      4.704     -8.929
  -1   -2      0.264      4.704     -8.929
  -1   -2      0.264      4.704     -8.929
  -1   -2      0.264      4.704     -8.929
  -1   -2      0.264      4.704     -8.929
  -1   -2      0.264      4.704     -8.929
  -1   -2      0.264      4.704     -8.929
  -1   -2      0.264      4.704     -8.929
  -1   -2      0.264      4.704     -8.929
  -1   -2      0.264      4.704     -8.929
  -1   -2      0.264      4.704     -8.929
  -1   -2      0.264      4.704     -8.929
  -1   -2      0.264      4.704     -8.929
  -1   -2      0.264      4.704     -8.929
  -1   -2      0.264      4.704     -8.929
  -1   -2      0.264      4.704     -8.929
  -1   -2      0.264      4.704     -8.929
 567   -2      0.264      4.704     -8.929
