63
   0    4      9.084     -3.001      2.648
   1    5      7.951     -7.370      3.803
  47   -2      3.496    -10.708     -1.766
   3    6      4.234     -7.872      2.089
  -1   -2      8.630     -9.348     -2.228
  15   35     12.833     -2.412      2.395
  16   29      8.193    -10.989     -2.492
   2   -2      8.535     -9.914     -0.702
  18   28     16.441     -4.597     -9.804
  22   60     14.940     -2.691      7.099
  -1   23     18.221     -6.532     -9.444
  25   -2     17.910     -4.446     -3.032
   8   -2      8.855     -9.291      3.197
  -1   -2     16.706     -6.400     -5.940
  42   -2      2.310     -9.030      4.741
  21    3      4.368    -11.132     -2.496
  31   -2     11.348     -7.079      2.687
  23   -2     16.674     -3.233     -8.427
  -1    7     13.034      0.163     -1.105
   5   18      7.593     -9.678     -8.529
  51    0     19.649     -5.926     -7.524
  -1   22      7.247     -9.232      5.463
  -1   -2     16.524     -2.707     -9.938
  -1   -2      3.991     -3.501     -0.148
  38   11     12.809     -7.231     -0.964
  -1   15     16.174     -6.041    -10.620
  -1   56      7.293     -7.040     -0.566
  -1   13     17.586     -5.656     -5.298
  -1   21      7.402     -7.758     -8.383
  -1   51     13.179     -9.637      6.149
  -1   -2     17.782     -1.550     -2.781
  27   16     11.332     -5.063      4.510
  -1   27     20.655     -3.833     -4.061
  10   -2     12.573     -4.317      7.906
  17    1      9.321     -8.277     -9.867
   9   -2      8.937     -8.474      5.614
  28   -2      8.060    -10.692     -9.780
  44   -2      8.139     -3.865      1.150
  -1   -2      2.556    -10.959      1.208
   6   38     17.809     -4.821     -3.619
  -1   -2     -5.226    -10.720     -2.440
  35   24     10.801     -4.301      4.370
  -1   -2     17.174     -7.553      4.552
  39   34     20.734     -4.951     -6.083
  -1   -2    -13.293     -8.384     -4.106
  -1   42     18.487     -6.808      3.128
  -1   12      0.523    -10.927      4.814
  36   47     -3.401     -4.863      8.966
  -1   -2     17.033     -5.519      4.206
  30    8     12.215    -10.391      5.019
  50   25     -4.535     -6.648     -6.512
  -1   14     12.869      3.331     -4.328
  -1   -2     20.322     -0.703     -9.491
  46   -2     -9.993     -9.078     -7.556
  20   31     16.153      3.659     -8.750
  -1   -2     21.730      4.630    -11.421
  -1   -2     16.879     -5.642      1.413
  -1   -2     11.100    -11.456      5.410
  -1   -2     -6.828     -7.789     -0.456
  -1   -2    -13.643     -4.097     10.570
  26   65     17.782     -1.550     -2.781
  58   68     -5.226    -10.720     -2.440
   4   57     13.177      0.208     -1.433
