336
   0  357      2.430     -6.801      3.374
 142   -2     -9.253     -8.078      1.061
 109   -2      2.985     -7.864      3.849
  -1    2     -1.234     -8.534     -3.282
   1   -2     -2.342     -7.340      0.224
   4    0      1.397     -6.088      4.326
 282  250      0.539     -5.814      6.127
  -1  169     -8.390     -5.455      2.775
 209   93      0.013     -7.927      9.436
  13   -2     -0.130     -7.751      0.344
  44   -2      1.798     -8.616     -9.105
 215  106      7.577     -9.599     -5.889
  83   -2     -8.230     -7.677      0.971
   9  203     -2.021     -7.292     -9.037
  24   -2      9.054     -6.033     -5.537
  97   89      6.779     -9.502     -6.142
   2  172     -6.958     -4.852      1.508
 121   50     -8.420     -8.153      1.321
  -1   36     -6.263     -4.217      1.843
  -1    6      9.879     -5.719     -4.821
  61   -2      1.118     -5.772      5.960
  29   27     -2.819     -4.929      1.850
 244  361      3.053     -8.515     -1.327
 139  221      8.780     -5.950     -7.481
  27  114      3.368     -8.553      1.871
 190   -2     -8.600     -7.952     -4.874
  41  358      0.155     -6.977     -2.575
 256  146     -1.619     -9.369     -4.094
 230   -2      0.292     -8.999     -4.555
  -1  176      8.357     -9.401     -6.982
  -1   -2     -0.154    -10.368     -7.256
 187   -2     -9.850     -8.303     -4.812
  -1  209      1.588     -8.153      4.478
 104   -2      6.818     -7.952     -7.536
  -1   20     -2.611     -7.467     -9.509
  53   -2     -1.349    -10.007     -5.854
 161   -2     -5.164     -5.560      8.314
  65  204     -6.986     -5.778      5.304
   7   15     -2.340     -8.316     -1.089
 110  314      7.030     -6.306     -9.294
  -1   -2      7.273     -9.788     -3.738
  85   -2      8.405     -7.298     -7.680
  49  230      1.079     -6.449      7.507
 232   -2      2.184     -9.438     -5.656
 241  130      1.722     -9.397     -3.142
  75   95      5.148     -8.832     -9.050
  58   37     -1.200     -1.863      2.423
   8   -2      2.957     -8.600     -0.618
  26   26     -6.030     -5.814      7.797
  21   84      8.495     -7.537     -8.377
 216   -2     -9.284     -7.241      0.284
  46   72     -0.097     -7.366     -6.532
  94   -2     -5.527     -8.629      7.890
  66   64      0.374     -2.799     -3.050
 202  178     -5.169     -4.412      3.156
  84   -2     -8.846     -5.860      3.147
  -1   -2      6.869     -6.740      2.712
  32   19     -4.561     -8.369      7.283
  43  241      9.466     -6.452     -9.669
 116  187      5.851     -9.229      4.859
  51   87     -1.212     -9.016      4.078
 220  152      8.186     -4.743     -8.194
  50   -2     -6.825     -9.456     -6.586
  63  239      6.346     -5.816     -9.188
 235   30     -1.125     -6.865      0.390
 199   79     -6.518    -10.751      2.027
 204  153      7.858     -8.575     -5.681
  10    5      2.724     -7.613      3.449
  -1   58    -10.517     -7.635     -2.699
  98   -2     -0.581     -3.581      1.389
  -1   88      5.370     -7.480     -8.978
 172  289     -0.941    -10.069     -1.666
 133   23     -7.401     -7.387      7.176
  -1   -2      6.128     -7.272     -8.402
  -1   52     -2.680    -10.225     -6.773
  86  243      5.136     -7.966     -8.719
 175   -2      3.316     -4.810     -6.672
 143   -2     -6.080     -9.990      2.336
 119   55      6.471     -6.213     -5.919
 173   -2     -7.943     -4.911      4.244
 122  360      9.060     -6.677     -7.870
 132  134      6.788     -7.316     -8.142
 103   -2     -6.194     -8.267      2.209
 318  184      8.745     -9.024     -5.682
 120  139      3.050     -9.409    -10.012
  48   -2      1.463     -8.517      5.886
  19  113      0.776     -5.920     -7.287
 246  116      7.554     -7.137     -3.901
 219   57      6.695     -9.445     -4.601
  -1   70     -3.131     -8.888     -0.188
  -1   -2     -6.191     -8.920      7.703
  -1  135     -3.455     -8.022     -3.067
  -1  171     -8.954     -6.972      4.305
  -1   -2      7.249     -7.310      0.453
 292  121      8.725     -9.587     -4.496
 266   41      6.649     -8.095     -5.556
  20   -2      3.684     -9.022     -5.736
  22   -2      0.477    -10.282     -8.881
 137  140      8.283     -6.805     -4.981
  -1   76     -3.193     -6.716     -6.862
  96   17      4.134     -6.896      2.306
  77  123      7.614     -9.204     -6.103
 229   -2      5.112     -9.563     -5.924
 278   56      1.948     -7.443     -2.195
  70   -2     -5.242     -4.368     -0.384
  -1   -2      0.525     -6.326    -10.477
 130  281      8.244     -7.109     -5.922
 148  101     -4.042     -3.408      1.976
 185  105     -9.265    -10.943     -0.574
  87   80      1.356     -6.399      2.917
  -1  205     -1.121     -7.684     -3.535
  -1  301      2.030     -3.268      4.472
  -1   77     13.056     -5.679      1.427
  91   -2      7.402     -6.983     -7.536
 152   -2      6.022     -5.375     -8.396
 101   -2      4.295    -10.604     -9.175
  64   35      6.001     -8.583     -8.141
  -1  294      6.689     -8.356    -10.314
 194   53      2.599     -9.740     -4.998
  15  136     -1.536     -6.334      1.724
  -1  288     10.170     -8.257     -6.523
  -1   10     -0.314     -4.928      6.885
 114   42      7.461     -5.456     -8.270
 144   61     10.326     -8.874     -2.881
 250  257     -6.096     -9.466      7.947
  -1  201      0.481    -10.863     -9.271
  95    4     -7.036     -8.405      1.276
  -1  115      2.313     -8.233      3.254
   6  109     -2.474     -8.732      1.063
 280  256     -2.961    -10.470     -9.748
 255   -2      7.182     -4.828    -10.060
  -1  313    -13.644     -8.257     -5.091
 156   -2     -9.686     -9.261      1.071
 281  310      5.134     -7.007     -7.738
 268   66      4.655     -9.895     -7.477
  76   -2      4.692     -7.703      5.305
 251  240     14.897     -7.733      7.978
 299   44      9.769     -4.902     -7.183
 126  189     -0.198     -9.287     -2.192
 106  125      6.916     -7.929     -5.476
 205   -2     -0.781    -10.663     -9.129
  -1   -2      7.317     -6.515     -9.202
  16   -2      8.034     -7.608     -7.382
 247   -2     -0.784     -7.502      1.070
 239  173     -3.308    -10.589     -5.607
  -1   78      5.617     -8.710     -7.996
 188   -2      7.447     -4.825     -7.885
  -1   -2     -8.936     -9.105     -0.203
 252  218     10.176     -5.193     -9.955
 214  124     -2.359     -9.492     -7.398
 203  353     -4.167     -1.739     -1.421
  62  282      9.602     -7.716     -0.085
  17   28      2.933     -5.717     -4.987
  11  154     -7.222     -4.398      1.568
 260   46      1.295    -10.151     -8.479
  -1  210     -4.749     -4.242      2.941
  54  193     -8.456     -7.121     -3.644
  25   63     -5.259     -7.509      6.565
 147  182    -12.412    -10.737     -2.481
  -1  284      8.019     -9.054    -10.215
 154  126     -9.200    -10.193     -0.959
 198   -2     -0.097     -3.384     -0.840
 162   81     -8.474     -6.881      0.033
  14   -2     -4.820     -6.945      7.655
  -1  196      8.279    -10.580      0.523
  -1  202     -7.204     -5.473     -7.958
 312   -2    -10.192    -10.952     -5.863
 159  117     -4.886    -10.927     -4.856
 141   -2      0.092     -1.899      2.364
  -1   -2      6.382     -9.709      7.527
  -1   -2      9.392     -5.491     -2.491
  -1   -2     18.296     -6.491     -2.119
 166  164     -6.639     -7.306      7.913
  -1   22      8.750     -9.263     -1.323
 100  190      0.983    -10.032     -3.919
  -1   -2     -8.527    -10.551      4.617
  -1   -2    -12.568     -8.098     -4.531
 112   -2      1.062     -9.017    -10.813
  -1    3     -7.834     -8.333     -2.483
  36  293      6.687    -10.159     -7.112
  30   11      8.908     -6.352     -5.789
 286  129     13.984     -2.055     -3.589
 140   -2    -10.744    -10.360      1.850
  74   -2     -5.815     -4.823      1.834
  -1  156      7.540    -10.110     -0.385
  -1   -2     -9.443     -6.255      1.149
  52   -2      5.515     -7.118      3.529
  -1   -2      9.649     -8.093      2.640
 242  170    -11.050     -9.364     -2.408
  35   -2     -4.585     -6.894      1.029
 222   -2     12.648     -8.551      6.200
 223   94      1.758     -6.383     -5.865
  -1   75     -0.765     -7.821     -7.458
 158  229     -1.217    -10.039      5.942
  -1  163      3.736     -4.643     -7.686
  -1   16     -3.699    -10.128     -1.869
 208   -2      4.042    -10.881     -4.564
  -1  143     10.384     -5.198      6.932
  -1   -2      5.004     -5.773      5.788
  -1   -2      7.907     -4.505     -9.575
 295  191      3.878     -8.394     -5.879
  -1   -2     -8.211     -8.968     -4.094
 276    9      9.012     -5.851     -7.096
 151  242     -5.049     -9.918     -9.064
 284  231      2.043    -10.690     -4.858
 305   -2    -11.377     -5.565     -7.315
 183  149     12.089     -6.949      1.769
  31  264     -9.123     -7.761     -7.328
  -1   -2      9.438     -9.935     -0.527
  -1  274     -2.618     -4.765      9.875
 224   73     -0.359     -7.934      9.456
 113  211     -6.984     -9.521     -3.116
 306   18     11.978     -8.346    -10.119
 274   -2     -0.895    -10.397     -3.065
  -1  179     -0.260     -3.045      2.365
  -1  287     -7.797     -9.738     -3.166
  -1  107     10.134    -10.064     -3.025
 296  234     11.404     -3.465      2.814
  -1   21     -0.783    -10.996     -6.290
  -1   -2      6.970     -9.709      6.368
  -1   -2     -6.542     -7.746      9.244
  -1   -2     11.363     -7.843      3.791
 240   98     -5.559     -6.652     -5.702
  -1   -2      0.385     -3.143      3.560
  -1  174      3.474    -10.899     -8.008
 310  270      7.730      0.038     -7.763
 211   51     13.221     -8.064     -6.243
  82   34     -3.748     -3.673      1.369
  -1  273     -3.756     -9.906     -8.898
 245  311     19.430     -9.437     -4.884
 192   -2      2.756     -7.775     -2.538
  -1   99      2.731     -2.770      5.290
  -1   24    -12.286     -7.558     -2.712
  -1  151     -4.101     -0.537      9.594
  -1  265      2.671     -5.016     -8.124
  55   49      3.022     -9.574     -3.612
 201   -2      9.280     -3.399      7.857
 314  254     18.883     -7.337     -9.661
  -1  321      4.761     -9.406      9.206
  -1  260      4.470     -8.750      3.272
  -1  237      7.364    -10.424      6.380
  -1   13      9.022     -7.726     -9.543
 105  302      1.967     -3.338      7.693
  -1   67      3.240     -7.606     -8.170
  -1   -2      6.729    -10.251      5.842
  -1   29      3.281     -7.428     -7.731
  -1  150      4.698     -6.476     -9.772
  -1   90     13.721     -9.914     -6.525
  -1  315     12.505     -6.809      8.046
  -1   97      5.526     -9.265    -10.140
  -1   -2     10.205     -5.409     -0.207
  60  251     -7.490     -9.151      1.815
 127  186      6.511    -10.491     -8.381
 269   -2     -0.176     -6.516      9.274
 134  304     -4.650     -1.842      5.234
  -1   -2      5.580     -4.437      9.799
 277  222      6.211     -3.840     -2.313
  -1   -2      4.787     -5.411     -9.029
 236  252      3.270     -8.348    -10.265
  -1  262     12.413     -5.556      5.026
  -1  128      8.000     -4.372     -3.099
 238   40     -5.716     -1.819      3.783
  73   -2     -3.771    -10.807     -9.969
 283  132     10.130     -9.461     -5.604
  -1  298      6.783     -7.773      9.276
  -1  141     10.025     -6.077      8.796
 191   38     -0.487    -10.886      5.720
  -1    7     -9.493     -5.863      3.584
  -1  235      5.447    -10.507     -9.077
 163   -2      1.415     -6.183     -0.738
 207  110     -4.681    -10.966     -2.847
 293   25      9.420     -4.166     -9.120
  -1   -2     10.755     -6.364      5.258
 279   -2      8.556     -5.378      9.227
  -1   -2      5.415     -8.847     -6.321
 265   -2      7.804     -8.655     -9.873
 179  104    -10.511     -6.539      3.234
 225   -2     16.869     -7.526      2.744
  -1  255     10.983     -7.194      1.432
  -1  223     -4.312     -4.738      4.397
  37   82     -3.057     -8.741     -3.644
 124   -2      0.538     -5.009      8.166
 248  279      3.289     -5.809     -4.443
 303   -2     11.618     -2.213     -2.507
  59   -2     10.282     -5.721     -1.883
  -1   -2      4.798     -2.495     -1.619
  -1   32    -11.162     -9.635     -8.759
  -1  236     12.139    -10.714     -4.631
 145   33     -2.065     -5.125     -1.665
 267  272     20.374     -7.651     -1.509
 294   -2      9.756     -2.445      7.010
  -1  147     11.571     -6.599     -4.475
  -1   -2     -2.354     -8.539     -1.647
  -1   -2      3.782     -5.338      3.398
 311  336      5.445     -0.869      6.537
  -1  258      0.155      0.619      0.407
 157  118      8.147     -8.803     -5.034
 200  127      9.119     -9.221     -8.298
 300  307     13.297     -9.568      1.307
 135   -2     14.356     -6.893      9.329
 102  131      5.764     -4.820     -9.460
  -1   -2     17.787     -1.554     -2.758
 298  327     -2.304      0.802     -2.720
 289  328     19.680     -7.523      7.809
  -1  233    -11.722     -9.864      4.250
 210  329     13.187      0.204     -1.453
  -1   45      1.711     -9.883      7.298
 262   -2      8.101     -3.872      0.984
  -1   -2     19.510     -4.106     -5.160
 287   -2     20.397     -6.307      2.601
  -1  259      2.127     -0.883     10.192
 297   -2     16.689     -3.209      3.288
  -1   -2      1.622     -2.063     -9.391
 304  323    -11.288     -2.462     -8.862
 309   -2    -14.894    -10.061      6.055
  -1  342     19.615     -5.661     -3.163
 321  283     13.691     -2.220     -5.977
  -1   -2     -1.510     -2.635      3.756
  -1  346     12.871      3.333     -4.329
  -1  303     -1.468     -4.322      2.524
  -1  194      9.811     -4.003      8.646
 301  348    -17.157     -7.969      8.766
  -1  349    -10.500     -3.745      3.003
  -1   -2    -16.469      1.625     10.966
 131   -2     -5.964     -4.875      4.201
  -1   -2     16.159      3.655     -8.765
 288  297      7.667      0.619      8.814
 263  354     16.405     -9.124      5.115
  -1  331     -7.101    -12.648     -9.729
  -1   -2     -4.369     -1.351     -4.576
  -1  320      7.506      4.658      6.044
 317  364      0.114     -6.966     -2.592
 275  319      0.184      0.675      0.307
  -1  337     17.787     -1.554     -2.758
 290   -2      7.646      0.009     -8.046
 307   -2     17.787     -1.554     -2.758
