588
   0    0      8.828     -5.253      9.063
  -1    1      9.295     -4.638      8.422
  25    2      6.800     -9.066     -2.871
  -1   27      7.846     -9.742     -8.921
  40   -2      9.955     -5.147      7.612
  -1   -2      9.159     -7.538      4.768
  49   -2      7.792     -9.012      6.525
  16    5      9.962     -3.358      6.580
  -1    7     12.002     -5.789     -8.815
  -1   10     -2.355     -9.326     -7.035
 107  101      3.750     -7.602      5.740
 584   12     -4.802     -3.012      9.673
   7  562      6.756     -3.825      1.565
  13  179     11.860     -3.771      3.793
  15   55     10.595     -5.349     -5.123
  14   92     -1.685     -7.406     -6.609
  -1   17      9.296     -2.616      7.956
  41   -2     12.065     -5.388      1.240
 100    9      7.720     -4.588     -5.410
 215   -2     -0.673     -2.319     -3.198
  95   -2      3.862     -9.409     -6.747
 110   47     10.530      1.759      5.926
  26  150      2.492     -2.842      9.790
  28  182     15.110     -8.522      9.312
  47   29      4.917     -8.585      5.296
  -1   -2     17.605     -9.524      0.538
  10  104      3.798     -5.035     -3.483
 156   -2     -2.076     -9.381      0.260
  -1   -2     -3.044     -2.170      9.702
  -1   -2     -5.046    -10.590     -4.024
  -1   -2     14.207     -6.933     -9.215
  48   20     10.827     -8.096      5.788
  -1   11     11.955     -6.901      4.285
  32   37     15.380    -10.143     -5.680
  46   -2      8.685     -9.081     -6.121
 158   -2      6.550     -1.662     -2.232
  50   -2      7.132     -9.287      4.757
  38   40      9.675     -0.783     10.214
  -1   91     -1.445     -5.456      3.086
  34   -2    -12.046     -9.965     -4.507
  31   45      6.811     -2.308     -6.333
 142   -2     19.038     -7.919     -1.430
  42  117    -11.792     -6.802     -9.910
 109   -2     -5.575     -5.345     -4.375
  92   78     -8.322     -7.471      2.129
  21   43     11.077     -1.746      3.689
   4    8      9.434     -4.250      4.235
  20   -2      5.547     -9.467     -9.133
  62   52     -0.645     -6.532      9.437
 108   75     14.215     -6.749      5.376
  61   61     15.572     -0.677     -5.185
 169   15     -3.248     -4.312     -5.517
  -1   51      3.745     -7.910      4.802
 101  171    -11.696     -6.314     -5.334
  -1   60     -0.133     -7.052      8.574
  54   94      9.369     -4.914     -5.316
  78   28     -2.817     -9.356     -4.722
  59   59     19.365     -8.755     -5.694
  22   21     -5.536     -8.120      3.980
  77   -2      9.819     -6.916      3.377
  89  123     -9.806    -10.297     -3.057
   3   19      9.688     -8.029      6.386
 127   33     12.220     -8.726     -7.198
  93   41     -2.152     -6.089      0.035
  84   71     14.123     -7.364     -6.036
   2   53      7.699     -9.354      1.980
  70   65     11.969     -5.715    -10.910
 179   -2     17.863     -1.567     -3.033
  72   67     -7.913     -3.962     -2.609
 134   48      6.519     -9.528    -10.349
  76   -2     18.678     -8.949      0.818
  83   44     -8.306     -8.419     -0.607
  -1   -2     13.058      0.154     -1.154
  85   -2     14.692     -4.123      3.498
  36   18      6.837     -8.785      6.884
 208   30      1.733     -4.982     -0.447
  63   -2     10.391     -8.453      3.457
  -1   80      4.622     -2.923     -3.256
  -1   -2     10.881     -6.217      9.739
  -1   82     14.763     -2.498     -4.685
 187   -2    -10.379     -8.816      4.589
 162   -2     15.458     -3.173     -1.401
  -1   74     16.873     -9.530      1.468
 178   69     -9.573     -6.679     -2.943
   9  191     19.368     -5.581     -2.878
  29   -2     -5.806    -10.521     -3.695
  -1  134      4.119    -10.344     -9.192
 170   -2      6.110     -6.432     -5.979
 102   77      6.528     -9.346     -2.711
  90   86      1.700     -5.919     -6.307
  98   -2     -3.786     -6.865      0.068
  96    4      8.867     -8.347      1.050
  -1   73     -0.976     -6.759     -1.799
  -1   -2      1.951     -8.369     -9.490
  -1   36     -5.529    -10.788     -9.522
  -1   -2     -8.908     -7.936      3.132
 133   -2     16.252    -10.166     -9.464
  -1   26      8.704     -5.437     -7.282
 104   97      2.718     -1.593      9.657
 122   66      1.353    -10.437      5.512
  -1  102     -6.595     -3.054     -1.557
  -1  201     18.311     -2.202      4.422
 131   -2     -8.740     -2.345     -4.153
  57   38     13.589     -7.564      6.736
 125   -2    -10.025    -10.751     -0.751
  -1   -2     -0.038     -0.388      1.707
  -1   -2      9.100      6.165      8.853
 294  296     -0.280      0.751      8.961
  -1  334     16.334      1.008      0.475
  -1   -2    -12.948     -5.169     -4.358
 152   -2     17.552      2.362     -1.603
  -1   -2    -12.852     -4.791     -3.257
 247  256    -10.291     -3.784     -0.335
  -1   -2     19.964     -0.122     -2.391
 180  140    -10.565    -10.584     -3.049
  -1   -2     16.341     -2.988      0.283
  -1   -2      0.284      4.700     -8.871
  -1  419     20.531     -4.526     -3.984
 151   46    -12.518     -1.535     -9.818
 143   -2     14.077      3.093     -3.655
  -1   -2    -10.571     -5.310    -10.014
  -1   -2    -11.541     -0.138      9.965
  -1  169     -0.326     -1.493      9.271
  -1   95     16.618    -10.957    -10.420
 129  195     14.587     -9.626      3.903
  -1   -2     -8.565     -0.433     -8.362
  -1   -2     -8.248     -6.710     -2.509
  -1   -2     -6.405      3.759     -7.954
  -1  323     -1.025      2.407     -3.772
  -1   -2     14.500      4.843      3.482
 137   -2     16.260     -2.100    -11.621
 357  358     20.878     -5.303      7.815
 141  135    -10.478      0.134     -3.726
  -1   -2     -8.079      4.889     -9.939
  86  141     11.936      2.179      7.513
  -1   57     18.378     -5.269      1.525
  -1   70     14.320      0.508      0.123
 144   -2    -15.426     -9.387     11.240
 149  143     -4.611     -0.738      5.061
 214  227     19.189      4.817     -5.165
  -1  216    -12.363      1.598     -8.616
  -1  172      5.243     -0.350      5.469
 203   87     -0.901      2.027     -3.171
  -1  170    -14.525     -9.233     11.660
  -1   54     -8.794     -7.083     11.594
  -1   -2      7.364    -10.785     -4.829
 155   -2      7.464     -1.670     -7.909
 159  147    -15.269     -0.253      5.375
  -1   35      5.003      1.733     -4.686
  -1  151      0.383     -4.125      0.676
 168  142     -0.730     -9.303      8.692
  -1  157      1.171     -3.717     10.059
 166   81     15.363     -3.595     -2.851
  82   24      0.794     -1.656     -3.177
  -1  153     20.343    -11.156     -5.790
  -1   -2     15.976      1.123     -2.758
 167  161     -5.866      2.574     -8.937
 199   56     18.893     -0.669     -2.921
 165   -2      1.661     -4.111      9.484
  -1   58     -5.096     -1.738     -4.577
  67  131    -11.313     -9.874     -8.718
 176   -2      9.987     -7.272     -6.511
  -1  164     -9.746      4.942     -6.543
  -1  103     -2.762     -9.105     -6.929
 172  160      2.837      1.837      0.156
  -1  168     13.660     -9.815      4.865
  -1  159     18.920      2.572      1.860
  -1   -2     13.385     -8.342      6.976
  -1   -2     -3.759    -10.664     -6.031
  -1  174      7.218     -1.692      5.668
 173  173     20.767     -8.330      9.762
 191  288     -1.684     -2.079      9.570
 193   -2    -11.267     -3.022     -5.021
  -1  165     18.149     -6.648      7.805
  -1    3      7.961     -8.176      9.710
  -1   -2      9.161     -4.631      8.528
 552  553      9.921     -3.365      6.550
  -1   -2      9.921     -3.365      6.550
  -1   -2      6.822     -3.804      1.758
  -1   -2     17.487     -9.526      0.814
  -1  580     -3.031     -2.183      9.807
 175   -2     12.784      0.143     -0.473
  -1   23      9.100      6.165      8.853
  -1  156     16.334      1.008      0.475
 240  284    -12.948     -5.169     -4.358
  -1   -2     -0.280      0.751      8.961
  -1   -2      0.284      4.700     -8.871
  -1   -2    -10.291     -3.784     -0.335
  -1   -2    -12.852     -4.791     -3.257
  -1   -2     -0.038     -0.388      1.707
  -1   -2     20.531     -4.526     -3.984
  -1  155     19.964     -0.122     -2.391
  -1  338    -11.541     -0.138      9.965
  -1   -2     -0.326     -1.493      9.271
  -1   83     -8.565     -0.433     -8.362
  -1   -2     -6.405      3.759     -7.954
  -1   -2     14.500      4.843      3.482
  -1   -2     20.878     -5.303      7.815
  -1   -2     -1.025      2.407     -3.772
  -1  537     -8.079      4.889     -9.939
 111   -2     14.320      0.508      0.123
  -1  204     19.189      4.817     -5.165
  -1   -2      0.794     -1.656     -3.177
  -1   -2      6.822     -3.804      1.758
 190  206     17.487     -9.526      0.814
  -1   -2     -3.031     -2.183      9.807
  -1   -2      9.100      6.165      8.853
  -1   -2     16.334      1.008      0.475
 185  110    -10.291     -3.784     -0.335
  -1   -2     -0.280      0.751      8.961
  -1   -2     -0.038     -0.388      1.707
  -1   -2    -12.852     -4.791     -3.257
  -1   -2      0.284      4.700     -8.871
  -1   -2     20.531     -4.526     -3.984
  -1   -2    -11.541     -0.138      9.965
 285  106     -0.326     -1.493      9.271
  -1   -2     -8.565     -0.433     -8.362
  -1   -2     -6.405      3.759     -7.954
  -1   -2     -1.025      2.407     -3.772
  -1   -2     20.878     -5.303      7.815
  -1   -2     -8.079      4.889     -9.939
  -1   -2      0.794     -1.656     -3.177
  -1   -2      9.921     -3.365      6.550
  -1   -2      9.921     -3.365      6.550
  -1   -2      6.822     -3.804      1.758
  -1   -2      9.100      6.165      8.853
 177   -2     16.334      1.008      0.475
  -1   -2     -0.280      0.751      8.961
  -1   -2    -12.852     -4.791     -3.257
  -1   -2     20.531     -4.526     -3.984
  -1   -2     -0.038     -0.388      1.707
  -1   -2      0.284      4.700     -8.871
  -1   -2    -11.541     -0.138      9.965
  -1   -2     -6.405      3.759     -7.954
  -1   -2     20.878     -5.303      7.815
  -1   -2     -1.025      2.407     -3.772
  -1   -2     -8.079      4.889     -9.939
 236   -2      0.794     -1.656     -3.177
 258   -2      9.254     -4.657      8.416
  -1   -2      9.921     -3.365      6.550
  -1   -2      6.822     -3.804      1.758
  -1   -2     -3.031     -2.183      9.807
  -1   -2      9.100      6.165      8.853
  -1   -2     -0.280      0.751      8.961
  -1   -2    -12.852     -4.791     -3.257
  -1   -2      0.284      4.700     -8.871
  -1   -2     20.531     -4.526     -3.984
  -1   -2     -0.038     -0.388      1.707
  -1   -2    -11.541     -0.138      9.965
  -1   -2     -6.405      3.759     -7.954
  -1   -2     20.878     -5.303      7.815
  -1   -2     -1.025      2.407     -3.772
  -1   -2     -8.079      4.889     -9.939
  -1   -2      9.921     -3.365      6.550
  -1   -2      6.822     -3.804      1.758
  -1   -2     -3.031     -2.183      9.807
  -1   -2      9.100      6.165      8.853
  -1   -2     -0.280      0.751      8.961
  -1   -2     -0.038     -0.388      1.707
  -1   -2    -12.852     -4.791     -3.257
  -1   -2      0.284      4.700     -8.871
  -1   -2     20.531     -4.526     -3.984
  -1   -2    -11.541     -0.138      9.965
  -1   -2     -6.405      3.759     -7.954
  -1   -2     20.878     -5.303      7.815
 136  146     -1.025      2.407     -3.772
  -1   -2     -8.079      4.889     -9.939
  -1   -2      9.921     -3.365      6.550
  -1   -2      9.921     -3.365      6.550
  -1   -2      6.822     -3.804      1.758
  -1   -2     -3.031     -2.183      9.807
  -1   -2      9.100      6.165      8.853
  -1   -2     -0.038     -0.388      1.707
 281  249    -12.852     -4.791     -3.257
  -1   -2     20.531     -4.526     -3.984
  -1   -2      0.284      4.700     -8.871
  -1   -2    -11.541     -0.138      9.965
  -1   -2     -6.405      3.759     -7.954
  -1   -2     20.878     -5.303      7.815
  -1   -2     -8.079      4.889     -9.939
  -1   -2      9.921     -3.365      6.550
  -1   -2      6.822     -3.804      1.758
  -1   -2     -3.031     -2.183      9.807
  -1   -2      9.100      6.165      8.853
  -1   -2     -0.038     -0.388      1.707
  -1   -2     20.531     -4.526     -3.984
  -1   -2      0.284      4.700     -8.871
  -1   -2    -11.541     -0.138      9.965
  -1   -2     -6.405      3.759     -7.954
  -1   -2     20.878     -5.303      7.815
  -1   -2     -8.079      4.889     -9.939
  -1   -2      9.921     -3.365      6.550
  -1   -2      9.921     -3.365      6.550
  -1   -2      6.822     -3.804      1.758
  -1   -2     -3.031     -2.183      9.807
  -1   -2      9.100      6.165      8.853
  -1   -2      0.284      4.700     -8.871
  -1   -2     20.531     -4.526     -3.984
  -1   -2    -11.541     -0.138      9.965
  -1   -2     -6.405      3.759     -7.954
  -1   -2     20.878     -5.303      7.815
  -1   -2     -8.079      4.889     -9.939
  -1   -2      9.921     -3.365      6.550
  -1   -2      9.921     -3.365      6.550
  -1   -2      6.822     -3.804      1.758
  -1   -2     -3.031     -2.183      9.807
  -1   -2      9.100      6.165      8.853
  -1   -2     20.531     -4.526     -3.984
  -1   -2      0.284      4.700     -8.871
  -1   -2    -11.541     -0.138      9.965
  -1   -2     -6.405      3.759     -7.954
  -1   -2     20.878     -5.303      7.815
  -1   -2     -8.079      4.889     -9.939
  -1   -2      9.921     -3.365      6.550
  -1   -2      6.822     -3.804      1.758
  -1   -2     -3.031     -2.183      9.807
  -1   -2      9.100      6.165      8.853
  -1   -2      0.284      4.700     -8.871
  -1   -2     20.531     -4.526     -3.984
 336   -2    -11.541     -0.138      9.965
  -1   -2     -6.405      3.759     -7.954
  -1   -2     20.878     -5.303      7.815
  -1   -2     -8.079      4.889     -9.939
  -1   -2      9.921     -3.365      6.550
  -1   -2      9.921     -3.365      6.550
  -1   -2      6.822     -3.804      1.758
  -1   -2     -3.031     -2.183      9.807
  -1   -2      9.100      6.165      8.853
  -1   -2     20.531     -4.526     -3.984
  -1   -2      0.284      4.700     -8.871
  -1   -2     -6.405      3.759     -7.954
  -1   -2     -8.079      4.889     -9.939
  -1   -2     20.878     -5.303      7.815
  -1   -2      9.921     -3.365      6.550
  -1   -2      6.822     -3.804      1.758
  -1   -2     -3.031     -2.183      9.807
  -1   -2      9.100      6.165      8.853
  -1   -2     20.531     -4.526     -3.984
  -1   -2      0.284      4.700     -8.871
  -1   -2     -6.405      3.759     -7.954
  -1   -2     -8.079      4.889     -9.939
 209  132     20.878     -5.303      7.815
  -1   -2      9.921     -3.365      6.550
  -1   -2      9.921     -3.365      6.550
  -1   -2      6.822     -3.804      1.758
  -1   -2     -3.031     -2.183      9.807
  -1   -2      9.100      6.165      8.853
  -1   -2     20.531     -4.526     -3.984
  -1   -2      0.284      4.700     -8.871
  -1   -2     -6.405      3.759     -7.954
  -1   -2     -8.079      4.889     -9.939
  -1   -2      9.921     -3.365      6.550
  -1   -2      6.822     -3.804      1.758
  -1   -2     -3.031     -2.183      9.807
  -1   -2      9.100      6.165      8.853
  -1   -2     20.531     -4.526     -3.984
  -1   -2      0.284      4.700     -8.871
  -1   -2     -6.405      3.759     -7.954
  -1   -2     -8.079      4.889     -9.939
  -1   -2      6.822     -3.804      1.758
  -1   -2     -3.031     -2.183      9.807
  -1   -2      9.100      6.165      8.853
  -1   -2     20.531     -4.526     -3.984
  -1   -2      0.284      4.700     -8.871
  -1   -2     -6.405      3.759     -7.954
  -1   -2     -8.079      4.889     -9.939
  -1   -2      9.921     -3.365      6.550
  -1   -2      9.921     -3.365      6.550
  -1   -2      6.822     -3.804      1.758
  -1   -2     -3.031     -2.183      9.807
  -1   -2      9.100      6.165      8.853
  -1   -2      0.284      4.700     -8.871
  -1   -2     20.531     -4.526     -3.984
  -1   -2     -6.405      3.759     -7.954
  -1   -2     -8.079      4.889     -9.939
  -1   -2      9.921     -3.365      6.550
  -1   -2      6.822     -3.804      1.758
  -1   -2     -3.031     -2.183      9.807
  -1   -2      0.284      4.700     -8.871
 404  183      9.100      6.165      8.853
 160   -2     20.531     -4.526     -3.984
  -1   -2     -6.405      3.759     -7.954
  -1   -2     -8.079      4.889     -9.939
  -1   -2      9.921     -3.365      6.550
  -1   -2      9.921     -3.365      6.550
  -1   -2      6.822     -3.804      1.758
  -1   -2     -3.031     -2.183      9.807
  -1   -2      0.284      4.700     -8.871
  -1   -2     -6.405      3.759     -7.954
  -1   -2     -8.079      4.889     -9.939
  -1   -2      6.822     -3.804      1.758
  -1   -2     -3.031     -2.183      9.807
  -1   -2      0.284      4.700     -8.871
  -1   -2     -6.405      3.759     -7.954
  -1   -2     -8.079      4.889     -9.939
  -1   -2      6.822     -3.804      1.758
  -1   -2     -3.031     -2.183      9.807
  -1   -2      0.284      4.700     -8.871
  -1   -2     -6.405      3.759     -7.954
  -1   -2     -8.079      4.889     -9.939
  -1   -2      6.822     -3.804      1.758
  -1   -2     -3.031     -2.183      9.807
  -1   -2      0.284      4.700     -8.871
  -1   -2     -6.405      3.759     -7.954
  -1   -2     -8.079      4.889     -9.939
  -1   -2      6.822     -3.804      1.758
  -1   -2     -3.031     -2.183      9.807
  -1   -2      0.284      4.700     -8.871
  -1   -2     -6.405      3.759     -7.954
  -1   -2     -8.079      4.889     -9.939
  -1   -2      9.921     -3.365      6.550
  -1   -2      9.921     -3.365      6.550
  -1   -2      6.822     -3.804      1.758
  -1   -2     -3.031     -2.183      9.807
  -1   -2      0.284      4.700     -8.871
  -1   -2     -6.405      3.759     -7.954
  -1   -2     -8.079      4.889     -9.939
  -1   -2      9.921     -3.365      6.550
  -1   -2      6.822     -3.804      1.758
  -1   -2     -3.031     -2.183      9.807
  -1   -2      0.284      4.700     -8.871
  -1   -2     -6.405      3.759     -7.954
  -1   -2     -8.079      4.889     -9.939
  -1   -2      9.921     -3.365      6.550
  -1   -2      6.822     -3.804      1.758
  -1   -2     -3.031     -2.183      9.807
  -1   -2      0.284      4.700     -8.871
  -1   -2     -6.405      3.759     -7.954
  -1   -2     -8.079      4.889     -9.939
  -1   -2      9.921     -3.365      6.550
  -1   -2      9.921     -3.365      6.550
  -1   -2      6.822     -3.804      1.758
  -1   -2     -3.031     -2.183      9.807
  -1   -2      0.284      4.700     -8.871
  -1   -2     -6.405      3.759     -7.954
  -1   -2     -8.079      4.889     -9.939
  -1   -2      9.921     -3.365      6.550
  -1   -2      9.921     -3.365      6.550
  -1   -2      6.822     -3.804      1.758
  -1   -2     -3.031     -2.183      9.807
  -1   -2      0.284      4.700     -8.871
  -1   -2     -6.405      3.759     -7.954
  -1   -2     -8.079      4.889     -9.939
  -1   -2      6.822     -3.804      1.758
  -1   -2     -3.031     -2.183      9.807
  -1   -2      0.284      4.700     -8.871
  -1   -2     -6.405      3.759     -7.954
  -1   -2     -8.079      4.889     -9.939
  -1   -2      9.921     -3.365      6.550
  -1   -2      9.921     -3.365      6.550
  -1   -2      6.822     -3.804      1.758
  -1   -2     -3.031     -2.183      9.807
  -1   -2      0.284      4.700     -8.871
  -1   -2     -6.405      3.759     -7.954
  -1   -2     -8.079      4.889     -9.939
  -1   -2      9.921     -3.365      6.550
  -1   -2      6.822     -3.804      1.758
  -1   -2     -3.031     -2.183      9.807
  -1   -2      0.284      4.700     -8.871
  -1   -2     -6.405      3.759     -7.954
  -1   -2     -8.079      4.889     -9.939
  -1   -2      6.822     -3.804      1.758
  -1   -2     -3.031     -2.183      9.807
  -1   -2      0.284      4.700     -8.871
  -1   -2     -6.405      3.759     -7.954
  -1   -2     -8.079      4.889     -9.939
  -1   -2      6.822     -3.804      1.758
  -1   -2     -3.031     -2.183      9.807
  -1   -2      0.284      4.700     -8.871
  -1   -2     -6.405      3.759     -7.954
  -1   -2     -8.079      4.889     -9.939
  -1   -2      9.921     -3.365      6.550
  -1   -2      6.822     -3.804      1.758
  -1   -2     -3.031     -2.183      9.807
  -1   -2      0.284      4.700     -8.871
  -1   -2     -6.405      3.759     -7.954
  -1   -2     -8.079      4.889     -9.939
  -1   -2      9.921     -3.365      6.550
  -1   -2      6.822     -3.804      1.758
  -1   -2     -3.031     -2.183      9.807
  -1   -2      0.284      4.700     -8.871
  -1   -2     -6.405      3.759     -7.954
  -1   -2     -8.079      4.889     -9.939
  -1   -2      9.921     -3.365      6.550
  -1   -2      6.822     -3.804      1.758
  -1   -2     -3.031     -2.183      9.807
  -1   -2      0.284      4.700     -8.871
  -1   -2     -6.405      3.759     -7.954
  -1   -2     -8.079      4.889     -9.939
  -1   -2      6.822     -3.804      1.758
  -1   -2     -3.031     -2.183      9.807
  -1   -2      0.284      4.700     -8.871
 184   -2     -6.405      3.759     -7.954
  -1   -2     -8.079      4.889     -9.939
  -1   -2      9.921     -3.365      6.550
  -1   -2      9.921     -3.365      6.550
  -1   -2      6.822     -3.804      1.758
  -1   -2     -3.031     -2.183      9.807
  -1   -2      0.284      4.700     -8.871
  -1   -2     -8.079      4.889     -9.939
  -1   -2      9.921     -3.365      6.550
  -1   -2      6.822     -3.804      1.758
  -1   -2      0.284      4.700     -8.871
  -1   -2     -8.079      4.889     -9.939
  -1   -2      9.921     -3.365      6.550
  12   -2      6.822     -3.804      1.758
  -1   -2     -3.031     -2.183      9.807
  -1   -2      0.284      4.700     -8.871
  -1   -2     -8.079      4.889     -9.939
  -1   -2     -3.031     -2.183      9.807
  -1   -2      0.284      4.700     -8.871
  -1   -2     -8.079      4.889     -9.939
 182   -2      9.921     -3.365      6.550
  -1   -2     -3.031     -2.183      9.807
  -1   -2      0.284      4.700     -8.871
  -1   -2     -8.079      4.889     -9.939
  -1   -2     -3.031     -2.183      9.807
  -1   -2      0.284      4.700     -8.871
  -1   -2     -8.079      4.889     -9.939
  -1   -2     -3.031     -2.183      9.807
  -1   -2      0.284      4.700     -8.871
  -1   -2     -8.079      4.889     -9.939
  -1   -2     -3.031     -2.183      9.807
  -1   -2      0.284      4.700     -8.871
  -1   -2     -8.079      4.889     -9.939
  -1   -2     -3.031     -2.183      9.807
  -1   -2      0.284      4.700     -8.871
  -1   -2     -8.079      4.889     -9.939
  -1   -2     -3.031     -2.183      9.807
  -1   -2      0.284      4.700     -8.871
  -1   -2     -8.079      4.889     -9.939
  -1   -2     -3.031     -2.183      9.807
  -1   -2      0.284      4.700     -8.871
  -1   -2     -8.079      4.889     -9.939
  -1   -2     -3.031     -2.183      9.807
  -1   -2      0.284      4.700     -8.871
  -1   -2     -8.079      4.889     -9.939
  -1   -2     -3.031     -2.183      9.807
  -1   -2      0.284      4.700     -8.871
  -1   -2     -8.079      4.889     -9.939
  -1   -2     -3.031     -2.183      9.807
  -1   -2      0.284      4.700     -8.871
  -1   -2     -8.079      4.889     -9.939
  -1   -2     -3.031     -2.183      9.807
  -1   -2      0.284      4.700     -8.871
  -1   -2     -8.079      4.889     -9.939
  -1   -2     -3.031     -2.183      9.807
  -1   -2      0.284      4.700     -8.871
  -1   -2     -8.079      4.889     -9.939
  -1   -2     -3.031     -2.183      9.807
  -1   -2      0.284      4.700     -8.871
  -1   -2     -8.079      4.889     -9.939
  -1   -2     -3.031     -2.183      9.807
  -1   -2      0.284      4.700     -8.871
  -1   -2     -8.079      4.889     -9.939
  -1   -2     -3.031     -2.183      9.807
  -1   -2      0.284      4.700     -8.871
  -1   -2     -8.079      4.889     -9.939
 183   -2     -3.031     -2.183      9.807
  -1   -2      0.284      4.700     -8.871
  -1   -2     -8.079      4.889     -9.939
  -1   -2      0.284      4.700     -8.871
  -1   -2     -8.079      4.889     -9.939
  -1   -2      0.284      4.700     -8.871
  -1   -2     -8.079      4.889     -9.939
  -1   -2      0.284      4.700     -8.871
  -1   -2     -8.079      4.889     -9.939
  -1   -2      0.284      4.700     -8.871
  -1   -2     -8.079      4.889     -9.939
  -1   -2      0.284      4.700     -8.871
  -1   -2     -8.079      4.889     -9.939
  -1   -2      0.284      4.700     -8.871
  -1   -2      0.284      4.700     -8.871
  -1   -2     -8.079      4.889     -9.939
  -1   -2      0.284      4.700     -8.871
  -1   -2     -8.079      4.889     -9.939
  -1   -2      0.284      4.700     -8.871
 207  592     -8.079      4.889     -9.939
  -1   -2      0.284      4.700     -8.871
  -1   -2      0.284      4.700     -8.871
  -1   -2      0.284      4.700     -8.871
  -1   -2      0.284      4.700     -8.871
  -1   -2      0.284      4.700     -8.871
  -1   -2      0.284      4.700     -8.871
  -1   -2      0.284      4.700     -8.871
  -1   -2      0.284      4.700     -8.871
  -1   -2      0.284      4.700     -8.871
 272  115      0.284      4.700     -8.871
