74
   2   25     15.907     -7.229    -10.058
  -1   -2     15.092     -7.476     -5.118
  17   -2     15.884     -7.245     -7.828
   3   14     15.040     -8.019     -8.883
   5    8      4.118     -5.004      1.872
  -1    2     11.925     -7.764     -5.422
   0   -2      8.417     -4.331      2.305
  -1   -2     14.860     -8.549     -9.316
  67   -2     17.023     -6.300     -6.506
  60    9     18.053     -5.958     -2.761
  48    1     -2.093    -10.594      3.209
  23   13     13.423     -8.736    -10.288
  58   34      9.793     -8.986     -3.936
  16   -2      0.321    -11.129     -2.198
  10   60     14.157     -7.349     -2.541
  -1   49     -4.000    -11.002      5.159
  12    5     -2.925    -10.621     -7.057
  30   17      8.239    -10.907     -7.032
  46   -2      0.413    -10.975      1.725
   6    4      1.649    -11.345     -0.816
  55   -2     11.925     -4.403      6.587
  69   26     18.030     -4.430     -3.120
  38   -2     13.823     -8.976     -9.178
  -1   -2      5.513    -10.499      5.541
  -1   37      3.368    -11.181      2.056
  14   -2      4.520    -10.873      3.423
  22   40      9.337     -0.436      8.075
  27   -2     16.017     -7.453     -9.829
  24   32      9.514     -3.287      7.536
  -1   16     14.446     -8.734     -9.647
  -1   11      8.650     -3.887      2.738
  36   20     16.813     -6.771     -8.772
  -1   27     18.001     -5.762    -10.710
  -1   -2     10.662     -6.853      0.388
  -1   61     17.731     -5.565     -9.105
  35   -2      6.324     -8.330     -9.154
  26    0     17.136     -6.700     -6.391
  -1    3     15.535     -8.128     -9.993
  56   28      1.819     -9.487      7.453
  25   50     15.023     -3.606     -6.176
  34   -2      7.150     -9.161      3.166
  18   -2     19.157     -6.342     -5.524
  -1   36     15.836     -1.919     -7.742
  57   39     10.045     -3.870      8.452
  -1    7     15.569     -6.911     -2.596
  39   33      8.670     -8.797     -3.230
  -1   -2     14.915     -7.700     -6.183
  40   -2     14.557     -7.878     -4.438
  62   -2     10.752      0.581      4.639
  13   -2     15.642     -6.333     -7.549
   8   68     -0.340     -8.346     -2.208
  -1   10      2.870    -10.369      6.109
  -1   -2     21.612     -5.691      2.344
  -1   64    -11.317    -10.590    -10.102
  37   42     15.481     -3.801      8.836
  19   -2      5.187     -8.836     -8.808
  -1   -2     11.533     -5.040      4.031
  -1   45      8.189      6.231     10.900
  -1   30      6.396     -7.103     -4.287
  -1   74     17.634      3.864    -12.486
  45   -2     12.169    -10.117      9.395
  54   57     -3.401     -4.863      8.963
  -1   65     -9.299     -8.157      7.420
  42   22     14.692     -8.100      0.666
  -1   56      6.516    -10.802      3.638
  -1   35     13.791     -6.372     -4.752
  -1   19     -6.791    -10.953     -8.837
  -1   -2     -8.768     -9.581     -6.433
  -1   18     11.275     -5.335      1.228
  61   -2     12.866      3.335     -4.317
  59   62     -3.836     -8.681    -10.082
  -1    6      4.500     -8.146     -5.897
   4   -2     11.235     -6.235      3.117
  -1   51     -0.996     -6.503     -0.799
