258
  -1  281     16.609     -8.781     -1.313
   2    2     15.587     -8.247      6.801
  -1   44     -2.743     -7.338     -2.556
  -1   -2     -9.450     -8.504      3.481
   5   -2     -5.612     -6.512    -10.167
  98   -2      2.302     -7.581     10.111
  -1   10     13.954     -4.008     -3.531
   8   20     20.420     -4.375     -3.434
  68   11     17.706     -9.187     -3.487
   0    0     -4.560     -8.938      4.991
  13    8     16.634    -10.169    -10.421
 166   12     17.855     -7.512      4.744
   9   50     16.584      2.688     -9.891
 238   14     15.706     -1.131      1.873
  32   41      5.097     -2.604      5.005
  60   -2     16.368     -2.453     -9.496
  47   -2     14.834    -10.104    -10.358
  20   32     15.171     -3.436     -4.734
  18   -2     19.759     -5.763     -4.552
  -1  119      6.752     -9.566     10.196
  -1   34     19.393     -0.850     -6.053
  -1   -2     16.958     -7.784      6.420
  -1   -2      7.838     -1.477     -0.975
  86   -2    -13.063     -5.530     -5.618
  -1    7     20.760     -4.806     -4.730
  63   -2     -1.421     -5.087      2.424
  28   45     13.013     -6.850      1.468
  62   28     10.536     -8.164     -1.803
 275  100      4.694     -4.801      7.340
  29   -2     10.612     -5.934      3.650
  30   -2     -0.988     -8.585    -10.676
  -1   -2     11.493     -5.518     -4.118
  -1   31      2.411     -1.992      4.880
  34   33     -5.601     -1.945     -9.998
  -1   -2    -11.979     -9.566     -6.480
  16   16     16.507     -2.978     -9.156
  -1   36     18.723     -7.390     -1.317
  -1   -2      5.636     -8.510      6.186
  40  217     10.517      1.344      1.623
  50  122     -3.220     -9.000     -8.284
  -1   93      4.578     -6.683      7.290
  12   51     10.795     -2.423      4.382
 129  147     15.052     -8.933      9.793
  -1   -2      9.428      0.194     -2.877
  -1   -2      9.264     -8.571      2.508
  37   47     17.235     -9.266      1.103
  43    3     -1.729     -8.000     -2.990
  48   49      3.622     -8.987      5.605
  52   46     10.843     -6.473      8.029
  -1   13     16.675      3.693    -10.049
  -1   19     13.810     -0.641     -1.121
  -1   -2     15.829    -10.656     -9.444
  55   56    -10.466     -3.335     -8.804
  53   55     -4.650      2.225     -3.881
  -1   30      0.472     -9.149     -5.000
  61   54      9.826     -3.593      6.725
  -1   58     16.937     -2.079     -8.871
  59   57     12.537     -4.816    -11.651
  58   60      1.463     -9.838      9.459
  -1   17     14.187     -9.983     -3.229
  -1    5     -5.966     -7.015    -10.376
  64   64      5.553     -9.292     10.058
  -1  191      9.422    -10.406     -5.219
  -1    9      5.323    -10.633      7.426
  -1   -2     16.527     -8.753     -1.124
  -1   -2     16.958     -7.784      6.420
  -1   70      7.838     -1.477     -0.975
  -1   -2      6.723     -9.533      9.760
  80   -2      4.694     -4.801      7.340
  -1   -2     10.536     -8.164     -1.803
  84    6      5.636     -8.510      6.186
  -1   -2     -3.220     -9.000     -8.284
  -1   -2      4.578     -6.683      7.290
  -1   -2     15.052     -8.933      9.793
  -1  180      9.264     -8.571      2.508
  -1   -2      9.428      0.194     -2.877
  -1   -2     16.527     -8.753     -1.124
  69   83     -9.405     -8.500      3.328
  -1   -2      7.838     -1.477     -0.975
  -1   -2     16.958     -7.784      6.420
  -1   -2     10.536     -8.164     -1.803
  -1   -2      6.723     -9.533      9.760
  -1   -2     14.504     -0.679     -2.862
  -1   -2      4.578     -6.683      7.290
  -1   -2     -3.220     -9.000     -8.284
  -1   -2     15.052     -8.933      9.793
  -1   -2      9.264     -8.571      2.508
 102   95      9.428      0.194     -2.877
  -1   -2     16.527     -8.753     -1.124
  -1   -2     16.958     -7.784      6.420
  -1   -2      7.838     -1.477     -0.975
  -1   -2      6.723     -9.533      9.760
  -1   -2     10.536     -8.164     -1.803
  -1   -2     14.504     -0.679     -2.862
  -1   -2      4.578     -6.683      7.290
 127   -2     -3.220     -9.000     -8.284
  -1   -2     15.052     -8.933      9.793
  -1   -2      9.264     -8.571      2.508
  -1   -2     16.527     -8.753     -1.124
  -1   -2     16.958     -7.784      6.420
  -1   -2      7.838     -1.477     -0.975
  -1   -2     10.536     -8.164     -1.803
  -1   -2      4.578     -6.683      7.290
  -1   -2     15.052     -8.933      9.793
  -1   -2      9.264     -8.571      2.508
  -1   -2     16.527     -8.753     -1.124
  42   -2     16.958     -7.784      6.420
  -1   -2      7.838     -1.477     -0.975
  -1   -2      6.723     -9.533      9.760
  -1   -2     10.536     -8.164     -1.803
  -1   -2     14.504     -0.679     -2.862
  -1   -2      4.578     -6.683      7.290
  -1   78     15.052     -8.933      9.793
  -1   -2      9.264     -8.571      2.508
  -1   -2     16.527     -8.753     -1.124
  -1   -2      7.838     -1.477     -0.975
  -1   -2      6.723     -9.533      9.760
  -1   -2     10.536     -8.164     -1.803
  -1   -2      4.578     -6.683      7.290
  -1   -2      9.264     -8.571      2.508
  -1   -2     16.527     -8.753     -1.124
  -1   -2      7.838     -1.477     -0.975
 122   -2      6.723     -9.533      9.760
  -1   -2     10.536     -8.164     -1.803
  -1   -2      9.264     -8.571      2.508
  -1   -2      4.578     -6.683      7.290
  -1   -2     16.527     -8.753     -1.124
  -1   -2      7.838     -1.477     -0.975
  -1   -2     10.536     -8.164     -1.803
  -1   -2      4.578     -6.683      7.290
  -1   -2      9.264     -8.571      2.508
  -1   -2     16.527     -8.753     -1.124
  -1   -2      7.838     -1.477     -0.975
  -1   -2     10.536     -8.164     -1.803
  -1   -2     14.504     -0.679     -2.862
  -1   -2      4.578     -6.683      7.290
  -1   -2      9.264     -8.571      2.508
  -1   -2     16.527     -8.753     -1.124
  -1   -2      7.838     -1.477     -0.975
  -1   -2     10.536     -8.164     -1.803
  -1   -2      4.578     -6.683      7.290
  -1   -2      9.264     -8.571      2.508
  -1   -2     16.527     -8.753     -1.124
  -1   -2      7.838     -1.477     -0.975
  -1   -2     10.536     -8.164     -1.803
  -1   -2     14.504     -0.679     -2.862
  -1   -2      4.578     -6.683      7.290
  -1   -2      9.264     -8.571      2.508
  -1   -2     16.527     -8.753     -1.124
  -1   -2      7.838     -1.477     -0.975
  -1   -2     10.536     -8.164     -1.803
  -1   -2      4.578     -6.683      7.290
  -1   -2      9.264     -8.571      2.508
  -1   -2     16.527     -8.753     -1.124
  -1   -2      7.838     -1.477     -0.975
  -1   -2     10.536     -8.164     -1.803
  -1   -2      4.578     -6.683      7.290
  -1   -2     16.527     -8.753     -1.124
  -1   -2      7.838     -1.477     -0.975
  -1   -2     10.536     -8.164     -1.803
  -1   -2      4.578     -6.683      7.290
  -1   -2     16.527     -8.753     -1.124
  -1   -2      7.838     -1.477     -0.975
  27   26     10.536     -8.164     -1.803
  -1   -2     14.504     -0.679     -2.862
  -1   -2      4.578     -6.683      7.290
  -1   -2     16.527     -8.753     -1.124
  -1   -2      7.838     -1.477     -0.975
  -1   -2     14.504     -0.679     -2.862
  -1   -2      4.578     -6.683      7.290
  -1   -2     16.527     -8.753     -1.124
  -1   -2      7.838     -1.477     -0.975
  -1   -2     14.504     -0.679     -2.862
  -1   -2      4.578     -6.683      7.290
  -1   -2     16.527     -8.753     -1.124
  -1   -2      7.838     -1.477     -0.975
  -1   -2      4.578     -6.683      7.290
  -1   -2     16.527     -8.753     -1.124
  -1   -2      7.838     -1.477     -0.975
  -1   -2     14.504     -0.679     -2.862
  -1   -2      4.578     -6.683      7.290
  -1   -2     16.527     -8.753     -1.124
  -1   -2      7.838     -1.477     -0.975
  -1   -2      4.578     -6.683      7.290
  -1   -2     16.527     -8.753     -1.124
  -1   -2      7.838     -1.477     -0.975
  -1   -2     14.504     -0.679     -2.862
  -1   -2      4.578     -6.683      7.290
  -1   -2     16.527     -8.753     -1.124
  -1   -2      7.838     -1.477     -0.975
  33   -2     14.504     -0.679     -2.862
  -1   -2      4.578     -6.683      7.290
  -1   -2     16.527     -8.753     -1.124
  -1   -2      7.838     -1.477     -0.975
  -1   -2     16.527     -8.753     -1.124
  -1   -2      7.838     -1.477     -0.975
  -1   -2      4.578     -6.683      7.290
  -1   -2     16.527     -8.753     -1.124
  -1   -2      7.838     -1.477     -0.975
  -1   -2      4.578     -6.683      7.290
  -1   -2     16.527     -8.753     -1.124
  -1   -2      7.838     -1.477     -0.975
  -1   -2      4.578     -6.683      7.290
  -1   -2     16.527     -8.753     -1.124
  -1   -2      7.838     -1.477     -0.975
  -1   -2      4.578     -6.683      7.290
  -1   -2     16.527     -8.753     -1.124
  -1   -2      7.838     -1.477     -0.975
  -1   -2      4.578     -6.683      7.290
  -1   -2     16.527     -8.753     -1.124
  -1   -2      7.838     -1.477     -0.975
  -1   -2      4.578     -6.683      7.290
  -1   -2     16.527     -8.753     -1.124
  -1   -2      7.838     -1.477     -0.975
  -1   -2      4.578     -6.683      7.290
  -1   -2     16.527     -8.753     -1.124
  -1   -2      7.838     -1.477     -0.975
  -1   -2      4.578     -6.683      7.290
  -1   -2     16.527     -8.753     -1.124
  -1   -2      7.838     -1.477     -0.975
  -1   -2      4.578     -6.683      7.290
  -1   -2     16.527     -8.753     -1.124
  -1   -2      7.838     -1.477     -0.975
  -1   -2      4.578     -6.683      7.290
  -1   -2     16.527     -8.753     -1.124
  -1   -2      7.838     -1.477     -0.975
  -1   -2      4.578     -6.683      7.290
  -1   -2     16.527     -8.753     -1.124
  -1   -2      7.838     -1.477     -0.975
  -1   -2      4.578     -6.683      7.290
  -1   -2     16.527     -8.753     -1.124
  -1   -2      7.838     -1.477     -0.975
  92   -2      4.578     -6.683      7.290
  -1   -2     16.527     -8.753     -1.124
  -1   -2      7.838     -1.477     -0.975
  -1   -2     16.527     -8.753     -1.124
  21  258      7.838     -1.477     -0.975
  -1   -2     16.527     -8.753     -1.124
  -1   -2     16.527     -8.753     -1.124
  -1   -2     16.527     -8.753     -1.124
  -1   -2     16.527     -8.753     -1.124
  -1   -2     16.527     -8.753     -1.124
  -1   -2     16.527     -8.753     -1.124
  -1   -2     16.527     -8.753     -1.124
  -1   -2     16.527     -8.753     -1.124
  -1   -2     16.527     -8.753     -1.124
  -1   -2     16.527     -8.753     -1.124
  -1   -2     16.527     -8.753     -1.124
  -1   -2     16.527     -8.753     -1.124
  -1   -2     16.527     -8.753     -1.124
  -1   -2     16.527     -8.753     -1.124
  -1   -2     16.527     -8.753     -1.124
  -1   -2     16.527     -8.753     -1.124
  -1   -2     16.527     -8.753     -1.124
  -1   -2     16.527     -8.753     -1.124
  -1   -2     16.527     -8.753     -1.124
  -1   -2     16.527     -8.753     -1.124
   1   69     16.527     -8.753     -1.124
