116
   0    0     -2.806     -7.313     -2.837
   6    1      1.960     -7.718      9.974
   2    3     -5.960     -5.350     -0.930
 114   14     14.383     -6.901     -5.842
  -1  111     16.600     -8.782     -1.280
  94   96     10.483     -8.170     -1.972
  96    6     15.589     -8.246      6.810
   9   -2     -0.419     -8.181      1.095
   8    9     -5.617     -6.511    -10.180
  21   -2     11.208     -3.515      3.318
  -1   -2     -0.221    -10.682      4.832
  11   10     15.673     -1.076      1.738
  47   46     -0.905     -8.597    -10.427
  71   36     -8.860    -10.510     -1.891
  24   42      5.102     -7.822      8.195
  -1   33     20.423     -4.372     -3.429
   5   13     17.709     -9.189     -3.481
  -1    2      9.147     -1.873      5.564
  -1   -2     16.619    -10.167    -10.383
  36   26      9.044     -5.835     -4.164
  -1    7     -5.924     -6.974    -10.280
  80   -2     16.578      2.689     -9.874
  18   17     19.308     -5.991     -6.991
  -1   21     -0.940     -8.856      3.861
  20   18     15.571    -10.333     -3.944
  50   19      5.098     -2.605      4.999
  -1   16     18.391      3.129     -4.324
  -1   29     -5.700    -10.474     -4.992
  15   22     10.784     -0.411      4.503
  87   -2     -6.083     -7.903     -2.946
  33   56     -0.761    -10.412     -3.925
  83   31     15.011     -3.616     -6.144
  81   28     16.594     -2.409     -9.795
  -1   75      2.103     -9.160     -9.749
  13   -2     20.025     -6.354     -3.996
  30   34     19.389     -0.851     -6.087
  -1   62     17.612     -4.357     -3.894
  29   78      6.749     -9.566     10.193
  -1   -2      3.909    -10.075      7.339
  28   32     19.775     -8.074     -0.881
  -1   -2      7.836     -1.476     -0.969
  -1   -2     16.963     -7.778      6.421
  -1   -2     -8.620     -3.625      0.709
  -1   -2     13.418     -8.785      9.398
  40   27     20.758     -4.801     -4.719
  -1   11      5.536     -8.465      5.882
  -1   -2     14.939     -8.747      9.384
  -1   -2     -1.473     -6.134     -7.859
  46   48    -13.559     -8.086      3.327
  45   57     -1.361     -2.726     10.153
  19   47     -8.109     -9.837      2.901
  67   -2      1.813     -2.103      3.159
  -1   50     18.724     -7.391     -1.309
  76   -2     11.499     -5.517     -4.119
  -1   55     10.036      1.315      0.077
  -1   -2     -9.288    -10.564     -8.399
  -1   24     -5.190    -10.744     -2.347
  -1   -2     12.412     -9.151     10.092
  56   90      9.271     -8.569      2.502
  -1   -2     11.212     -2.437      5.729
  59   -2     18.692     -8.114     -3.198
  -1   95     13.196     -6.775      2.124
   7   20     17.230     -9.266      1.125
  63   60     10.842     -6.471      8.035
  -1   -2      8.325     -6.525     -3.791
  64   -2     11.722     -9.020      6.672
  72   -2     23.651     -7.834     11.548
  -1   76     -6.386     -1.465     -7.163
  57   -2     13.806     -0.642     -1.142
  -1   -2     15.249     -3.363     -4.894
  -1   -2     -4.656      2.230     -3.894
  -1   -2    -12.044     -5.706     -3.166
  -1   69     12.531     -4.816    -11.634
  74   54     16.949     -2.077     -8.832
  -1   23      0.529    -10.929     -0.967
  60   45     -6.178     -2.121      7.233
  -1   74     -7.584    -11.970    -10.448
  -1   -2    -10.468     -3.335     -8.805
  58   35     -7.849     -0.659     -1.989
  -1   88      9.158     -7.612      8.276
  79   -2     -7.207     -9.748     -0.887
  -1  113     16.003     -6.590     -6.056
  -1   -2     17.935     -9.059     -6.417
  69   -2     -6.149     -2.004     -3.213
  84   -2     16.877     -4.030    -10.336
  -1   -2     14.383     -6.901     -5.842
  -1   -2     16.516     -8.751     -1.087
  -1   -2     16.963     -7.778      6.421
  92   94      7.836     -1.476     -0.969
  -1   -2     14.939     -8.747      9.384
  41   -2     13.011     -6.851      1.475
  -1   -2     -1.473     -6.134     -7.859
  98   -2     -5.190    -10.744     -2.347
  -1   -2     18.253      3.079     -3.927
  39   -2      8.325     -6.525     -3.791
  73   64    -12.044     -5.706     -3.166
  -1   -2     14.383     -6.901     -5.842
  -1   -2     16.516     -8.751     -1.087
 107  107      8.891     -1.891      6.211
  91   -2     16.963     -7.778      6.421
  -1   -2     10.554     -8.160     -1.737
  99   -2     18.253      3.079     -3.927
  -1   -2     14.383     -6.901     -5.842
  -1   -2     16.516     -8.751     -1.087
  90   -2      8.891     -1.891      6.211
  78   52     10.554     -8.160     -1.737
  -1   -2     14.383     -6.901     -5.842
  -1   -2     16.516     -8.751     -1.087
  -1   -2     14.383     -6.901     -5.842
 112   77     16.516     -8.751     -1.087
  -1   -2     14.383     -6.901     -5.842
  -1   -2     14.383     -6.901     -5.842
  -1   -2     14.383     -6.901     -5.842
  -1   -2     14.383     -6.901     -5.842
  -1   -2     14.383     -6.901     -5.842
   3   -2     14.383     -6.901     -5.842
