190
   0   -2     18.180    -10.927     -5.599
  -1  189     16.601     -8.781     -1.292
  49   31     15.594     -8.250      6.781
  -1   -2     -2.743     -7.338     -2.556
   9   -2      2.298     -7.582     10.102
  18   -2     16.612     -2.968     -9.444
  56   44     -6.134     -9.550      4.737
  11    7     20.425     -4.372     -3.428
  53   10     16.628    -10.170    -10.407
  -1   20     18.003    -10.942     -9.338
  -1   11     17.855     -7.511      4.756
  14   -2     16.583      2.688     -9.885
   2   -2     17.714     -9.188     -3.499
  31   46     13.950     -4.004     -3.523
  48   -2     14.336     -1.281     -4.379
   5   16     19.143    -10.996     -5.693
  62    8     16.615     -2.404     -9.856
  -1   -2     20.023     -6.355     -3.987
  71   47     18.108     -8.163      2.495
  12   22     14.830    -10.103    -10.342
  34   -2      5.098     -2.610      4.999
  -1   14      0.589     -5.461      7.585
  23   -2     13.908     -8.634      9.600
  20   24     11.011     -2.473      5.831
  -1   27     19.390     -0.854     -6.062
  22   25     19.765     -5.759     -4.512
  59   -2     -3.708     -9.418     -3.977
  -1   -2      7.845     -1.479     -0.993
  -1    3     -5.631     -6.521     -9.904
  -1   -2     20.761     -4.808     -4.732
  -1   -2      4.696     -4.800      7.341
  -1  130     -1.473     -6.134     -7.875
 115   35     10.611     -5.929      3.643
  37   82      9.952     -3.417      5.299
   3   -2     16.330     -7.734      4.245
  -1   -2     14.281     -4.780      5.468
  -1    1     13.324     -7.322      7.422
  -1   -2     14.507     -0.679     -2.850
  75   95     -5.188    -10.744     -2.343
  -1   75     -1.512    -10.762      2.066
  33   38     -0.995     -8.585    -10.693
  -1   -2      7.097    -10.683      2.800
  36   43     -5.601     -1.944     -9.997
  -1   41      2.412     -1.993      4.882
  -1   42     -9.281    -10.559     -8.383
   6   -2     18.723     -7.391     -1.315
  -1   -2      4.574     -6.684      7.278
  -1   -2    -11.979     -9.567     -6.477
  77   17     10.517      1.343      1.626
  -1   -2     -3.229     -9.000     -8.303
  46    4      5.637     -8.508      6.192
  -1  113      9.266     -8.569      2.501
  -1   21     14.824     -3.535     -5.727
  -1   -2      9.429      0.193     -2.872
   8    2     -1.734     -8.000     -3.002
  -1   37     10.842     -6.469      8.036
  -1   89      3.096    -10.458      6.231
  -1   -2     17.237     -9.268      1.105
  58   59      3.622     -8.987      5.608
  73   -2     12.543     -6.951     -0.120
  -1   -2     15.609    -10.816    -10.331
  51   56     -7.845     -5.604     10.037
  32   73     -6.808     -6.583     -7.545
  54   57     16.677      3.692    -10.052
  -1   19     -5.790    -10.486     -4.598
  64   67    -10.465     -3.338     -8.794
  -1   -2     -8.656    -10.933      1.657
  57   65     -4.650      2.219     -3.877
  40   -2    -10.745    -10.146     -5.249
  60   -2      3.154    -10.194      3.200
  -1    6     14.452     -8.360      8.844
  21   -2     16.942     -2.080     -8.859
  -1   15      9.828     -3.591      6.728
  -1    9     15.158      3.693    -10.052
  65   70     12.537     -4.817    -11.654
  -1  133     12.226      4.213     -6.463
  -1    5     -7.029     -9.467      0.567
  68   76     -2.934     -1.253     -3.088
  -1   13     16.512     -8.751     -1.087
  -1   -2      7.845     -1.479     -0.993
  27   30     20.761     -4.808     -4.732
  52  124     10.547     -8.164     -1.756
  -1   -2      4.696     -4.800      7.341
  -1   -2     -1.473     -6.134     -7.875
 140  153     14.507     -0.679     -2.850
  -1   -2     -5.188    -10.744     -2.343
  35   -2     14.281     -4.780      5.468
  -1   -2      4.574     -6.684      7.278
  66   -2     -3.229     -9.000     -8.303
  -1   -2      9.429      0.193     -2.872
  -1   -2     16.512     -8.751     -1.087
  -1   -2      7.845     -1.479     -0.993
  -1   -2      4.696     -4.800      7.341
  -1   -2     -1.473     -6.134     -7.875
  -1   -2     -5.188    -10.744     -2.343
  -1   -2      4.574     -6.684      7.278
  -1   -2      9.429      0.193     -2.872
  -1   -2     16.512     -8.751     -1.087
  -1   -2      7.845     -1.479     -0.993
  -1   -2      4.696     -4.800      7.341
  -1   -2     10.547     -8.164     -1.756
  -1   -2     -1.473     -6.134     -7.875
  -1   -2     14.507     -0.679     -2.850
  -1   -2      4.574     -6.684      7.278
  -1   -2      9.429      0.193     -2.872
  -1   -2     16.512     -8.751     -1.087
  -1   -2      7.845     -1.479     -0.993
  -1   -2      4.696     -4.800      7.341
  -1   -2     10.547     -8.164     -1.756
  -1   -2     -1.473     -6.134     -7.875
  -1   -2     14.507     -0.679     -2.850
  -1   -2      4.574     -6.684      7.278
  -1   -2      9.429      0.193     -2.872
  -1   -2     16.512     -8.751     -1.087
  -1   -2      7.845     -1.479     -0.993
  -1   -2      4.696     -4.800      7.341
  63   33     10.547     -8.164     -1.756
  -1   -2     -1.473     -6.134     -7.875
  -1   -2     14.507     -0.679     -2.850
  -1   -2      4.574     -6.684      7.278
  -1   -2      9.429      0.193     -2.872
  -1   -2     16.512     -8.751     -1.087
  -1   -2      7.845     -1.479     -0.993
  28  109      4.696     -4.800      7.341
 116   -2     -1.473     -6.134     -7.875
  -1   -2      4.574     -6.684      7.278
  -1   -2      9.429      0.193     -2.872
  -1   -2     16.512     -8.751     -1.087
  -1   -2      7.845     -1.479     -0.993
  -1   -2      4.574     -6.684      7.278
 123   97      9.429      0.193     -2.872
  -1   -2     16.512     -8.751     -1.087
  -1   -2      7.845     -1.479     -0.993
  -1   -2      4.574     -6.684      7.278
  -1   -2     16.512     -8.751     -1.087
  -1   -2      7.845     -1.479     -0.993
  -1   -2     14.507     -0.679     -2.850
  -1   -2      4.574     -6.684      7.278
  -1   -2     16.512     -8.751     -1.087
  -1   -2      7.845     -1.479     -0.993
  -1   -2     14.507     -0.679     -2.850
  -1   -2      4.574     -6.684      7.278
  -1   -2     16.512     -8.751     -1.087
  -1   -2      7.845     -1.479     -0.993
  -1   -2      4.574     -6.684      7.278
  -1   -2     16.512     -8.751     -1.087
  -1   -2      7.845     -1.479     -0.993
  -1   -2      4.574     -6.684      7.278
  -1   -2     16.512     -8.751     -1.087
  -1   -2      7.845     -1.479     -0.993
  -1   -2     14.507     -0.679     -2.850
  -1   -2      4.574     -6.684      7.278
  -1   -2     16.512     -8.751     -1.087
  -1   -2      7.845     -1.479     -0.993
  -1   -2      4.574     -6.684      7.278
  -1   -2     16.512     -8.751     -1.087
  -1   -2      7.845     -1.479     -0.993
  -1   -2      4.574     -6.684      7.278
  -1   -2     16.512     -8.751     -1.087
  -1   -2      7.845     -1.479     -0.993
  -1   -2      4.574     -6.684      7.278
  -1   -2     16.512     -8.751     -1.087
  -1   -2      7.845     -1.479     -0.993
  -1   -2      4.574     -6.684      7.278
  -1   -2     16.512     -8.751     -1.087
  -1   -2      7.845     -1.479     -0.993
  -1   -2      4.574     -6.684      7.278
  -1   -2     16.512     -8.751     -1.087
  70  164      7.845     -1.479     -0.993
  -1   -2      4.574     -6.684      7.278
  -1   -2     16.512     -8.751     -1.087
  45   -2      4.574     -6.684      7.278
  -1   -2     16.512     -8.751     -1.087
  -1   -2     16.512     -8.751     -1.087
  -1   -2     16.512     -8.751     -1.087
  -1   -2     16.512     -8.751     -1.087
  -1   -2     16.512     -8.751     -1.087
  -1   -2     16.512     -8.751     -1.087
  -1   -2     16.512     -8.751     -1.087
  -1   -2     16.512     -8.751     -1.087
  -1   -2     16.512     -8.751     -1.087
  -1   -2     16.512     -8.751     -1.087
  -1   -2     16.512     -8.751     -1.087
  -1   -2     16.512     -8.751     -1.087
  -1   -2     16.512     -8.751     -1.087
  -1   -2     16.512     -8.751     -1.087
  -1   -2     16.512     -8.751     -1.087
  -1   -2     16.512     -8.751     -1.087
  -1   -2     16.512     -8.751     -1.087
 177   -2     16.512     -8.751     -1.087
