163
 149   10     16.604     -8.782     -1.295
   1    1     15.589     -8.247      6.801
  -1   -2     -2.744     -7.338     -2.556
  79   -2     -5.611     -6.514    -10.156
   5    3      2.299     -7.582     10.105
  -1   57     -9.486    -10.590     -8.207
  -1   59     16.982     -4.550      0.145
  10   54     13.930     -3.999     -3.472
   8   24     20.424     -4.374     -3.439
  -1    7     17.786    -11.125    -10.477
  -1   -2    -12.735     -7.484     -7.482
  64   -2     16.638    -10.173    -10.426
 104    8     17.854     -7.512      4.758
  17   -2     17.713     -9.187     -3.496
  -1   16     15.710     -1.132      1.891
  26   -2      4.915     -9.267      6.195
  -1   12     16.578      2.689     -9.873
  57   14     16.531     -2.411     -9.891
  47   -2     13.709     -8.777      8.967
  16   15      5.101     -2.607      4.999
  44   47     10.805     -0.402      4.452
  -1   25     19.389     -0.854     -6.095
  -1   64      1.386    -10.589     -5.257
   9   22     14.832    -10.100    -10.345
  -1   41     19.765     -5.759     -4.516
  31   19     20.021     -6.356     -3.980
  -1   21     15.170     -3.439     -4.725
  -1   -2      7.843     -1.478     -0.985
  -1   -2     20.761     -4.808     -4.726
  -1  106     16.918     -7.790      6.507
  -1  140      4.695     -4.801      7.339
  96   -2     13.015     -6.851      1.484
  35   35     10.612     -5.933      3.652
  -1   -2     13.324     -7.322      7.421
  39   39      2.410     -1.993      4.882
  49   23     11.501     -5.518     -4.123
  40   40     -5.600     -1.944     -9.998
  23   50     18.722     -7.392     -1.313
  41   -2    -11.980     -9.568     -6.476
  19    5     16.509     -2.971     -9.146
  -1    2     -3.230     -9.001     -8.303
  48   18      5.636     -8.509      6.180
  -1   48      4.572     -6.683      7.274
  -1   51     10.518      1.343      1.623
  -1    9     12.826     -8.919     11.705
  -1   -2     11.864     -9.084     -1.199
  -1   -2     15.052     -8.931      9.797
   2   49     -1.722     -8.000     -2.965
  -1   97     15.829    -10.656     -9.445
  60   -2     17.241     -9.268      1.098
  -1   53      3.622     -8.987      5.609
  37   55     -1.756     -8.752      2.045
  -1   -2     13.812     -0.642     -1.123
  18   -2     16.675      3.690    -10.050
  51   -2     10.846     -6.475      8.028
  -1   11      9.826     -3.588      6.728
  61   61     -4.654      2.221     -3.884
   3   62     -5.972     -7.016    -10.361
  65   65     -7.060    -10.695      3.845
  62   -2    -10.468     -3.340     -8.801
  -1   38      0.472     -9.150     -4.998
  53   71      4.697    -10.437      1.763
  -1   -2     11.187     -3.770      9.214
  63   67    -12.044     -5.709     -3.167
  22   -2     16.940     -2.079     -8.858
  12   69     15.161      3.693    -10.055
  70   68     12.549     -4.819    -11.685
  72   28    -10.924     -6.670    -11.019
  24   -2     12.056     -2.518      8.382
  -1   -2     -4.139     -8.618     -0.721
  -1   -2      7.432     -6.900      9.970
  71   -2     12.299     -8.913      5.287
  25   45    -11.140     -6.834     -7.676
  74   70     -2.937     -1.249     -3.093
  -1   -2     17.502     -2.266      2.147
  -1   -2     16.523     -8.754     -1.109
  -1   -2      7.843     -1.478     -0.985
  -1   -2     16.918     -7.790      6.507
  -1   -2     10.548     -8.163     -1.753
  27  111     14.504     -0.678     -2.857
  -1   -2      4.572     -6.683      7.274
  -1   -2     -3.230     -9.001     -8.303
  85   90    -12.550     -7.487     -8.188
  -1   -2     15.052     -8.931      9.797
  -1   -2     15.829    -10.656     -9.445
  69   80     11.864     -9.084     -1.199
  -1   -2     16.523     -8.754     -1.109
  -1   -2      7.843     -1.478     -0.985
  -1   -2     16.918     -7.790      6.507
  -1   -2     10.548     -8.163     -1.753
  -1   -2     14.504     -0.678     -2.857
  -1   -2     -9.284    -10.561     -8.388
  -1   -2      4.572     -6.683      7.274
  -1   -2     -3.230     -9.001     -8.303
  54   78     15.052     -8.931      9.797
  -1   -2     15.829    -10.656     -9.445
  -1   -2     16.523     -8.754     -1.109
  -1   -2      7.843     -1.478     -0.985
  -1   -2     10.548     -8.163     -1.753
  -1   -2     16.918     -7.790      6.507
  -1   -2     -9.284    -10.561     -8.388
  -1   -2      4.572     -6.683      7.274
  -1   -2     -3.230     -9.001     -8.303
  93   27     15.829    -10.656     -9.445
  -1   -2     16.523     -8.754     -1.109
  -1   -2      7.843     -1.478     -0.985
  78   37     10.548     -8.163     -1.753
  -1   -2     16.918     -7.790      6.507
  90   94     -9.284    -10.561     -8.388
 101  103     -3.230     -9.001     -8.303
  -1   -2      4.572     -6.683      7.274
  -1   -2     16.523     -8.754     -1.109
  -1   -2      7.843     -1.478     -0.985
  77   -2     16.918     -7.790      6.507
  -1   -2     14.504     -0.678     -2.857
  -1   -2      4.572     -6.683      7.274
  -1   -2     16.523     -8.754     -1.109
  -1   -2      7.843     -1.478     -0.985
  -1   -2     14.504     -0.678     -2.857
  -1   -2      4.572     -6.683      7.274
  -1   -2     16.523     -8.754     -1.109
  -1   -2      7.843     -1.478     -0.985
  -1   -2     14.504     -0.678     -2.857
  -1   -2      4.572     -6.683      7.274
  -1   -2     16.523     -8.754     -1.109
  -1   -2      7.843     -1.478     -0.985
  -1   -2     14.504     -0.678     -2.857
  -1   -2      4.572     -6.683      7.274
  -1   -2     16.523     -8.754     -1.109
  -1   -2      7.843     -1.478     -0.985
  80   -2     14.504     -0.678     -2.857
  -1   -2      4.572     -6.683      7.274
  -1   -2     16.523     -8.754     -1.109
  -1   -2      7.843     -1.478     -0.985
  -1   -2      4.572     -6.683      7.274
  -1   -2     16.523     -8.754     -1.109
  -1   -2      7.843     -1.478     -0.985
  -1   -2      4.572     -6.683      7.274
  -1   -2     16.523     -8.754     -1.109
  76  125      7.843     -1.478     -0.985
  -1   -2      4.572     -6.683      7.274
  -1   -2     16.523     -8.754     -1.109
  -1   -2      4.572     -6.683      7.274
  -1   -2     16.523     -8.754     -1.109
  -1   -2     16.523     -8.754     -1.109
  -1   -2      4.572     -6.683      7.274
  -1   -2     16.523     -8.754     -1.109
  -1   -2      4.572     -6.683      7.274
  -1   -2     16.523     -8.754     -1.109
  81   77      4.572     -6.683      7.274
  -1   -2     16.523     -8.754     -1.109
  -1   -2     16.523     -8.754     -1.109
  -1   -2     16.523     -8.754     -1.109
  -1   -2     16.523     -8.754     -1.109
  -1   -2     16.523     -8.754     -1.109
  -1   -2     16.523     -8.754     -1.109
  -1   -2     16.523     -8.754     -1.109
  -1   -2     16.523     -8.754     -1.109
  -1   -2     16.523     -8.754     -1.109
  -1   -2     16.523     -8.754     -1.109
  -1   -2     16.523     -8.754     -1.109
  -1   -2     16.523     -8.754     -1.109
   0  151     16.523     -8.754     -1.109
