233
  -1   -2      6.634     -2.657     -0.792
   1    1     -1.275     -5.887      3.622
   3    4      4.974     -6.642     -4.712
   4    3     -6.257     -4.525      7.889
   5    5     -1.192     -6.853      7.210
   0   -2      0.522     -8.115      3.776
   6    6      5.052     -7.195     -0.444
  -1   -2     -4.603     -4.077      0.974
   8    7      6.927     -7.735      0.205
  -1   -2     11.470     -0.442      6.178
  11  232      0.471      2.064      8.636
  31   -2     -2.936     -8.537      3.641
  10   -2      7.016     -5.588     -1.256
  14   17      4.915     -4.803     -0.584
  42  153     13.485     -9.906     -5.298
  52   -2     -1.243     -8.347     -8.448
  20   14      4.923     -5.916      2.160
  38   -2     -4.739     -9.283      4.532
  -1   20      1.692     -3.678      2.679
  18   18      7.113     -4.077     -4.935
 105   84      4.140     -9.450     -3.404
  16  222      5.400     -8.277      5.053
  80   44      5.920    -10.417     -1.575
 202   -2    -12.655     -8.949     -6.707
 219   -2     15.764     -2.851      0.749
  29   26      4.062     -5.753     -3.986
 203   -2      6.433     -9.601      0.323
  34   -2      9.070     -8.160     -5.209
  -1    2      0.500     -8.493      1.132
 196   95      1.706     -8.947      8.653
  -1   -2      4.276     -6.272      4.273
 199   -2     -7.278     -9.332     -1.919
  -1   -2      5.798     -6.622      2.702
  27   -2     11.696     -1.652      1.386
 132   81     -1.851     -6.723     -3.222
 112   29     -3.361     -9.273      3.672
 104   54     -3.172     -6.487      1.828
 223  249      4.059     -4.128     -7.603
  90   -2     14.726    -10.289     -9.537
 192  106     -6.652     -9.942     -1.822
  -1   46     20.679     -4.343     -3.344
  78   33     12.387     -3.063      1.297
  39  134     -4.127     -8.497      4.687
 131   93     -2.189     -9.521     -9.773
  93   -2     -5.506     -9.527      4.286
 201   43      6.192     -7.940     -7.118
 115   -2     -7.698     -8.749      2.211
  69    9     -2.672     -8.496     -1.041
  40  108      0.048     -5.869     -4.599
  46   -2     -1.662     -8.120     -3.066
  50   70     -2.801     -9.647     -9.258
  -1   45      9.294     -8.575      7.597
 118   56     19.447     -7.972     -0.639
  54   40      8.568     -7.848      7.849
  70  148      5.925    -10.161     -6.387
  -1   82     19.205     -3.477     -1.759
  22  138      4.646    -10.776     -4.821
 152   -2     -0.823     -9.302      1.819
  56   51      2.741     -9.360      2.128
  -1   52     17.623     -9.326      0.240
 125  110     -2.487     -4.500     -3.858
  55  213     -0.136      2.809      8.772
  57   -2     18.424     -8.819      0.592
  72   49     19.601     -8.578     -1.126
 111   16      6.905     -5.738     -0.515
  98  137     -4.609     -3.266    -10.105
  58   75      5.211     -9.899      3.484
 154   -2     19.484     -7.555     -3.004
  59   -2     18.258     -2.616     -2.759
  -1   -2     14.727     -7.036     -6.777
  25   19      6.732     -5.298      6.969
  26  165    -12.094     -1.683     -1.633
  -1   65     -4.204     -9.476     -2.917
  -1  133      9.400    -10.213     -5.189
 100   24      7.329     -2.717      9.176
 162   -2     17.095     -8.776      5.081
  64   -2      7.390     -2.632      6.816
 183   -2    -10.369     -9.464      3.020
  -1   -2     -4.007    -10.495      2.152
  82   22      1.520     -8.065      9.149
 101   -2     19.125     -4.937     -0.799
  -1   59     15.354     -8.298      7.371
 165   64     18.855     -9.602     -6.115
  94   42     16.610     -4.718    -10.263
  79   72     -1.729      2.952      7.821
 208  109     18.258    -10.183     -2.857
 145  139     16.624     -2.845     -9.513
 120   -2     -6.461    -10.548     -2.435
  -1   32     -9.101     -9.989     -6.160
 103  150     -6.112    -10.725      1.269
 210  120     12.981     -5.075     -3.409
  -1   34      2.589     -8.980     -0.096
  -1   -2      5.140     -4.935      4.548
  60  136     -0.196    -10.002      1.597
 153  175     -7.350     -7.298     -6.492
 107   -2      3.604    -10.172     -5.926
 138  119      7.631     -7.759      4.710
  41   -2      5.953     -8.156     -7.426
 182   -2     17.664     -7.521      4.135
  -1   -2     17.877     -6.823     -8.770
 190   28     10.696    -10.214     -3.663
  63   15     -0.573     -9.791      8.398
  99  102     19.539     -5.977     -6.073
 205  197    -10.321     -2.545     -4.708
  -1   -2     -6.426    -10.321      6.212
 157   73     -9.064     -1.760     -3.164
 110  105     16.580      2.689     -9.881
  65   68     -3.879    -10.185      4.806
  -1  113     11.330     -8.188     -0.526
 124  103      7.597     -5.297     -0.111
  -1   -2     -7.026     -8.392    -10.093
  -1   -2      7.362     -2.617     -2.732
 161   90     10.524     -6.970      6.451
  -1   -2     17.171     -4.410     -1.056
  -1   60      0.282     -7.929      1.591
 129   -2      1.922     -9.122     -9.198
  -1   79     17.919     -7.305     -4.319
 163   71     -1.672     -7.801     -5.410
  35  128      1.588    -10.163     -7.728
  -1  141     18.919     -7.871    -10.639
  -1   47     -7.167     -7.695      0.710
  -1   78     12.966     -2.159     -1.062
  -1   -2     14.955     -6.298      9.317
  -1  130     20.384      1.205     -6.300
 158  131     -1.299    -10.446     -4.675
  21   -2     -5.781    -10.883     -9.453
  -1   25     -6.423     -9.641     -8.978
  -1   12      0.428     -7.766     -0.367
  77   -2      7.306     -8.556     -3.514
  -1  146    -11.376    -10.386    -10.497
  -1   97    -12.670     -8.172      0.627
  -1   -2     17.361     -6.725     -8.785
  73  117     -8.507     -8.379     -6.572
  -1   -2     15.840     -8.343      2.209
  -1   -2      6.756     -9.132      2.656
 135   -2     19.384     -0.853     -6.086
  96   31     11.861     -7.483     10.465
  86   83      1.806     -9.963      2.932
 119   -2     -1.642     -9.291     -3.685
  -1  142     -0.945     -8.056      6.647
 121  151     15.078     -5.690      7.902
  97   -2     10.770     -5.111      1.084
  -1   -2      4.271     -8.057     -1.219
 147   30     -8.390    -10.697     -2.125
  44  169     -8.553     -6.892      0.645
  -1   36      5.699     -9.322      6.917
  -1  176     15.891     -1.314     -8.274
  49   -2      1.068     -6.091     -6.682
  -1  121      1.521     -7.462     -2.025
  -1  163     10.781      1.779      4.587
  -1  168     10.048      6.067      2.934
  -1  172     15.228      3.767    -10.241
  -1  186     -0.051     -9.343     11.048
  -1  101     19.670    -10.344     -0.806
 181   -2     -0.521     -2.576     -7.237
 128   -2     18.520    -10.303     -0.307
  91   -2      6.797     -7.439      3.869
  -1   57     19.766     -7.693     10.113
  -1  154      3.656    -11.103     -6.863
  -1   -2     -3.303     -0.219    -12.000
 113   -2      8.926     -4.982     11.322
 151   86    -11.755     -6.816     -2.409
  -1   -2     17.719      1.640     -3.636
 174  166     22.826     -0.534     10.442
  -1   -2     20.769     -5.792      6.133
  -1  185      1.947      4.950     -4.053
 169   -2      5.921      0.528     -2.265
 180   -2     13.006     -1.208      9.389
 177   -2      9.458      5.480      6.364
  -1   -2     19.017      4.665     -6.223
  -1   -2      9.347     -7.467      0.384
  -1   27     14.794     -2.366      9.763
  -1   -2      9.714     -4.348     11.055
  -1  161    -11.665     -6.091     -2.067
  -1   -2      8.495     -0.769     10.206
  -1  181      8.917      1.481      9.194
  -1   -2      5.885      3.646     -2.085
 189  180     -0.600     -1.206    -11.277
  -1   -2    -13.071     -7.496     -4.136
  -1   -2    -10.801     -6.686    -10.712
  -1   -2     16.994      3.701     -8.865
 211  178      8.368      3.550      1.798
  -1  125     14.974     -7.265      3.586
  -1   -2     19.971     -5.477      0.826
  -1   -2      3.992     -1.625     -7.753
 191   -2    -16.338    -10.451      7.272
 184   85     -8.167     -3.920     -6.263
 198  192      3.369     -0.256     10.833
  -1  177      9.367      4.812      4.680
  -1  162     10.819      3.284     -8.724
  -1   94      9.694     -6.841     -2.643
  -1  184     -1.848      4.215     -2.912
 200  182     -0.845      6.765     -9.224
 186   -2     19.282     -6.538     -4.600
  -1   -2     -5.493      2.653     -9.368
  -1   80     14.845     -3.621     -5.662
 170   -2     -7.578     -0.384     -8.614
  -1  129      2.702     -0.376     -8.428
  -1   -2      0.569     -1.437      9.655
  -1   39     -4.245     -5.611      7.234
 146   -2      7.009     -5.969      2.292
  -1   -2     -4.567     -4.071      0.899
  -1   13      7.052     -5.645     -1.549
  -1   -2     11.470     -0.442      6.178
  -1   -2      0.482      2.073      8.566
 168   -2      5.362     -8.255      5.197
  -1   -2      4.262     -6.267      4.314
 246   35      5.748     -6.618      2.714
  -1   -2     -4.567     -4.071      0.899
 239  239     11.465     -0.442      6.136
 251  208      1.642     -3.662      2.911
  -1   -2      1.672     -3.691      2.742
  71  224     15.805     -2.842      0.834
  -1   -2     -1.339     -5.859      3.922
  -1   -2     -1.339     -5.859      3.922
  -1   -2      6.667     -2.648     -0.822
  -1   -2     -4.567     -4.071      0.899
  -1   -2     -4.605     -4.060      1.016
  -1   -2      1.642     -3.662      2.911
  -1   -2      1.672     -3.691      2.742
 233  234      4.262     -6.267      4.314
  -1   -2      4.104     -4.110     -7.572
  -1   -2      6.667     -2.648     -0.822
  -1  204     -1.299     -6.829      7.641
 237  237     -4.567     -4.071      0.899
  -1   -2      1.642     -3.662      2.911
  -1   -2      1.672     -3.691      2.742
  36  212      4.104     -4.110     -7.572
 258  248      6.667     -2.648     -0.822
  -1   -2      1.642     -3.662      2.911
  -1   -2      1.672     -3.691      2.742
  -1   -2      1.642     -3.662      2.911
  15   -2      1.744     -3.683      2.546
