282
   9    8     -4.599     -9.217      5.146
  -1   -2     16.608     -8.781     -1.311
   1    1     15.587     -8.247      6.801
  46    2     -2.743     -7.336     -2.565
  -1   -2     -9.640     -8.440      3.362
  60   22     -5.624     -6.510    -10.194
  70   52      2.300     -7.583     10.106
  24    6     20.418     -4.376     -3.455
  10   -2     16.622    -10.165    -10.394
  63   -2      2.519    -10.375      7.813
   6    9     13.928     -4.000     -3.466
   8   10     17.713     -9.187     -3.504
  11   -2     17.854     -7.513      4.737
  49   12     16.581      2.689     -9.884
  13   14     15.720     -1.130      1.933
  -1   76      5.097     -2.605      5.004
  35   11     16.576     -2.412     -9.741
  59   -2     15.568    -10.332     -3.943
  -1   65     19.391     -0.843     -6.074
  50    5     15.164     -3.436     -4.731
   7   19     20.018     -6.353     -3.981
  -1   35     19.767     -5.759     -4.506
  -1   -2      6.751     -9.565     10.206
  -1   -2     16.958     -7.784      6.420
  -1   -2      7.837     -1.477     -0.970
  -1   23     20.761     -4.808     -4.732
 163  181     10.532     -8.164     -1.808
  -1   -2      4.695     -4.800      7.340
  27   17     10.612     -5.935      3.650
  -1   27     -1.475     -6.131     -7.857
  54   29     -0.982     -8.586    -10.664
  32   31      2.411     -1.994      4.884
  17   -2     11.497     -5.513     -4.124
  33   32     -5.601     -1.944     -9.997
  20   63     16.509     -2.978     -9.147
  -1   -2      5.637     -8.509      6.187
  36   -2     18.723     -7.390     -1.317
  -1   -2     10.517      1.342      1.622
  -1   55     -3.995     -5.267     10.018
  -1   -2     15.052     -8.934      9.791
  -1   -2     -3.221     -9.000     -8.289
  14   48     10.795     -2.423      4.385
  -1   -2      4.571     -6.684      7.269
  -1   -2      9.428      0.193     -2.879
   2   44     -1.728     -8.001     -2.986
  26   -2     12.544     -6.950     -0.122
  48   51     10.842     -6.471      8.032
  45   47     17.230     -9.266      1.116
  -1   -2      9.267     -8.568      2.499
  47   46      3.623     -8.987      5.606
  12   53     16.678      3.693    -10.055
  41   67     13.814     -0.641     -1.113
  -1    7     15.829    -10.655     -9.442
  -1   57     -7.899     -7.197     -3.538
  55   -2      9.827     -3.588      6.729
  53   58     -4.649      2.225     -3.880
  52   84    -10.465     -3.335     -8.794
  57   -2     12.545     -4.818    -11.678
  56   -2     16.931     -2.081     -8.890
  -1   -2     12.220      4.211     -6.452
  58   62      1.537     -9.851      9.650
  -1   -2     15.165      3.694    -10.066
  -1   -2      9.423    -10.407     -5.223
  -1   69     -4.135     -8.620     -0.706
  61   70      5.551     -9.296     10.072
  -1   -2     -2.934     -1.246     -3.095
  -1   -2     -4.090    -10.741      9.875
  -1   71     -9.099    -11.080      0.679
  -1   43     -7.110    -10.692     -7.994
 257  274     16.524     -8.752     -1.119
  66   15      5.211     -2.576      4.691
  -1   -2      7.837     -1.477     -0.970
  -1   -2     16.958     -7.784      6.420
  -1   -2      4.695     -4.800      7.340
  -1   -2     10.532     -8.164     -1.808
  -1   -2     14.504     -0.680     -2.844
  -1   -2      4.571     -6.684      7.269
  -1   -2      5.637     -8.509      6.187
 112  118     15.052     -8.934      9.791
  -1   -2     -3.221     -9.000     -8.289
  -1   78      9.267     -8.568      2.499
  -1  106      9.428      0.193     -2.879
  -1   -2     16.524     -8.752     -1.119
  77   96     -9.604     -8.434      3.240
  -1   -2     16.958     -7.784      6.420
  -1   -2      7.837     -1.477     -0.970
  -1   -2      4.695     -4.800      7.340
  -1   -2     10.532     -8.164     -1.808
  -1   -2      6.722     -9.531      9.762
  -1   -2     14.504     -0.680     -2.844
  -1   -2      4.571     -6.684      7.269
  -1   -2     -3.221     -9.000     -8.289
  -1   -2     15.052     -8.934      9.791
  40   -2      5.637     -8.509      6.187
  -1   -2      9.267     -8.568      2.499
  87   21      9.428      0.193     -2.879
  -1   -2     16.524     -8.752     -1.119
  -1   -2      6.722     -9.531      9.762
  -1   -2      7.837     -1.477     -0.970
  -1   -2     16.958     -7.784      6.420
  28   -2      4.695     -4.800      7.340
  -1   -2     10.532     -8.164     -1.808
  -1   -2      4.571     -6.684      7.269
  -1   -2     -3.221     -9.000     -8.289
  -1   -2     15.052     -8.934      9.791
  -1   -2      9.267     -8.568      2.499
  -1   -2     16.524     -8.752     -1.119
  -1   -2      7.837     -1.477     -0.970
  -1   -2     16.958     -7.784      6.420
  -1   -2      6.722     -9.531      9.762
  -1   -2     10.532     -8.164     -1.808
  -1   -2     14.504     -0.680     -2.844
  -1   -2      4.571     -6.684      7.269
  -1   -2     -3.221     -9.000     -8.289
  -1   -2     15.052     -8.934      9.791
  -1   -2      9.267     -8.568      2.499
  -1   -2     16.524     -8.752     -1.119
  -1   -2     16.958     -7.784      6.420
  -1   -2      7.837     -1.477     -0.970
  19  140      6.722     -9.531      9.762
  -1   -2     10.532     -8.164     -1.808
  -1   -2     14.504     -0.680     -2.844
  39  114     -3.221     -9.000     -8.289
  -1   -2      4.571     -6.684      7.269
  -1   -2     15.052     -8.934      9.791
  -1   -2      9.267     -8.568      2.499
  -1   -2     16.524     -8.752     -1.119
  -1   -2     16.958     -7.784      6.420
  -1   -2      7.837     -1.477     -0.970
  -1   -2     10.532     -8.164     -1.808
  -1   -2     14.504     -0.680     -2.844
  -1   -2      4.571     -6.684      7.269
  -1   -2      9.267     -8.568      2.499
  -1   -2     16.524     -8.752     -1.119
  -1   -2      7.837     -1.477     -0.970
  -1   -2     16.958     -7.784      6.420
  -1   -2     10.532     -8.164     -1.808
  -1   -2     14.504     -0.680     -2.844
  -1   -2      4.571     -6.684      7.269
  -1   -2      9.267     -8.568      2.499
  -1   -2     16.524     -8.752     -1.119
  -1   -2     16.958     -7.784      6.420
  -1   -2      7.837     -1.477     -0.970
  -1   -2     10.532     -8.164     -1.808
  -1   -2      4.571     -6.684      7.269
  -1   -2      9.267     -8.568      2.499
  -1   -2     16.524     -8.752     -1.119
  42   13     16.958     -7.784      6.420
  -1   -2      7.837     -1.477     -0.970
  -1   -2     10.532     -8.164     -1.808
  -1   -2     14.504     -0.680     -2.844
  -1   -2      4.571     -6.684      7.269
  -1   -2      9.267     -8.568      2.499
  -1   -2     16.524     -8.752     -1.119
  -1   -2      7.837     -1.477     -0.970
  -1   -2     10.532     -8.164     -1.808
  -1   -2     14.504     -0.680     -2.844
  -1   -2      4.571     -6.684      7.269
  -1   -2      9.267     -8.568      2.499
  -1   -2     16.524     -8.752     -1.119
  -1   -2      7.837     -1.477     -0.970
  -1   -2     10.532     -8.164     -1.808
  -1   -2     14.504     -0.680     -2.844
  -1   -2      4.571     -6.684      7.269
  -1   -2      9.267     -8.568      2.499
  -1   -2     16.524     -8.752     -1.119
  -1   -2      7.837     -1.477     -0.970
  -1   -2     10.532     -8.164     -1.808
  -1   -2      4.571     -6.684      7.269
  -1   -2      9.267     -8.568      2.499
  -1   -2     16.524     -8.752     -1.119
  -1   -2      7.837     -1.477     -0.970
  -1   -2     10.532     -8.164     -1.808
  -1   -2     14.504     -0.680     -2.844
  -1   -2      4.571     -6.684      7.269
  -1   -2      9.267     -8.568      2.499
  -1   -2     16.524     -8.752     -1.119
  -1   -2      7.837     -1.477     -0.970
  -1   -2     10.532     -8.164     -1.808
  -1   -2      4.571     -6.684      7.269
  74  170      9.267     -8.568      2.499
  -1   -2     16.524     -8.752     -1.119
  -1   -2      7.837     -1.477     -0.970
  -1   -2     10.532     -8.164     -1.808
  -1   -2      4.571     -6.684      7.269
  -1   -2     16.524     -8.752     -1.119
  -1   -2      7.837     -1.477     -0.970
  -1   -2     10.532     -8.164     -1.808
  -1   -2      4.571     -6.684      7.269
  -1   -2     16.524     -8.752     -1.119
  -1   -2      7.837     -1.477     -0.970
  62   -2     10.532     -8.164     -1.808
  -1   -2      4.571     -6.684      7.269
  -1   -2     16.524     -8.752     -1.119
  -1   -2      7.837     -1.477     -0.970
  -1   -2     14.504     -0.680     -2.844
  -1   -2      4.571     -6.684      7.269
  -1   -2     16.524     -8.752     -1.119
  -1   -2      7.837     -1.477     -0.970
  -1   -2      4.571     -6.684      7.269
  -1   -2     16.524     -8.752     -1.119
  -1   -2      7.837     -1.477     -0.970
  -1   -2      4.571     -6.684      7.269
  -1   -2     16.524     -8.752     -1.119
  -1   -2      7.837     -1.477     -0.970
  -1   -2      4.571     -6.684      7.269
  -1   -2     16.524     -8.752     -1.119
  -1   -2      7.837     -1.477     -0.970
  -1   -2      4.571     -6.684      7.269
  -1   -2     16.524     -8.752     -1.119
  -1   -2      7.837     -1.477     -0.970
  -1   -2     16.524     -8.752     -1.119
  -1   -2      7.837     -1.477     -0.970
  -1   -2     14.504     -0.680     -2.844
  -1   -2      4.571     -6.684      7.269
  -1   -2     16.524     -8.752     -1.119
  -1   -2      7.837     -1.477     -0.970
  38   34     14.504     -0.680     -2.844
  -1   -2      4.571     -6.684      7.269
  -1   -2     16.524     -8.752     -1.119
  -1   -2      7.837     -1.477     -0.970
  -1   -2      4.571     -6.684      7.269
  -1   -2     16.524     -8.752     -1.119
  -1   -2      7.837     -1.477     -0.970
  -1   -2      4.571     -6.684      7.269
  -1   -2     16.524     -8.752     -1.119
  -1   -2      7.837     -1.477     -0.970
  -1   -2      4.571     -6.684      7.269
  -1   -2     16.524     -8.752     -1.119
  -1   -2      7.837     -1.477     -0.970
  -1   -2      4.571     -6.684      7.269
  -1   -2     16.524     -8.752     -1.119
  -1   -2      7.837     -1.477     -0.970
  -1   -2      4.571     -6.684      7.269
  -1   -2     16.524     -8.752     -1.119
  -1   -2      7.837     -1.477     -0.970
  -1   -2      4.571     -6.684      7.269
  -1   -2     16.524     -8.752     -1.119
  -1   -2      7.837     -1.477     -0.970
  -1   -2      4.571     -6.684      7.269
  -1   -2     16.524     -8.752     -1.119
  -1   -2      7.837     -1.477     -0.970
  -1   -2      4.571     -6.684      7.269
  -1   -2     16.524     -8.752     -1.119
  -1   -2      7.837     -1.477     -0.970
  -1   -2      4.571     -6.684      7.269
  -1   -2     16.524     -8.752     -1.119
  -1   -2      7.837     -1.477     -0.970
  -1   -2      4.571     -6.684      7.269
  -1   -2     16.524     -8.752     -1.119
  -1   -2      7.837     -1.477     -0.970
  -1   -2      4.571     -6.684      7.269
  -1   -2     16.524     -8.752     -1.119
  -1   -2      7.837     -1.477     -0.970
  -1   -2      4.571     -6.684      7.269
  -1   -2     16.524     -8.752     -1.119
  -1   -2      7.837     -1.477     -0.970
  -1   -2     16.524     -8.752     -1.119
 236  253      7.837     -1.477     -0.970
  -1   -2     16.524     -8.752     -1.119
  -1   -2     16.524     -8.752     -1.119
  -1   -2     16.524     -8.752     -1.119
  -1   -2     16.524     -8.752     -1.119
  -1   -2     16.524     -8.752     -1.119
  -1   -2     16.524     -8.752     -1.119
  -1   -2     16.524     -8.752     -1.119
  -1   -2     16.524     -8.752     -1.119
  -1   -2     16.524     -8.752     -1.119
  -1   -2     16.524     -8.752     -1.119
  -1   -2     16.524     -8.752     -1.119
  -1   -2     16.524     -8.752     -1.119
  -1   -2     16.524     -8.752     -1.119
  -1   -2     16.524     -8.752     -1.119
  -1   -2     16.524     -8.752     -1.119
  -1   -2     16.524     -8.752     -1.119
  -1   -2     16.524     -8.752     -1.119
  -1   -2     16.524     -8.752     -1.119
  -1   -2     16.524     -8.752     -1.119
  -1   -2     16.524     -8.752     -1.119
  -1   -2     16.524     -8.752     -1.119
  -1   -2     16.524     -8.752     -1.119
   0   -2     16.524     -8.752     -1.119
