260
  -1   16     13.886     -6.042     -7.849
  -1   56     16.608     -8.781     -1.310
   2   38     17.075    -11.132     -8.957
  56   44     16.696     -9.910     -8.939
  49   -2     15.587     -8.248      6.803
  35    8     18.193    -10.428     -6.825
  36   -2     12.175     -8.248     -0.042
   4    6     -2.741     -7.336     -2.556
  -1   -2     19.758    -10.257     -2.099
  12   69      9.672     -2.658      7.173
  73   45     18.022     -7.388      1.860
   5   30     -5.623     -6.511    -10.177
  61  114      2.298     -7.583     10.099
  72   12     -8.535    -10.965      2.321
  37   -2     13.462     -8.787      8.178
  -1   -2     19.409     -4.606     -7.709
   7   -2     16.631     -2.976     -9.483
  11   -2     17.716     -9.186     -3.510
  65   19     16.520     -2.409     -9.859
  67   -2     10.271     -3.480      5.640
  -1   23     19.430    -10.831     -6.820
  -1   14     19.623     -9.789     -5.987
  -1   -2     15.703     -1.131      1.870
 253   32      5.103     -2.608      4.996
  18   -2     16.984      3.792    -10.874
  25   11     14.839    -10.105    -10.370
  -1   -2     11.014     -2.473      5.822
  24   24     19.390     -0.856     -6.067
  -1   -2     -2.939     -8.809      7.407
  26   27     19.760     -5.762     -4.531
  -1   -2      6.750     -9.568     10.193
  60   -2     -2.341     -9.296     -0.326
  -1   -2      7.838     -1.478     -0.978
  -1    5     16.959     -7.780      6.427
  -1   63     13.015     -6.848      1.473
  10  254      4.696     -4.800      7.340
  -1   26     19.184      1.483      1.541
   1   20     17.108     -7.782      2.499
  -1   -2     -1.474     -6.132     -7.855
  -1   40     13.326     -7.320      7.418
  31   47     10.604     -5.929      3.628
  39   36     -0.983     -8.584    -10.659
  41   39      2.412     -1.993      4.883
  42   41     -5.602     -1.946     -9.994
  57    4     15.956    -10.481     -8.881
  -1   72     -5.187    -10.742     -2.345
  -1   37     11.493     -5.521     -4.107
  23   -2     18.722     -7.389     -1.312
  -1   -2     10.516      1.344      1.628
  45   -2    -11.976     -9.568     -6.476
  -1   -2     15.052     -8.935      9.800
  -1   -2      5.637     -8.511      6.183
  -1   -2      4.581     -6.685      7.295
  -1   -2      3.085    -10.457      6.252
 160  166     -3.222     -8.999     -8.289
  -1   -2      9.268     -8.570      2.495
  -1  108      9.431      0.192     -2.874
  55   61     -1.730     -8.001     -2.990
  58   60      3.623     -8.988      5.606
  16   18     13.810     -0.640     -1.116
  -1   59     10.843     -6.472      8.029
   9   -2     13.153     -9.712      2.330
  -1   -2     -5.967     -7.024    -10.370
  62   65     -4.649      2.223     -3.872
  63   -2    -10.463     -3.334     -8.786
  66   -2      0.473     -9.150     -4.998
 119   66      4.290    -10.282     11.607
  -1   67    -12.039     -5.704     -3.162
  -1    0     20.256     -5.403     -5.452
  53   71     16.940     -2.080     -8.863
  -1   13     22.181     -1.794     -7.043
   0   -2     15.471    -11.465     -9.876
  -1   25     11.184     -3.770      9.199
 173   -2      5.549     -9.295     10.071
  68   70     12.537     -4.816    -11.652
  -1   96      9.927      3.641      6.748
  -1   -2     -5.099     -3.056      1.793
  -1   -2     16.526     -8.753     -1.120
  -1   76      6.721     -9.532      9.759
  -1   21      7.838     -1.478     -0.978
 207  213     10.534     -8.165     -1.812
  33   -2      4.696     -4.800      7.340
 133  139     -1.474     -6.132     -7.855
  -1   -2     14.504     -0.678     -2.854
  -1   -2     -5.187    -10.742     -2.345
  82   -2     10.516      1.344      1.628
  -1   -2      4.581     -6.685      7.295
  -1   -2     -3.222     -8.999     -8.289
  -1   -2      5.637     -8.511      6.183
  -1   -2     15.052     -8.935      9.800
  -1   -2      3.085    -10.457      6.252
  -1   -2      9.268     -8.570      2.495
  -1   -2      9.431      0.192     -2.874
  -1   -2    -12.039     -5.704     -3.162
  -1   -2      7.838     -1.478     -0.978
  -1   -2      6.721     -9.532      9.759
  -1   -2     -1.474     -6.132     -7.855
  -1   -2     14.504     -0.678     -2.854
  -1   -2     -5.187    -10.742     -2.345
  -1   -2     15.052     -8.935      9.800
  -1   -2      9.268     -8.570      2.495
  -1   -2      4.581     -6.685      7.295
  -1   -2     -3.222     -8.999     -8.289
  -1   -2      5.637     -8.511      6.183
  -1   -2      9.431      0.192     -2.874
  -1   -2      3.085    -10.457      6.252
  -1   -2      6.721     -9.532      9.759
  -1   -2      7.838     -1.478     -0.978
  -1   -2     -1.474     -6.132     -7.855
  -1   -2     -5.187    -10.742     -2.345
  50   95      5.637     -8.511      6.183
  -1   -2      4.581     -6.685      7.295
  -1   -2     -3.222     -8.999     -8.289
  54   -2      9.431      0.192     -2.874
  -1   -2      3.085    -10.457      6.252
  -1   -2      9.268     -8.570      2.495
  -1   -2      6.721     -9.532      9.759
  -1   -2      7.838     -1.478     -0.978
  -1   -2     10.534     -8.165     -1.812
  -1   -2     -1.474     -6.132     -7.855
  -1   -2     -5.187    -10.742     -2.345
  -1   -2     -3.222     -8.999     -8.289
  -1   -2      4.581     -6.685      7.295
  87  118      3.085    -10.457      6.252
  -1   -2      9.268     -8.570      2.495
  -1   -2      7.838     -1.478     -0.978
  -1   -2     10.534     -8.165     -1.812
  -1   -2     -1.474     -6.132     -7.855
  -1   -2     14.504     -0.678     -2.854
  -1   -2     -5.187    -10.742     -2.345
  -1   -2     -3.222     -8.999     -8.289
  -1   -2      4.581     -6.685      7.295
  -1   -2      9.268     -8.570      2.495
  -1   -2      7.838     -1.478     -0.978
  -1   -2     10.534     -8.165     -1.812
  -1   74     -1.474     -6.132     -7.855
  -1   -2      4.581     -6.685      7.295
 127  133     -5.187    -10.742     -2.345
  -1   -2     -3.222     -8.999     -8.289
  -1   -2      9.268     -8.570      2.495
  -1   -2      7.838     -1.478     -0.978
  -1   -2     10.534     -8.165     -1.812
  -1   -2     -3.222     -8.999     -8.289
  -1   -2      4.581     -6.685      7.295
  -1   -2      9.268     -8.570      2.495
  -1   -2      7.838     -1.478     -0.978
  -1   -2     10.534     -8.165     -1.812
  -1   -2     14.504     -0.678     -2.854
  -1   -2      4.581     -6.685      7.295
  -1   -2     -3.222     -8.999     -8.289
  -1   -2      9.268     -8.570      2.495
  -1   -2      7.838     -1.478     -0.978
  -1   -2     10.534     -8.165     -1.812
  -1   -2      6.721     -9.532      9.759
  -1   -2     14.504     -0.678     -2.854
  -1   -2      4.581     -6.685      7.295
  -1   -2     -3.222     -8.999     -8.289
  -1   -2      9.268     -8.570      2.495
  29   43      6.721     -9.532      9.759
  -1   -2      7.838     -1.478     -0.978
  -1   -2     10.534     -8.165     -1.812
  -1   -2      4.581     -6.685      7.295
  -1   -2     -3.222     -8.999     -8.289
  -1   -2      9.268     -8.570      2.495
  -1   -2      7.838     -1.478     -0.978
  -1   -2     10.534     -8.165     -1.812
  -1   -2     14.504     -0.678     -2.854
  -1   -2      4.581     -6.685      7.295
  -1   -2     -3.222     -8.999     -8.289
  -1   -2      9.268     -8.570      2.495
  -1   -2      7.838     -1.478     -0.978
  -1   -2     10.534     -8.165     -1.812
  -1   -2     14.504     -0.678     -2.854
  48   86     -3.222     -8.999     -8.289
  -1   -2      4.581     -6.685      7.295
  -1   -2      9.268     -8.570      2.495
  -1   -2      7.838     -1.478     -0.978
  -1   -2     10.534     -8.165     -1.812
  -1   -2     14.504     -0.678     -2.854
  -1   -2      4.581     -6.685      7.295
  -1   -2      9.268     -8.570      2.495
  -1   -2      7.838     -1.478     -0.978
  -1   -2     10.534     -8.165     -1.812
  -1   -2     14.504     -0.678     -2.854
  -1   -2      4.581     -6.685      7.295
  -1   -2      9.268     -8.570      2.495
  -1   -2      7.838     -1.478     -0.978
  -1   -2     10.534     -8.165     -1.812
  -1   -2      4.581     -6.685      7.295
  -1   -2      9.268     -8.570      2.495
  -1   -2      7.838     -1.478     -0.978
  -1   -2     10.534     -8.165     -1.812
  -1   -2     14.504     -0.678     -2.854
  -1   -2      4.581     -6.685      7.295
  -1   -2      9.268     -8.570      2.495
  -1   -2      7.838     -1.478     -0.978
  -1   -2     10.534     -8.165     -1.812
  -1   -2     14.504     -0.678     -2.854
  -1   -2      4.581     -6.685      7.295
  -1   -2      9.268     -8.570      2.495
  -1   -2      7.838     -1.478     -0.978
  -1   -2     10.534     -8.165     -1.812
  59   -2     14.504     -0.678     -2.854
  -1   -2      4.581     -6.685      7.295
  -1   -2      9.268     -8.570      2.495
  -1   -2      7.838     -1.478     -0.978
  -1   -2     10.534     -8.165     -1.812
  -1   -2      4.581     -6.685      7.295
  -1   -2      9.268     -8.570      2.495
  -1   -2      7.838     -1.478     -0.978
  -1   -2     10.534     -8.165     -1.812
  -1   -2      4.581     -6.685      7.295
 202   80      9.268     -8.570      2.495
  -1   -2      7.838     -1.478     -0.978
  -1   -2     10.534     -8.165     -1.812
  -1   -2      4.581     -6.685      7.295
  -1   -2      7.838     -1.478     -0.978
  -1   -2      4.581     -6.685      7.295
  -1   -2      7.838     -1.478     -0.978
  -1   -2      4.581     -6.685      7.295
  -1   -2      7.838     -1.478     -0.978
  -1   -2      4.581     -6.685      7.295
  -1   -2      7.838     -1.478     -0.978
  -1   -2      4.581     -6.685      7.295
  -1   -2      7.838     -1.478     -0.978
  -1   -2      4.581     -6.685      7.295
  -1   -2      7.838     -1.478     -0.978
  -1   -2      4.581     -6.685      7.295
  -1   -2      7.838     -1.478     -0.978
  -1   -2      4.581     -6.685      7.295
  -1   -2      7.838     -1.478     -0.978
  -1   -2      4.581     -6.685      7.295
  -1   -2      7.838     -1.478     -0.978
  -1   -2      7.838     -1.478     -0.978
  -1   -2      4.581     -6.685      7.295
  -1   -2      7.838     -1.478     -0.978
  -1   -2      4.581     -6.685      7.295
  -1   -2      7.838     -1.478     -0.978
  -1   -2      4.581     -6.685      7.295
  -1   -2      7.838     -1.478     -0.978
  -1   -2      4.581     -6.685      7.295
  -1   -2      7.838     -1.478     -0.978
  -1   -2      4.581     -6.685      7.295
  -1   -2      7.838     -1.478     -0.978
  -1   -2      4.581     -6.685      7.295
  -1   -2      7.838     -1.478     -0.978
  -1   -2      4.581     -6.685      7.295
  -1   -2      7.838     -1.478     -0.978
  -1   -2      4.581     -6.685      7.295
  -1   -2      7.838     -1.478     -0.978
  -1   -2      4.581     -6.685      7.295
  -1   -2      7.838     -1.478     -0.978
  -1   -2      4.581     -6.685      7.295
  -1   -2      7.838     -1.478     -0.978
  89   28      4.581     -6.685      7.295
  -1   -2      7.838     -1.478     -0.978
  -1   -2      7.838     -1.478     -0.978
  -1   -2      7.838     -1.478     -0.978
  -1   -2      7.838     -1.478     -0.978
  97  258      7.838     -1.478     -0.978
