249
   1    1      4.481     -8.499     -6.604
   2    0      8.744     -8.372      0.761
  84   83      9.191     -8.981      0.451
   3    4      8.221     -7.459     -0.818
  -1    2     10.117     -8.359     -1.778
  66   -2      7.901     -7.170     -0.397
  15    7      8.691     -9.037     -3.528
  10    9      8.247     -8.444     -3.883
  13    5      9.909     -9.058     -2.905
  -1   -2      8.477     -7.594     -0.962
  -1  128      3.988    -10.162     -6.425
  23   14      5.495     -9.246     -8.305
  51   -2      2.953     -9.140     -3.330
  -1   12      3.806     -7.005      4.224
  71   -2      6.984     -3.557      2.130
  -1   97      3.716     -9.238     -8.493
  14   18      3.178     -8.461      4.439
  -1   20      5.755     -1.913      3.806
  -1   24      3.163     -9.629     -9.493
 167   -2      8.977     -6.525     -5.924
  33   44      4.380     -9.813     -5.118
 150  109      2.852     -9.239     -9.046
  61   -2      5.147     -7.424     -5.961
  58   88      1.874     -9.584     -8.880
  30   25      8.808     -8.023     -0.480
  -1   72      8.484     -7.534      2.017
  -1   -2      8.309     -9.716     -4.489
  -1   -2      8.007     -6.890      8.557
   5   -2      6.260     -8.887     -8.758
  -1   27      4.253     -9.592     -4.060
   8  107      8.697     -9.651     -0.584
 164   10      6.121     -8.002     -8.788
  -1   30      4.273     -7.892     -5.363
  50   -2      4.519    -10.005     -5.924
  43   37      4.738     -4.285      8.236
  75  253     10.030     -9.446     -3.988
  45   38      4.010     -6.620     -4.706
  44   -2      4.939     -9.396     -7.816
 133   -2      5.576     -6.787     -5.876
 205   35      3.817     -6.037      9.613
  70   40     15.193     -4.905      4.261
  62   65      4.168     -1.532      1.794
   4  126      5.887     -9.779     -3.771
 112   -2      7.490     -8.343      1.436
 124   -2      3.877     -8.682      4.033
  16   56      6.649     -3.362      2.254
  63   34      9.250     -7.282     -2.273
  56   48      0.809     -7.476     -6.506
  49   -2      6.939     -6.509      8.897
 156   75      6.864     -9.405     -2.253
  78   51      6.700     -7.243     -4.545
 147  106      8.441     -2.864     10.376
 144   -2      6.856     -7.078     -6.833
 194   45      2.202     -6.066     -1.936
  -1   -2      9.569    -10.038     -6.326
  -1  123     -0.937     -8.848      3.541
 138   -2      2.637     -8.989      2.605
 141   58      1.686     -9.278     -8.266
  38   61     -1.040     -9.339     -2.683
  -1   43      3.498     -7.280      5.347
 119  170      9.804     -8.421     -8.550
  -1   -2     10.843     -8.306     -1.504
   9  117      9.950     -9.535     -3.846
 171   31     19.423     -9.073     -3.813
 178  136      9.474     -5.105      4.475
 166  179      7.820     -9.612     -8.870
  -1   -2      2.097    -10.404     -3.256
 132   -2      7.470     -9.784     -6.282
 181   -2      4.606     -3.471      6.635
  -1   69      5.954     -6.087     -6.017
  12   29      8.248     -8.131     -2.194
  -1   -2      4.598     -7.576     -5.769
  88   66      5.301     -2.371      5.201
 159   -2     10.517     -9.242     -5.761
 134   -2     -0.481     -9.403     -0.248
  28   -2      7.832     -8.174      5.359
 165   17      8.447     -5.639     -4.717
  95   86      9.947     -4.935     -3.163
  73   84      1.659     -8.608      2.921
  -1   -2      6.784     -7.555     -6.743
  -1   73      8.665     -2.276     -2.393
 100   -2      0.646     -8.798      1.044
  -1   71      7.022     -0.807      4.014
  -1   90     -4.622     -7.754      0.889
  86   64      5.089     -4.491      7.363
  85   81    -10.299     -3.442     -6.087
  29  145     11.931     -5.254      9.572
 131   -2      8.583     -9.519     -3.630
 187  177      8.165     -6.871     -5.213
  81  140      8.395     -9.214     -3.570
  92   78      5.599     -3.407      8.092
 172   82     16.199     -7.760      2.866
  39   57      3.120     -9.107      0.726
  -1   67      7.329     -7.967     -7.453
  91   94      4.886     -2.083      7.710
  -1   -2      5.728     -9.744     -9.641
  -1   92      5.606     -4.762      7.590
  -1   -2      3.915    -10.189    -10.153
 153  194      6.855     -1.989     -5.388
  48   11      3.495     -9.869     -5.523
  -1  210      6.490     -7.005      8.915
 170   -2      6.983     -9.401     -5.681
  -1   -2      3.808     -7.916     -2.467
  96  115      6.944     -9.799     -5.827
  -1  143      8.223     -9.167     -0.002
 115   -2      6.871     -2.867     -4.728
  -1  189     10.487     -4.209      3.791
  -1   -2      1.978     -5.533      9.900
  -1  193      2.597    -10.554      7.353
  74   -2      0.779     -8.834     -6.777
 154  131     13.632     -8.818      0.196
  -1  120      4.010    -10.431      9.344
  68   85     10.743     -7.376      8.229
  -1   -2      0.446    -10.631      4.974
 182   42     -1.116    -10.366     -9.477
  55  161     11.463     -6.406      2.520
  -1   -2     19.169     -6.478     -4.383
 120  110      7.230     -9.590      7.623
  -1  114      7.059     -8.740      9.862
  -1   -2      3.554     -9.038     -5.828
 163  105     -7.259     -9.683     -1.182
  52  166      1.868    -10.415      2.265
 183  205     -0.923     -6.082     -3.924
  -1   -2      2.155     -9.676      9.482
  24   -2      8.375     -5.685     10.448
  -1  144      8.647     -9.552      6.838
  -1  191      6.168     -1.044      5.126
  65   33     -1.348     -7.188     -4.463
 129   -2      5.252     -8.497     -4.138
  -1    3      4.523    -10.718     -3.964
  -1  100      4.610     -9.967      2.198
  -1   -2     -3.351     -9.774      2.002
  -1   -2      6.448    -10.042      9.928
  87   -2      9.463     -9.540      0.598
  36   96      4.460     -9.572     -7.114
  -1   -2     -5.832     -9.790    -10.310
  -1   -2      1.061     -9.460      3.935
  79   -2     16.694     -9.451     -9.099
  97   50      5.787     -3.262      1.956
 169  111      9.261     -9.790      0.337
  -1  151     -1.037    -10.035     -2.834
  -1   62      7.862     -8.473     -0.326
  -1   87     10.860     -1.832      4.206
  54  153     19.182     -8.569     -0.106
  -1   79     20.017     -8.949     -4.567
  -1   -2     -5.922    -10.714      1.557
  26   19      1.743     -9.773     -2.591
  -1   99     -1.454     -8.944     -5.834
 136   -2      0.693     -7.907     -2.486
 127  154      1.618    -10.912      3.583
  -1   -2      4.895    -10.972     -9.082
  -1   -2     -0.690     -9.924      2.125
  -1   -2     -2.815     -5.118    -10.540
  -1   98     -4.401     -7.751    -10.838
  -1  155      9.665     -4.418      7.150
  -1  197     12.111     -8.444     -8.431
 192  236     -8.966    -10.549     -1.767
  -1  167      4.188     -8.116      3.839
 108  142     16.189     -7.307      0.547
  -1  122      2.995     -9.787      5.937
  -1   -2     20.502     -4.393     -0.725
 196  196      7.397      0.677      9.402
 206  212     10.802    -10.461     -8.096
  -1  200     -4.742     -6.842     -3.732
  -1   -2     -3.186    -10.919      3.444
  -1   47      6.664     -8.085     -2.407
  -1   16     10.039     -8.863     -9.472
  90   -2     14.321     -5.964      2.962
 137  188      2.098     -1.083      0.124
 139   -2      8.612     -3.532     -3.200
 197   -2      4.757    -10.244      9.726
 185   -2      2.260    -10.238      2.115
  -1   -2      8.863     -5.785      4.332
  -1  232     19.705     -4.361     -6.326
 213  162      0.440     -9.950      6.331
  -1   -2      5.517    -10.481      8.738
  -1   -2     10.399     -9.967     -3.771
 190  148      6.336      0.989      3.943
 210  173     20.194     -3.547     -0.383
 106   70      6.353     -4.407     -4.216
  -1   -2     19.545     -8.022     -2.606
  -1  182      8.063    -10.738      3.492
  -1   91     10.435     -4.048     -6.002
 188  168     19.913     -5.428     -5.351
 177   -2     12.731     -3.253     -0.454
  64   -2      7.001     -5.583      5.300
 195   -2      6.962     -2.353      4.387
  -1   60      4.614     -2.594      3.685
  -1   93      6.052    -10.252      5.179
  -1  165     18.761     -6.573      0.446
  -1  195      4.551     -4.562      8.780
  -1  127      1.143     -6.035     -8.960
  -1  206      2.448     -9.345      5.407
 143  156     10.475     -7.645      5.037
  -1  171      7.189     -3.740      5.037
  93  202     11.013     -9.008      1.676
  -1  163     19.536     -5.924     -8.266
  40   -2      3.349     -6.502      8.690
  -1  121      5.615    -10.569     -7.516
  -1   77      7.033    -10.061     -7.911
 198   -2     17.668     -7.957     -6.806
 152   53      5.716     -5.729     -8.424
 173   89     13.228     -3.981     -7.466
  -1   -2      7.498     -1.817     -9.199
  -1   -2      8.892     -9.665     -7.420
 202  178      4.576     -4.424      4.756
 122   -2     -7.361     -9.110     -8.927
  -1   -2      7.056     -2.303      2.633
 208   -2     17.248     -7.126      2.253
  32  149     13.703     -9.642     -8.136
  98   -2      5.857     -6.405      9.526
  -1   63      3.493     -7.256     -9.015
 135   -2     10.331     -8.919      5.877
  -1  132      5.786     -8.933      7.787
  -1  152     -0.095     -6.591     -1.128
  -1   -2      5.081    -10.976     -6.230
  -1   -2      0.884     -5.367      8.380
 222  228     -6.564     -5.325     -8.416
 148   32     -0.158    -10.264      2.241
  -1   59     11.578     -9.827    -10.117
  -1  203      3.256     -6.827    -10.436
  18   -2      3.864     -6.715      3.450
  -1   -2     -0.478     -4.987     -3.876
  -1  175     13.300     -7.314      7.238
 224   -2      8.147      0.140      7.881
 215  190     -8.938     -7.449     -3.862
  -1  181     19.349     -1.839     -6.450
 176  172     -0.984     -0.630     -9.628
  -1   -2     -9.529    -11.113     -3.821
 107   -2      8.523     -4.893     -5.635
 220  230     -9.818     -1.513      8.342
  -1  234     23.578      3.260      9.712
 229  241     17.260     -1.167     -2.398
 145   -2     16.608     -8.543    -12.148
 214  198     18.972      1.212     -9.530
  -1  130     16.309     -1.802     -6.758
 228   -2    -14.246      3.024     -2.188
 180  174      3.598     -1.727     11.224
  -1   -2      7.550      0.891     10.287
  -1   -2    -13.127     -4.939     -4.057
  -1   -2      2.285     -3.246      0.004
  94   -2     -6.832     -7.804     -0.447
 209  211      9.404      0.435      8.022
  -1   -2      1.151      0.203     -6.218
 151  147     -7.445     -9.269     -2.445
  -1   -2      6.796    -10.232     -9.593
  67   -2     10.234     -9.467     -3.119
  27  255      8.039     -6.895      8.526
  42   -2      6.758     -7.215     -4.880
