100
   0    0      2.681      0.835      8.590
   1    1     -7.483     -5.078      4.001
  79   -2     -3.055     -8.269      9.074
  18    2      2.320     -9.625     -4.529
  26    4     -3.089     -1.380     -2.622
   4    3      8.784     -5.923      6.332
  21   37     19.514     -4.354     -7.181
  -1   -2     14.386     -6.900     -5.847
  -1   -2     16.602     -8.782     -1.283
  49    8     15.588     -8.246      6.810
   3   -2     -7.337     -8.143      8.469
  10    9     -2.742     -7.337     -2.554
  52   57     -5.625     -6.509    -10.207
  -1   26     -0.817     -8.170      0.004
  12   -2      2.301     -7.581     10.110
  -1   13     15.673     -1.076      1.737
  17   -2     19.527     -9.631     -7.350
  78   -2     13.850     -8.684      9.446
  -1   14      5.115     -7.796      8.244
  22   -2     12.386     -3.085      0.414
  86   28     13.918     -3.996     -3.443
  -1   12      2.354     -8.487      9.530
  19   21     16.579      2.690     -9.879
  -1   23     19.311     -5.991     -6.990
  73   -2     14.835    -10.105    -10.342
  -1   32     -1.212     -6.225     -7.098
  48   -2      3.186     -6.965      3.521
  27   35     13.781     -9.779      0.814
  23   -2      5.103     -2.609      4.995
  40   50     20.023     -6.353     -3.986
  34   -2     18.913     -7.835     -0.869
  -1   -2     -1.553     -8.816      2.216
  54   33     10.810     -0.402      4.440
  76   -2     -6.084     -7.901     -2.954
  64   -2     11.011     -2.472      5.831
  -1   34      6.744     -9.565     10.164
  -1   19     10.611      1.314      3.016
  67   -2     -4.256     -9.190      4.418
  -1   29     19.773     -8.077     -0.878
  -1   -2     16.962     -7.778      6.424
  -1   27      7.844     -1.477     -0.992
  -1   -2     13.008     -6.851      1.482
  -1   -2      2.568      1.433      5.419
  -1   40     20.758     -4.800     -4.717
  -1   42     14.938     -8.749      9.394
  -1   -2     13.324     -7.321      7.430
  14   -2     14.288     -4.773      5.522
  45   -2     -0.981     -8.585    -10.651
  28   45     18.722     -7.391     -1.307
  37   -2     12.817     -1.028      0.683
  61   -2     -5.601     -1.944     -9.996
  50   46      2.410     -1.992      4.885
  66   -2     -5.190    -10.744     -2.353
  15   22     16.553     -2.369     -9.528
  -1   54     16.506     -2.977     -9.149
  53   71    -11.974     -9.567     -6.474
  -1   -2     18.226     -9.121     -1.364
  33   78      4.961     -8.334      4.154
  39   69     -4.999      2.229     -2.697
  29   90      9.268     -8.568      2.502
  -1   -2     -9.826     -1.492     -4.360
  -1   -2     -3.237     -9.002     -8.325
  -1   -2     18.249      3.078     -3.930
  -1   -2     11.719     -9.024      6.677
  63   51      9.366     -5.896     -5.040
  -1   -2     10.841     -6.471      8.038
  62   66     13.807     -0.641     -1.134
  -1   10     -7.653    -10.409     10.176
  13   41      4.966     -5.683      8.013
  -1   -2      3.953     -9.992      7.461
  -1   83     -7.900     -7.198     -3.535
  -1   -2     20.350     -7.777     11.688
  59   31     19.840     -0.863     -4.270
  32   75    -10.469     -3.340     -8.797
  -1   73     -6.815    -11.669     -0.914
  30   -2      9.826     -3.593      6.725
  -1   -2      1.403    -10.964     -3.642
  56   -2     16.943     -2.075     -8.852
  -1   25      1.935     -0.669      3.709
  20   -2     -1.367    -11.421     -9.815
  -1   -2     11.215     -5.602      5.603
  68   24     15.827     -5.881     -8.193
  74   -2     14.606     -3.310     -6.549
  60   63     -4.137     -8.621     -0.704
  -1   -2      2.885     -5.971     -8.138
  -1   -2     13.845     -1.021      5.829
  -1   79     -9.097    -11.080      0.673
  -1    7     -3.070     -8.312      9.077
  -1   96     14.368     -6.893     -5.800
  -1   89     16.518     -8.751     -1.092
  -1   -2      7.844     -1.477     -0.992
  38   86     13.008     -6.851      1.482
  -1   59     18.249      3.078     -3.930
  85   18     -3.070     -8.312      9.077
  -1   -2     14.368     -6.893     -5.800
   7    6     16.518     -8.751     -1.092
  -1   -2      7.844     -1.477     -0.992
  -1   -2     14.368     -6.893     -5.800
  -1   -2     14.368     -6.893     -5.800
  80    5     14.368     -6.893     -5.800
