71
  11    7     10.973    -10.068     -4.312
   1    6      6.729     -9.268      4.761
  70    1      6.114     -9.667      8.240
  62    4     -2.233     -7.337     -0.420
  17   -2     13.737     -9.881     -7.697
  13   -2     12.822    -11.036     -8.519
  65   39      9.329     -5.606      8.540
  42   20      4.846    -10.460    -10.601
  30   50     11.328    -11.288     -4.345
  -1   -2     13.735    -10.541     -9.228
  12    0     16.656     -8.716     -1.712
  15    2     17.055     -6.819     -4.294
  -1   -2     17.845     -7.751     -2.516
  53   -2     19.369     -4.358     -6.621
  -1   -2     14.853    -10.983      0.300
  28   14      8.792     -2.958      9.332
  -1   44     15.684     -3.657     -7.830
  -1    9      7.762    -11.016     -0.029
  10   10     15.370     -8.730     -6.034
  -1   -2     16.640     -9.078    -10.183
  66   -2      4.791    -10.597      1.639
  21   -2     15.054     -5.923     -6.218
  -1   15     11.131    -11.378     -4.246
  22   32     13.075     -6.547      9.765
  31   23      9.373     -7.651      7.475
  23    3     15.269     -6.318     -1.585
  56   47     10.266     -7.840      9.478
  16   51     13.761     -1.840     -2.574
  19   29      9.804    -10.228     -3.687
  55    5      9.133    -10.934     -0.336
  40   52     13.530      1.318     -2.295
  26   16     15.917     -3.927      1.686
  43   -2     10.885     -6.579      3.748
  37   -2     19.354     -6.016     -5.808
  -1   -2     15.349    -10.675      0.970
  14   31     12.647     -8.603      5.145
  -1   -2     13.183     -9.310     -0.044
   5   -2     14.741     -9.752     -7.630
  -1   -2     13.523     -9.414      3.365
  -1   -2     24.557     -5.836    -12.080
  -1   13     15.831    -10.049    -11.866
  -1   45     -2.963    -11.279      2.469
  -1   17      5.311    -11.096      2.506
  -1   35     -5.011     -7.645     -7.046
  48   -2      4.199    -10.080     -1.762
  -1   43     23.089     -6.526    -12.482
  -1   55     -5.190    -10.749     -2.342
  51   30      3.244     -8.319     -9.997
  -1   46      1.005    -12.033     -6.464
  -1   19     17.609      3.839    -12.418
  -1   38     17.562     -7.382      0.359
  -1   -2     14.413     -0.571     -2.583
  59   28     10.561     -4.511      8.492
  50   41     19.710     -3.777      0.091
  -1   21      7.158     -6.901      9.163
  60   48      5.722     -2.558      7.180
  -1   18     18.723     -4.048      0.396
   0   -2     10.169    -11.213     -4.941
  -1   -2     12.678     -5.059     -8.340
  67   -2      9.828     -3.592      6.726
  -1   -2     15.075     -9.808     -1.669
  -1   -2     -8.854    -10.368      6.682
  -1   -2     10.002     -3.943     11.797
  -1   22     15.290     -4.006      7.854
  -1   -2     22.159     -6.364    -10.987
  38    8     19.654     -5.577     -0.984
  18   -2      8.721     -8.508     -5.720
  64   -2    -13.022     -8.963      9.358
  -1   -2     -4.216     -8.743     -8.844
  -1   -2     16.759     -5.492     -1.972
  49   -2     -5.190    -10.749     -2.342
