187
  12  177     16.603     -8.780     -1.297
  -1   23     15.610     -8.254      6.756
   7    6     17.522     -7.215      1.344
  -1   16      9.671     -2.660      7.173
  -1   -2     18.487     -9.224     -1.573
  18    4     -2.742     -7.337     -2.556
  52    7     -5.615     -6.512    -10.177
   5   -2     -0.819     -8.169     -0.005
   6    9      2.300     -7.581     10.107
  11   10     16.619     -2.972     -9.474
  -1   -2     20.424     -4.374     -3.437
  10   -2     17.855     -7.512      4.753
 141   -2     14.348     -1.273     -4.406
  15   -2     16.588      2.688     -9.899
  57   -2      9.976     -3.372      6.406
   0   13     17.711     -9.187     -3.497
  -1   14     16.944      3.776    -10.774
  37   -2      5.103     -2.605      4.992
  21   19     14.836    -10.103    -10.359
  28   -2     20.020     -6.352     -3.981
  19   20     11.012     -2.474      5.826
  -1   -2     19.389     -0.854     -6.075
  23   22     19.762     -5.758     -4.516
  31   -2      8.793     -7.134      1.579
  -1    0     18.216    -10.709     -5.489
 108   -2     14.373     -8.403      9.244
  38   -2     -3.173     -9.418     -2.551
  -1   -2      7.846     -1.478     -0.997
  -1   -2     16.946     -7.783      6.446
  -1   11     20.761     -4.807     -4.730
  -1   -2     10.546     -8.163     -1.763
  -1   -2      4.695     -4.799      7.338
  34   52     13.014     -6.851      1.473
  -1   -2     -1.473     -6.134     -7.863
  -1   -2     10.612     -5.933      3.650
  -1   -2     14.501     -0.675     -2.874
  -1   -2     -4.843    -10.195     -2.130
  -1   37      2.411     -1.992      4.881
  -1   44     -0.993     -8.586    -10.690
  -1   -2     -5.188    -10.745     -2.345
   3   36     -5.601     -1.944     -9.998
  -1   66     -9.282    -10.560     -8.382
  61   43     16.553     -2.371     -9.528
  66   24      5.636     -8.510      6.186
  -1   35     14.291     -4.776      5.512
  -1   40    -11.977     -9.565     -6.473
  43   77     10.518      1.343      1.621
  -1   -2      4.570     -6.685      7.273
  -1   -2      8.642    -11.194      7.219
  41   -2     -8.852    -10.399     -0.581
  69   33     -3.224     -8.998     -8.287
  -1   -2     15.052     -8.932      9.796
 120  154      9.429      0.193     -2.873
  25   50      3.622     -8.987      5.609
  49    5     17.108    -10.267    -11.594
  50   53     15.829    -10.657     -9.442
  -1   51     -7.279     -5.399      9.744
  58   80     -6.719     -6.474     -7.909
  54   57     -4.645      2.231     -3.867
  -1   -2     13.154     -9.711      2.326
  -1   49     19.309    -11.320     -4.997
  -1   -2     -5.968     -7.026    -10.373
  59   59    -12.044     -5.703     -3.170
  -1   -2      9.204    -10.422     10.597
  53   64    -10.472     -3.336     -8.812
  20   62     16.940     -2.079     -8.859
  -1  115      9.423    -10.404     -5.223
  40   65     12.538     -4.817    -11.658
  -1   61     10.158     -3.566      5.962
  32   -2      5.551     -9.299     10.066
  -1    1     -2.887    -10.964      6.219
  68   68     -2.936     -1.252     -3.102
  -1   -2     16.518     -8.752     -1.100
  -1  123      7.846     -1.478     -0.997
  -1   -2     16.946     -7.783      6.446
  -1   -2      4.695     -4.799      7.338
  -1   -2     -1.473     -6.134     -7.863
  -1   -2     -9.282    -10.560     -8.382
  -1   75     -5.188    -10.745     -2.345
  -1   -2      4.570     -6.685      7.273
  -1   -2      9.429      0.193     -2.873
  -1    3     15.052     -8.932      9.796
  -1   -2     16.518     -8.752     -1.100
   1   -2     15.412     -8.282      7.016
  -1   -2      7.846     -1.478     -0.997
  -1   -2     16.946     -7.783      6.446
  -1   -2      4.695     -4.799      7.338
  -1   -2     10.546     -8.163     -1.763
  -1   -2     -1.473     -6.134     -7.863
  -1   -2     -9.282    -10.560     -8.382
  -1  140     14.501     -0.675     -2.874
  -1   -2      4.570     -6.685      7.273
  -1   -2      9.429      0.193     -2.873
  -1   -2     15.052     -8.932      9.796
  -1   -2     16.518     -8.752     -1.100
  -1   -2      7.846     -1.478     -0.997
  -1   -2     16.946     -7.783      6.446
  -1   -2      4.695     -4.799      7.338
  -1   -2     10.546     -8.163     -1.763
  -1   -2     -1.473     -6.134     -7.863
  -1   -2     14.501     -0.675     -2.874
  -1   -2     -9.282    -10.560     -8.382
  -1   -2      4.570     -6.685      7.273
  -1   -2     15.052     -8.932      9.796
  -1   -2      9.429      0.193     -2.873
  -1   -2     16.518     -8.752     -1.100
  -1   -2      7.846     -1.478     -0.997
  27   15     16.946     -7.783      6.446
  -1   -2      4.695     -4.799      7.338
  30   46     10.546     -8.163     -1.763
  -1   -2     -1.473     -6.134     -7.863
  -1   -2     14.501     -0.675     -2.874
  -1   -2      4.570     -6.685      7.273
  -1   -2     15.052     -8.932      9.796
  -1   -2      9.429      0.193     -2.873
  -1   -2     16.518     -8.752     -1.100
  -1   -2      7.846     -1.478     -0.997
  94   93      4.695     -4.799      7.338
  33  116     -1.473     -6.134     -7.863
  -1   -2      4.570     -6.685      7.273
  -1   -2      9.429      0.193     -2.873
  -1   -2     15.052     -8.932      9.796
  -1   -2     16.518     -8.752     -1.100
  -1   -2      7.846     -1.478     -0.997
  -1   -2      4.570     -6.685      7.273
  -1   -2      9.429      0.193     -2.873
  -1   -2     16.518     -8.752     -1.100
  -1   -2      7.846     -1.478     -0.997
  -1   -2      4.570     -6.685      7.273
  -1   -2     16.518     -8.752     -1.100
  -1   -2      7.846     -1.478     -0.997
  -1   -2     14.501     -0.675     -2.874
  -1   -2      4.570     -6.685      7.273
  -1   -2     16.518     -8.752     -1.100
  -1   -2      7.846     -1.478     -0.997
  -1   -2     14.501     -0.675     -2.874
  -1   -2      4.570     -6.685      7.273
  -1   -2     16.518     -8.752     -1.100
  -1   -2      7.846     -1.478     -0.997
  -1   -2      4.570     -6.685      7.273
  -1   -2     16.518     -8.752     -1.100
  -1   -2      7.846     -1.478     -0.997
  -1   -2      4.570     -6.685      7.273
  -1   -2     16.518     -8.752     -1.100
  -1   -2      7.846     -1.478     -0.997
  -1   -2     14.501     -0.675     -2.874
  -1   -2      4.570     -6.685      7.273
  -1   -2     16.518     -8.752     -1.100
  -1   -2      7.846     -1.478     -0.997
  14   -2     14.501     -0.675     -2.874
  -1   -2      4.570     -6.685      7.273
  -1   -2     16.518     -8.752     -1.100
  -1   -2      7.846     -1.478     -0.997
  -1   -2      4.570     -6.685      7.273
  -1   -2     16.518     -8.752     -1.100
  -1   -2      7.846     -1.478     -0.997
  -1   -2      4.570     -6.685      7.273
  -1   -2     16.518     -8.752     -1.100
  -1   -2      7.846     -1.478     -0.997
  -1   -2      4.570     -6.685      7.273
  -1   -2     16.518     -8.752     -1.100
  -1   -2      7.846     -1.478     -0.997
  -1   -2      4.570     -6.685      7.273
  -1   -2     16.518     -8.752     -1.100
 152   -2      7.846     -1.478     -0.997
  -1   -2      4.570     -6.685      7.273
  -1   -2     16.518     -8.752     -1.100
  -1   -2      4.570     -6.685      7.273
  -1   -2     16.518     -8.752     -1.100
  73  105      4.570     -6.685      7.273
  -1   -2     16.518     -8.752     -1.100
  -1   -2     16.518     -8.752     -1.100
  -1   -2     16.518     -8.752     -1.100
  -1   -2     16.518     -8.752     -1.100
  -1   -2     16.518     -8.752     -1.100
  -1   -2     16.518     -8.752     -1.100
  -1   -2     16.518     -8.752     -1.100
  -1   -2     16.518     -8.752     -1.100
  -1   -2     16.518     -8.752     -1.100
  -1   -2     16.518     -8.752     -1.100
  -1   -2     16.518     -8.752     -1.100
  -1   -2     16.518     -8.752     -1.100
  -1   -2     16.518     -8.752     -1.100
  -1   -2     16.518     -8.752     -1.100
  -1   -2     16.518     -8.752     -1.100
  -1   -2     16.518     -8.752     -1.100
 175    2     16.518     -8.752     -1.100
