208
 148    0      0.148     -1.950     -0.612
   1    1     -3.866     -7.230      9.036
   2    2     -2.832     -6.255      3.216
  -1   -2      5.754     -3.066      3.500
   4    6     -0.412     -2.439      8.699
   5   -2      3.268     -7.922      4.685
   6    5      3.374     -2.917      1.211
 186    4      3.410     -1.699     -0.853
  46   -2      3.955     -8.724     10.154
  -1   -2      5.321      1.291      8.253
   9  187     -2.972      0.013      1.796
  10   10     -4.552     -3.318     -7.124
  14   13      7.290     -7.707     -1.925
  -1   11     10.543     -4.563     -5.142
  -1   15      9.365     -8.984     -1.949
  70   -2      2.865     -8.735      4.334
  21   14     10.481     -2.724     -5.208
  54   12     13.868     -7.061      7.538
  20   21     18.027     -9.055     -4.949
  -1   23      4.379     -3.409      7.855
  23   17      4.638     -4.765      8.950
  -1   79     12.215    -10.505      0.877
  22   18      0.461     -4.105      8.140
  27  134     12.746    -10.829     -2.923
  83   -2     14.760     -7.859      9.553
  86   20     10.088      3.792      9.679
  28   64      9.216      1.388     -6.213
  26   26     11.157     -3.418     -1.734
  29   82      5.175     -4.218      1.802
  61   29     18.730     -4.697      1.694
  67   27      8.622     -5.114      1.154
  -1   -2     -5.454     -7.148      7.443
  -1   30     -6.790    -10.340      3.641
  -1   -2     17.905    -10.972     -6.065
  36   98     -6.828     -8.891      7.136
  47   -2     -4.769     -7.527      4.133
  -1   -2     17.346     -7.483      4.888
  -1  119     15.745     -5.021      1.423
 100   -2     -2.055     -7.960     -3.609
  -1   -2      4.137     -9.692      5.042
  -1  188     15.990      0.983      3.818
  77   -2     -0.782     -8.582    -10.079
  39   91     20.672     -4.837     -4.694
  -1   -2      4.386     -9.228     10.367
  -1   31     16.686     -8.759     -1.674
  32  105     14.386     -1.968     -4.575
  -1   81     15.923     -4.843     -8.856
  -1   42     20.817     -7.157     -4.206
  -1   -2     16.572     -3.313      7.392
  25   -2     -5.622     -6.508    -10.186
  -1   -2     12.309    -10.286     -3.840
 131   58     19.034    -10.019     -5.238
 103   -2     15.453     -6.707      6.408
 182   -2     -9.307    -10.705     -9.467
  51   50      9.649     -5.896     -5.780
  -1   77     -0.619     -3.205      3.750
 143   59     14.741     -3.665     -5.492
  78   75     10.542     -5.964      3.467
 159   -2     16.748      2.520      7.753
  58  161     -6.550     -9.077      2.297
  -1   -2     16.620     -2.970     -9.486
  -1   43     -5.379     -6.949    -10.545
  48   -2      4.751     -9.235      7.471
  95   -2      4.726    -10.343      1.810
  -1   -2      7.682     -7.096      8.327
  -1   -2      9.795      2.254      6.941
  75   -2     17.365    -10.454      1.687
  59  141      3.177     -5.698     -7.071
  94   -2     11.587     -3.547      2.365
  65  162     17.863     -8.098      3.054
  -1  176     11.548     -5.515     -4.179
 102   84     15.870     -1.381     -8.204
  -1   16      5.434     -7.279     -7.716
  43   -2     17.710     -9.187     -3.489
  -1   -2      1.473     -4.069      7.454
  71  114      8.950     -7.753      5.321
  82   67     16.576      2.692     -9.868
  -1   69      1.414     -9.602      3.670
  -1  135     -2.541     -9.494      1.841
  49   41     -3.593     -9.430     -6.179
  53   -2     -6.092     -7.902     -2.932
  -1   95     11.178     -8.554      3.273
  -1   80     19.304     -5.995     -7.013
  -1   85     19.605     -0.866     -5.166
  88   -2     19.652     -4.351     -6.539
  -1   24     -0.616     -6.290      9.319
  69   -2     15.480     -1.397     -2.589
  30   28     10.863     -6.948     -4.789
 147   72     20.105    -10.989     -3.846
 130   73      9.365     -7.239      9.208
  90   -2     -8.001     -7.974      8.182
 123   90      3.859      1.229      7.768
  -1   -2      3.809      0.470      8.152
 105   -2     -3.569     -8.672      4.227
 120   -2     15.171     -3.437     -4.732
  55   -2     14.279    -10.042     -3.435
  -1   -2      1.200     -5.413      9.217
  24  120     17.671    -10.721     -4.233
  -1   -2      4.987     -8.690      1.048
 101   34     16.351     -5.607      4.857
  11   -2     15.409     -8.274      7.013
 128   87     11.215      3.106      4.985
  -1  115    -12.504     -4.055     -2.522
  -1   -2     21.023      2.527     -2.472
  -1   54     -1.061     -2.574    -10.620
  -1   36     14.955     -8.736      9.347
  -1   -2     12.644      1.730      8.499
  -1   -2      3.534      3.629     -9.427
 129   -2     -9.424     -1.662     -3.343
  98   -2      0.024     -8.952      6.373
 109  102    -14.246     -0.028      8.824
  -1   -2    -11.226    -10.632     -1.239
  -1   49     -3.234     -9.001     -8.305
  -1  142     16.151     -1.048     -8.820
  -1  108    -14.445     -8.704      5.429
  -1   -2      9.670      6.990     10.171
  -1  109    -10.107     -6.511     -8.759
  -1   -2     13.113     -0.887     -3.591
  62   96     18.168     -7.491      5.929
  33   -2     17.247     -9.269      1.094
 110   -2     -9.305     -3.835     -1.513
  -1   94      9.429      0.193     -2.873
  -1   -2     -3.671     -3.593      2.211
  -1   -2     -7.653     -3.728    -10.112
 145  139      0.122      2.435      3.782
  -1   -2     15.515      1.907      1.627
  -1   -2    -15.106     -6.169      3.462
  -1  140     10.328      4.659      2.235
  -1  106    -11.462      5.259     -7.888
  -1   22      2.895    -10.879      1.597
  -1   -2     21.591      4.429      2.940
  -1   88     20.510      0.539     -3.297
  -1   -2    -16.843     -3.140     10.770
  64   37     13.151     -9.711      2.347
 141  128    -12.043     -5.706     -3.166
  96   -2     16.942     -2.079     -8.854
  -1  118     10.278     -0.490      9.782
  -1   -2     -6.087     -1.941     10.233
  -1   -2      7.653     -2.982     -1.918
  -1   -2      9.247      0.163     10.027
 136   86      6.654     -6.184     -8.069
 114   70    -11.268     -9.484     -4.811
 127   -2      1.236      0.972     -3.948
  -1   -2     15.762      3.837      2.479
  -1   -2     -3.094      0.484      9.886
  -1   62     -2.838     -6.746    -10.735
  -1   39      7.282     -9.334     10.196
  -1   68     12.840     -2.817     10.737
 121  147    -10.373      3.948     -5.521
  16  145     14.183     -0.505     -4.070
  -1   -2     11.207     -8.334     -5.686
 174  150      0.074     -1.925     -0.278
 150  164      5.753     -3.059      3.489
  -1   -2      3.324     -2.903      1.479
 152  166     -0.459     -2.434      8.905
  -1   -2      5.321      1.291      8.253
  -1   -2     -2.978      0.025      1.884
 157  174     16.602     -3.320      7.422
  -1   -2      7.288     -7.653     -1.772
  -1   -2     10.575     -4.549     -5.145
  -1   -2     10.443     -4.576     -5.472
  -1   -2      9.341     -8.986     -1.807
  -1  194     16.515     -8.752     -1.089
  -1   -2     15.990      0.983      3.818
  -1   -2      3.435      0.426      9.162
 106   -2      0.074     -1.925     -0.278
  -1   -2      3.324     -2.903      1.479
  -1   -2      3.404     -1.712     -0.775
  -1   -2      5.306      1.293      8.295
  -1   -2     -2.978      0.025      1.884
  -1   -2     10.575     -4.549     -5.145
  -1   -2     16.515     -8.752     -1.089
 173   -2     15.990      0.983      3.818
 165  180      5.299     -7.300     -8.139
 149  163     -2.913     -6.231      3.624
  -1   -2      3.324     -2.903      1.479
  -1   -2     -2.978      0.025      1.884
 156   -2     -2.978      0.025      1.884
  15   -2     10.577     -4.550     -5.108
 160   -2     10.443     -4.576     -5.472
 187  201      9.293     -8.975     -1.680
  -1   -2     16.515     -8.752     -1.089
  -1  203      3.141     -7.892      5.220
  -1   -2      3.324     -2.903      1.479
  -1   -2      3.404     -1.712     -0.775
   8  192      5.321      1.291      8.253
  -1   -2     16.515     -8.752     -1.089
  -1   -2      3.141     -7.892      5.220
   7  200      3.404     -1.712     -0.775
  -1   -2      3.324     -2.903      1.479
 179   -2     16.515     -8.752     -1.089
 189   -2      3.141     -7.892      5.220
  -1   -2      3.324     -2.903      1.479
  -1   -2      3.324     -2.903      1.479
  -1   -2      3.324     -2.903      1.479
  -1   -2      3.324     -2.903      1.479
  -1   -2      3.324     -2.903      1.479
 168  204      3.324     -2.903      1.479
  -1   78      3.916     -9.661      5.645
  -1   -2      3.916     -9.661      5.645
  -1   -2      3.916     -9.661      5.645
  -1   -2      3.916     -9.661      5.645
  -1   -2      3.916     -9.661      5.645
  -1   -2      3.916     -9.661      5.645
  -1   -2      3.916     -9.661      5.645
  -1   -2      3.916     -9.661      5.645
  -1   -2      3.916     -9.661      5.645
 196   -2      3.916     -9.661      5.645
