20
  -1   -2      6.580     -8.019      0.160
  -1    0     20.499    -10.286     -4.666
  -1   20      9.954     -3.377      6.456
  -1   -2      9.803    -10.123     -3.716
  -1   -2      9.852     -7.772      8.215
  -1   -2     17.094     -7.555      4.798
  -1    8     14.762    -10.068      8.317
  -1   -2     14.121     -6.861     -4.049
  -1   -2     14.908     -6.045     -5.947
  -1    6      9.179     -9.319     -8.832
  -1   -2     17.587      3.833    -12.366
  -1    7     16.236     -4.675      0.869
  -1   -2      0.342     -8.847      9.660
  -1   19      5.385    -10.269      3.749
  -1   -2     16.541    -10.076    -10.281
  -1    9     17.500     -7.835     -4.759
  -1   14      5.181     -9.818     -2.556
  -1    1     13.588     -6.920      8.455
  -1   18     18.482     -6.141     -2.028
  -1    3     10.340     -8.434      1.041
