96
   0    5      0.492     -1.013     10.065
   2    7      1.875     -7.712      9.650
   4    0     -0.687     -8.079     -3.395
   3    1     -4.770     -3.501     -1.532
   5    2      8.103     -8.011      7.124
  -1   21     14.386     -6.900     -5.849
  -1   97     16.598     -8.780     -1.275
   1    9    -10.928     -6.632      3.443
  11   -2     15.587     -8.246      6.812
  12   -2     -2.743     -7.338     -2.557
  -1   10     -5.621     -6.510    -10.193
  18   14     -0.814     -8.168      0.014
  15   11     15.674     -1.077      1.744
  36   32     20.165     -7.640     -4.605
  14   12      5.100     -7.821      8.197
  22   -2     16.615     -2.972     -9.460
  17   16     20.424     -4.371     -3.425
  -1   -2      9.666     -0.405      4.707
   7   -2     13.943     -3.999     -3.506
  23   20     19.310     -5.990     -6.984
  21   19     16.582      2.688     -9.883
  62   80     -8.808    -10.514     -1.629
  32   59     -4.409     -8.586     -1.092
  27   13     16.512     -2.411     -9.840
  -1   -2     15.571    -10.333     -3.950
  49   73      5.098     -2.607      5.000
  -1   27     20.021     -6.352     -3.990
  72   67     10.807     -0.403      4.449
  30   -2     -1.072     -8.298      9.895
  31   -2     11.015     -2.473      5.823
  13   53     -5.814     -4.312     -9.726
  64   -2     -6.085     -7.902     -2.957
  10   -2     -2.937     -8.809      7.412
  40   -2     19.484     -7.930     -0.254
  56   -2      8.870     -8.412      9.886
  41   85     16.962     -7.778      6.421
  -1   42      7.847     -1.477     -0.997
  20   39     18.502     -9.246     -1.942
  -1   47     13.011     -6.852      1.482
  84   93     10.550     -8.161     -1.746
  44   -2     20.757     -4.802     -4.717
  37   81      6.721     -9.532      9.756
  -1   87      4.695     -4.800      7.339
  -1   -2     14.937     -8.748      9.388
  -1   49     -1.473     -6.133     -7.859
  68   -2     14.283     -4.780      5.480
  46   51     -0.986     -8.586    -10.669
  38   62     12.139     -5.454      8.620
  42   57     10.038      1.316      0.080
  74   -2      2.411     -1.991      4.884
  -1   -2     -5.190    -10.747     -2.351
  -1   36     -5.601     -1.944     -9.994
  -1   26     -3.237     -9.002     -8.315
  -1   89     18.255      3.080     -3.932
  -1   70    -11.083     -3.355    -10.355
  -1   -2      9.269     -8.568      2.502
  -1   -2     -7.228     -1.922      2.108
  70   75      3.923     -9.993      7.382
  33   15     11.778     -2.359      1.917
  -1   -2     -1.844      2.709      3.555
  35   78      5.955     -8.702     -0.372
  79   -2     10.843     -6.470      8.032
  58   37     -9.863    -10.846     -1.287
  -1   -2      9.823     -4.252     -4.122
  -1   76     18.534     -0.368     -9.780
  -1   88     -5.779    -10.491     -4.581
  -1   -2      5.627     -2.491     -8.334
  60   -2      9.826     -3.591      6.726
  16   -2     16.950     -2.076     -8.826
  -1   -2      9.673    -10.454     -4.040
  86   -2      9.632     -5.015     -4.298
  -1   35     15.308     -2.988      0.889
  -1   25      9.251      0.161     10.021
  -1   -2     12.796      4.015     -8.041
  -1   -2     14.610     -3.310     -6.558
  -1    3     15.827     -5.885     -8.191
  -1   -2     -2.932     -1.251     -3.101
  -1   22     15.165    -11.094     -9.167
  -1   -2     14.386     -6.900     -5.849
  -1   17     16.517     -8.750     -1.090
  -1   -2      9.437     -0.426      5.287
  -1   -2      4.695     -4.800      7.339
  -1    8     14.937     -8.748      9.388
  -1   -2      9.269     -8.568      2.502
  -1   -2     -0.688     -9.059      8.723
  -1   -2     14.386     -6.900     -5.849
  -1   -2     16.517     -8.750     -1.090
  83   92      9.437     -0.426      5.287
   9   -2     14.937     -8.748      9.388
  -1   -2     14.386     -6.900     -5.849
  -1   -2     16.517     -8.750     -1.090
  -1   -2     14.386     -6.900     -5.849
  90   61     16.517     -8.750     -1.090
  -1   -2     14.386     -6.900     -5.849
  -1   -2     14.386     -6.900     -5.849
   6   77     14.386     -6.900     -5.849
