112
   1    0     17.171     -8.288     -5.979
   0    1     19.726     -4.165     -1.354
   2    2      7.048     -4.373      7.964
   3    3     11.852      2.820      2.280
   4    4      9.795      3.136      4.184
  24   28      2.134     -7.590      9.542
  83   -2     -0.643     -8.126      0.034
   7    5     13.463     -8.371     -2.062
  -1    8     -2.196     -5.207     -2.214
 101   -2     19.819     -5.711     -4.735
  -1   -2     14.377     -6.902     -5.823
  59   -2     16.591     -8.777     -1.262
  15   -2     18.490     -8.704      1.308
 105   12     13.503     -7.684    -10.306
  94   54     -0.920     -8.590    -10.479
  13   13      6.696     -4.447     -0.396
   5   14     -5.108     -5.042     -9.084
  14   -2     15.594     -8.245      6.799
  43   -2     16.705     -7.788     -7.399
  -1   39     19.781     -7.636     -3.708
  -1   27     21.214     -4.703     -5.773
  93   -2      9.239     -6.105     10.006
  18    6     -2.740     -7.337     -2.558
  -1   -2     -5.616     -6.513    -10.170
  -1   38     16.603     -2.958     -9.363
  37   40     12.682     -2.854      1.297
  -1   -2     15.941     -5.000     -7.320
  25   24     15.672     -1.079      1.738
  61   58      9.184     -6.566      0.678
  28   -2     -4.352    -10.967      0.063
  60   -2     20.421     -4.372     -3.427
  -1   35      5.102     -2.606      4.994
  -1   16     19.862     -9.212     -4.879
  -1   -2     13.935     -4.010     -3.483
  35    7     -5.253     -1.361     -9.639
  34   32     16.582      2.690     -9.885
   8   30     -3.591     -2.839     -5.180
  53   -2      2.795     -6.830      4.066
  -1   64      8.064     -7.898      6.836
  26   84     16.625     -2.398     -9.874
  54   -2     17.136     -1.113     -9.458
  46   -2     10.803     -0.404      4.457
  96   -2     -3.985     -8.246      0.172
  42   -2     19.471     -2.632     -8.627
  78   18     -1.557     -8.818      2.210
  44   -2     20.018     -6.353     -3.986
  64   -2     10.054     -6.625      6.286
  56   -2     19.894     -7.325     -2.343
  58   -2     14.831    -10.105    -10.344
  -1   -2      6.166     -6.042      9.748
  -1   -2     19.388     -0.850     -6.094
  -1   31      6.747     -9.566     10.193
  -1   44     20.404     -8.706     -2.596
   6   17     16.952     -7.779      6.449
  -1   -2      7.852     -1.478     -1.007
  -1   76      0.490     -9.742      7.162
  67   -2     10.547     -8.161     -1.763
  57   33     10.063     -2.096      2.015
  -1   -2     20.718     -6.868     10.344
  -1   23     -5.071     -7.142      3.916
  -1   -2     13.012     -6.851      1.480
  -1   -2     18.573     -8.646     -9.857
  47   50      8.882     -8.778      1.263
  -1   -2     -5.601     -1.946     -9.996
  -1   15     -5.192    -10.743     -2.349
  70   59     10.518      1.343      1.620
  -1   -2    -11.976     -9.568     -6.479
  -1   57     16.764    -10.025     -8.483
  86   42     -3.309      1.605      3.074
  72   -2     -9.285    -10.560     -8.395
  -1   -2     -9.942     -0.842     -7.191
  -1   -2     14.825     -3.531     -5.735
  -1   55      9.363     -5.894     -5.031
  -1   36      8.325     -6.524     -3.787
  -1   45     13.266     -9.815    -11.931
  -1   90     10.706     -9.715     -9.404
  20   -2      0.448     -4.130      1.915
  -1   78     -4.650      2.229     -3.879
  91   48      6.264      1.913     -5.815
  -1   69     12.611     -5.160     -0.227
  81   43     19.167     -9.735     -2.149
  62   20      8.156     -9.171      8.198
  48   -2     11.174     -3.792      9.192
  -1   72     -7.887    -11.821     -3.653
  89   41     20.684      1.743     -8.969
  -1   79    -12.044     -5.707     -3.164
  -1   26      8.113    -10.672     -9.606
 104   85    -10.472     -3.344     -8.810
  97   34     16.935     -2.077     -8.881
  87   82     12.537     -4.818    -11.654
  21   65     -6.040     -4.347     -9.943
  52   93     18.712     -2.076     -0.613
  -1   68     19.141      2.838     -0.452
  79   37     -6.987     -6.951      0.092
  68   21      0.274     -6.591      9.734
  -1   46     -7.107    -10.685     -8.011
  -1   -2      0.958     -0.261      6.112
  -1   -2     14.377     -6.902     -5.823
  16   95     19.332     -7.605     -2.669
  41   -2      5.230     -2.576      4.645
  -1   -2    -12.044     -5.707     -3.164
 100  100     14.377     -6.902     -5.823
  -1   -2     14.504     -0.678     -2.864
  -1   -2     14.504     -0.678     -2.864
  -1   -2     14.504     -0.678     -2.864
  -1   -2     14.504     -0.678     -2.864
  -1   -2     14.504     -0.678     -2.864
  -1   -2     14.504     -0.678     -2.864
  -1   -2     14.504     -0.678     -2.864
  -1   -2     14.504     -0.678     -2.864
  -1   -2     14.504     -0.678     -2.864
 115   -2     14.504     -0.678     -2.864
