113
   0   90     15.452     -9.502     -5.425
   1    0     18.508     -4.782     -0.161
   2    1      3.290     -3.704      6.944
  92   -2      9.490      3.164      3.928
  93    3      7.313      3.407      6.045
  14   12      2.972     -4.553      2.067
   5   16      1.877     -7.718      9.708
   7    5     -9.317     -2.078     -8.652
  10    7     -6.842     -5.313     -4.885
  44   -2      6.291     -5.798     10.259
  -1  113     14.379     -6.899     -5.832
  12   11     16.591     -8.779     -1.258
  13    4     -9.573     -6.120     -7.859
  15   13     10.905     -8.125    -10.395
  16   -2     15.594     -8.246      6.801
  21   -2     -2.742     -7.336     -2.563
  20   18     -5.624     -6.509    -10.197
  34   15     15.690     -6.721      5.819
  78   47      4.973     -7.845      7.862
  -1   14     14.773     -8.801      8.955
  25   76      9.007      1.975      8.978
  57   -2     15.672     -1.077      1.734
  24   19     -8.817     -2.925     -4.537
  -1   -2     17.709     -9.188     -3.487
  26   24     16.611     -2.970     -9.447
   9   26      1.659     -9.256      1.059
  31   23     20.421     -4.371     -3.424
  -1   17     -1.407    -10.922      1.626
  89   25     13.965     -4.002     -3.563
  -1   81     19.307     -5.986     -6.975
  22   67     11.696     -1.464      3.838
  51   41     20.655     -8.290     -2.828
  32   28     16.582      2.689     -9.883
  -1   -2     -6.537     -1.475     -7.691
   8   32     -4.718     -8.788      0.066
  -1   29      5.099     -2.607      4.997
  -1   -2     -0.725    -10.914      2.396
  29   -2     -8.520     -8.057      4.732
  37   73     16.585     -2.412     -9.771
  -1  108     10.800     -0.403      4.462
  -1   -2      9.979    -10.495      2.494
  46   -2     15.222     -0.199     -6.554
   6    6     17.615     -9.108     -2.519
  47   27     11.013     -2.474      5.826
  49   85     -7.960      3.015      1.001
  53   38     18.259     -7.368      2.299
  -1   21      8.268     -8.844      0.426
  40   -2     19.398     -0.854     -6.060
  64   43     11.093     -9.748      0.675
  50   36      6.741     -9.565     10.171
  45   -2      9.590     -9.358     -5.110
  -1   40     11.007     -8.443      4.121
  36   87     -3.980     -5.348     -0.254
  -1   96     16.955     -7.778      6.442
  90   98      7.837     -1.478     -0.973
  -1   -2      5.735    -11.133      7.505
  -1   -2     20.756     -4.800     -4.709
  59   -2     10.540     -8.162     -1.776
  -1   -2     18.340    -10.478     -2.384
  -1   -2    -11.653     -9.931      6.216
  77   95     13.009     -6.849      1.485
  -1   52     -0.995     -8.585    -10.691
  -1   53      2.411     -1.992      4.881
  83   -2     13.393     -6.100    -10.246
  67   46     -5.187    -10.746     -2.353
  65   -2    -11.974     -9.569     -6.475
  -1   -2     10.517      1.342      1.619
  -1   -2     -9.284    -10.560     -8.392
  70   -2      9.356     -5.894     -5.009
  -1   -2     18.253      3.078     -3.927
  84   -2     -3.228     -9.001     -8.306
  18   68     -1.726     -7.999     -2.978
  -1   58      3.622     -8.988      5.610
  72   69     10.843     -6.470      8.030
  -1  110      8.323     -6.524     -3.791
  17   -2     14.824     -3.538     -5.732
  71   42     12.265     -0.985     -6.566
  -1   -2     -7.900     -7.200     -3.540
  -1   71     -4.648      2.224     -3.877
  -1   37      9.825     -3.590      6.725
  80   74     -7.888    -11.822     -3.654
  -1   -2     12.901     -8.289     -6.973
  -1   83    -12.043     -5.706     -3.164
  88   30     16.944     -2.077     -8.844
 102   -2     15.334     -1.127     -6.788
  -1   78     12.539     -4.818    -11.653
  -1   -2     15.158      3.691    -10.046
  -1   -2     -8.012     -6.564     -3.339
  19   -2     15.824     -5.880     -8.186
  39   -2      2.730     -9.383      4.572
  -1   60      7.051     -1.528      4.655
  75   39     19.870      0.871     -5.965
  82   -2     19.405     -6.344     -4.870
  81    8      8.443     -4.649      8.773
  -1   -2     -4.154     -8.621     -0.762
  -1   -2     -8.910     -8.600     -0.357
  -1   72      0.556    -10.406      1.877
  -1  104      9.490      3.178      3.943
  -1  106      7.295      3.416      6.099
  -1   -2     14.362     -6.892     -5.787
  43   -2      5.225     -2.578      4.652
  56   97    -11.653     -9.931      6.216
  96  109     -9.284    -10.560     -8.392
  69  101     18.253      3.078     -3.927
  -1   -2      8.323     -6.524     -3.791
  -1   -2      9.490      3.178      3.943
   3   91      9.490      3.178      3.943
  -1   -2      7.295      3.416      6.099
  -1   -2      7.295      3.416      6.099
  -1   -2     14.362     -6.892     -5.787
  62   -2     -9.256     -2.082     -8.953
  -1   -2      8.323     -6.524     -3.791
 103   -2     14.362     -6.892     -5.787
