243
   5    0      0.679     -8.865     -7.441
  -1    1      6.629     -8.136      3.387
   7   -2      6.424     -9.050     -4.756
   1    9      6.667     -7.152     -0.217
   4   -2      5.013     -5.780      0.848
  33    5      3.181     -7.069     -3.458
  16    6      4.597     -0.556      4.249
  11    7      4.385     -9.318     -5.429
   9    8      0.522     -5.244      5.535
   2    4      5.781     -6.701      0.706
  15   12      8.209     -4.287     -4.276
  12  221     -4.126     -9.668     -6.479
  76   -2      3.427     -9.813     -5.967
  21   89     -0.174    -10.430    -10.328
  17  223     10.121     -8.377     -6.895
  10   10     -0.524     -7.902      5.885
  -1   -2     10.591     -7.064      4.708
  19   20      2.818      1.716      6.689
  61   -2      4.641     -8.153     -7.167
  23   21      4.235     -9.869    -10.180
 235   18     10.246     -6.985      0.981
  -1  142     18.858     -9.714     -8.535
 143   -2      1.048    -10.251     -4.720
  28   19      4.520     -8.513     -4.666
  57   37     -1.386     -9.153     -4.251
  -1  113      2.400     -8.396     -1.660
  25   26      1.117     -7.594     -6.324
  27   25      1.173     -5.061     -2.805
 124   -2      7.408     -8.345      2.047
  64   -2     -1.185     -7.647      3.841
 129   41      5.197     -9.781     -5.133
  39   29      0.229     -5.769      7.556
  38  161      0.236     -9.983     -5.760
 153  122     -7.258     -9.975      0.080
  45   40     -2.784     -8.723      5.781
  43   32     10.048     -2.457      5.139
 188   -2     -5.670     -6.905     -9.783
  44   35      3.215     -0.336      4.058
  48   34     -4.086     -8.627      4.590
  53   -2     15.406     -9.202     -2.532
  51   36     -2.577     -3.697     -1.842
  68   17      5.415     -8.135     -7.129
 112   33     -3.703     -7.055     -6.745
 167  109      4.508     -7.389     -5.423
 138   45      4.957     -7.412      0.076
 155   38     -2.952    -10.580     -6.188
  70   -2      2.632     -4.601     -8.795
 131  132      4.564     -8.809      2.647
  -1   67      8.411     -8.975      8.317
  46   60      4.527    -10.339     -8.764
   6   -2      5.665     -7.595     -6.705
  -1   24     -0.301     -9.805    -10.076
  -1  148     -2.974     -9.451     -2.117
 101   -2     -5.837     -4.813     -3.600
  60   48      6.815     -4.090     -5.728
  -1   -2      9.338     -2.598      8.105
  83   49     -0.918     -7.577      7.885
  -1   91     12.729     -9.685    -10.115
  62   52      9.406      1.635      0.624
  63  136      0.876      2.220      3.602
 204   79     15.646     -1.259     -7.565
  72   57      3.643      0.803      8.770
  -1   47      5.741     -7.839     -4.278
  49   -2     -5.674     -8.585     -4.197
  71   53      1.037     -5.789     -7.929
  80   56      2.674     -2.045      8.414
  69   55      7.933     -7.375      7.555
 177   -2     -2.073     -9.009      0.589
  20  130      0.389     -8.276      3.426
  73   65      1.026      0.827      3.857
  82  112      6.253     -7.025      3.912
 132   -2      3.240     -9.401     -5.168
  -1   30      2.891     -8.476     -2.834
  41   94      0.071     -9.523     -3.465
 100  145     -7.344     -9.215      3.011
  29   50      3.914     -9.299     -1.062
  75  158     13.857     -5.891     10.500
  -1   28     -2.553     -5.973      6.422
  58   -2     10.336     -8.349     -0.677
 233  227     10.545     -9.107     -0.478
  86   -2      8.414     -9.562      2.945
  96  154      4.007     -9.223      6.784
 141  217     16.720     -9.883     -8.591
 126   -2      3.592     -8.966      8.151
 114    3      7.465    -10.221     -3.695
  77   -2     -2.667     -9.800     -6.734
  98   70      1.672     -9.691      6.358
  -1   73      5.701    -10.103     10.139
 147  138     16.591     -4.672    -10.205
  -1   82      2.132    -11.033     -6.186
  -1   93      7.666    -10.119     -9.602
  -1   86     -1.423    -10.594     -1.594
  40   31      5.605     -3.828      0.766
  -1  143      7.059     -8.127      8.823
  -1  183     19.756     -9.273     -7.913
 173   -2      5.529     -9.844      9.272
  50   -2     14.996     -8.676     -7.453
  -1  134      7.425     -8.177     -2.484
 175  164      4.180     -9.830     -0.514
  -1   59      8.938     -8.536      7.801
 130   16      5.622     -9.329      7.143
  94   -2      1.429    -10.508      5.513
  -1  123     17.269     -7.454      4.609
  -1   -2     -0.339    -10.801      2.917
 122   71      4.725    -10.221      3.201
  -1   83      2.605     -9.755      6.712
  37   -2     10.185     -8.181     -2.749
  -1   -2     -8.399     -8.016      4.304
  -1   -2      6.617     -8.866      2.484
 109   39      2.954    -10.481     -7.608
 107  111     16.282     -2.824     -9.350
  88  110      4.653     -8.631      9.744
  92   -2     15.995     -2.416     -8.568
  -1   -2     -8.418    -10.882     -7.983
 171   85     17.148     -7.563     -8.950
  -1   -2     -3.901    -10.558     -5.973
  -1   -2     14.678     -5.774      8.849
  -1  100     -1.765    -11.121      1.432
 170  150     13.505      1.339     -2.207
  -1  151      1.912     -9.631      8.676
  -1  175     18.584     -5.057      1.951
  -1   -2      4.246    -10.380      8.780
  34   -2      3.153    -10.574     -5.321
  90   58     16.132     -8.417      9.218
  -1  205     10.263     -6.608      6.127
  97  107     10.103     -9.417     -5.266
  -1  103     -2.596     -9.919      4.669
  -1   43      1.690     -8.070     -3.549
 180  121      9.105     -4.498      8.246
  -1  173     19.476     -8.513     -2.149
 172   62     -5.145    -10.726     -7.052
  67   68     12.323     -3.272     -2.618
  89   54     15.287     -8.796      1.203
  -1  141      1.147    -10.023      1.220
 142  106     17.777     -8.048      1.553
 190   -2     13.388     -9.841     -5.707
 236   63      8.853     -9.426     -4.420
  -1   -2     11.133     -8.367     -6.408
 144  149     12.613     -5.673      5.175
  74   -2     18.112     -3.553      4.361
  -1   -2      3.893    -10.706      2.352
 120  174     18.725     -7.583     -0.715
 157   -2     17.651     -7.363      2.055
  -1   -2     19.279     -5.465     -2.015
  -1   -2      3.815    -10.121     -4.650
  81   -2      8.070     -8.655      5.987
 219   64     -7.548     -5.128     -9.056
 178   84      5.150     -1.275      7.393
 110   -2     19.314     -6.059     -2.283
 119   81     -8.402    -10.303     -3.617
  -1   -2     -0.143     -8.141      9.149
  85   42      3.799     -3.644     -9.075
  87   99      3.431    -10.308     -1.647
 207   -2     -7.596     -5.511     -8.632
 220   -2    -10.354    -10.721     -6.024
 192   77     -7.936     -6.578     -4.475
  56  131     -1.866    -10.542     -9.285
  -1  168      1.178     -6.513     -0.656
 164   -2      4.985     -1.951      6.927
 193  144    -11.366    -10.502     -0.318
  -1  102     17.612     -6.265      2.989
  78  135      0.447     -5.260     10.065
  -1  155     -1.549     -7.321      7.246
  52   -2      2.854     -0.615      9.256
  35   -2      2.332    -10.642      5.569
  -1   -2     -6.278     -4.116     -4.233
  -1   -2     17.027     -1.608     -8.851
 191   -2      2.540     -4.990     -4.104
  55  116      6.246     -7.133     -4.746
 137   11     -4.694     -9.443     -4.073
  -1  225      7.153     -1.877    -10.033
  -1   -2      8.470     -2.191      6.174
  91   22      6.667     -9.567     -2.300
 145   -2     -4.601     -9.408     -1.171
 186  206     11.957     -0.076      1.853
 139  196      5.863     -5.603     -9.408
 108   -2      1.015     -9.912      8.928
  -1   -2      0.867     -9.368     -5.400
 113   -2     18.836     -9.062      0.737
  -1   51     18.320     -7.456      2.652
  -1   -2     -1.132     -6.242      6.253
  -1   -2     12.887     -6.485      7.381
 184   98     -6.037    -10.595     -5.189
  -1   -2     -1.484      3.441      5.847
  84  172      5.883     -1.720     -9.962
  54   -2      6.482     -9.964     -9.783
  -1   -2     10.790     -2.106     -4.768
  -1   -2      0.608     -2.787      4.800
  -1   80     -7.022     -2.241      0.587
  -1  105     14.130      0.396     -0.115
 229   -2      5.640      2.958      8.036
  -1   95      4.134     -8.597      5.763
  -1   -2     -7.694    -12.382     -9.231
  -1   -2      0.356     -2.286     -0.912
  66   -2     19.789     -5.116      3.372
 223  166      9.322      0.160     10.080
  -1  137     13.084     -1.129     -7.751
 201  177     18.380      1.524      3.362
  -1   -2      3.362      1.434     11.746
  -1  181    -12.869    -10.130     -6.547
  -1  162    -12.227     -5.311     -4.034
  -1   75     18.029     -5.036     -5.165
  -1  204     21.746     -0.440      3.645
 205   -2     20.146     -4.317     -4.398
  -1  216      7.743      4.921      8.834
  -1   -2     22.575      1.182      8.477
  -1   90    -10.973     -8.716      1.391
  -1   -2     15.665      1.229     -0.386
 213   -2     -4.936     -1.962     -9.306
  -1  115     -4.201     -8.079    -11.567
  -1   23     13.515     -8.944     -4.581
 227   -2     -8.086      0.934     -6.630
  -1  202      5.785      3.594      6.772
  -1   -2      6.016      5.114      3.886
  -1  194     -4.701      1.104     -7.605
 196  214      2.742      1.542     -3.488
 230   -2      9.641      2.618      7.451
  -1  133     -8.737     -9.458     -8.078
  -1  171    -11.434     -3.156     -5.559
  -1   -2     -7.175    -12.054    -10.211
 218   -2     -9.610     -5.273     -9.362
  -1  120     12.562    -10.706     -4.281
 215  165     -5.163      0.143    -10.159
  -1   -2      0.411     -4.038      5.061
 228   -2      1.090     -3.367     -8.027
 197  170    -13.043     -3.867     -1.397
  -1   -2     -8.433     -3.656      3.588
  -1   -2      1.977      0.679     -0.818
  -1  184     11.274      0.417     -6.016
  -1   -2     -0.706     -1.835     -2.315
 226   -2     16.459     -1.397     -0.668
 166   -2      3.644      4.429      3.690
  -1   -2    -12.352     -8.045      8.017
  -1   -2     -4.388     -1.024     -8.296
   3   -2     10.551     -9.121     -0.611
 232    2      5.069     -5.792      0.763
 140  226      6.352     -9.039     -4.717
  14   15     10.556     -7.069      4.685
  -1   -2      3.462     -9.799     -6.016
  -1  228     10.270     -6.978      0.970
  -1   -2      2.780     -2.033      7.910
   0  218      6.589     -8.133      3.545
  22  224     10.218     -6.991      0.931
