99
   0    0      3.235      1.215      8.217
   1    1     -6.616     -4.774      4.238
  79   -2     -2.299     -7.879      9.187
   4   10     -6.482     -7.666      7.553
   5    5      8.985     -5.428      6.155
  -1   -2     14.388     -6.900     -5.851
   3   -2     15.213     -9.280      3.396
  -1   95     16.604     -8.784     -1.289
   9   -2     15.590     -8.247      6.808
  90   -2      9.660     -2.655      7.199
  10   11     -2.744     -7.337     -2.561
  83   -2     -5.611     -6.512    -10.174
  13   14      2.302     -7.581     10.108
  38   68      5.507     -7.615      9.503
  57   46     15.672     -1.077      1.735
  67   53     16.622     -2.966     -9.463
  17   -2     20.425     -4.369     -3.410
  93   16     17.712     -9.190     -3.491
  21    3      3.108    -10.126     -4.358
  23   22     16.588      2.689     -9.899
 109   79     -3.370    -10.616     -8.626
  22    6     19.308     -5.989     -6.981
  -1   19     13.964     -4.008     -3.561
 106   28      5.098     -2.604      5.006
 113   -2     15.131    -10.062    -11.097
  25   -2     16.524     -2.410     -9.870
  69    4     -3.113     -0.903     -4.208
  16   27     15.573    -10.331     -3.958
  44   48     20.016     -6.353     -3.985
  51   59      5.229     -8.425      3.641
  59   75     11.012     -2.473      5.825
  -1   -2     18.914     -7.834     -0.874
  -1   73     -6.182     -7.056    -10.694
  -1   57      6.811    -10.724      2.431
  18   30     18.109     -8.163      2.495
  27   -2      5.862     -6.742      7.532
  62   -2     17.151     -8.780      3.650
  -1   49      7.839     -1.477     -0.975
  42   91     13.010     -6.850      1.484
  75   58     -3.481      2.467     -0.752
  -1   29     20.758     -4.801     -4.716
  99   -2     10.551     -8.160     -1.742
  58   -2     11.716     -8.814      1.910
   7   -2      0.737      1.271     11.532
  14   -2     18.226     -3.531     -4.918
  48   47     -0.985     -8.583    -10.663
  -1   -2     18.723     -7.391     -1.307
  -1   -2     -7.839    -10.187     -4.709
  -1   26      3.233     -5.779     -7.093
  15    9     16.352     -7.734      4.239
  41   51      2.412     -1.992      4.882
  -1   -2     14.296     -4.772      5.531
  55   12     -5.602     -1.945     -9.997
  56   55    -11.978     -9.569     -6.483
  -1   32     10.518      1.342      1.621
  -1   -2      9.363     -5.896     -5.030
  37   77     18.534     -0.367     -9.787
  -1   -2     17.230     -9.266      1.126
  -1   -2     10.843     -6.470      8.034
  -1   72     18.252      3.078     -3.925
  68   83     -6.892     -9.739     -0.120
  78   50     -7.479     -1.514    -10.058
  87   66     13.809     -0.639     -1.137
  -1   64      8.325     -6.522     -3.786
  54   34     11.287     -0.276      3.220
  72   -2      2.420     -2.612      3.601
  -1   52     -7.682    -11.105      4.070
  -1   37     -6.295    -10.535     -2.970
  61   81     16.943     -2.078     -8.852
  -1   -2      9.827     -3.592      6.727
  73   -2     -7.889    -11.820     -3.645
  -1   -2     12.539     -4.817    -11.663
  -1   -2     15.161      3.690    -10.055
  35   24     15.828     -5.882     -8.196
  28   82     14.609     -3.310     -6.552
  46   -2      0.832     -7.170     -4.689
  20   33     -4.128     -8.617     -0.686
  -1   -2      9.316    -10.369      8.901
  -1   17     12.808     -9.188     10.586
  91    2     -2.319     -7.919      9.189
  -1   99     14.374     -6.894     -5.816
  -1   -2     16.517     -8.751     -1.090
  84   -2      7.839     -1.477     -0.975
  -1   -2     13.010     -6.850      1.484
  -1   -2      8.325     -6.522     -3.786
   2   93     -2.319     -7.919      9.189
  88   20     13.010     -6.850      1.484
  -1   -2      8.325     -6.522     -3.786
  -1   -2     14.374     -6.894     -5.816
  -1   -2      8.325     -6.522     -3.786
  -1   -2     14.374     -6.894     -5.816
  -1   -2      8.325     -6.522     -3.786
  -1   -2     14.374     -6.894     -5.816
  -1   -2      8.325     -6.522     -3.786
  -1   -2      8.325     -6.522     -3.786
  -1   -2     14.374     -6.894     -5.816
  -1   -2      8.325     -6.522     -3.786
  -1   -2     14.374     -6.894     -5.816
  92   -2     14.374     -6.894     -5.816
