90
   0    0      1.260     -8.762      4.577
  28    1      2.158    -10.270     -1.542
  50    5     10.462     -7.066     -1.676
   2    3      3.860     -1.381     -5.183
  37   12     -2.354    -10.795     -9.178
   3    6      1.257     -4.965      1.925
   1   18     -0.329    -10.903     -4.861
  30    4     -1.348     -1.085      0.388
  88   33     -5.588     -8.453    -10.158
  -1   -2      8.104     -8.931      1.065
   5   -2      6.463     -7.873     -0.910
  14   -2      3.556    -10.193     10.145
  23   20     15.635     -9.026     -5.729
  11   -2      8.794    -10.111    -10.219
  78   -2     18.347     -5.479     -8.401
  72   -2     10.115     -2.676      6.063
  66   -2      0.422     -9.406      4.701
  -1   -2     17.327     -7.606     -4.453
  33    7      1.884    -10.546      6.758
   4   66     10.235     -7.711      8.469
  -1   -2     15.815     -8.940     -4.146
  13   -2     12.091     -8.561      2.685
   8   13      4.416     -9.605      9.877
  -1   11     11.133    -10.097      3.444
  17   23      3.301     -6.097     10.485
  39   -2      4.812    -10.380      7.817
  62   -2     14.754     -6.856     -5.724
  -1   -2      4.280    -10.983      1.630
  55   46     18.225     -7.554      4.361
  31   -2      2.420     -9.982      1.655
  -1   -2     11.408     -9.685     -0.019
  54   -2      5.854     -8.700      7.449
  -1   28      6.053     -8.590      2.282
  -1   -2      3.402    -10.864      0.654
  47   38      4.701     -6.146      9.621
  12   -2      4.532    -10.522      2.409
  16   -2    -11.820    -10.524      0.662
  21   -2     -5.489    -10.806     -1.767
  41   -2     17.727     -8.498     -9.391
  -1   26      4.411     -9.636     -3.000
  20   -2     19.534     -7.514     -2.708
  49   57      7.210    -10.137      7.340
  -1    2      6.974     -7.859      5.476
  84   36      8.714     -9.619     -8.312
  29   30      4.801     -6.726      4.356
  86   42     10.617     -4.124      4.918
  19   -2      9.837     -6.657      6.344
  36   40     -3.637      4.314      3.271
  -1   17      9.167     -0.418      8.514
  79   -2     10.261     -3.348      5.654
   9   -2      3.577    -11.252     -1.218
  -1   -2     14.756     -9.757     -6.856
  35   21      3.923     -9.772      7.744
  -1   14      4.074     -4.996     10.071
  53   43     20.050     -4.432     -5.364
  -1   59    -10.780    -11.203     -1.429
  -1   45     16.886     -8.714    -10.352
  -1   31    -10.046    -10.464      3.897
  51   -2     13.577    -10.042     -0.857
  -1   -2      9.503     -5.209      4.964
  -1   39     22.580     -6.079     11.043
  -1   -2      3.157     -7.806      4.733
  -1   25     17.188     -1.489     -1.506
  63   52     19.889     -6.145     -4.578
  -1   -2     -5.752     -4.373     -9.181
  71   71     -8.043     -6.862     -1.544
  -1   -2     20.579     -4.853     -5.342
  -1   44      5.992    -10.326      8.970
  -1   -2     -5.062      2.096     -2.575
  10   32     11.288     -9.973      9.074
  -1   69     16.610     -8.119    -12.286
  -1   35     14.894     -9.810      1.981
  26   65     12.281     -2.898      9.580
  -1   58      0.927     -5.367    -10.832
  56    8     19.537     -6.576     -5.136
  -1   -2     23.034     -0.439      6.827
  43   -2     15.950     -9.679      4.070
  65   -2     -4.611     -7.579     -8.258
  -1   53    -11.082    -10.130     -9.950
  -1   -2     -6.282    -10.972     -2.427
  48   29     11.347     -9.052    -11.402
  -1   49      2.665     -3.263    -10.292
  -1   -2     18.307     -7.580      2.706
  18   10      3.616     -8.449     -5.324
  -1   63      5.277     -5.609      7.713
  -1   55      9.247      4.584      7.453
  -1   -2    -11.482     -9.193      6.604
  -1   -2      0.806     -7.557      9.520
  25   -2     15.789     -7.661     -6.405
  -1   24      1.353    -10.257      7.755
