118
  12    0     14.130      3.225      4.904
   0    2      4.263     -8.299      8.701
  -1  119     16.604     -8.781     -1.296
   3   -2     15.592     -8.248      6.800
   5    5     -2.745     -7.338     -2.557
  -1   45     10.318     -8.217     -2.497
  11    8     -0.625     -9.329     -1.348
  60   11     -5.632     -6.506    -10.206
  -1   10     -0.818     -8.168      0.005
  13   14      2.298     -7.582     10.109
  66   22     16.660      2.668    -10.139
  76   -2     16.771      3.717    -10.354
  -1   96      5.896     -8.652      5.132
  29   -2     -7.919     -7.046      1.624
  15   87     16.593     -2.948     -9.225
  -1   35     19.789     -4.284     -5.970
  85   13      4.757     -9.225      6.014
  70   32      9.534     -8.160     10.173
  23    1      1.576      2.876      4.449
 116   29      8.264    -10.526      6.348
  -1   36     13.931     -4.002     -3.474
   9   -2     17.852     -7.513      4.761
  72   68      8.830     -1.757     -3.982
  96   57     14.346     -1.279     -4.404
  -1   -2      8.848     -7.894     10.101
  19   20     17.710     -9.186     -3.493
  69   55      2.380     -2.036      4.592
  68   75     16.521     -2.408     -9.862
  36   -2     15.569    -10.331     -3.940
  50   -2      5.099     -2.606      4.994
  31   30     20.022     -6.356     -3.987
  -1   28     -6.083     -7.904     -2.953
  53   -2     -1.223     -2.669      5.249
  38   39      8.613     -1.398     10.467
  -1   -2     -3.627    -10.596     -0.781
  28   -2     19.704    -10.388     -4.812
  -1   38     19.389     -0.855     -6.091
  63   -2     13.778     -0.606     -1.139
  37   -2     19.758     -5.762     -4.533
  -1   81     15.175     -3.439     -4.730
  25   -2     -2.102     -9.726     -7.898
  45   65    -10.065    -10.375     -5.943
  42   15     -3.442    -10.794     -8.187
  -1    6     20.814     -9.173      4.027
  -1   -2     20.760     -4.806     -4.726
  -1   -2    -10.099     -3.306      4.174
  86   31      4.695     -4.799      7.340
  49   93    -11.900     -7.090      3.406
  61   47     21.301     -5.825      5.998
  -1   56     -0.264      1.525     -9.057
  20    4     16.617     -7.842      5.885
  47   -2      8.693     -6.438     -2.592
  -1   49     14.939     -8.745      9.380
  -1   94     -1.476     -6.130     -7.856
  -1   17     19.508     -1.868     -2.433
  -1   -2     -4.492     -9.790      6.780
  51   16    -12.890     -8.993      6.002
  -1   -2      7.057    -10.270     -4.743
  74   -2     11.491     -5.518     -4.108
  44   -2     10.518      1.344      1.620
 101  103      4.574     -6.684      7.281
  -1   27      5.479     -0.467      7.490
  -1   -2      9.461     -6.545     11.409
  55   -2      0.943     -4.501      0.192
  65   -2    -12.234     -7.785     11.327
  -1   -2      4.317      5.802      9.065
  -1   42     15.315      2.821    -11.973
  -1   -2      3.319    -10.160      2.718
  -1   -2      3.623     -8.988      5.607
  -1   43     11.289     -0.277      3.221
  -1   -2     -4.654      2.225     -3.882
  56   72     -9.275     -3.877     -1.591
  40    7      9.827     -3.592      6.729
  54   66     10.162     -6.621      5.873
  -1   86     12.536     -4.816    -11.652
  87   84    -10.465     -3.332     -8.800
  39   -2     16.933     -2.079     -8.895
  90   80     -8.114      5.231     -2.835
  -1   51     11.183     -3.774      9.210
  10   -2     -6.721     -9.924    -10.435
  27   12     14.056     -6.509      9.609
  -1   25    -11.474     -8.193     -6.921
  -1   54     14.808      5.017     -7.184
  -1   74    -14.245     -9.077     -2.635
  67   78    -10.210     -9.528     -2.269
  17   -2     -0.604     -9.356     -2.485
  18   -2      6.927     -9.469     10.284
  -1   21      8.383     -4.646      8.580
  -1   64     -3.873     -1.643     -0.139
  -1   88     20.454     -7.291     -0.934
  94   40     -0.393     -5.647      5.932
  -1   -2      9.672    -10.772      5.950
  -1   26     -3.801     -9.462     -3.582
  -1   -2     16.521     -8.752     -1.105
  58   95      6.264     -0.299      9.843
  -1   -2      4.574     -6.684      7.281
  -1  102      9.430      0.195     -2.878
  -1   -2     16.521     -8.752     -1.105
  -1   -2      4.574     -6.684      7.281
  -1   -2     16.521     -8.752     -1.105
  98   -2      4.574     -6.684      7.281
  -1   -2     16.521     -8.752     -1.105
  -1   -2     16.521     -8.752     -1.105
  -1   -2     16.521     -8.752     -1.105
  -1   -2     16.521     -8.752     -1.105
  -1   -2     16.521     -8.752     -1.105
  -1   -2     16.521     -8.752     -1.105
  -1   -2     16.521     -8.752     -1.105
  -1   -2      3.924     -8.251      9.976
  -1   -2     16.521     -8.752     -1.105
  -1   -2      3.924     -8.251      9.976
  -1   -2      3.924     -8.251      9.976
  -1   -2     16.521     -8.752     -1.105
  -1   -2      3.924     -8.251      9.976
  -1   -2     16.521     -8.752     -1.105
  -1   -2     16.521     -8.752     -1.105
 109    9      3.924     -8.251      9.976
 117   -2     16.521     -8.752     -1.105
