106
   0    0     -4.260     -6.981     -2.038
   2    1      8.827     -2.967      5.824
   3    2     -6.714     -6.688     -0.547
  28   -2     14.939     -3.371     -4.988
  -1   -2     14.386     -6.901     -5.845
  -1  109     16.600     -8.780     -1.280
   8    8      0.574     -8.259      5.011
  50   43     15.590     -8.246      6.806
  -1   -2     -2.791     -7.341     -2.475
  24   45     -4.068     -9.269      4.933
  57   27     -3.018     -4.036      9.342
  56   -2     -5.624     -6.510    -10.178
   7   59     -0.816     -8.171      0.007
  10   11     15.674     -1.076      1.742
  11   10      5.102     -7.822      8.198
  21   61     -1.754     -9.432      1.075
  20   -2     17.708     -9.188     -3.481
  -1   24     20.426     -4.370     -3.417
  16   -2     16.583      2.689     -9.892
  -1   13     16.449     -4.609     -9.840
  17   21     19.309     -5.989     -6.982
  18   20     15.565    -10.330     -3.924
  42   -2      5.100     -2.605      5.000
  53   -2     -4.670     -8.597     -1.746
  -1   -2     16.645    -10.178    -10.439
  -1   -2     16.608     -2.403     -9.835
  -1   19     16.994      3.795    -10.900
  22   52     10.794     -0.407      4.480
  12   -2     20.024     -6.354     -3.992
  -1    6     -0.852     -8.749      4.068
  70   -2      8.054     -6.633     -4.538
  -1   -2     -6.094     -7.903     -2.929
  35   73     -9.664      0.362     -1.510
  -1   -2     11.807     -9.078      8.001
  39   33     11.947     -9.141     -3.288
  -1   -2     19.481     -7.928     -0.247
  66   30      3.803     -5.649     -5.365
  -1   34     16.963     -7.778      6.419
  -1   -2      7.847     -1.478     -0.994
  -1   17     14.798    -10.215    -10.118
  -1   -2     13.009     -6.850      1.484
  -1   -2     10.556     -8.160     -1.737
  -1   -2     20.757     -4.801     -4.719
  -1   83      4.694     -4.800      7.344
  -1   -2     14.937     -8.748      9.387
  48   -2    -15.221     -9.242      3.009
  46   -2     -0.986     -8.583    -10.669
  49   47     18.723     -7.391     -1.309
 113   62     11.494     -5.517     -4.112
  -1   -2     -5.190    -10.746     -2.349
  45   22      2.409     -1.992      4.882
  51   49     -5.601     -1.944     -9.995
  78    5     12.554     -9.220      9.749
  62   23     10.517      1.343      1.622
  54   -2     16.507     -2.974     -9.141
  -1   97      9.269     -8.568      2.507
  -1   29     10.794     -2.421      4.386
  23    7     -3.234     -9.001     -8.314
  98   65     -2.176     -0.798     -2.436
  -1   26     -7.569    -10.579     -6.313
  59   55     -7.222     -1.921      2.117
  -1   57     17.236     -9.266      1.109
  58   -2      5.490     -8.519      5.780
  47   -2     -9.023     -9.698      0.651
  60   60     10.840     -6.470      8.042
  -1   -2     18.532     -0.369     -9.788
  14   63     13.808     -0.639     -1.135
  71   -2     -7.901     -7.199     -3.538
  -1   -2     -4.651      2.228     -3.881
  67   70     16.945     -2.076     -8.836
  74   76    -10.468     -3.340     -8.806
  -1   28      3.880    -10.093      7.363
  69   71     12.529     -4.814    -11.628
  -1   -2     10.160     -3.562      5.959
  -1   68      0.502    -10.988     -0.901
  -1   12     -4.092    -10.738      9.899
  -1   -2     23.550     -7.834     11.704
  63   74    -10.186    -10.987     -1.982
  -1   16     14.386     -6.901     -5.845
  -1   15     16.515     -8.750     -1.085
  77   58     10.556     -8.160     -1.737
  -1   -2      7.847     -1.478     -0.994
 104  102     14.937     -8.748      9.387
  -1   -2     -5.190    -10.746     -2.349
  -1   -2     14.386     -6.901     -5.845
  -1   -2     16.515     -8.750     -1.085
  94   96      7.847     -1.478     -0.994
  -1   -2     14.937     -8.748      9.387
  37   91     13.009     -6.850      1.484
  -1   -2     -5.190    -10.746     -2.349
  -1   -2     14.386     -6.901     -5.845
  -1   -2     16.515     -8.750     -1.085
  -1  105      8.553     -2.959      6.793
  96   -2     10.556     -8.160     -1.737
  -1   -2     14.386     -6.901     -5.845
  -1   -2     16.515     -8.750     -1.085
 107   -2      8.553     -2.959      6.793
  -1   -2     14.386     -6.901     -5.845
  -1   -2     16.515     -8.750     -1.085
  -1   -2     14.386     -6.901     -5.845
 111   -2     16.515     -8.750     -1.085
  -1   -2     14.386     -6.901     -5.845
  -1   -2     14.386     -6.901     -5.845
  -1   -2     14.386     -6.901     -5.845
  -1   -2     14.386     -6.901     -5.845
  79  110     14.386     -6.901     -5.845
