240
  -1    1      3.831     -8.343      1.610
   0  226      0.425     -5.456      2.885
   2    3      1.945     -7.345      3.011
  -1   -2      7.053     -2.667     -1.718
   4    4      0.209     -8.314      0.601
 116    7      5.742     -8.602     -5.329
   5    6     -4.448     -4.300      7.257
   8    8      1.132      2.322      7.517
   6  240      0.448     -6.363      6.034
  -1   69     -6.180     -8.808      8.113
 127  119      6.318     -8.546     -1.021
  12   -2     -3.053     -4.013     -0.034
  28   13      7.778     -7.463     -2.350
  14   18     -3.577     -8.894     -7.907
  74   -2     -2.305     -9.538      1.125
  -1   14      7.511     -8.959     -0.538
  23   19      1.510      1.781      7.438
  17   15     -2.581     -8.801      5.325
  -1   -2     11.072     -0.521      5.933
  -1   45     -2.291    -10.444     -0.431
  18   -2     -7.417     -7.470      7.171
  25   25      6.245     -8.067      5.630
  -1   -2      2.743     -3.356      2.263
  94   51     -1.167     -8.645      4.629
 193   -2      6.246     -6.852     -1.040
  21   -2     11.588     -8.492      5.606
 161   26    -10.436     -8.100     -6.922
  -1   23      7.757     -6.330     -3.889
 224   20      6.038     -7.681      0.907
  27   29     -9.645     -1.812     -1.616
  75   -2      9.637     -8.140      9.705
  34   86     -7.756     -8.473      6.525
 117   -2      0.831    -10.312     -7.369
 123   -2      6.928     -7.623      6.847
  86   30     14.881     -2.532     -0.067
  38   36     -1.769     -8.547     -7.312
  31   -2      2.060     -9.296     -8.492
 113   38      4.673     -6.280      4.249
  -1   -2      6.113     -6.579      3.951
 219   -2      2.346     -8.009      4.229
  90   41      9.079     -9.182     -4.315
  -1   54      2.265     -9.152    -10.288
   9   21     -6.438     -8.221      7.879
  37  116      3.963     -7.734      1.236
  96   -2     -1.804     -9.931     -2.284
  47   33      4.717     -3.694     -7.119
 105   40     11.436     -8.723      8.949
  50   46     -4.430     -9.547     -1.348
  -1   47      3.089     -9.515     -9.667
  30  123     -5.863     -9.942     -1.100
 100  125     11.266    -10.058     -4.413
  -1   -2     -5.062    -10.238      1.254
  -1   49      2.847     -7.468     -3.777
  76   84      6.467     -9.409     -6.695
 142   87      7.827     -9.982     -2.435
 210   -2     -8.350     -2.354     -4.512
 160   74     -0.560     -3.981     -1.512
 154   -2     -6.544     -9.927     -6.869
  -1   -2      2.729     -6.641      3.714
 167  126     -8.328     -8.919     -0.649
  59    2      3.445     -9.491      7.088
  -1   -2      8.323    -10.419     -2.348
  -1   -2     14.808     -9.796      1.789
  -1   -2      0.358    -10.175      0.459
  -1   79     16.563     -9.953     -8.897
  -1  147     -2.527     -9.356      5.419
  40   35      7.950     -5.788      5.411
  -1   17     -0.488     -9.450      8.127
  73  158      7.405      4.243      8.634
  -1   99     -2.230     -9.879      9.829
  87   -2     18.365     -9.133     -1.311
 165   -2     19.007     -2.617      0.109
  -1   -2     17.569    -10.687     -9.788
 121   -2      4.553    -10.564     -9.279
 124   80     19.088     -6.214     -9.723
 163  132     -7.309    -10.906     -7.638
  -1   -2     -3.871     -9.820      8.296
  -1   91      2.115     -7.631      6.681
 197   -2     16.803     -1.605    -10.573
  83   -2      8.469     -9.824     -9.972
 175   63     18.637     -9.145     -5.435
  -1   31      7.741     -5.774      9.486
 139   -2     -1.883     -8.380      7.561
  82   -2     -2.346     -9.928      5.795
 108   71     12.598     -1.654     -0.051
  -1   42     -0.771    -10.582     -7.073
 149   -2     -3.666     -8.016      5.938
 135   64      1.017    -10.163      6.263
 129   -2     -2.402     -7.633      3.123
 173  109     19.105     -8.605     -0.390
  91   56     -6.342    -10.769      0.668
  -1   -2      0.031     -9.752     -6.290
  35   94     -0.421      2.515      6.845
  -1  165    -13.376    -10.361     -3.977
  43   -2     -8.915     -8.959      3.609
  -1  121     15.113     -3.504      9.039
  79   75      8.583    -10.994     -4.845
  -1   37      3.407     -8.972      5.173
 101   -2     17.858     -7.509      4.785
  10   59      1.621    -10.182     -6.693
  78   -2     15.290     -9.226     -6.256
 194   93     19.715     -7.559     -3.739
  -1   88     12.683    -11.016     -9.130
  -1  107     -4.011     -8.826    -10.567
 104   -2      1.654     -8.362      4.195
 202   -2     13.739     -3.245     -2.962
 151  113     18.646     -9.864      0.013
 156  106      2.852     -8.684      9.532
  19   50      9.718     -9.099      3.628
 125  129     -2.697    -10.590      1.772
 134  114     16.586      2.688     -9.896
  -1   -2      2.891     -9.135     -1.487
 143  180     17.471     -4.656     -7.413
  -1   -2      1.471     -9.964      9.536
  -1  104      0.367     -8.656      9.380
  54   78     -5.516     -9.859      0.163
 152  101     15.772    -10.481     -7.844
  56  149     -8.999     -9.496     -6.674
  -1  167     12.986     -7.052      0.170
  -1   48      9.420     -9.451      3.352
  -1   -2      1.370    -10.555      5.385
 147   -2      9.835     -3.337      6.747
 172  102      8.538     -1.852      9.544
  49   61      5.774     -7.376      9.698
  -1   70     18.844     -4.948      0.100
  48   -2      6.767     -7.896      7.628
 158   -2      2.144     -7.895     -0.719
  -1  148      3.863     -9.605     -1.709
  -1  157     -4.047     -9.699     -6.811
  80  134      9.100     -0.465      8.476
 150   -2      2.999     -9.565      2.587
  -1   -2     -3.989     -3.390     -4.590
  -1   -2     -1.105     -4.229     -3.048
 187  111     -5.755     -6.912    -10.140
  36   -2     -7.011     -9.481     -6.082
 166  181      8.272     -2.770      9.546
  -1   -2      7.783    -10.753     -7.696
  64   52     -2.296     -5.965      3.932
 199  142     -8.709     -4.904     -4.324
  -1   -2     -9.745     -9.936      3.155
  92   11     -0.753     -8.468      1.702
 112  156      2.163     -9.380     -4.205
  13  164     -4.181     -7.957     -3.890
 107  199     19.384     -0.844     -6.097
  58  136     -9.558     -8.431     -2.583
  -1  160     -6.269     -5.323     -3.766
 144   -2     19.672     -4.290     -5.807
  11   -2      8.650     -7.732      9.460
 162  197      3.944     -0.239      9.319
  15   -2      1.373    -10.066     -8.173
  67  105      7.028    -10.534     -3.077
 138   -2      5.783     -5.286     -9.666
 181  188    -12.251     -7.023     -3.136
  -1   -2     -8.558     -6.680    -11.908
 177  112     17.629     -7.026     -2.665
  -1   -2      5.426     -1.541     -0.731
 208  110     11.687     -5.337      2.493
  -1  193    -12.375     -3.918     -8.803
 148   62     15.325     -8.289      6.738
  -1   -2     -8.923    -12.491     -9.066
 179   73      7.144      0.561     10.176
  -1  120     12.695     -9.254     -2.146
 115  174     10.361      5.343      4.080
  -1  124     -6.472      0.785      1.300
  85   -2     12.863     -6.997     10.332
  -1  163      3.498      4.752     -8.719
 174  173     13.924      0.724     -3.362
  70  115     15.057     -3.288      3.378
 190  215      4.764      3.157      3.955
 185   89     -3.911     -2.408     -5.813
  -1   -2      3.994      1.156      9.419
  -1  128    -14.451    -10.406      8.355
  -1   58     20.629    -10.492     -2.651
 170  146     21.096     -6.357      6.824
  -1   -2     19.856      0.868     -6.024
 188  186      0.378     -1.325    -10.922
  -1   77     21.443     -7.460    -10.460
 184   -2     12.027     -2.470      8.478
 182  171      7.283      4.964     10.017
  -1  130      3.470     -2.484     -4.129
  -1   -2     23.476     -7.866      9.558
 180  194     -8.234     -3.304     -9.484
 225  175     17.134     -7.602      4.182
  -1   -2     17.932    -10.156     -9.128
 195  187     -1.414     -3.928     -6.996
  -1  189     -0.775     -2.185     -3.591
  72  224     13.011     -2.100     -1.269
  -1  141      3.509     -1.622     10.182
  -1   96     15.176     -3.487     -4.493
  -1   -2     -0.820     -1.116     -9.132
 203  127      0.776     -3.535     -7.713
  -1  192     15.246    -10.025    -10.040
  -1   -2    -14.501     -6.999    -10.859
  -1   -2     10.243     -3.639      6.229
  -1    5      7.090     -2.662     -1.818
   1   -2      3.867     -8.324      1.670
  -1   -2      1.914     -7.360      3.100
  -1   -2     -6.218     -8.832      8.156
 229  241     -3.017     -3.995     -0.165
  -1   16     11.071     -0.513      5.898
  -1   -2      2.770     -3.349      2.222
  -1  218      1.558      1.796      7.205
  -1   -2      2.281     -7.986      4.471
  -1  234      4.695     -6.266      4.168
 239  245      4.772     -3.673     -7.185
  -1   -2      6.103     -6.584      3.947
  -1   -2      6.128     -6.583      3.974
 191   -2     -6.472      0.785      1.300
  -1   -2      0.377     -6.342      6.286
 216   -2     -3.017     -3.995     -0.165
  -1  249      2.729     -3.340      2.337
  20  217     11.078     -0.523      5.991
  -1   -2      2.281     -7.986      4.471
  -1   -2      2.281     -7.986      4.471
  -1   32      2.112     -9.289     -8.566
  -1   -2      4.772     -3.673     -7.185
  -1  237      6.079     -6.571      3.932
 222   43      6.121     -6.587      4.008
  -1   -2      7.139     -2.651     -1.951
  -1   -2      7.139     -2.651     -1.951
 228   -2      0.377     -6.342      6.286
  -1   -2     11.475     -8.513      5.051
  -1   -2     11.475     -8.513      5.051
 236   22      2.770     -3.349      2.222
  -1   -2      2.281     -7.986      4.471
  -1   -2      2.281     -7.986      4.471
  -1   -2      2.281     -7.986      4.471
  -1   -2      2.281     -7.986      4.471
  -1   -2      4.772     -3.673     -7.185
 213   -2      0.369     -5.463      2.951
 233  246      7.139     -2.651     -1.951
  -1   -2     11.475     -8.513      5.051
  -1   -2     11.475     -8.513      5.051
  -1   -2      2.281     -7.986      4.471
  -1   -2      2.281     -7.986      4.471
  -1   -2      2.281     -7.986      4.471
 238  252      2.281     -7.986      4.471
 221   -2      4.772     -3.673     -7.185
  -1   -2     11.475     -8.513      5.051
 241   27     11.475     -8.513      5.051
