115
  25   18     16.199      0.796    -10.486
   0    1     14.805      0.801      4.130
   1    2      1.502     -0.577      4.984
  -1  112     16.604     -8.781     -1.294
  68   -2     15.589     -8.248      6.804
  -1   -2     -2.747     -7.337     -2.559
  -1   65     -5.626     -6.508    -10.200
  10   -2     -0.815     -8.167      0.012
  11   -2      2.304     -7.581     10.117
   6   -2     10.945    -10.414     -0.210
  84    0     16.626     -2.968     -9.480
  39   -2     17.817    -11.103    -10.345
   4   -2      4.260     -9.114      7.663
  15    3     -8.930      2.765     -2.344
  13   12     20.424     -4.372     -3.426
  17   13     16.637    -10.177    -10.431
  -1   39     17.852     -7.512      4.762
  59   -2      9.968     -3.374      6.428
  79   -2     16.580      2.689     -9.879
  19    5     17.707     -9.186     -3.484
  29   26     19.246     -7.327     -1.133
  20   20     15.707     -1.133      1.880
  23   25     13.613     -6.014     10.587
  48   61      5.101     -2.608      4.997
  61   -2      0.666     -5.421      7.806
  -1   11     15.015     -3.617     -6.152
  -1   -2      2.368     -9.824      6.235
  26   72     20.018     -6.350     -3.986
  83   -2     -6.079     -7.902     -2.960
  28   57     11.019     -2.475      5.813
  -1   -2     19.249     -5.263     -2.349
  30   24     19.760     -5.762     -4.534
  31   29     19.387     -0.852     -6.090
  87   -2     -6.884     -7.127     -7.468
  -1   73     12.363     -8.960     -2.110
  34    7     -3.997     -5.296     -0.172
  -1   -2      7.842     -1.477     -0.983
  -1   -2     -1.031    -11.200     -9.300
  -1   -2     10.556     -8.163     -1.724
  -1   -2      4.695     -4.800      7.341
  -1   66      6.323     -3.153      9.795
  -1   -2     14.941     -8.745      9.379
  18    6     16.629     -7.840      5.863
  -1   23     18.830     -4.981     -0.281
  -1   -2     10.612     -5.934      3.656
  33   -2     14.282     -4.777      5.486
  45   -2     -0.991     -8.584    -10.680
  -1   47      2.412     -1.993      4.885
  -1   77     -5.600     -1.942     -9.994
  65   -2     -5.146     -9.740      5.144
  97   45    -11.680     -7.685     -4.327
  -1  101      4.565     -6.684      7.255
  95   32     -3.224     -9.000     -8.288
  12   70     -1.942     -5.840      8.191
  -1   -2      5.638     -8.512      6.195
  -1   27      3.362     -8.786      5.800
  -1   40      9.431      0.192     -2.873
  64   81      7.010    -10.252     -4.631
  -1   -2     -7.757    -10.567      2.126
  52   -2     16.474     -2.378     -9.822
   9   -2     17.239     -9.269      1.106
  27   -2     -9.740     -9.573     -1.125
  81   88    -12.264     -8.135     -8.647
  55    4     13.811     -0.638     -1.128
  -1   46    -12.044     -5.703     -3.163
  -1   -2      4.196    -11.314      8.756
  -1   16     16.677      3.692    -10.049
  63   -2     -6.695    -10.408     -9.647
  49   -2     13.317     -4.673     -6.041
  -1   -2      0.470     -9.147     -5.002
  32   28     10.160     -6.622      5.877
  71   69    -10.470     -3.336     -8.805
  77   68     12.520     -4.813    -11.596
  -1   -2     16.940     -2.078     -8.860
  -1   -2      4.998    -10.776      8.335
  21   -2     10.160     -3.562      5.961
  -1   -2     16.503      2.162      1.171
  69   22     -6.536     -6.557     -8.484
  96   -2      4.685     -5.627      6.268
  -1   83      9.198      1.618     -6.036
  41   -2      5.455     -3.965      7.989
  -1   -2      8.464     -1.659      8.863
  22   -2     18.108      1.830    -11.627
  -1    9     -4.087    -10.736      9.896
  -1   10      4.594     -7.611      9.718
  -1   -2      4.517     -1.910      0.624
  -1   15     16.523     -8.753     -1.107
  35   54      7.842     -1.477     -0.983
  92   90     10.556     -8.163     -1.724
  85   35      4.695     -4.800      7.341
  -1   -2      6.323     -3.153      9.795
  -1   91     14.941     -8.745      9.379
  73   -2    -12.044     -5.704     -3.163
  -1   -2     16.523     -8.753     -1.107
  -1   -2     14.941     -8.745      9.379
  -1   -2      4.565     -6.684      7.255
  -1   -2     16.523     -8.753     -1.107
  94   96      6.323     -3.153      9.795
  -1   -2      4.565     -6.684      7.255
  -1   -2     16.523     -8.753     -1.107
  -1   -2      4.565     -6.684      7.255
  -1   -2     16.523     -8.753     -1.107
 104   -2      4.565     -6.684      7.255
  -1   -2     16.523     -8.753     -1.107
  -1   -2     16.523     -8.753     -1.107
  -1   -2     16.523     -8.753     -1.107
  -1   -2     16.523     -8.753     -1.107
  -1   -2     16.523     -8.753     -1.107
  -1   -2     16.523     -8.753     -1.107
  -1   -2     16.523     -8.753     -1.107
  -1   -2     16.523     -8.753     -1.107
  -1   -2     16.523     -8.753     -1.107
  -1   -2     16.523     -8.753     -1.107
  -1   -2     16.523     -8.753     -1.107
  90   -2     16.523     -8.753     -1.107
