176
 178   15     16.604     -8.781     -1.297
  -1   83     15.589     -8.247      6.801
  37   -2     -2.746     -7.338     -2.559
  81   40     -5.622     -6.509    -10.182
  55   -2     18.686     -9.184     -2.067
   4    7     -0.819     -8.170      0.001
   5    8      2.298     -7.582     10.099
   8    2     17.346     -7.146      1.711
   0   -2     14.560     -8.538      9.102
   9   -2     20.419     -4.375     -3.447
  12   11     17.854     -7.511      4.755
  35    9     13.940     -4.000     -3.498
  23    0     17.712     -9.187     -3.499
  -1   -2     16.581      2.689     -9.881
  15  149     15.706     -1.130      1.880
  16   13     16.945      3.778    -10.773
   7   -2     16.618     -2.400     -9.859
  39   -2      5.099     -2.604      5.005
  65    5     -1.552     -8.818      2.214
  21   20     11.014     -2.475      5.822
  -1   65     19.386     -0.851     -6.100
  50   18     14.832    -10.104    -10.350
  29   -2     20.028     -6.353     -4.000
  68   22     19.762     -5.760     -4.523
  -1   -2     17.203    -10.296     -9.182
  -1   53      2.446     -9.820      6.976
  -1   -2      7.845     -1.478     -0.993
  98  107     16.945     -7.784      6.453
  -1   19     20.761     -4.807     -4.730
  -1   -2      4.695     -4.801      7.341
  -1  109     10.545     -8.164     -1.764
  47   23      9.381     -6.955      3.345
  32   69      6.437     -9.534     10.744
  -1  118     -1.474     -6.134     -7.865
  31   32     13.014     -6.851      1.485
  -1   -2     10.613     -5.934      3.651
  -1   -2     11.491     -5.522     -4.111
  -1   17      2.411     -1.993      4.883
  40   26     -5.187    -10.744     -2.351
  -1   -2     -9.284    -10.561     -8.390
  24   67     16.507     -2.977     -9.151
  -1   49    -11.975     -9.565     -6.468
  -1   -2      5.636     -8.511      6.182
  80   46     10.516      1.341      1.627
  -1   -2      4.577     -6.684      7.286
  -1   -2     -5.753     -4.372     -9.176
  -1   -2     14.823     -3.535     -5.727
  -1   -2     15.051     -8.932      9.796
  -1   -2      9.429      0.192     -2.876
  18   54     17.053    -10.252    -11.451
  -1   55     15.609    -10.817    -10.334
  -1   -2      3.622     -8.987      5.608
  42    6     -9.568     -8.693     -9.083
  57   64    -10.469     -3.339     -8.803
  54   58     -4.650      2.229     -3.874
  -1   -2     13.814     -0.641     -1.116
  -1   -2     -7.898     -7.198     -3.535
  60   14      9.827     -3.587      6.730
  53   57     -6.674     -6.448     -8.074
  56   62    -12.043     -5.701     -3.171
  -1   -2     15.160      3.694    -10.049
  59   42     16.930     -2.079     -8.899
  61   -2     12.536     -4.816    -11.648
  62   -2      9.394     -3.354      6.713
  -1   -2     14.941     -8.964     -8.887
  -1   -2      9.421    -10.408     -5.216
  -1   43      5.551     -9.294     10.065
  64   -2     -4.147     -8.620     -0.734
  67   71     -2.935     -1.249     -3.104
  92   50     -7.111    -10.691     -8.002
  -1   -2     16.520     -8.753     -1.104
  -1   -2      7.845     -1.478     -0.993
  -1   -2     16.945     -7.784      6.453
  20  169      4.695     -4.801      7.341
  -1   -2     -1.474     -6.134     -7.865
  -1   -2     -9.284    -10.561     -8.390
  -1   -2      4.577     -6.684      7.286
  -1   -2      5.636     -8.511      6.182
  -1   -2      9.429      0.192     -2.876
  -1   -2     15.051     -8.932      9.796
  -1   -2     16.520     -8.753     -1.104
   2   -2     15.410     -8.273      7.011
  -1   -2      7.845     -1.478     -0.993
  27   -2     16.945     -7.784      6.453
  -1   -2      4.695     -4.801      7.341
  -1   -2     10.545     -8.164     -1.764
  -1   -2     -1.474     -6.134     -7.865
  -1   -2     -9.284    -10.561     -8.390
  -1   -2      4.577     -6.684      7.286
  -1   -2      5.636     -8.511      6.182
  -1   -2     15.051     -8.932      9.796
  -1   -2      9.429      0.192     -2.876
  -1   -2     16.520     -8.753     -1.104
  -1   -2      7.845     -1.478     -0.993
  79  117      4.695     -4.801      7.341
  -1   -2     10.545     -8.164     -1.764
  -1   -2     -1.474     -6.134     -7.865
  -1   -2     14.505     -0.679     -2.848
  -1   -2     -9.284    -10.561     -8.390
  -1   -2      4.577     -6.684      7.286
  44   -2      5.636     -8.511      6.182
  -1   -2     15.051     -8.932      9.796
  -1   -2      9.429      0.192     -2.876
  -1   -2     16.520     -8.753     -1.104
  -1   -2      7.845     -1.478     -0.993
  -1   -2     10.545     -8.164     -1.764
  -1   -2     -1.474     -6.134     -7.865
  -1   -2      4.577     -6.684      7.286
 112   25     15.051     -8.932      9.796
  -1   -2      9.429      0.192     -2.876
  -1   -2     16.520     -8.753     -1.104
  -1   -2      7.845     -1.478     -0.993
 100   -2     10.545     -8.164     -1.764
  -1   -2     -1.474     -6.134     -7.865
  -1   -2     14.505     -0.679     -2.848
  -1   -2      4.577     -6.684      7.286
  -1   -2      9.429      0.192     -2.876
  -1   -2     16.520     -8.753     -1.104
  -1   -2      7.845     -1.478     -0.993
  -1   -2      4.577     -6.684      7.286
 116   52      9.429      0.192     -2.876
  -1   -2     16.520     -8.753     -1.104
  -1   -2      7.845     -1.478     -0.993
  -1   -2      4.577     -6.684      7.286
  -1   -2     16.520     -8.753     -1.104
  -1   -2      7.845     -1.478     -0.993
  -1   -2     14.505     -0.679     -2.848
  -1   -2      4.577     -6.684      7.286
  -1   -2     16.520     -8.753     -1.104
  -1   -2      7.845     -1.478     -0.993
  -1   -2      4.577     -6.684      7.286
  -1   -2     16.520     -8.753     -1.104
  -1   -2      7.845     -1.478     -0.993
  -1   -2     14.505     -0.679     -2.848
  -1   -2      4.577     -6.684      7.286
  -1   -2     16.520     -8.753     -1.104
  -1   -2      7.845     -1.478     -0.993
  -1   -2     14.505     -0.679     -2.848
  -1   -2      4.577     -6.684      7.286
  -1   -2     16.520     -8.753     -1.104
  -1   -2      7.845     -1.478     -0.993
  52   12     14.505     -0.679     -2.848
  -1   -2      4.577     -6.684      7.286
  -1   -2     16.520     -8.753     -1.104
  -1   -2      7.845     -1.478     -0.993
  -1   -2      4.577     -6.684      7.286
  -1   -2     16.520     -8.753     -1.104
  -1   -2      7.845     -1.478     -0.993
  -1   -2     16.520     -8.753     -1.104
  -1   -2      7.845     -1.478     -0.993
  -1   -2      4.577     -6.684      7.286
  -1   -2     16.520     -8.753     -1.104
  71  164      7.845     -1.478     -0.993
  -1   -2      4.577     -6.684      7.286
  -1   -2     16.520     -8.753     -1.104
  -1   -2      4.577     -6.684      7.286
  -1   -2     16.520     -8.753     -1.104
  -1   -2      4.577     -6.684      7.286
  -1   -2     16.520     -8.753     -1.104
 161   -2      4.577     -6.684      7.286
  -1   -2     16.520     -8.753     -1.104
  -1   -2     16.520     -8.753     -1.104
  -1   -2     16.520     -8.753     -1.104
  -1   -2     16.520     -8.753     -1.104
  -1   -2     16.520     -8.753     -1.104
  -1   -2     16.520     -8.753     -1.104
  -1   -2     16.520     -8.753     -1.104
  -1   -2     16.520     -8.753     -1.104
  -1   -2     16.520     -8.753     -1.104
  -1   -2     16.520     -8.753     -1.104
  -1   -2     16.520     -8.753     -1.104
  -1   -2     16.520     -8.753     -1.104
  -1   -2     16.520     -8.753     -1.104
  -1   -2     16.520     -8.753     -1.104
  -1   -2     16.520     -8.753     -1.104
  69  186     16.520     -8.753     -1.104
