42
  20    9     19.233     -9.875     -6.994
   1   14     10.944    -10.864      6.104
  15   -2     16.833    -11.201     -2.855
   3   -2     13.059     -8.773     10.185
  -1   11     18.886     -9.154     -7.947
  -1   15     17.257    -10.842     -0.880
  12   -2      6.681     -9.871      8.058
  11    7     -0.586     -7.998      0.617
  26    5     11.772    -10.381      3.240
  -1    0     15.133     -7.978      7.748
  -1    2     15.835    -10.279     -2.663
  25   35     19.532     -6.992     -4.707
  19   40     14.641     -4.874      4.988
  34   17     15.578     -8.374      8.764
  13   43      9.961     -3.373      6.442
  10   47     10.482     -4.163      4.532
  29   -2      9.689     -6.872      5.457
  -1   -2     18.070     -7.834     -6.421
  -1   23      9.766     -6.912      4.159
  24   -2     -3.781     -8.686      8.202
  -1   -2     19.409     -5.394     -4.983
  17    8     10.561     -4.186      3.289
  18   16     18.284     -8.942     -1.594
   2   -2     19.553     -8.811     -7.230
  -1   26     -3.256     -8.665      8.177
  -1   38     11.765     -8.813      1.769
  31   18     13.353     -4.887      0.023
   4   21     16.778     -9.334      5.243
  -1   29     -0.328     -9.457    -10.433
  22   19     20.651     -6.331     -8.013
  -1   37     -6.556     -7.076    -12.139
  -1   36     20.121     -5.008     -4.410
  21   -2     19.376     -8.018     -8.815
  -1   -2     11.651     -5.348     -3.625
  -1   31     19.162     -3.538     -1.129
  -1   -2     -5.402     -7.312      0.236
  27   -2     -6.776    -10.848      2.864
  -1   -2     13.711    -10.996      3.756
  -1   -2    -12.068     -9.499     -6.108
  -1   34      2.060    -11.668     -6.833
  -1   -2     13.647     -5.876      9.081
   8   46     -6.826     -7.803     -0.466
