200
  52   -2     14.944     -3.372     -4.994
  -1   -2     16.607     -8.782     -1.301
   2    3     15.588     -8.247      6.800
  -1   68     -2.790     -7.340     -2.484
   4   -2     -5.616     -6.512    -10.182
   5    4     -0.818     -8.169      0.000
   0   -2     14.297     -9.123      8.773
   6    8      2.299     -7.581     10.107
   9   40     19.117     -8.491     -0.015
  -1    9     20.423     -4.372     -3.422
  -1   33     11.137     -8.136      0.196
   8   17     -5.027     -8.564     -2.687
  15   21     16.633    -10.171    -10.422
  43   15     17.853     -7.512      4.739
  10    1     13.927     -4.002     -3.460
   1   13     17.710     -9.187     -3.491
  17   -2     16.579      2.690     -9.876
  -1   64     16.520     -2.409     -9.862
  14   56     15.706     -1.130      1.876
  40   72      5.098     -2.605      4.999
  -1   54     15.566    -10.330     -3.933
  -1   -2     19.851    -10.049     -2.368
  22   23     20.020     -6.348     -3.987
  -1   45     19.381     -0.852     -6.116
   7   -2     19.764     -5.760     -4.522
  27   26     -7.810    -10.594      2.379
  -1   -2      7.840     -1.478     -0.982
  -1   -2      5.550    -10.354     -0.605
  78   -2     20.760     -4.808     -4.729
  -1   -2      4.694     -4.801      7.341
  53   -2     13.016     -6.850      1.477
  -1   22     -1.475     -6.135     -7.858
  -1   60      9.982    -10.168      7.282
  33   -2     10.612     -5.933      3.653
  36   73     14.296     -4.772      5.555
  35   34     -0.991     -8.587    -10.686
  -1   -2     -5.188    -10.742     -2.345
  -1   37      2.411     -1.992      4.883
  34   -2     16.342     -7.743      4.255
  38   38     -5.601     -1.944     -9.994
  -1   25     -9.282    -10.561     -8.383
  56   20     18.723     -7.390     -1.312
  -1  100      2.034    -10.086      9.271
  -1   42     10.516      1.344      1.627
  -1  172      4.568     -6.683      7.265
  47   12     16.508     -2.974     -9.151
  19   -2     -3.233     -9.001     -8.313
  58   16     10.795     -2.422      4.383
   3    6     -4.493     -6.580     -6.354
  46   46      5.637     -8.511      6.191
  -1   -2     19.025    -11.680     -6.286
  -1    0     15.051     -8.933      9.796
  -1   77      9.430      0.194     -2.873
  -1   -2     17.960    -10.437     -7.488
  -1   86      9.269     -8.569      2.493
  57   50     10.841     -6.473      8.038
  20   79     15.829    -10.655     -9.445
  -1   -2     13.807     -0.641     -1.128
  55   -2      3.622     -8.987      5.607
  61   57     -4.659      2.224     -3.904
  16   55     16.675      3.690    -10.050
  73   14     15.697    -10.167    -12.528
  85   -2      5.689     -5.900      3.223
  26   -2     16.931     -2.082     -8.891
  60   58     -9.479     -6.497     -3.614
  -1    5     11.192     -3.775      9.210
  70   65     12.529     -4.817    -11.632
  66   11     15.159      3.692    -10.044
  -1   -2    -10.462     -3.328     -8.799
  -1   -2     -7.640     -9.679    -10.249
  69   -2     -4.092    -10.739      9.897
  63   -2     -7.587     -4.182     -7.428
  72   10     -7.109    -10.692     -8.006
  -1   -2     16.525     -8.754     -1.114
  -1   -2      7.840     -1.478     -0.982
  -1   -2      4.694     -4.801      7.341
  -1   -2     -1.475     -6.135     -7.858
 152  145     14.502     -0.677     -2.869
  -1   -2     -5.188    -10.742     -2.345
  -1   -2     -9.282    -10.561     -8.383
  -1   -2      4.568     -6.683      7.265
  -1   -2      9.269     -8.569      2.493
  -1   -2      3.083    -10.455      6.267
  49   27      9.430      0.194     -2.873
  -1   -2     15.829    -10.655     -9.445
  -1   59    -10.462     -3.328     -8.799
  -1   -2     16.525     -8.754     -1.114
  -1   -2      7.840     -1.478     -0.982
  -1   -2      4.694     -4.801      7.341
  -1   -2     -1.475     -6.135     -7.858
  -1   -2     14.502     -0.677     -2.869
  -1   -2     -9.282    -10.561     -8.383
  -1   -2     -5.188    -10.742     -2.345
  -1   -2      4.568     -6.683      7.265
  -1   -2      9.269     -8.569      2.493
  -1   -2      3.083    -10.455      6.267
  -1   -2     15.829    -10.655     -9.445
  -1   -2     16.525     -8.754     -1.114
  -1   -2      7.840     -1.478     -0.982
  -1   -2      4.694     -4.801      7.341
  -1   -2     -1.475     -6.135     -7.858
  -1   -2     -5.188    -10.742     -2.345
  -1   -2     -9.282    -10.561     -8.383
  -1   -2      9.269     -8.569      2.493
  -1   -2     15.829    -10.655     -9.445
  -1   -2     16.525     -8.754     -1.114
  -1   -2      7.840     -1.478     -0.982
  -1   -2      4.694     -4.801      7.341
  -1  122     10.546     -8.164     -1.762
  -1   -2     -1.475     -6.135     -7.858
  -1   -2     -5.188    -10.742     -2.345
  -1   -2      4.568     -6.683      7.265
  93   -2      9.269     -8.569      2.493
  -1   -2     16.525     -8.754     -1.114
  -1   -2      7.840     -1.478     -0.982
  -1   -2      4.694     -4.801      7.341
  -1   -2     10.546     -8.164     -1.762
  -1   -2     -1.475     -6.135     -7.858
 114   -2     -5.188    -10.742     -2.345
  -1   -2      4.568     -6.683      7.265
  -1   -2     16.525     -8.754     -1.114
  -1   -2      7.840     -1.478     -0.982
 179  127      4.694     -4.801      7.341
  -1   -2     -1.475     -6.135     -7.858
  -1   -2      4.568     -6.683      7.265
  -1   -2     16.525     -8.754     -1.114
  -1   -2      7.840     -1.478     -0.982
 126   -2     10.546     -8.164     -1.762
  -1   -2     -1.475     -6.135     -7.858
  -1   -2      4.568     -6.683      7.265
  -1   -2     16.525     -8.754     -1.114
  -1   -2      7.840     -1.478     -0.982
  -1   -2     -1.475     -6.135     -7.858
  -1   -2     14.502     -0.677     -2.869
  -1   -2      4.568     -6.683      7.265
  -1   -2     16.525     -8.754     -1.114
  -1   -2      7.840     -1.478     -0.982
  -1   -2     -1.475     -6.135     -7.858
  -1   -2      4.568     -6.683      7.265
  -1   -2     16.525     -8.754     -1.114
  -1   -2      7.840     -1.478     -0.982
  80   -2     -1.475     -6.135     -7.858
  -1   -2     14.502     -0.677     -2.869
  -1   -2      4.568     -6.683      7.265
  -1   -2     16.525     -8.754     -1.114
  -1   -2      7.840     -1.478     -0.982
  -1   -2      4.568     -6.683      7.265
  -1   -2     16.525     -8.754     -1.114
  -1   -2      7.840     -1.478     -0.982
  -1   -2      4.568     -6.683      7.265
  -1   -2     16.525     -8.754     -1.114
  -1   -2      7.840     -1.478     -0.982
  -1   -2     14.502     -0.677     -2.869
  -1   -2      4.568     -6.683      7.265
  -1   -2     16.525     -8.754     -1.114
  -1   -2      7.840     -1.478     -0.982
  -1   -2      4.568     -6.683      7.265
  -1   -2     16.525     -8.754     -1.114
  -1   -2      7.840     -1.478     -0.982
  -1   -2     14.502     -0.677     -2.869
  -1   -2      4.568     -6.683      7.265
  -1   -2     16.525     -8.754     -1.114
  -1   -2      7.840     -1.478     -0.982
  42   -2     14.502     -0.677     -2.869
  -1   -2      4.568     -6.683      7.265
  -1   -2     16.525     -8.754     -1.114
  -1   -2      7.840     -1.478     -0.982
  -1   -2      4.568     -6.683      7.265
  -1   -2     16.525     -8.754     -1.114
  -1   -2      7.840     -1.478     -0.982
  -1   -2      4.568     -6.683      7.265
  -1   -2     16.525     -8.754     -1.114
  -1   -2      7.840     -1.478     -0.982
  -1   -2     16.525     -8.754     -1.114
 176  169      7.840     -1.478     -0.982
  -1   -2      4.568     -6.683      7.265
  -1   -2     16.525     -8.754     -1.114
  -1   -2      4.568     -6.683      7.265
  -1   -2     16.525     -8.754     -1.114
  -1   -2      4.568     -6.683      7.265
  -1   -2     16.525     -8.754     -1.114
  -1   -2      4.568     -6.683      7.265
  -1   -2     16.525     -8.754     -1.114
  79   -2      4.568     -6.683      7.265
  -1   -2     16.525     -8.754     -1.114
  -1   -2     16.525     -8.754     -1.114
  -1   -2     16.525     -8.754     -1.114
  -1   -2     16.525     -8.754     -1.114
  -1   -2     16.525     -8.754     -1.114
  -1   -2     16.525     -8.754     -1.114
  -1   -2     16.525     -8.754     -1.114
  -1   -2     16.525     -8.754     -1.114
  -1   -2     16.525     -8.754     -1.114
  -1   -2     16.525     -8.754     -1.114
  -1   -2     16.525     -8.754     -1.114
  -1   -2     16.525     -8.754     -1.114
  -1   -2     16.525     -8.754     -1.114
  -1   -2     16.525     -8.754     -1.114
  -1   -2     16.525     -8.754     -1.114
 198  191     16.525     -8.754     -1.114
