75
   0    0      0.102     -9.397      3.521
  24    5      7.189    -10.268      0.879
  27   23      5.512    -10.618     -0.480
  19   39     10.714     -8.530      0.667
   3    4      8.176     -3.981     -1.374
   1   -2      7.135     -9.148      7.667
  36   -2     -1.751     -9.951      5.697
  41   -2      8.779    -10.288      2.719
   9    1     10.546     -9.181      0.747
  -1   -2      0.141    -10.668     -2.931
  50    6     14.647     -6.819     -9.416
  -1    8     11.013     -3.119     10.533
  10    9     -0.968     -9.654      8.487
  29   43      9.361     -5.618      7.452
  -1   60     12.019     -5.309      2.083
  -1   -2      6.578    -11.260     -4.856
  -1   28      9.051    -10.511     -6.152
  32   -2      7.008    -10.498      2.672
  13   18      9.383     -3.842      8.058
  37   -2     10.749     -6.920     -0.075
  35   22      9.209     -9.951     -5.219
  44   -2     17.814     -4.432     -3.065
  23   -2     -5.929    -10.871     -0.071
  16   16      8.940    -10.409     -6.832
  52   38      8.829     -4.061      7.288
  -1   15      6.402    -10.856     -6.532
  45   27      7.142     -1.035      6.558
   5   -2     10.867     -9.751     -8.557
  -1   -2     13.826     -7.878     -2.274
  -1   -2      8.983     -9.846     -1.628
  -1   37     11.803     -4.853      9.176
  -1   -2     12.655     -6.911      2.369
  -1   13      7.437     -7.718      5.033
  -1   -2      7.791     -8.663      5.363
  26    2      7.961     -7.988      5.857
  56   26      6.867     -7.039      8.641
   8   14     10.278     -9.106      2.570
  54   -2      3.068     -9.606      6.963
  -1   -2     12.209     -7.216      2.779
  14   57     20.356     -7.344     -4.776
  43   -2     12.461     -6.607      5.741
  59   31      9.156     -5.273     -3.046
  18    3      4.686    -10.415      1.417
  28   -2      8.070     -8.089      5.748
  -1   29     18.892     -5.799     -8.607
  61   25     -5.743    -11.081     -5.983
  -1   -2     20.408     -6.918     -4.098
  63   21     18.674     -6.144    -10.381
  -1   10     19.955     -6.413     -9.245
  48   49      5.972      3.213      9.296
   2   -2     11.511     -3.866      4.759
  49   -2     17.573      3.833    -12.331
  -1   52      5.969      3.230      8.301
  -1   62     22.033     -7.200     -7.099
  -1   -2     -5.057     -9.764      1.927
  -1   40     11.748     -7.804      0.326
  -1   -2      7.340      0.742      9.678
  -1   -2     -6.331    -12.097     -6.919
  51   12     10.125     -6.480      3.413
  -1   -2      4.014     -9.027      1.269
  -1   42     19.506     -1.474      0.306
  65   -2     -5.204    -10.500     -2.834
  -1   24      2.681     -6.872     10.617
  -1   -2     18.749     -1.159     -8.493
  -1   -2      5.773     -2.760      5.970
  67   -2     10.591     -4.538      8.753
  -1    7     11.946     -0.572      5.413
  55   65    -11.442     -5.717     -5.452
  -1   11      5.676     -9.761      7.038
  -1   56    -11.973    -10.519      1.514
  -1   51     -3.724     -8.745    -10.412
  38   34     12.660     -8.628    -11.320
  -1   30     10.939     -8.602     -5.071
  53   66     10.154      5.147      5.514
  60   47      6.913     -8.081      2.192
