124
   0    0      0.116     -8.196      9.682
  -1  128     16.604     -8.780     -1.292
  33   -2     10.480     -8.171     -1.975
   2    2     15.588     -8.247      6.804
  25   -2     -2.745     -7.338     -2.557
  23   -2     19.413     -7.585     -2.858
  56    5      2.297     -7.584     10.103
  -1    7     20.423     -4.374     -3.426
   9    9     16.625    -10.170    -10.403
  43    8     13.144     -2.178     -1.095
  -1   -2     17.852     -7.513      4.755
  12    1     17.711     -9.188     -3.493
  14   14     16.575      2.690     -9.867
  48   58      9.974     -3.372      6.407
  52   23     14.321     -1.281     -4.336
  19   13     -9.091    -10.564     -1.099
  -1   11     15.568    -10.331     -3.942
  58   18     16.977      3.790    -10.857
  41   -2      5.098     -2.606      5.001
  26   -2     15.032     -3.621     -6.194
  -1   21     11.014     -2.474      5.823
  27   -2     20.012     -6.351     -3.974
  -1   40     19.390     -0.853     -6.067
  -1   -2     19.760     -5.762     -4.532
 104  107      7.840     -1.477     -0.976
  -1   -2     14.482     -2.579      9.086
  62   32     -5.632     -6.520     -9.903
  -1   19     20.760     -4.806     -4.726
  -1   -2      4.696     -4.799      7.341
  37   30     -1.480     -6.135     -7.859
  34   72     16.901     -7.794      6.545
  -1   -2     14.503     -0.680     -2.861
  -1   -2     -0.984     -8.582    -10.662
  55   -2     11.492     -5.523     -4.127
  -1   12      2.412     -1.992      4.882
  40   37    -13.232     -7.808     10.028
  42    4     -5.600     -1.943     -9.995
  -1   59     16.554     -2.376     -9.522
  -1   -2      4.582     -6.682      7.300
  67   65      6.822    -10.282     -4.112
  -1   87      9.266     -8.568      2.499
  74   -2     10.519      1.344      1.618
  -1   74     -3.224     -8.999     -8.289
  53    3     -1.729     -7.998     -2.983
  35   10     17.231     -9.268      1.122
  -1   47     15.832    -10.657     -9.433
  -1   38      9.428      0.194     -2.877
  -1   20      3.622     -8.988      5.611
  -1   -2     15.053     -8.930      9.796
  -1   67      0.985    -11.906    -10.461
  39   17    -11.556     -7.940     -7.819
  -1   50     10.844     -6.472      8.032
  -1    6      8.324     -6.525     -3.793
  83   56    -10.466     -3.331     -8.801
  -1   49     19.373    -11.333     -5.142
  60   53     -4.652      2.223     -3.884
  -1   -2     15.684    -10.167    -12.499
  -1   -2      0.472     -9.149     -5.002
  -1   -2     12.125    -10.132      2.012
  64   -2     15.157      3.692    -10.047
  65   60     12.535     -4.818    -11.647
  -1   54     12.222      4.209     -6.455
  63   -2     16.935     -2.078     -8.875
  -1   29     13.286     -8.839      9.088
  -1   55     10.429    -11.432      9.472
  -1   -2      8.193     -5.416     10.003
  22   -2     10.161     -3.564      5.958
  46   -2      6.859    -10.551      3.370
  -1   66     -2.933     -1.251     -3.091
  -1   -2      0.593    -10.549      5.522
  44   -2     16.629     -5.697      4.447
  -1   46     19.857     -8.079     -1.357
  -1   -2     16.522     -8.751     -1.105
  -1   -2      7.840     -1.477     -0.976
  86   -2      4.696     -4.799      7.341
  95   98     14.503     -0.680     -2.861
  51   -2     -3.224     -8.999     -8.289
  -1   -2      4.582     -6.682      7.300
  -1   -2      9.266     -8.568      2.499
  -1   -2     15.053     -8.930      9.796
  -1   -2     16.522     -8.751     -1.105
  -1   -2      7.840     -1.477     -0.976
  -1   -2     14.503     -0.680     -2.861
  -1   -2      4.582     -6.682      7.300
  13   -2      9.266     -8.568      2.499
  -1   -2     16.522     -8.751     -1.105
  -1   -2      7.840     -1.477     -0.976
  -1   -2     14.503     -0.680     -2.861
  -1   -2     16.522     -8.751     -1.105
  -1   -2      7.840     -1.477     -0.976
  -1   -2     14.503     -0.680     -2.861
  -1   -2      4.582     -6.682      7.300
  -1   -2     16.522     -8.751     -1.105
  -1   -2      7.840     -1.477     -0.976
  -1   -2      4.582     -6.682      7.300
  -1   -2     16.522     -8.751     -1.105
  -1   -2      7.840     -1.477     -0.976
  -1   -2      4.582     -6.682      7.300
  -1   -2     16.522     -8.751     -1.105
  30   -2      7.840     -1.477     -0.976
  -1   -2      4.582     -6.682      7.300
  -1   -2     16.522     -8.751     -1.105
  -1   -2      4.582     -6.682      7.300
  -1   -2     16.522     -8.751     -1.105
  -1   -2      4.582     -6.682      7.300
  -1   -2     16.522     -8.751     -1.105
  -1   -2      4.582     -6.682      7.300
  -1   -2     16.522     -8.751     -1.105
  -1   -2      4.582     -6.682      7.300
  -1   -2     16.522     -8.751     -1.105
  -1   -2      4.582     -6.682      7.300
  -1   -2     16.522     -8.751     -1.105
  73  115      4.582     -6.682      7.300
  -1   -2     16.522     -8.751     -1.105
  -1   -2     16.522     -8.751     -1.105
  -1   -2     16.522     -8.751     -1.105
  -1   -2     16.522     -8.751     -1.105
  -1   -2     16.522     -8.751     -1.105
  -1   -2     16.522     -8.751     -1.105
  -1   -2     16.522     -8.751     -1.105
  -1   -2     16.522     -8.751     -1.105
  -1   -2     16.522     -8.751     -1.105
  -1   -2     16.522     -8.751     -1.105
 125   -2     16.522     -8.751     -1.105
