123
   0    0     18.432     -7.750     -6.453
   1    1      9.922     -5.257      8.740
   2    2     13.648      2.185      1.003
  87   16     16.249    -10.241    -10.391
   4    3     11.719      2.544      2.742
  29   -2     -0.985     -6.955      2.150
  59   -2     10.989     -6.413      7.989
  30   -2     19.394     -8.426     -7.509
  -1   -2     14.376     -6.904     -5.827
  33  104     19.454     -5.960     -6.391
  28    9     20.685     -4.090     -2.237
  -1  108     15.477     -7.667    -10.346
  64   12      9.468     -4.724     -1.840
  -1   -2     16.285     -7.717      5.606
   6   -2     17.261    -10.251     -8.388
  -1   13     15.596     -8.244      6.793
   9   -2      9.128     -8.589      2.874
  18  102     18.362     -9.110     -1.882
  36   99     19.023     -7.552     -1.964
  58   -2      9.664     -2.661      7.190
  23   15     -1.654     -4.599    -10.055
  85   -2     -5.621     -6.511    -10.187
  -1   47      5.468     -7.653      9.801
  70    4      0.660     -8.179      5.201
   7   10     14.808     -7.628     -3.433
  77  123     13.930     -1.387     -3.702
  17   31      8.500     -8.471     -2.052
  98   -2     18.321     -8.442      1.794
  32   86      0.202    -10.306     -1.477
  48   -2      6.477     -7.277     -2.611
  -1   22     16.902     -4.790      5.116
  -1   14     11.616     -6.772     10.338
  41   37     16.579      2.691     -9.880
   5   -2     18.846     -8.108    -10.563
  -1   42      4.996     -2.538      5.254
  37   -2     16.085     -2.362     -8.971
  43   50     13.932     -3.997     -3.477
  22   46     20.023     -6.354     -3.991
  88   -2     18.373     -2.615     -2.303
  -1   29     17.599     -4.774     -8.170
  46   49      0.812     -6.886    -10.114
  16   -2      6.459     -6.812      7.303
 105   20     -3.360     -9.372     -3.052
  -1    7      1.786     -5.463      0.522
  21   54     14.255     -0.658      1.219
  92   -2     10.793     -0.408      4.484
  74   52     11.012     -2.474      5.826
  -1   -2     17.627     -7.594      4.025
  56   -2     19.392     -0.849     -6.081
  54   53      0.673     -3.196     -5.998
  13   -2     -2.139     -7.323     -2.836
  52   21      6.746     -9.566     10.181
  50   69     11.412     -7.818      1.203
  47   -2      5.361    -10.187      3.156
  -1   38     18.681     -6.514      2.189
  45   56      9.797     -8.347      7.107
  97   -2     -0.391     -5.794      4.315
  95   -2      4.693     -2.010      7.404
  62   -2     13.333      2.598     11.705
  -1   -2    -10.771     -8.397      5.220
  -1   27     20.755     -4.799     -4.706
  -1   -2      4.695     -4.801      7.343
  -1   58     16.875    -10.340      2.281
  -1   -2      4.144     -0.253      7.366
  24   61     10.698    -10.056      5.540
  -1   -2     -0.992     -8.586    -10.693
  -1   64      2.411     -1.993      4.879
  68   -2     -5.601     -1.946     -9.999
  -1   -2     14.505     -0.678     -2.857
 100   -2     -5.188    -10.742     -2.360
  -1   65     -7.178      4.172     -9.744
  73   -2      6.971      5.769      9.782
  71   -2      4.575     -6.682      7.286
  72   71    -11.975     -9.566     -6.476
  11   33     13.889     -8.714      9.571
  91   -2     -3.216     -9.000     -8.271
  -1   95     -9.284    -10.561     -8.394
  -1   59     15.821    -10.658     -9.417
  -1   -2     -1.718     -8.002     -2.959
  80   70      0.828     -0.062      4.978
  -1   41      9.827     -3.586      6.731
  -1   24      9.340    -10.663     -3.113
  -1   51     20.171      0.694     -4.650
  39   39     -7.899     -7.198     -3.534
  -1  100     -4.653      2.226     -3.887
  -1   -2      7.281     -8.436     -4.921
  -1   55      2.477    -10.636      5.903
  -1   81    -12.044     -5.707     -3.162
  -1   -2     11.092     -3.777      8.918
  -1   78      0.824     -0.064      3.997
  89   -2     12.533     -4.816    -11.645
  86  107    -10.469     -3.330     -8.802
  -1   32     17.354     -2.095    -11.797
  -1   -2     15.158      3.696    -10.051
  -1   -2     19.144      2.840     -0.457
  -1   -2     11.140      1.605      3.687
  -1   98      9.898     -2.193     -8.956
  -1    6      6.494     -6.962     -9.237
   8   -2     15.642     -8.309      3.703
  83   -2     -2.929     -1.247     -3.085
  -1   -2     18.087     -9.481     -9.784
  -1   -2     -4.551     -2.777     -0.184
  69   -2     -4.147     -8.622     -0.749
  -1   89     16.869    -10.806      3.487
  -1  101     -9.095    -11.078      0.668
  -1    5     14.376     -6.904     -5.827
  -1   -2     -1.763     -4.639     -9.373
  -1   -2      4.695     -4.801      7.343
  -1   -2     -9.284    -10.561     -8.394
  -1   -2     -9.284    -10.561     -8.394
  -1   -2     14.505     -0.678     -2.857
  -1   -2     -9.284    -10.561     -8.394
  -1   -2     -9.284    -10.561     -8.394
 102   -2     -9.284    -10.561     -8.394
  -1   -2     14.505     -0.678     -2.857
  -1   -2     14.505     -0.678     -2.857
  -1   -2     14.505     -0.678     -2.857
  -1   -2     14.505     -0.678     -2.857
  -1   -2     14.505     -0.678     -2.857
  -1   -2     14.505     -0.678     -2.857
  -1   -2     14.505     -0.678     -2.857
  -1   -2     14.505     -0.678     -2.857
 117   -2     14.505     -0.678     -2.857
