64
   0    0      9.255     -9.795      5.256
   5    1     14.828    -10.588     -7.845
  -1   -2     16.476     -9.310     -6.752
  -1    2      8.587    -10.278      7.985
   8   48     15.756     -9.764     -7.856
   3    3      0.641     -6.340      0.057
  15   -2     18.250     -7.364     -3.745
  28   -2      7.384     -9.657     -8.006
  -1   12      5.264    -10.549     -5.286
  35   -2     19.452     -6.038     -5.994
  -1   -2     17.667     -9.050     -4.132
   4    6     13.473     -9.502     -5.976
  33   -2      5.831     -9.518     -4.502
  18   15     11.836    -10.580     -3.750
  -1   -2      3.293     -9.600      8.045
   2   -2     13.482    -11.008     -4.864
  20   21     15.027    -10.378     -9.187
  13   37     19.166     -6.509     -4.605
  14   29     17.673     -8.996     -7.413
  21   11     13.168     -8.100      0.842
  -1    9     19.377     -4.533     -0.771
  -1   -2      9.865    -11.003      2.560
  -1   28      8.384     -7.877      7.430
  -1    4     16.992    -10.304     -7.784
  -1   -2     13.162    -11.042     -3.169
  -1   25      9.984     -3.370      6.380
  -1   -2     15.181     -8.511     -6.918
  -1    5      8.071    -10.086    -10.649
  25   26     16.987     -2.627    -10.765
  50   64     19.151     -4.151     -5.835
  49   -2    -10.926     -9.082     -7.982
  37   -2     20.259     -5.932     -1.650
  47   -2     11.832     -6.995     -4.900
  12   -2      8.862    -10.625     -7.430
  22   38     -8.784     -4.785      1.010
  -1   63     -3.264    -10.650     -8.744
  30   36      4.218     -4.963      3.562
  -1   40      6.750     -6.785    -10.292
  -1   -2     21.637     -6.775      6.158
  -1    7      3.561    -10.448     -4.094
  -1   51      5.313     -5.687     -0.489
  45   27     11.706     -6.078      8.270
  23   -2    -11.098     -8.528      2.617
  19   16      4.012    -10.140     -6.925
  -1   13     22.101     -6.263     -8.815
  -1    8     19.349     -3.503     -5.461
  -1   -2      1.723     -7.325      8.516
  16   41     13.982     -3.450      2.515
  -1   60    -11.814     -9.691     -7.146
  -1   54     14.773     -7.663     -3.763
  -1   52      9.191     -8.181    -10.992
  27   23      1.754    -11.103     -0.601
  -1   -2     14.827    -10.241      8.227
  42   -2     15.445     -3.972      7.161
  10   58     14.319     -8.942      4.564
  -1   -2     -3.136    -10.223      7.935
  46   33     12.348     -7.324      0.476
  -1   -2      0.720     -8.019      8.140
  17   -2     13.373     -5.790      8.144
  -1   -2     11.853    -11.475      4.315
  -1   -2     17.573    -10.281      5.095
  -1   -2     17.914     -0.957     -4.051
  34   -2     10.495     -5.271      4.981
  -1   -2    -11.482    -10.324      0.475
