239
  -1  245     16.608     -8.782     -1.308
   1   -2     15.587     -8.248      6.803
  44   -2     -2.742     -7.338     -2.561
   3    4     -5.615     -6.512    -10.172
  38   -2      2.297     -7.583     10.097
   5    0     -4.229     -9.218      5.908
  35   -2     16.606     -2.966     -9.444
  21    7     20.422     -4.375     -3.436
  13   -2     13.933     -4.004     -3.479
 101   11     17.853     -7.513      4.743
   0   14     17.712     -9.187     -3.496
  10    8     16.582      2.688     -9.887
  50   12     16.629    -10.169    -10.410
  -1   -2     15.709     -1.132      1.886
  53   -2     16.968      3.785    -10.836
  -1   -2     16.625     -2.397     -9.889
  37   -2     10.832     -0.393      4.384
   6   -2     20.024     -6.356     -3.995
  15   18     14.831    -10.103    -10.353
  -1   17     11.011     -2.472      5.830
  17   19     19.760     -5.765     -4.546
  -1   20     19.390     -0.851     -6.075
  31   16     -9.434    -10.782      0.288
  -1    2     16.958     -7.784      6.423
  -1   -2      7.849     -1.479     -1.000
  -1   73     20.761     -4.808     -4.731
  -1  128     10.537     -8.164     -1.801
  -1  117      4.695     -4.801      7.342
  -1   -2     -1.477     -6.133     -7.858
  -1   -2     14.285     -4.775      5.492
  45   -2     10.611     -5.935      3.653
  27   32     -0.991     -8.586    -10.684
  22   74      6.720     -9.531      9.756
  -1   79     -5.188    -10.748     -2.344
  28   33      2.411     -1.993      4.881
  30   34     -5.600     -1.945     -9.996
   7   13      5.211     -2.579      4.696
  32   61    -11.980     -9.565     -6.482
  -1   37     18.724     -7.391     -1.319
  -1   39      4.576     -6.683      7.287
  -1   38     10.518      1.343      1.621
  -1   -2     -3.218     -8.999     -8.284
  -1   -2      5.638     -8.512      6.192
  -1   -2     15.051     -8.935      9.795
  -1   29     12.543     -6.952     -0.123
  -1   -2      9.267     -8.570      2.501
  14    9     14.822     -3.539     -5.728
  46   49     17.232     -9.268      1.110
  -1   50      3.090    -10.458      6.247
  -1    3     -1.727     -8.000     -2.980
  54    5      3.623     -8.988      5.607
  47   53     10.845     -6.472      8.026
  -1   -2     -2.146     -8.740      9.418
  -1  197     13.809     -0.643     -1.134
  -1   51     15.610    -10.817    -10.332
  55   54     -4.653      2.226     -3.887
  -1   -2     13.159     -9.713      2.318
  56   -2    -10.467     -3.336     -8.802
  58   -2     -5.968     -7.023    -10.370
  11   62      9.829     -3.591      6.727
  52   57    -12.044     -5.706     -3.163
  -1   -2    -15.962     -7.970     11.397
  61   15     16.927     -2.079     -8.902
  59   63     12.547     -4.819    -11.675
  -1   90     11.185     -3.774      9.207
  63   58      0.570    -10.815     -4.173
  62   60    -11.125     -1.406     -7.488
  33   36    -11.663    -10.079     -7.511
  -1   -2     -2.932     -1.251     -3.088
  -1   -2     16.524     -8.753     -1.115
  -1   -2     16.958     -7.784      6.423
  78   68      7.849     -1.479     -1.000
  39   -2      4.695     -4.801      7.342
  -1   -2     10.537     -8.164     -1.801
  -1   -2     -1.477     -6.133     -7.858
  71   -2     14.285     -4.775      5.492
  -1   -2     14.501     -0.678     -2.870
  -1   -2      4.576     -6.683      7.287
  -1   -2     -3.218     -8.999     -8.284
  -1   -2      9.267     -8.570      2.501
  49  227      5.638     -8.512      6.192
  -1  105     15.051     -8.935      9.795
  -1   -2     16.524     -8.753     -1.115
  -1   -2     16.958     -7.784      6.423
  -1   -2      7.849     -1.479     -1.000
  -1   -2     10.537     -8.164     -1.801
  -1   -2     -1.477     -6.133     -7.858
  -1   -2     14.501     -0.678     -2.870
  -1   -2      4.576     -6.683      7.287
  36   80     -3.218     -8.999     -8.284
  -1   -2      9.267     -8.570      2.501
  -1   -2     15.051     -8.935      9.795
  -1   -2     16.524     -8.753     -1.115
  -1   -2      7.849     -1.479     -1.000
  -1   -2     16.958     -7.784      6.423
  -1   -2     10.537     -8.164     -1.801
  -1   -2     -1.477     -6.133     -7.858
  -1   -2     14.501     -0.678     -2.870
  -1   -2      4.576     -6.683      7.287
  -1   -2      9.267     -8.570      2.501
  -1   -2     15.051     -8.935      9.795
  -1   -2     16.524     -8.753     -1.115
  -1   -2     16.958     -7.784      6.423
  -1   -2      7.849     -1.479     -1.000
  -1   -2     10.537     -8.164     -1.801
  -1   -2     -1.477     -6.133     -7.858
  -1   -2      4.576     -6.683      7.287
  -1   -2     15.051     -8.935      9.795
  -1   -2      9.267     -8.570      2.501
  -1   -2     16.524     -8.753     -1.115
  -1   -2     16.958     -7.784      6.423
  -1   -2      7.849     -1.479     -1.000
  -1   -2     10.537     -8.164     -1.801
  -1   -2     -1.477     -6.133     -7.858
  -1   -2     14.501     -0.678     -2.870
  -1   -2      4.576     -6.683      7.287
  -1   -2     15.051     -8.935      9.795
  -1   -2      9.267     -8.570      2.501
  -1   -2     16.524     -8.753     -1.115
  -1   -2      7.849     -1.479     -1.000
  -1   -2     16.958     -7.784      6.423
  -1   -2     10.537     -8.164     -1.801
  -1   -2     -1.477     -6.133     -7.858
  -1   -2      4.576     -6.683      7.287
  -1   -2     15.051     -8.935      9.795
  -1   -2      9.267     -8.570      2.501
  -1   -2     16.524     -8.753     -1.115
  -1   -2      7.849     -1.479     -1.000
  76   -2     16.958     -7.784      6.423
  -1   -2     10.537     -8.164     -1.801
  -1   -2     -1.477     -6.133     -7.858
  -1   -2      4.576     -6.683      7.287
  -1   -2     15.051     -8.935      9.795
  -1   -2     16.524     -8.753     -1.115
  -1   -2      7.849     -1.479     -1.000
  -1   -2     10.537     -8.164     -1.801
 143  157     -1.477     -6.133     -7.858
  -1   -2      4.576     -6.683      7.287
  -1   -2     15.051     -8.935      9.795
  -1   -2     16.524     -8.753     -1.115
  -1   -2      7.849     -1.479     -1.000
  -1   -2     10.537     -8.164     -1.801
  -1   -2      4.576     -6.683      7.287
  -1   -2     16.524     -8.753     -1.115
  -1   -2      7.849     -1.479     -1.000
  -1   -2     10.537     -8.164     -1.801
  -1   -2     14.501     -0.678     -2.870
  -1   -2      4.576     -6.683      7.287
  -1   -2     16.524     -8.753     -1.115
  -1   -2      7.849     -1.479     -1.000
 137  151     10.537     -8.164     -1.801
  -1   -2      4.576     -6.683      7.287
  -1   -2     16.524     -8.753     -1.115
  -1   -2      7.849     -1.479     -1.000
  -1   -2      4.576     -6.683      7.287
  -1   -2     16.524     -8.753     -1.115
  -1   -2      7.849     -1.479     -1.000
  -1   -2      4.576     -6.683      7.287
  -1   -2     16.524     -8.753     -1.115
  -1   -2      7.849     -1.479     -1.000
  -1   -2      4.576     -6.683      7.287
  -1   -2     16.524     -8.753     -1.115
  -1   -2      7.849     -1.479     -1.000
  -1   -2     16.524     -8.753     -1.115
  -1   -2      7.849     -1.479     -1.000
  -1   -2     14.501     -0.678     -2.870
  -1   -2      4.576     -6.683      7.287
  -1   -2     16.524     -8.753     -1.115
  -1   -2      7.849     -1.479     -1.000
  -1   -2     14.501     -0.678     -2.870
  -1   -2      4.576     -6.683      7.287
  -1   -2     16.524     -8.753     -1.115
  -1   -2      7.849     -1.479     -1.000
  -1   -2      4.576     -6.683      7.287
  -1   -2     16.524     -8.753     -1.115
  -1   -2      7.849     -1.479     -1.000
  72   -2     14.501     -0.678     -2.870
  -1   -2      4.576     -6.683      7.287
  -1   -2     16.524     -8.753     -1.115
  -1   -2      7.849     -1.479     -1.000
  -1   -2      4.576     -6.683      7.287
  -1   -2     16.524     -8.753     -1.115
  -1   -2      7.849     -1.479     -1.000
  -1   -2      4.576     -6.683      7.287
  -1   -2     16.524     -8.753     -1.115
  -1   -2      7.849     -1.479     -1.000
  -1   -2      4.576     -6.683      7.287
  -1   -2     16.524     -8.753     -1.115
  -1   -2      7.849     -1.479     -1.000
  -1   -2      4.576     -6.683      7.287
  -1   -2     16.524     -8.753     -1.115
  -1   -2      7.849     -1.479     -1.000
  -1   -2      4.576     -6.683      7.287
  -1   -2     16.524     -8.753     -1.115
  -1   -2      7.849     -1.479     -1.000
  -1   -2      4.576     -6.683      7.287
  -1   -2     16.524     -8.753     -1.115
  -1   -2      7.849     -1.479     -1.000
  -1   -2      4.576     -6.683      7.287
  -1   -2     16.524     -8.753     -1.115
  -1   -2      7.849     -1.479     -1.000
  -1   -2      4.576     -6.683      7.287
  -1   -2     16.524     -8.753     -1.115
  -1   -2      7.849     -1.479     -1.000
  -1   -2      4.576     -6.683      7.287
  -1   -2     16.524     -8.753     -1.115
  -1   -2      7.849     -1.479     -1.000
  -1   -2      4.576     -6.683      7.287
  -1   -2     16.524     -8.753     -1.115
  -1   -2      7.849     -1.479     -1.000
  -1   -2      4.576     -6.683      7.287
  -1   -2     16.524     -8.753     -1.115
  -1   -2      7.849     -1.479     -1.000
  -1   -2      4.576     -6.683      7.287
  -1   -2     16.524     -8.753     -1.115
 208   46      7.849     -1.479     -1.000
 103   -2      4.576     -6.683      7.287
  -1   -2     16.524     -8.753     -1.115
  -1   -2     16.524     -8.753     -1.115
  -1   -2     16.524     -8.753     -1.115
  -1   -2     16.524     -8.753     -1.115
  -1   -2     16.524     -8.753     -1.115
  -1   -2     16.524     -8.753     -1.115
  -1   -2     16.524     -8.753     -1.115
  -1   -2     16.524     -8.753     -1.115
  -1   -2     16.524     -8.753     -1.115
  -1   -2     16.524     -8.753     -1.115
  -1   -2     16.524     -8.753     -1.115
  -1   -2     16.524     -8.753     -1.115
  -1   -2     16.524     -8.753     -1.115
  -1   -2     16.524     -8.753     -1.115
  -1   -2     16.524     -8.753     -1.115
  -1   -2     16.524     -8.753     -1.115
  -1   -2     16.524     -8.753     -1.115
  -1   -2     16.524     -8.753     -1.115
  -1   -2     16.524     -8.753     -1.115
  -1   -2     16.524     -8.753     -1.115
  -1   -2     16.524     -8.753     -1.115
 232    1     16.524     -8.753     -1.115
