179
   0    8     14.144     -8.660      9.923
  -1   -2     16.606     -8.781     -1.301
  -1   81     15.590     -8.247      6.798
   4   -2     -2.744     -7.338     -2.562
  -1    5     -0.814     -8.169      0.011
   6    6      2.302     -7.581     10.111
  -1   -2     15.544    -10.321     -3.868
  34   16     16.607     -2.968     -9.437
  27    7     17.208     -7.095      1.988
   8    9     20.428     -4.372     -3.426
   1   -2     13.934     -3.999     -3.479
  18   -2     18.689     -9.062     -2.137
  80   10     17.853     -7.512      4.756
  15   -2     16.524     -2.409     -9.872
  14   -2     16.580      2.690     -9.882
  12   14     15.714     -1.128      1.907
  -1   15     16.966      3.786    -10.826
  36   -2     -4.135     -7.609     -8.429
  10   49     16.631    -10.169    -10.412
  -1   -2     -4.884     -9.960      4.426
  31   73      5.100     -2.607      5.002
  39   19     11.017     -2.475      5.817
  24   -2     20.020     -6.354     -3.987
  50   12     18.152    -10.380     -6.370
  -1   40     19.391     -0.855     -6.089
  20   -2     19.767     -5.760     -4.511
  -1   -2      7.838     -1.477     -0.971
  -1   83     16.943     -7.785      6.456
   5   -2     -5.632     -6.521     -9.903
  -1   22     20.761     -4.808     -4.731
  -1   -2      4.695     -4.800      7.340
  41   34     13.012     -6.849      1.475
  63   32      6.500     -9.545     10.964
  -1   -2     14.301     -4.773      5.557
  -1   -2     -1.474     -6.133     -7.856
  87   11     10.611     -5.933      3.656
  -1   -2     13.324     -7.323      7.418
  64    2     -3.076     -4.797     -2.015
  -1   -2     -9.282    -10.560     -8.385
  -1   17      2.411     -1.991      4.883
  -1   38     -5.188    -10.743     -2.348
  65   -2     15.942     -9.576     -4.336
  -1   52    -11.980     -9.566     -6.478
  -1   -2      4.575     -6.684      7.286
 149  100      5.636     -8.509      6.185
  -1   -2     10.517      1.342      1.622
  -1   -2     -3.231     -9.001     -8.316
  48   31      9.663     -6.876      4.147
  -1   -2      9.429      0.194     -2.876
  -1   -2     15.052     -8.932      9.799
  45   21     15.830    -10.657     -9.441
  -1   -2      3.624     -8.988      5.613
  -1  141     13.808     -0.640     -1.127
  47   58     -6.633     -6.445     -8.224
  51   54     -4.653      2.226     -3.886
  59    4     19.326    -11.330     -5.030
  35   59    -12.045     -5.705     -3.172
  57   53    -10.467     -3.338     -8.802
  -1   -2     -5.970     -7.016    -10.361
  55   61     16.934     -2.080     -8.884
  29   57      9.827     -3.593      6.723
  56   62     12.541     -4.818    -11.664
  -1   63      9.389     -3.353      6.694
  -1   -2     -2.952     -9.355     -1.976
  19   67     -4.149     -8.619     -0.740
  -1   18     -2.719    -10.688      5.739
  -1   -2      5.550     -9.297     10.068
  -1   68     -2.933     -1.249     -3.108
  -1   23     18.931     -6.702     -7.238
  -1  175     16.526     -8.754     -1.117
  -1   -2     15.410     -8.274      7.009
  -1  152      7.838     -1.477     -0.971
  -1   -2     16.943     -7.785      6.456
  -1   -2      4.695     -4.800      7.340
  -1   -2     10.548     -8.162     -1.757
  -1   -2     -1.474     -6.133     -7.856
  28   -2     14.301     -4.773      5.557
  -1   -2     -9.282    -10.560     -8.385
  -1   -2     14.501     -0.677     -2.865
  46   94      4.575     -6.684      7.286
  37   43     10.517      1.342      1.622
  61    3     -3.231     -9.001     -8.316
  -1   -2      9.429      0.194     -2.876
  -1   -2     15.052     -8.932      9.799
  -1   -2     16.526     -8.754     -1.117
   3   -2     15.410     -8.274      7.009
  -1   -2      7.838     -1.477     -0.971
  -1   -2     16.943     -7.785      6.456
  -1   -2      4.695     -4.800      7.340
  -1   -2     10.548     -8.162     -1.757
  -1   -2     -1.474     -6.133     -7.856
  -1   -2     14.501     -0.677     -2.865
  32   69     -9.282    -10.560     -8.385
  -1   -2      4.575     -6.684      7.286
  -1   -2     15.052     -8.932      9.799
  -1   -2      9.429      0.194     -2.876
  -1   -2     16.526     -8.754     -1.117
  -1   -2      7.838     -1.477     -0.971
  68   27     16.943     -7.785      6.456
  -1   -2      4.695     -4.800      7.340
  70  112     10.548     -8.162     -1.757
  -1   -2     -1.474     -6.133     -7.856
  -1   -2     14.501     -0.677     -2.865
  -1   -2      4.575     -6.684      7.286
  -1   -2     15.052     -8.932      9.799
  -1   -2      9.429      0.194     -2.876
  -1   -2     16.526     -8.754     -1.117
  -1   -2      7.838     -1.477     -0.971
  -1   -2      4.695     -4.800      7.340
  -1   -2     -1.474     -6.133     -7.856
  -1   -2      4.575     -6.684      7.286
  -1   -2      9.429      0.194     -2.876
  96  108     15.052     -8.932      9.799
  -1   -2     16.526     -8.754     -1.117
  -1   -2      7.838     -1.477     -0.971
  -1   -2      4.575     -6.684      7.286
 108  120      9.429      0.194     -2.876
  -1   -2     16.526     -8.754     -1.117
  -1   -2      7.838     -1.477     -0.971
  -1   -2      4.575     -6.684      7.286
  -1   -2     16.526     -8.754     -1.117
  -1   -2      7.838     -1.477     -0.971
  -1   -2     14.501     -0.677     -2.865
  -1   -2      4.575     -6.684      7.286
  -1   -2     16.526     -8.754     -1.117
  -1   -2      7.838     -1.477     -0.971
  -1   -2     14.501     -0.677     -2.865
  -1   -2      4.575     -6.684      7.286
  -1   -2     16.526     -8.754     -1.117
  -1   -2      7.838     -1.477     -0.971
  -1   -2      4.575     -6.684      7.286
  -1   -2     16.526     -8.754     -1.117
  -1   -2      7.838     -1.477     -0.971
  -1   -2      4.575     -6.684      7.286
  -1   -2     16.526     -8.754     -1.117
  -1   -2      7.838     -1.477     -0.971
  -1   -2     14.501     -0.677     -2.865
  -1   -2      4.575     -6.684      7.286
  -1   -2     16.526     -8.754     -1.117
  -1   -2      7.838     -1.477     -0.971
  84   -2     14.501     -0.677     -2.865
  -1   -2      4.575     -6.684      7.286
  -1   -2     16.526     -8.754     -1.117
  -1   -2      7.838     -1.477     -0.971
  -1   -2      4.575     -6.684      7.286
  -1   -2     16.526     -8.754     -1.117
  -1   -2      7.838     -1.477     -0.971
  -1   -2      4.575     -6.684      7.286
  -1   -2     16.526     -8.754     -1.117
  -1   -2      7.838     -1.477     -0.971
  -1   -2      4.575     -6.684      7.286
  -1   -2     16.526     -8.754     -1.117
  -1   -2      7.838     -1.477     -0.971
  -1   -2      4.575     -6.684      7.286
  -1   -2     16.526     -8.754     -1.117
  -1   -2      7.838     -1.477     -0.971
  -1   -2      4.575     -6.684      7.286
  -1   -2     16.526     -8.754     -1.117
  77   -2      7.838     -1.477     -0.971
  -1   -2      4.575     -6.684      7.286
  -1   -2     16.526     -8.754     -1.117
  38  159      4.575     -6.684      7.286
  -1   -2     16.526     -8.754     -1.117
  -1   -2     16.526     -8.754     -1.117
  -1   -2     16.526     -8.754     -1.117
  -1   -2     16.526     -8.754     -1.117
  -1   -2     16.526     -8.754     -1.117
  -1   -2     16.526     -8.754     -1.117
  -1   -2     16.526     -8.754     -1.117
  -1   -2     16.526     -8.754     -1.117
  -1   -2     16.526     -8.754     -1.117
  -1   -2     16.526     -8.754     -1.117
  -1   -2     16.526     -8.754     -1.117
  -1   -2     16.526     -8.754     -1.117
  -1   -2     16.526     -8.754     -1.117
  -1   -2     16.526     -8.754     -1.117
  -1   -2     16.526     -8.754     -1.117
  -1   -2     16.526     -8.754     -1.117
   2    0     16.526     -8.754     -1.117
