235
   0    1      1.433     -1.935     -1.784
   1    0      0.147     -4.530      9.848
   2    2      4.798     -6.701      3.251
  -1   -2     -0.796     -5.315      2.240
  -1   -2      4.248     -6.664      3.539
   5    4      6.165     -3.678      5.056
  -1   -2      4.245     -2.373      0.807
  -1   -2      4.295     -1.421     -0.979
  -1   -2      5.633      0.918      8.100
   9  167     -0.973      0.017      1.257
  80   -2      0.862     -2.127      7.160
  12   -2      6.850     -6.515      9.702
  15   12     -2.541     -2.665     -6.416
  11   53     16.491    -10.133     -9.911
 176   16      6.908     -6.533     -3.638
  17   14     13.300     -4.225      7.149
  -1   -2      4.469      1.409     -9.475
 212   46     -2.414     -8.120      3.737
  20   18     15.164      1.261      8.534
  23   23     19.479     -6.927     -2.877
 141  130      8.987     -8.275     -9.308
  -1   -2      9.301     -7.819     -4.376
  -1   -2      3.805     -8.045      4.968
  51   25      5.066     -9.202      9.981
  30   -2     10.170     -4.224     -7.027
  27   21    -10.778     -2.698     -7.664
  -1   -2      6.632     -7.272      9.423
  -1   -2      7.168     -6.909      4.849
  49   99      4.064     -8.288     -5.276
  34   22     14.600     -6.947      9.320
  41   30      4.641     -1.534      8.933
 181   -2     16.437     -8.736     -1.208
  40   31     11.528      2.105     -3.976
  36   -2     -0.453     -7.789     -4.136
  -1   -2      4.267     -1.199      7.491
  42   37      8.161     -3.194      1.515
  -1   -2     17.752     -7.535      4.264
  81   -2      2.384     -9.612      6.425
  43   -2     -9.200     -5.657     -9.119
  35   15     15.023     -3.293      7.986
 148  128     10.621     -2.827      5.207
  38   17     19.263     -7.595     -2.513
  -1  163     20.082     -9.209     -3.375
  85   66      5.232     -6.322     -8.622
  56   -2      2.525     -4.501      1.099
  -1   96      1.679     -9.436      8.282
 117   -2     -1.221     -8.799      3.090
 113   -2     16.674     -8.141      4.119
  70   -2     15.849    -10.387     -3.843
  32  114      4.194     -6.691      2.324
  16   43     -9.828     -7.886      0.182
  52   97     -2.749     -7.338     -2.561
  -1   38     14.358     -5.035     -3.744
  87   -2     11.899     -8.358      2.782
  -1   86     14.718     -7.038     -6.629
  54   36     -0.818     -8.169      0.018
 130   -2      2.553    -10.561     -4.214
  -1   -2     16.898     -3.111     -8.437
 107   -2     17.094     -2.108     -8.279
 144   -2    -11.674     -9.841     -8.792
  -1   62     20.189     -7.941     -2.053
  -1  165      4.942     -3.102      8.903
  73   54      0.425     -9.100      5.716
  75   -2     18.327     -8.447      1.782
  66   58     -2.448     -8.763      8.671
  50   -2      7.929     -6.271      7.995
  69   74     14.683     -1.980     -5.273
  68  118      9.670    -10.942     -5.837
  77   59     11.908    -10.581     -2.843
 126   -2     -0.572     -8.621     -7.416
  -1   -2     13.694      1.407     -2.690
  -1   -2     11.616      1.473     -1.261
 131   60     12.657     -6.959     -0.253
  71   65     20.420     -4.375     -3.442
 159  122     -9.833    -10.701     -0.806
  -1  142     17.457     -3.568      1.867
 104   82      1.010     -8.176      6.179
 101   -2     13.933     -4.001     -3.478
  -1   29      0.172     -2.526      6.192
  -1   42     -7.304     -7.068     10.478
  -1   -2     11.703     -9.539      0.135
  10   -2     17.311     -8.083      2.044
  -1   56     11.947     -6.836      9.211
  -1   -2     17.711     -9.187     -3.492
  -1   28     -0.000     -8.815     10.681
  99  129     -7.304     -7.726      1.129
 138   -2      9.905     -9.160      6.604
  79   75     11.823      2.573     -6.086
  88   -2      0.623     -5.366      7.687
  -1   -2     -8.248     -7.151     -4.412
  84   -2     16.584      2.689     -9.890
  61  144     19.264     -9.686     -2.094
  -1   -2     18.920     -8.128      2.503
 145   -2     -9.715     -6.498     -7.733
  29   -2    -13.680     -9.100     -4.437
 163   90    -12.177     -6.471     -1.548
  -1   76     16.970      3.791    -10.843
  67   -2     19.935     -6.433     -2.993
  90   93     19.763     -5.760     -4.500
 166   -2     17.891     -0.935     -2.153
 153   -2    -11.579     -7.563      2.341
 102   87     11.719      1.122     -0.357
  96   88     -5.950     -7.423      7.759
  25   27     16.463     -8.770     -2.134
 100   -2      7.765     -9.967     -0.647
  59  150     11.012     -2.473      5.825
  91   -2     11.393     -1.819      2.884
 157   73      2.869     -6.968      3.091
  63   -2     12.227     -7.677     10.560
 105  103     19.388     -0.847     -6.082
 111   48     17.088     -4.536     -0.009
 110   32     -2.718     -5.286      2.228
  -1  108      2.554     -1.775      8.586
 158   -2      6.284     -5.735     -3.224
  -1   80      5.824     -6.309     -6.863
 109   -2     14.013     -5.647     -4.653
  -1  136    -11.301     -8.875    -10.376
 118   -2     -1.798     -7.736      5.645
  -1   34     12.396     -7.577     -3.607
  -1   -2     -4.145     -4.440    -11.257
  -1  161     20.626     -4.793     -5.248
  -1   -2      7.830     -1.477     -0.949
  47  116     14.132     -8.547      6.646
 133  156      4.631      4.419      9.738
  -1   -2     15.868     -9.017      8.703
  -1   70      4.476     -0.581      8.308
 125   -2    -11.236     -6.237    -11.302
  -1   -2      7.681     -1.580      6.554
  -1   72     -0.995     -8.588    -10.678
  -1   -2    -11.352     -0.100    -11.686
  78   -2     16.383    -10.195      0.330
 128  119    -10.514     -0.988      7.733
 152   -2      2.335     -0.567      7.391
  -1   -2     -0.229      2.312     -2.431
  55   52     14.323      1.071      5.639
  -1  132      7.701      4.837      5.457
 151  155     -3.112      1.985     -0.193
 129   -2      7.764      4.947      8.781
  -1   55     17.322    -10.949      0.345
  -1   64     14.053     -0.143     -1.040
  -1   71      9.885    -10.039    -10.163
  -1  126     11.114      5.068      5.221
 150   -2    -11.605      2.897     11.871
  -1   61     11.684     -8.623     -1.970
  -1   -2     -7.025     -2.618     -0.106
 137  151     -4.653      2.226     -3.884
  -1   -2      7.854     -0.079     -6.610
 149  158      1.872     -5.621      5.104
  -1   -2      6.339     -5.974      9.140
  -1   -2     16.283     -2.428      4.999
  -1   57      1.162     -3.414      2.539
 123  120      1.477      2.454     11.131
  -1   -2    -15.758     -3.244      8.332
 161  149    -13.518     -3.018      6.882
  -1   -2    -10.549     -1.106     -3.404
 124   -2    -12.167     -9.345      3.534
  -1   35      8.388     -2.869      4.326
 193   -2     10.072      5.978      6.414
  -1   -2    -15.547     -8.058     10.424
 156   92     19.979     -3.103      1.124
 162   91     17.606     -0.996      1.982
 106  140    -11.740     -8.259     -7.362
  -1   45     13.917    -10.117      5.928
  93   -2     -2.356      4.754     -6.043
  -1  101    -11.138     -5.699     -6.533
  -1   -2    -12.524     -4.507     -1.273
  -1   -2      1.491     -1.931     -1.979
  -1   -2      4.202     -6.644      3.770
  -1   -2      4.325     -1.415     -1.054
 174  177      5.641      0.916      7.987
  -1   -2     -2.685     -2.603     -6.009
  -1   -2      3.870     -8.037      4.901
  -1   -2     15.131      1.304      8.498
  -1  171      9.339     -7.807     -4.376
  -1   -2      6.644     -7.269      9.422
  -1   -2     -0.776     -8.572     -6.898
  -1  170     10.289     -4.210     -7.312
  -1  185     16.518     -8.752     -1.095
  64    6      0.057     -2.515      5.882
 121   -2      7.830     -1.477     -0.949
 140  131      1.634     -1.916     -2.401
  -1  192     -0.839     -5.317      2.319
 202  164     -0.726     -5.304      2.182
  -1   -2      4.273     -6.652      3.576
  19  178      4.478      1.412     -9.479
  -1   13      7.020     -6.885      5.412
 177   20      3.785     -8.028      5.058
  -1   -2      6.497     -7.253      9.863
  31   11      6.694     -7.247      9.306
 180  180     -9.134     -5.634     -9.282
 192  172     16.518     -8.752     -1.095
  -1   -2     -0.839     -5.317      2.319
  -1   -2     -0.726     -5.304      2.182
  -1   -2      4.273     -6.652      3.576
 194    8      4.313     -6.645      3.493
  -1   -2      4.269     -2.358      0.771
 199  191      4.355     -1.404     -1.141
  -1   -2      6.497     -7.253      9.863
  -1   -2      6.497     -7.253      9.863
  33   -2      9.334     -7.808     -4.405
  -1   -2      4.273     -6.652      3.576
 170  186      4.202     -6.644      3.770
 204  194      4.271     -2.366      0.766
  -1   -2      6.497     -7.253      9.863
  -1   -2      6.497     -7.253      9.863
  -1   -2      6.497     -7.253      9.863
  -1  204      4.606     -6.672      4.079
  -1   -2     -0.839     -5.317      2.319
  -1   -2     -0.726     -5.304      2.182
   3    3     -0.764     -5.306      2.199
  -1   -2      7.020     -6.885      5.412
  -1   -2      6.497     -7.253      9.863
  -1   -2      6.497     -7.253      9.863
  -1   -2      6.497     -7.253      9.863
  -1   -2      6.497     -7.253      9.863
  -1   -2      6.497     -7.253      9.863
  -1   -2      4.606     -6.672      4.079
  -1   -2      6.497     -7.253      9.863
  -1   -2      6.497     -7.253      9.863
  -1   -2      6.497     -7.253      9.863
  -1   -2      6.497     -7.253      9.863
  -1   -2      6.497     -7.253      9.863
 208   -2      6.497     -7.253      9.863
  -1   -2      7.020     -6.885      5.412
  -1   -2      4.606     -6.672      4.079
  -1   -2     -2.588     -8.073      4.459
 210   -2      7.020     -6.885      5.412
  -1   -2     -2.588     -8.073      4.459
  -1   -2      4.606     -6.672      4.079
  -1   -2     -2.588     -8.073      4.459
  -1   -2      4.606     -6.672      4.079
  -1   -2     -2.588     -8.073      4.459
 226   -2      4.606     -6.672      4.079
  -1   -2     -2.588     -8.073      4.459
  -1   -2     -2.588     -8.073      4.459
