49
  10   -2     13.990     -9.858     -1.346
  20   20     13.260     -8.462     -1.503
  21   -2     11.185     -9.694      0.094
  36    4     13.875    -11.144     -5.920
   3   -2     16.280     -9.271     -7.068
  34   16     10.214     -7.860      8.857
   4   11     10.554     -9.952      4.658
  -1   24     17.760    -10.626     -8.756
  -1   13     15.987    -10.307     -3.327
  28   10     15.457     -8.660     -6.078
  31   -2     14.891     -4.908     -4.794
  -1   -2      9.922     -8.417      5.149
  33   43     15.931     -7.375     -8.195
  25   33      0.076     -6.131     10.461
  12   15      9.314     -4.977      1.355
  -1   -2     16.441     -7.813      5.195
  11   18      9.979     -3.368      6.399
  42   -2     10.517     -5.218      4.657
  -1   30     -3.517    -10.409      2.020
  -1   50    -10.602    -10.094      1.646
  -1   19     -2.270     -6.738     -9.604
  23   47     -9.504     -4.670     -9.148
  18    0     16.889    -10.032     -3.043
  -1   -2     15.912    -11.672     -5.514
  -1   -2    -11.741     -8.460      4.003
   0   -2     12.851     -9.443     -0.247
   7   -2     -9.714     -7.964      0.803
  -1   26      3.738     -3.818      3.557
  -1   -2     -0.623    -10.287      8.381
  -1   48     13.488     -3.613     -0.183
  -1   -2     15.544     -8.064     -5.868
  -1   41     19.149    -10.053     -7.023
  -1   -2      9.679    -10.322     -3.821
  -1    1     16.719     -4.487     -4.083
   1    2     12.184     -9.521    -10.915
  -1   22     10.076     -7.269      5.080
  -1   28     17.541      3.823    -12.246
  -1   -2      4.916    -10.892      4.855
  29   39     16.884     -5.649     -6.069
  -1   -2     -2.914    -10.573     -9.889
  -1   37      4.463     -6.430      8.823
  27   31     10.085     -4.411      6.093
  -1   25     -1.513     -8.333      5.983
  37   27     -5.601     -8.939     -9.224
  -1   -2     -3.838     -8.695    -10.071
  39   -2    -10.929    -11.081     -1.150
  -1   14      8.127     -8.171      0.966
  24   29     -7.766     -9.985     -9.050
  44   -2      3.738     -3.818      3.557
