202
  51   -2     14.282    -10.136     -8.574
   0    0     17.954     -0.595     -2.097
   1    1     16.411     -0.170     -0.796
  -1   25     12.486     -8.456     -5.245
  43   -2     18.140     -7.052     -6.874
   4    3      6.128     -5.436     -9.115
  14   -2     15.883     -9.247     -5.055
  25   65     14.937     -3.369     -5.015
  -1   -2     14.385     -6.912     -5.844
  86   -2     16.948    -10.100     -4.760
  -1   11     15.700     -9.960     -6.957
  70   -2     11.760     -9.985     -5.309
   3   19     14.022     -8.793      5.004
  -1    4     19.061    -10.454     -5.383
  13   16     -2.742     -7.337     -2.562
  59   30      8.539     -1.643     -3.223
 113   -2     10.942     -8.002     -3.572
  48   -2     17.677     -4.649     -3.559
  -1   -2     -0.816     -8.171     -0.000
  26   22     16.904     -6.738     -6.357
 100   43      8.404     -7.428      1.956
  28    7     17.657     -9.139     -3.931
  19   20      2.302     -7.583     10.106
  36   -2     13.891     -6.086      0.474
  22   21     12.773      2.439      4.635
  21   23     20.418     -4.374     -3.450
  24    2     16.967     -4.453     -0.749
   2   -2     13.742     -8.470      8.371
   7   18     18.620     -9.896     -3.626
  33   40     20.292     -8.616     -2.706
  34   -2     17.976     -7.462      5.192
  -1   -2     18.063     -2.758     -3.378
 223   -2     13.920     -4.001     -3.447
  79  142      2.842    -10.456      6.909
  -1   -2     15.722     -1.127      1.934
  29   94      5.101     -2.605      5.000
  27   34     16.582      2.688     -9.886
  37   -2     17.287    -10.110     -8.331
  -1   -2     17.300     -9.095     -2.536
  63   46      2.936     -7.997     -1.781
  -1   -2     13.164    -10.354     -9.685
  54   38      8.189     -6.509     -2.690
  -1   -2     13.843     -5.871     10.476
  -1   44     19.417     -5.783     -5.893
  41   -2     20.016     -6.355     -3.972
  94   31     16.166     -6.623     -6.459
  87   42      0.361     -5.505      6.952
 136   -2      6.751     -9.563     10.188
  42   87     19.391     -0.853     -6.062
  32   -2     11.275     -8.427      4.140
  -1   -2     17.952     -1.689     -2.968
  12   91     -9.090     -8.485      1.498
  -1   45     16.953     -7.778      6.437
  71   52      7.435    -11.237      4.166
  76   54     -5.632     -6.523     -9.905
  -1   39     20.756     -4.801     -4.709
  -1  101      1.418     -8.151      9.945
  -1    9     11.638     -7.282     -3.258
  -1   56      4.278     -9.888     -4.391
   6   -2     15.408     -8.229      6.642
  -1   -2     -1.474     -6.137     -7.856
  -1   -2     20.257    -10.483     -2.238
  16   -2     -0.980     -8.584    -10.660
  -1   -2     -5.601     -1.946     -9.997
  -1   -2     18.715     -7.386     -1.294
  44   -2     10.518      1.342      1.623
  -1   -2    -11.979     -9.569     -6.484
  88  191      4.579     -6.684      7.295
  -1   -2     -3.222     -9.000     -8.289
  -1   -2     -5.191    -10.748     -2.345
  -1    8     13.899     -8.716      9.597
 103  106     -9.286    -10.565     -8.397
  45   83     -3.264    -10.806      7.358
  31   -2      9.359     -5.897     -5.017
  -1   67      9.430      0.191     -2.873
  -1   -2      3.622     -8.988      5.606
  -1   72     16.685      1.055      6.578
  -1   24     12.939    -10.180     -3.441
  -1   -2      7.496     -5.025     -8.988
  73   80     -4.655      2.220     -3.890
  18   82      0.471     -9.149     -5.003
  85   92    -10.471     -3.340     -8.810
  58   85    -10.880     -5.531     -7.589
  23   73     11.185     -3.772      9.212
  -1   62     -3.996     -2.306    -12.215
  81   86     12.538     -4.819    -11.656
  47   50     10.160     -6.624      5.876
  -1   -2      9.244      0.161     10.031
  -1   -2     13.106      2.217      7.407
  78   53     20.439     -5.384     -5.877
  -1   -2     15.163      3.690    -10.060
 160   -2     -3.760     -2.828     -8.993
  -1   -2      7.366      6.335      9.791
  -1   28      6.930     -2.195     -6.110
  -1   -2     12.390    -10.462    -11.517
  -1   29     18.814     -2.570     -1.182
  -1   -2      8.234     -4.544     -7.914
  -1  148     -9.097    -11.082      0.668
  10   93     16.493     -8.753     -1.043
  -1   -2     14.385     -6.912     -5.844
  -1   -2     -1.474     -6.137     -7.856
  -1   -2     -5.191    -10.748     -2.345
  -1   -2      4.579     -6.684      7.295
  -1   76     -3.222     -9.000     -8.289
  62   -2     -9.286    -10.565     -8.397
  67   -2      9.430      0.191     -2.873
  -1   -2     14.385     -6.912     -5.844
  -1   -2     -1.474     -6.137     -7.856
  -1  167     14.503     -0.678     -2.864
  -1   -2     -5.191    -10.748     -2.345
  -1   -2      4.579     -6.684      7.295
  -1   -2      5.635     -8.512      6.184
  -1   -2     -3.222     -9.000     -8.289
  -1   -2     14.385     -6.912     -5.844
  -1   -2     -1.474     -6.137     -7.856
  -1   -2     14.503     -0.678     -2.864
  -1   -2     -5.191    -10.748     -2.345
  -1   -2      5.635     -8.512      6.184
  -1   -2      4.579     -6.684      7.295
  -1   -2     -3.222     -9.000     -8.289
  -1   49      3.076    -10.455      6.280
  -1   -2     -1.474     -6.137     -7.856
  -1   -2     14.503     -0.678     -2.864
  -1   -2     -5.191    -10.748     -2.345
  -1   -2      5.635     -8.512      6.184
  -1   -2     -3.222     -9.000     -8.289
  -1   -2      4.579     -6.684      7.295
  -1   -2      3.076    -10.455      6.280
  -1   -2     -1.474     -6.137     -7.856
  -1   -2     -5.191    -10.748     -2.345
  -1   -2      4.579     -6.684      7.295
  -1   -2     -3.222     -9.000     -8.289
  -1   -2      5.635     -8.512      6.184
  -1   -2     -1.474     -6.137     -7.856
  -1   -2     -5.191    -10.748     -2.345
  -1   -2      4.579     -6.684      7.295
  -1   -2     -3.222     -9.000     -8.289
  -1   -2      3.076    -10.455      6.280
  -1   -2     -1.474     -6.137     -7.856
  -1   -2     14.503     -0.678     -2.864
  -1   -2     -5.191    -10.748     -2.345
  -1   -2      4.579     -6.684      7.295
  -1   -2     -3.222     -9.000     -8.289
 157   -2      3.076    -10.455      6.280
  -1   -2     -1.474     -6.137     -7.856
  -1   -2     -5.191    -10.748     -2.345
  -1   -2      4.579     -6.684      7.295
  -1   -2     -3.222     -9.000     -8.289
  -1   -2     -1.474     -6.137     -7.856
  -1   -2      4.579     -6.684      7.295
  -1   -2     -5.191    -10.748     -2.345
  -1   -2     -3.222     -9.000     -8.289
  -1   -2     -1.474     -6.137     -7.856
  -1   -2     14.503     -0.678     -2.864
  -1   -2      4.579     -6.684      7.295
 168   -2     -5.191    -10.748     -2.345
  -1   -2     -3.222     -9.000     -8.289
  98   -2     -1.474     -6.137     -7.856
  -1   -2     -3.222     -9.000     -8.289
  -1   -2      4.579     -6.684      7.295
  -1   -2     -3.222     -9.000     -8.289
  -1   -2      4.579     -6.684      7.295
  -1   -2     -3.222     -9.000     -8.289
  -1   -2      4.579     -6.684      7.295
  -1   -2     14.503     -0.678     -2.864
  -1   -2      4.579     -6.684      7.295
  -1   -2     -3.222     -9.000     -8.289
  -1   -2     14.503     -0.678     -2.864
  -1   -2      4.579     -6.684      7.295
 102  162     -3.222     -9.000     -8.289
  -1   -2      4.579     -6.684      7.295
  -1   -2     14.503     -0.678     -2.864
  -1   -2      4.579     -6.684      7.295
  -1   -2      4.579     -6.684      7.295
  -1   -2      4.579     -6.684      7.295
  -1   -2      4.579     -6.684      7.295
  -1   -2     14.503     -0.678     -2.864
  -1   -2      4.579     -6.684      7.295
  -1   -2      4.579     -6.684      7.295
  -1   -2     14.503     -0.678     -2.864
  -1   -2      4.579     -6.684      7.295
  -1   -2      4.579     -6.684      7.295
  -1   -2      4.579     -6.684      7.295
  -1   -2      4.579     -6.684      7.295
  -1   -2     14.503     -0.678     -2.864
  -1   -2      4.579     -6.684      7.295
  -1   -2     14.503     -0.678     -2.864
  -1   -2      4.579     -6.684      7.295
  39   32     14.503     -0.678     -2.864
  -1   -2      4.579     -6.684      7.295
  -1   -2      4.579     -6.684      7.295
  -1   -2      4.579     -6.684      7.295
  -1   -2      4.579     -6.684      7.295
  -1   -2      4.579     -6.684      7.295
  -1   -2      4.579     -6.684      7.295
  -1   -2      4.579     -6.684      7.295
  -1   -2      4.579     -6.684      7.295
  -1   -2      4.579     -6.684      7.295
  -1   -2      4.579     -6.684      7.295
  -1   -2      4.579     -6.684      7.295
  -1   -2      4.579     -6.684      7.295
  61   12      4.579     -6.684      7.295
