246
   5    0     -4.237     -8.907      5.640
 238    9     16.610     -8.782     -1.317
  23    2     15.587     -8.247      6.802
  49    3     -2.743     -7.338     -2.562
   3   -2     -5.614     -6.512    -10.163
  50    5      2.303     -7.581     10.111
  -1   -2     16.602     -2.970     -9.420
   7    7     20.424     -4.374     -3.435
  11   12     16.585      2.689     -9.891
  46    8     13.939     -4.007     -3.496
  -1   -2     15.714     -1.129      1.905
   9   -2     17.853     -7.512      4.736
  12   11     16.651    -10.175    -10.469
  36   15      5.105     -2.606      4.990
  10   -2     17.712     -9.187     -3.500
  62   -2     16.369     -2.452     -9.499
  22   -2     -9.559    -10.726      0.742
  19   18     11.010     -2.472      5.832
  18   -2     14.830    -10.105    -10.348
  20   17     19.766     -5.759     -4.509
  21   19     19.383     -0.845     -6.088
  -1   -2     16.958     -7.784      6.424
  -1   -2      7.841     -1.479     -0.978
  -1   -2      6.725     -9.533      9.755
  -1   24     20.761     -4.809     -4.731
  -1   -2      4.696     -4.801      7.340
  -1   29     10.536     -8.164     -1.799
  -1   27     13.016     -6.849      1.482
  -1   67    -12.047     -7.603     -5.225
  44   -2     10.612     -5.934      3.651
  -1   -2     -1.472     -6.131     -7.866
  -1   -2     14.290     -4.777      5.520
  31   30     -0.996     -8.587    -10.702
  34   34      2.411     -1.993      4.881
  35   33     -5.601     -1.945     -9.996
  -1   -2     -5.189    -10.749     -2.346
  67   37    -11.976     -9.566     -6.472
  38   39     18.723     -7.389     -1.314
  40   -2     10.036      1.314      0.072
  39   -2      5.637     -8.509      6.188
  -1   -2     -3.224     -8.999     -8.293
  -1   -2      9.266     -8.570      2.506
  -1   78      4.573     -6.683      7.278
  -1   -2     15.052     -8.934      9.795
  -1   -2      3.075    -10.453      6.287
  -1   81     14.826     -3.535     -5.731
 215   -2      9.430      0.194     -2.876
  -1   -2     16.676      3.692    -10.052
  -1   51     -1.725     -8.000     -2.979
  47   49     17.233     -9.267      1.111
  48   50      3.623     -8.988      5.609
  54   52     15.610    -10.817    -10.334
  -1   10     13.805     -0.640     -1.137
  51   54     10.843     -6.473      8.032
  55   57     -4.656      2.225     -3.893
  -1   -2     -7.899     -7.197     -3.534
  -1   68     13.146     -9.709      2.352
  60   56    -12.043     -5.705     -3.163
  65   -2      0.473     -9.149     -4.998
  -1   -2    -16.194    -10.203      4.626
  66    4    -10.469     -3.339     -8.804
  37   35    -11.491    -10.225     -7.064
  59   -2      9.828     -3.592      6.727
  63   62     12.542     -4.818    -11.671
  -1   60     16.935     -2.078     -8.870
  -1   -2     15.156      3.689    -10.037
  -1   -2      5.552     -9.298     10.070
  -1   66     -4.139     -8.618     -0.717
  71   -2      3.990     -1.574      2.103
  -1    6     16.878     -4.027    -10.343
  -1   -2     16.529     -8.754     -1.131
  -1  130     16.958     -7.784      6.424
  -1   46      7.841     -1.479     -0.978
  25   -2     20.761     -4.809     -4.731
  32   74      6.725     -9.533      9.755
  -1   -2      4.696     -4.801      7.340
  -1   -2     10.536     -8.164     -1.799
  -1   -2     -1.472     -6.131     -7.866
  -1   -2     14.290     -4.777      5.520
  33   75     -5.189    -10.749     -2.346
  89   99     -3.224     -8.999     -8.293
  -1   -2      4.573     -6.683      7.278
  -1   -2     15.052     -8.934      9.795
  -1  135      9.266     -8.570      2.506
  -1   -2     16.529     -8.754     -1.131
  -1   -2      7.841     -1.479     -0.978
  -1   -2     16.958     -7.784      6.424
  -1   -2      4.696     -4.801      7.340
  -1   -2     10.536     -8.164     -1.799
  -1   -2     -1.472     -6.131     -7.866
  64   -2     14.290     -4.777      5.520
  -1   -2     14.499     -0.676     -2.877
  -1   -2      4.573     -6.683      7.278
  -1   -2     15.052     -8.934      9.795
  -1   -2      9.266     -8.570      2.506
  -1   -2     16.529     -8.754     -1.131
  -1   -2      7.841     -1.479     -0.978
  -1   -2     16.958     -7.784      6.424
  -1   -2      4.696     -4.801      7.340
  -1   -2     10.536     -8.164     -1.799
  -1   -2     -1.472     -6.131     -7.866
  -1   -2      4.573     -6.683      7.278
  -1   -2     15.052     -8.934      9.795
  -1   -2      9.266     -8.570      2.506
  -1   -2     16.529     -8.754     -1.131
  81   13     16.958     -7.784      6.424
  -1   -2      7.841     -1.479     -0.978
  -1   -2     10.536     -8.164     -1.799
  -1   -2      4.696     -4.801      7.340
  -1   -2     -1.472     -6.131     -7.866
  -1   -2     14.499     -0.676     -2.877
  -1   -2      4.573     -6.683      7.278
  -1   -2     15.052     -8.934      9.795
  -1   -2      9.266     -8.570      2.506
  -1   -2     16.529     -8.754     -1.131
  -1   -2      7.841     -1.479     -0.978
  -1   -2     10.536     -8.164     -1.799
  27   -2      4.696     -4.801      7.340
  -1   -2     -1.472     -6.131     -7.866
  -1   -2      4.573     -6.683      7.278
  -1   -2     15.052     -8.934      9.795
  -1   -2      9.266     -8.570      2.506
  -1   -2     16.529     -8.754     -1.131
  -1   -2      7.841     -1.479     -0.978
  -1   -2     10.536     -8.164     -1.799
  -1   -2     -1.472     -6.131     -7.866
  -1   -2      4.573     -6.683      7.278
  -1   -2     15.052     -8.934      9.795
  26   -2      9.266     -8.570      2.506
  -1   -2     16.529     -8.754     -1.131
  -1   -2      7.841     -1.479     -0.978
  -1   -2     10.536     -8.164     -1.799
  -1   -2     -1.472     -6.131     -7.866
  -1   -2      4.573     -6.683      7.278
  -1   -2     15.052     -8.934      9.795
  -1   -2     16.529     -8.754     -1.131
  -1   -2      7.841     -1.479     -0.978
  -1   -2     10.536     -8.164     -1.799
  -1   -2     -1.472     -6.131     -7.866
  -1   -2     14.499     -0.676     -2.877
  -1   -2      4.573     -6.683      7.278
  -1   -2     15.052     -8.934      9.795
  -1   -2     16.529     -8.754     -1.131
  -1   -2      7.841     -1.479     -0.978
  -1   -2     10.536     -8.164     -1.799
  -1   -2     -1.472     -6.131     -7.866
  -1   -2     14.499     -0.676     -2.877
  -1   -2      4.573     -6.683      7.278
  -1   -2     15.052     -8.934      9.795
  -1   -2     16.529     -8.754     -1.131
  -1   -2      7.841     -1.479     -0.978
 150   71     10.536     -8.164     -1.799
  -1   -2     -1.472     -6.131     -7.866
  -1   -2     14.499     -0.676     -2.877
  -1   -2      4.573     -6.683      7.278
  -1   -2     16.529     -8.754     -1.131
  -1   -2      7.841     -1.479     -0.978
 136  145     -1.472     -6.131     -7.866
  -1   -2      4.573     -6.683      7.278
  -1   -2     16.529     -8.754     -1.131
  -1   -2      7.841     -1.479     -0.978
  -1   -2     14.499     -0.676     -2.877
  -1   -2      4.573     -6.683      7.278
  -1   -2     16.529     -8.754     -1.131
  -1   -2      7.841     -1.479     -0.978
  -1   -2      4.573     -6.683      7.278
  -1   -2     16.529     -8.754     -1.131
  -1   -2      7.841     -1.479     -0.978
  -1   -2     14.499     -0.676     -2.877
  -1   -2      4.573     -6.683      7.278
  -1   -2     16.529     -8.754     -1.131
  -1   -2      7.841     -1.479     -0.978
  -1   -2     14.499     -0.676     -2.877
  -1   -2      4.573     -6.683      7.278
  -1   -2     16.529     -8.754     -1.131
  -1   -2      7.841     -1.479     -0.978
  -1   -2     16.529     -8.754     -1.131
  -1   -2      7.841     -1.479     -0.978
  -1   -2      4.573     -6.683      7.278
  -1   -2     16.529     -8.754     -1.131
  -1   -2      7.841     -1.479     -0.978
  -1   -2      4.573     -6.683      7.278
  -1   -2     16.529     -8.754     -1.131
  -1   -2      7.841     -1.479     -0.978
  -1   -2      4.573     -6.683      7.278
  -1   -2     16.529     -8.754     -1.131
  -1   -2      7.841     -1.479     -0.978
  -1   -2      4.573     -6.683      7.278
  -1   -2     16.529     -8.754     -1.131
  -1   -2      7.841     -1.479     -0.978
  -1   -2     14.499     -0.676     -2.877
  -1   -2      4.573     -6.683      7.278
  -1   -2     16.529     -8.754     -1.131
  -1   -2      7.841     -1.479     -0.978
  -1   -2      4.573     -6.683      7.278
  -1   -2     16.529     -8.754     -1.131
  -1   -2      7.841     -1.479     -0.978
  53   -2     14.499     -0.676     -2.877
  -1   -2      4.573     -6.683      7.278
  -1   -2     16.529     -8.754     -1.131
  -1   -2      7.841     -1.479     -0.978
  -1   -2      4.573     -6.683      7.278
  -1   -2     16.529     -8.754     -1.131
  -1   -2      7.841     -1.479     -0.978
  -1   -2      4.573     -6.683      7.278
  -1   -2     16.529     -8.754     -1.131
  -1   -2      7.841     -1.479     -0.978
  -1   -2      4.573     -6.683      7.278
  -1   -2     16.529     -8.754     -1.131
  -1   -2      7.841     -1.479     -0.978
  -1   -2      4.573     -6.683      7.278
  -1   -2     16.529     -8.754     -1.131
  -1   -2      7.841     -1.479     -0.978
  -1   -2      4.573     -6.683      7.278
  -1   -2     16.529     -8.754     -1.131
  -1   -2      7.841     -1.479     -0.978
  -1   -2      4.573     -6.683      7.278
  -1   -2     16.529     -8.754     -1.131
  -1   -2      7.841     -1.479     -0.978
  -1   -2      4.573     -6.683      7.278
  -1   -2     16.529     -8.754     -1.131
  -1   -2      7.841     -1.479     -0.978
  -1   -2      4.573     -6.683      7.278
  -1   -2     16.529     -8.754     -1.131
  -1   -2     16.529     -8.754     -1.131
  -1   -2      4.573     -6.683      7.278
  -1   -2     16.529     -8.754     -1.131
  80   72      4.573     -6.683      7.278
  -1   -2     16.529     -8.754     -1.131
  -1   -2     16.529     -8.754     -1.131
  -1   -2     16.529     -8.754     -1.131
  -1   -2     16.529     -8.754     -1.131
  -1   -2     16.529     -8.754     -1.131
  -1   -2     16.529     -8.754     -1.131
  -1   -2     16.529     -8.754     -1.131
  -1   -2     16.529     -8.754     -1.131
  -1   -2     16.529     -8.754     -1.131
  -1   -2     16.529     -8.754     -1.131
  -1   -2     16.529     -8.754     -1.131
  -1   -2     16.529     -8.754     -1.131
  -1   -2     16.529     -8.754     -1.131
  -1   -2     16.529     -8.754     -1.131
  -1   -2     16.529     -8.754     -1.131
  -1   -2     16.529     -8.754     -1.131
  -1   -2     16.529     -8.754     -1.131
   0  246     16.529     -8.754     -1.131
