275
  -1   -2     16.607     -8.782     -1.308
   2    1     15.589     -8.248      6.797
   3    2     -2.744     -7.337     -2.556
  -1   93     -9.833     -8.411      3.250
  -1   -2      2.300     -7.582     10.103
  19   -2     15.782     -5.015     -7.447
   7    8     20.417     -4.376     -3.446
  52   11     16.638    -10.172    -10.432
   0   15     -4.640     -9.517      4.932
  10   -2     13.920     -3.999     -3.446
  11   -2     17.713     -9.186     -3.505
  16   -2     16.518     -2.409     -9.853
  13   -2     16.584      2.690     -9.891
 147   14     17.853     -7.513      4.744
  14   -2     15.713     -1.132      1.898
  70   -2      5.098     -2.604      5.008
  -1   65     19.390     -0.854     -6.077
  28   18     11.012     -2.473      5.828
  -1   21     14.835    -10.105    -10.361
  20   24     19.763     -5.761     -4.521
  -1   -2     16.958     -7.784      6.420
  95   23      7.843     -1.478     -0.985
   5   41     -5.632     -6.522     -9.901
  25   19     20.760     -4.808     -4.728
  -1   -2     10.534     -8.164     -1.806
  -1   -2      4.696     -4.799      7.340
  -1  115      6.724     -9.531      9.750
  29   76     -1.474     -6.132     -7.867
  -1   -2     10.611     -5.934      3.652
  30   34     -0.997     -8.587    -10.704
  -1   50     11.496     -5.521     -4.122
  31   36      2.411     -1.993      4.882
  33   37     -5.600     -1.945     -9.998
  -1   39    -11.974     -9.568     -6.467
 217   -2     16.508     -2.976     -9.148
  21   42     18.723     -7.391     -1.317
  -1   38     10.517      1.343      1.622
  -1  146     15.050     -8.935      9.794
  -1   -2     -3.228     -9.001     -8.305
  -1   -2      4.574     -6.683      7.282
  -1   -2      9.269     -8.569      2.493
  -1   88      5.638     -8.512      6.187
  -1   -2      9.430      0.193     -2.871
  68   43     -5.185    -10.740     -2.360
  44   -2     -1.731     -8.000     -2.992
  -1   12     14.822     -3.541     -5.721
  49   51      3.623     -8.988      5.608
  47   52     17.230     -9.266      1.113
  41  216     13.811     -0.642     -1.129
  -1    6      1.462     -5.250      9.705
  -1   54     15.609    -10.817    -10.333
  46   57     10.845     -6.471      8.025
   6   -2     -2.139     -8.738      9.439
  50    9     16.678      3.691    -10.055
  -1   -2      9.826     -3.583      6.728
  38   67     -4.020     -5.219      9.976
  -1   81     12.542     -6.944     -0.123
  53   20     -7.898     -7.199     -3.537
  55   60     -4.654      2.226     -3.886
  -1    4    -10.468     -3.335     -8.807
  -1   -2      0.470     -9.149     -5.007
  -1   58    -12.047     -5.709     -3.166
  60   16      1.681     -9.860     10.035
  34   64     12.527     -4.817    -11.631
  -1   33     11.189     -3.771      9.213
  18   17     16.936     -2.080     -8.879
  -1   -2     15.158      3.693    -10.047
  51   -2     14.206      0.729     -4.045
  -1   -2      9.417    -10.407     -5.209
  63   -2     -4.153     -8.625     -0.756
  64   -2      5.552     -9.295     10.063
  67   70     -9.096    -11.081      0.671
  -1   10     16.521     -8.753     -1.109
  -1   -2     16.958     -7.784      6.420
  -1   -2      7.843     -1.478     -0.985
  -1  191     10.534     -8.164     -1.806
  15  256      4.696     -4.799      7.340
  -1   -2     11.496     -5.521     -4.122
  80   80      5.638     -8.512      6.187
  -1   -2     -3.228     -9.001     -8.305
  -1   -2      4.574     -6.683      7.282
  -1   -2     15.050     -8.935      9.794
  -1   -2      9.430      0.193     -2.871
  -1   -2      9.269     -8.569      2.493
  56   59    -10.468     -3.335     -8.807
  -1   -2     16.521     -8.753     -1.109
  -1   -2     16.958     -7.784      6.420
  -1   -2      7.843     -1.478     -0.985
  -1   66      6.724     -9.531      9.750
  -1   -2     10.534     -8.164     -1.806
  -1   -2     -3.228     -9.001     -8.305
  -1   -2      4.574     -6.683      7.282
  -1   -2     15.050     -8.935      9.794
  -1   -2      9.269     -8.569      2.493
  -1   -2      9.430      0.193     -2.871
  -1   -2     16.521     -8.753     -1.109
  83   72     -9.810     -8.402      3.174
  -1   -2      7.843     -1.478     -0.985
  -1   -2     16.958     -7.784      6.420
  -1   -2     10.534     -8.164     -1.806
  -1   -2      6.724     -9.531      9.750
  -1   -2     14.504     -0.676     -2.867
  -1   -2      4.574     -6.683      7.282
  -1   -2     -3.228     -9.001     -8.305
  -1   -2     15.050     -8.935      9.794
  -1   -2      9.269     -8.569      2.493
  81   74      9.430      0.193     -2.871
  -1   -2     16.521     -8.753     -1.109
  -1   -2     16.958     -7.784      6.420
  -1   -2      7.843     -1.478     -0.985
  -1   -2      6.724     -9.531      9.750
  -1   -2     10.534     -8.164     -1.806
  -1   -2     14.504     -0.676     -2.867
  -1   -2      4.574     -6.683      7.282
 122  127     -3.228     -9.001     -8.305
  -1   -2     15.050     -8.935      9.794
  -1   -2      9.269     -8.569      2.493
  -1   -2     16.521     -8.753     -1.109
  78   -2     16.958     -7.784      6.420
  -1   -2      7.843     -1.478     -0.985
  -1   -2     10.534     -8.164     -1.806
  -1   -2      4.574     -6.683      7.282
  -1   -2     15.050     -8.935      9.794
  -1   -2      9.269     -8.569      2.493
  -1   -2     16.521     -8.753     -1.109
  -1   -2      7.843     -1.478     -0.985
  -1   -2      6.724     -9.531      9.750
  -1   -2     10.534     -8.164     -1.806
  -1   -2     14.504     -0.676     -2.867
  -1   -2      4.574     -6.683      7.282
  -1   -2     15.050     -8.935      9.794
  -1   -2      9.269     -8.569      2.493
  -1   -2     16.521     -8.753     -1.109
  -1   -2      7.843     -1.478     -0.985
  -1   -2      6.724     -9.531      9.750
  -1   -2     10.534     -8.164     -1.806
  -1   -2      4.574     -6.683      7.282
  -1   -2      9.269     -8.569      2.493
  -1   -2     16.521     -8.753     -1.109
  -1   -2      7.843     -1.478     -0.985
 119   -2      6.724     -9.531      9.750
  -1   -2     10.534     -8.164     -1.806
  -1   -2      9.269     -8.569      2.493
  -1   -2      4.574     -6.683      7.282
  -1   -2     16.521     -8.753     -1.109
  -1   -2      7.843     -1.478     -0.985
  -1   -2     10.534     -8.164     -1.806
  -1   -2      4.574     -6.683      7.282
  -1   -2      9.269     -8.569      2.493
  -1   -2     16.521     -8.753     -1.109
  -1   -2      7.843     -1.478     -0.985
  -1   -2     10.534     -8.164     -1.806
  -1   -2     14.504     -0.676     -2.867
  -1   -2      4.574     -6.683      7.282
  -1   -2      9.269     -8.569      2.493
  -1   -2     16.521     -8.753     -1.109
  -1   -2      7.843     -1.478     -0.985
  -1   -2     10.534     -8.164     -1.806
  -1   -2      4.574     -6.683      7.282
  -1   -2      9.269     -8.569      2.493
  -1   -2     16.521     -8.753     -1.109
  -1   -2      7.843     -1.478     -0.985
  -1   -2     10.534     -8.164     -1.806
  -1   -2     14.504     -0.676     -2.867
  -1   -2      4.574     -6.683      7.282
  -1   -2      9.269     -8.569      2.493
  -1   -2     16.521     -8.753     -1.109
  -1   -2      7.843     -1.478     -0.985
  -1   -2     10.534     -8.164     -1.806
  -1   -2      4.574     -6.683      7.282
 180   -2      9.269     -8.569      2.493
  -1   -2     16.521     -8.753     -1.109
  -1   -2      7.843     -1.478     -0.985
  -1   -2     10.534     -8.164     -1.806
  -1   -2      4.574     -6.683      7.282
  -1   -2     16.521     -8.753     -1.109
  -1   -2      7.843     -1.478     -0.985
  -1   -2     10.534     -8.164     -1.806
  -1   -2      4.574     -6.683      7.282
  -1   -2     16.521     -8.753     -1.109
  -1   -2      7.843     -1.478     -0.985
  26   75     10.534     -8.164     -1.806
  -1   -2     14.504     -0.676     -2.867
  -1   -2      4.574     -6.683      7.282
  -1   -2     16.521     -8.753     -1.109
  -1   -2      7.843     -1.478     -0.985
  -1   -2     14.504     -0.676     -2.867
  -1   -2      4.574     -6.683      7.282
  -1   -2     16.521     -8.753     -1.109
  -1   -2      7.843     -1.478     -0.985
  -1   -2     14.504     -0.676     -2.867
  -1   -2      4.574     -6.683      7.282
  -1   -2     16.521     -8.753     -1.109
  -1   -2      7.843     -1.478     -0.985
  -1   -2      4.574     -6.683      7.282
  -1   -2     16.521     -8.753     -1.109
  -1   -2      7.843     -1.478     -0.985
  -1   -2     14.504     -0.676     -2.867
  -1   -2      4.574     -6.683      7.282
  -1   -2     16.521     -8.753     -1.109
  -1   -2      7.843     -1.478     -0.985
  -1   -2      4.574     -6.683      7.282
  -1   -2     16.521     -8.753     -1.109
  -1   -2      7.843     -1.478     -0.985
  -1   -2     14.504     -0.676     -2.867
  -1   -2      4.574     -6.683      7.282
  -1   -2     16.521     -8.753     -1.109
  -1   -2      7.843     -1.478     -0.985
  -1   86     14.504     -0.676     -2.867
  -1   -2      4.574     -6.683      7.282
  -1   -2     16.521     -8.753     -1.109
  -1   -2      7.843     -1.478     -0.985
  -1   -2     16.521     -8.753     -1.109
  -1   -2      7.843     -1.478     -0.985
  -1   -2      4.574     -6.683      7.282
  -1   -2     16.521     -8.753     -1.109
  -1   -2      7.843     -1.478     -0.985
  -1   -2      4.574     -6.683      7.282
  -1   -2     16.521     -8.753     -1.109
  -1   -2      7.843     -1.478     -0.985
  -1   -2      4.574     -6.683      7.282
  -1   -2     16.521     -8.753     -1.109
  -1   -2      7.843     -1.478     -0.985
  -1   -2      4.574     -6.683      7.282
  -1   -2     16.521     -8.753     -1.109
  -1   -2      7.843     -1.478     -0.985
  -1   -2      4.574     -6.683      7.282
  -1   -2     16.521     -8.753     -1.109
  -1   -2      7.843     -1.478     -0.985
  -1   -2      4.574     -6.683      7.282
  -1   -2     16.521     -8.753     -1.109
  -1   -2      7.843     -1.478     -0.985
  -1   -2      4.574     -6.683      7.282
  -1   -2     16.521     -8.753     -1.109
  -1   -2      7.843     -1.478     -0.985
  -1   -2      4.574     -6.683      7.282
  -1   -2     16.521     -8.753     -1.109
  -1   -2      7.843     -1.478     -0.985
  -1   -2      4.574     -6.683      7.282
  -1   -2     16.521     -8.753     -1.109
  -1   -2      7.843     -1.478     -0.985
  -1   -2      4.574     -6.683      7.282
  -1   -2     16.521     -8.753     -1.109
  -1   -2      7.843     -1.478     -0.985
  -1   -2      4.574     -6.683      7.282
  -1   -2     16.521     -8.753     -1.109
  -1   -2      7.843     -1.478     -0.985
  -1   -2      4.574     -6.683      7.282
  -1   -2     16.521     -8.753     -1.109
  -1   -2      7.843     -1.478     -0.985
  -1   -2     16.521     -8.753     -1.109
  -1   -2      7.843     -1.478     -0.985
  -1   -2     16.521     -8.753     -1.109
 258  260      7.843     -1.478     -0.985
  -1   -2     16.521     -8.753     -1.109
  -1   -2     16.521     -8.753     -1.109
  -1   -2     16.521     -8.753     -1.109
  -1   -2     16.521     -8.753     -1.109
  -1   -2     16.521     -8.753     -1.109
  -1   -2     16.521     -8.753     -1.109
  -1   -2     16.521     -8.753     -1.109
  -1   -2     16.521     -8.753     -1.109
  -1   -2     16.521     -8.753     -1.109
  -1   -2     16.521     -8.753     -1.109
  -1   -2     16.521     -8.753     -1.109
  -1   -2     16.521     -8.753     -1.109
  -1   -2     16.521     -8.753     -1.109
  -1   -2     16.521     -8.753     -1.109
  -1   -2     16.521     -8.753     -1.109
  -1   -2     16.521     -8.753     -1.109
  -1   -2     16.521     -8.753     -1.109
  -1   -2     16.521     -8.753     -1.109
  -1   -2     16.521     -8.753     -1.109
  -1   -2     16.521     -8.753     -1.109
  69  283     16.521     -8.753     -1.109
