198
  -1   -2      0.671     -1.862     -1.116
   1    1     -2.279     -6.049      9.365
  -1    2     -2.028     -5.780      2.814
   3  150      5.915     -3.202      4.126
  -1    6      3.718     -2.596      1.059
   5    5      3.664     -7.322      4.234
   6  152      0.053     -2.219      8.103
  -1   -2      3.756     -1.484     -0.899
 161   24     19.050    -10.115     -5.628
  -1   -2      5.439      1.256      8.188
   9  172     -2.181      0.120      1.586
 177   -2      3.667     -8.244      6.447
  41   -2     14.077     -4.074     -4.152
  11   10     -3.766     -2.954     -6.858
  13  157     16.015     -3.167      7.688
  15   54     13.665     -5.852      7.308
  19  159     16.120      2.141      7.990
  17  116      3.959      1.605    -10.400
  18   17      8.985     -9.207    -10.011
  -1   14      7.114     -7.137     -2.615
  -1   15     10.385     -4.325     -5.821
 191   -2      3.209     -8.337      4.457
  70   48      5.436     -8.088      9.541
  50   39     20.576     -4.366     -3.351
 185   19      9.335     -8.423     -2.939
  82  164      5.515     -6.745     -7.514
  32   -2     13.001    -10.050      4.110
  23  182    -12.781     -2.938     -8.320
  27   21     10.890     -0.719     -4.717
  29   23      4.628     -3.470      8.930
  22   20     18.613     -8.134     -4.452
  53   -2      9.091     -7.762      4.935
  30   26     11.371     -1.556     -1.395
  85   67      9.529     -4.597      1.083
  92   -2    -10.746     -5.991     -8.832
  74   -2      8.812     -4.427      9.585
  73   28     10.219      1.951     -6.176
  42   56     15.253     -7.825      6.528
  40   -2     14.941     -3.369     -5.001
  56   46      5.118     -7.494     10.634
  -1   -2     16.605     -8.781     -1.295
 104   36     -5.968     -8.434      7.821
 113  181      2.428     -6.909      5.762
  -1   -2     15.326      1.132      4.565
  61   -2     15.588     -8.247      6.805
  87   -2     11.345    -11.106    -10.085
  48   40     -2.745     -7.337     -2.552
 130   57     11.006    -10.348     -0.328
 156   -2      1.826     -4.398      5.987
 146   -2     15.385     -6.782      6.551
  -1  102     11.595     -0.044      2.477
  -1  167      9.663     -2.660      7.195
  -1   -2     -5.616     -6.512    -10.166
  78   92      0.198     -3.395      6.880
  59   84     -0.817     -8.166      0.015
  66   51      9.679     -5.948     -5.874
  -1   33     18.016    -10.957     -9.517
 114   16     14.526     -6.986     -5.330
 152   -2     13.956      3.031     -3.352
 151   -2    -12.624     -7.530     -8.218
  26   -2     -2.710     -9.498      4.872
  51   58     -6.354     -9.671      2.330
 126   -2    -11.865     -9.875     -9.886
 129   47     -2.665     -8.989     -3.619
 187   81     17.706     -9.186     -3.473
  -1   -2     -2.803     -2.352      9.370
  -1   62     17.854     -7.513      4.765
  -1   -2      1.156     -1.287      7.999
  -1   -2      1.607     -9.493     -4.652
  38   13      2.787     -9.288      4.651
  45   -2     19.442     -9.914     -3.627
 148   -2     -1.111     -2.458     -9.211
  -1   -2     -6.088     -7.901     -2.939
  34   77      0.113     -9.880     -1.217
  68   -2     -3.526     -9.220      6.299
  52   75      9.203     -8.183      8.157
  -1   -2      8.659    -10.097      1.731
  25   -2     12.889     -9.662      2.981
  -1  126    -10.665     -0.703      1.011
  37   30     12.084     -6.362     -4.742
  -1   -2     -7.169     -9.143     -9.746
  58   63     13.964     -5.961     -5.905
  35   49     -0.408     -9.411     -7.735
  -1   85     16.094     -2.797     -8.889
  -1   -2      4.003     -2.447      6.494
  88   69     16.404     -1.110     -2.413
  63  141    -11.611     -0.396     -1.985
  84  140     17.710     -4.531     -4.673
  96   29      6.333     -3.710      1.755
  -1   -2     13.554     -8.557      8.380
  89   76     19.766     -5.760     -4.506
 106   65     18.599     -8.153     -0.623
  -1   83     12.564     -9.371      7.154
 111  146     17.933     -3.540     -5.616
 110   -2     -3.516     -6.980     -6.767
  -1   90     -7.208     -7.666      8.033
 149   96     19.391     -0.831     -6.054
  -1   -2     -6.805     -7.135     -7.549
  -1   -2    -10.128     -3.243     -6.321
  -1   72      8.864     -9.259      6.610
 108  129     -9.584     -3.474      2.250
  -1  128      8.244      4.868      4.363
 160  120     11.730      1.723      2.207
  98  105      2.273     -9.676      5.022
 103   -2     -5.979     -8.159     -1.129
 139   64     16.090     -9.321      3.638
  -1  125      7.838     -1.477     -0.978
  -1   -2     17.338     -1.583      7.328
  64   87     12.714     -8.681      7.162
  -1  139     -8.709    -10.428    -12.020
  -1   -2      2.991     -0.308     -7.638
 122   25     -4.771     -5.873    -11.260
  72   95     -0.015     -8.953      6.385
 154   -2      4.013     -1.434     -8.515
  -1   -2     19.186      1.481      1.532
 127   -2    -11.813     -9.651      3.034
 128  115    -12.998     -8.124      4.950
  -1   -2     18.163     -4.418      8.408
  67   -2    -10.835     -7.373      2.431
 102   -2     -8.650     -1.865     -1.424
  -1  106     -7.781     -0.469     11.767
 168  104     -1.110      1.427     -9.388
 159   -2      8.241      6.239      7.547
  -1   -2      0.163    -10.581      2.368
  -1   12    -12.394     -7.664    -11.640
  -1   -2     18.836      1.492     -7.619
  -1   53    -13.084    -10.779     -3.764
  -1  127     -4.653      2.227     -3.893
  -1   -2      0.986      1.770      0.978
 107   82     15.772     -0.357     -7.996
 116   89     16.323    -10.261      5.418
  -1  107    -12.041     -5.701     -3.189
  -1   -2     20.521      2.527     -2.329
 140   -2     20.224      4.115     -6.881
  57   -2    -12.103     -6.864    -10.038
  65  124     16.947     -2.077     -8.836
  79   -2     16.173      1.424     -7.157
 135   -2      2.622      1.009     10.119
 155   86      9.460      5.520      6.361
 119   -2    -11.319     -8.302     -6.329
  -1  108     19.084     -7.475      5.079
  -1   -2     15.304     -3.643      9.454
  -1  136      6.491     -6.963     -9.245
  -1   38     15.485     -6.059     10.414
  -1   -2     -8.247     -9.958      2.614
  -1   -2      8.130      0.780      8.056
  -1   -2     -8.322     -6.916     -4.610
  -1  123      2.887      0.282     11.021
 124   -2     12.190      2.279     -9.281
  -1   31     17.506    -10.635      2.241
  -1  142      8.891      2.979     -8.859
 170  174      0.720     -1.859     -1.213
  -1   -2      3.770     -2.581      1.033
  -1  186      3.775     -1.470     -0.885
  -1  177      5.447      1.266      8.132
  -1   -2     -2.151      0.134      1.517
  16   -2      7.141     -7.119     -2.526
  -1   -2     10.413     -4.311     -5.885
  -1   -2     16.523     -8.752     -1.107
 180  173     15.326      1.132      4.565
  -1  165      5.378     -6.771     -7.933
  -1   -2    -10.708     -5.965     -8.833
  -1   -2     -1.992     -5.766      2.839
  -1   -2      3.744     -2.586      1.076
  -1   -2     -2.151      0.134      1.517
 175  156     -2.151      0.134      1.517
  21  160     10.366     -4.324     -5.917
 199  187      9.310     -8.404     -2.716
  -1   -2     16.523     -8.752     -1.107
  -1   -2      3.561     -7.295      4.647
  -1   -2      3.744     -2.586      1.076
  -1   -2      3.775     -1.470     -0.885
 184    8      5.439      1.256      8.188
 192   -2    -10.708     -5.965     -8.833
  -1   -2     16.523     -8.752     -1.107
  -1   -2      3.561     -7.295      4.647
  -1   -2      3.775     -1.470     -0.885
  -1   -2      3.744     -2.586      1.076
  43  179     16.523     -8.752     -1.107
 201  189      3.561     -7.295      4.647
  -1   -2      3.744     -2.586      1.076
  -1   -2      3.744     -2.586      1.076
  -1   -2      3.744     -2.586      1.076
  -1   -2      3.744     -2.586      1.076
 198    7      3.752     -1.485     -0.826
   2  149     -1.967     -5.785      2.673
  -1   -2      3.744     -2.586      1.076
 202  168      3.744     -2.586      1.076
  -1   -2      4.179     -8.368      5.060
  -1   -2      4.179     -8.368      5.060
  -1   -2      4.179     -8.368      5.060
  -1   -2      4.179     -8.368      5.060
  -1   -2      4.179     -8.368      5.060
  -1   -2      4.179     -8.368      5.060
  -1   -2      4.179     -8.368      5.060
  -1   -2      4.179     -8.368      5.060
  -1   -2      4.179     -8.368      5.060
 210  196      4.179     -8.368      5.060
