120
   0    0     17.051     -2.407     -9.989
   1    1     15.608     -2.836      3.190
   3    2      0.709      1.353      9.737
   2    3      1.431     -5.309      5.073
   5    4     -9.804     -0.934     -2.617
   4    5      6.753     -2.276     10.343
  48   -2     -6.821     -4.353     -8.414
  17   59     16.601     -8.780     -1.289
   7   -2     15.590     -8.247      6.803
   8    9     -2.748     -7.336     -2.561
  71   37     -5.616     -6.510    -10.182
  68   10      2.301     -7.582     10.112
  37   -2      0.043    -10.667     -1.699
  59   -2     16.619     -2.961     -9.475
  21   21     13.924     -4.003     -3.455
  53   13     16.618    -10.164    -10.382
  40   12     20.420     -4.374     -3.439
  16   14     17.852     -7.512      4.763
  -1   15     17.712     -9.187     -3.497
  43   76     -4.194     -7.586     -8.633
  54   29      8.840     -5.891     -3.651
  -1   -2     17.154     -2.214      5.995
  -1   18     16.578      2.691     -9.876
  20   -2     16.519     -2.407     -9.860
  -1   17     14.340     -1.286     -4.389
  -1   19     13.631     -7.020      8.657
  31   22      1.217     -0.069      4.919
  18   23     16.982      3.792    -10.871
  32   26     20.020     -6.357     -3.978
  29   33     14.833    -10.103    -10.350
  22   34     19.766     -5.759     -4.509
  -1   31     15.171     -3.437     -4.731
  -1   68     10.918     -9.311      9.582
  -1   -2     15.778    -10.337     -7.085
  77   42     -7.452     -9.508    -10.099
  -1   35     12.041    -10.362    -10.572
  13   70     11.670    -10.193      2.900
  -1   94      7.838     -1.477     -0.973
  -1   38     20.761     -4.806     -4.726
  -1   -2     -1.474     -6.133     -7.859
  45   86     16.874     -7.801      6.601
  55   -2      9.646     -6.863      4.185
  10   60     10.612     -5.934      3.654
  -1   40     11.494     -5.522     -4.116
  -1   -2    -16.645     -7.728     11.347
  46   44     -1.000     -8.588    -10.709
  60   -2     14.505     -0.678     -2.860
  -1   46      2.411     -1.993      4.883
  73   -2      2.292     -9.649      6.961
  -1   28     -4.982     -9.743      5.543
  49   49     18.721     -7.390     -1.308
  -1   39      5.227     -2.579      4.649
  -1   -2     10.036      1.313      0.077
  -1   -2      4.568     -6.682      7.266
  -1   -2     10.795     -2.423      4.384
  -1    7     13.928     -8.718      9.706
  24   20     18.361     -8.668     -9.385
  -1   27     -1.409     -7.256      8.468
  50   63      9.271     -8.571      2.492
  -1   61      3.623     -8.988      5.611
  44   -2      9.429      0.194     -2.876
  65   -2     17.238     -9.267      1.108
  11   -2     -1.729     -7.999     -2.982
  63   66    -12.849     -7.408     -7.165
  -1   -2      8.921     -3.365     -7.038
  41   -2     13.277     -9.003     -4.911
  28   65     -7.898     -7.196     -3.528
  62   64     -4.650      2.227     -3.875
  -1   88      7.025     -0.181     -1.898
  61   -2    -11.730    -10.141     -7.677
  -1   82     17.038     -5.307    -10.165
  25   -2     16.941     -2.077     -8.861
  -1   55    -10.468     -3.331     -8.803
  35   54     -5.199     -6.772     -8.244
  67   -2      0.471     -9.149     -4.998
  -1   69     17.060    -10.767    -11.433
  34   -2     -1.149     -8.567      7.988
  91   79    -12.042     -5.703     -3.164
  -1   16     10.161     -3.560      5.952
  74   72     15.160      3.691    -10.051
  -1   85      7.182    -10.389     -5.025
  -1   -2      7.711     -8.391     -6.166
  70   71     12.527     -4.815    -11.625
  33   74     19.200     -0.744     -7.068
  -1   -2     14.339     -0.507      0.754
  -1   -2     16.518     -8.751     -1.097
  -1   -2      7.838     -1.477     -0.973
  -1   25     10.554     -8.163     -1.731
  84   -2     -1.474     -6.133     -7.859
  -1   -2      4.568     -6.682      7.266
  -1   -2    -12.042     -5.703     -3.164
  -1   -2     16.518     -8.751     -1.097
  -1   -2      7.838     -1.477     -0.973
  -1   -2      4.568     -6.682      7.266
  -1   -2    -12.042     -5.703     -3.164
  -1   -2     16.518     -8.751     -1.097
  -1   -2     10.554     -8.163     -1.731
  -1   -2      4.568     -6.682      7.266
  -1   -2    -12.042     -5.703     -3.164
  -1   -2     16.518     -8.751     -1.097
  93   95     10.554     -8.163     -1.731
  -1   -2      4.568     -6.682      7.266
  -1   -2    -12.042     -5.703     -3.164
  -1   -2     16.518     -8.751     -1.097
  -1   -2      4.568     -6.682      7.266
  -1   -2     16.518     -8.751     -1.097
  -1   -2      4.568     -6.682      7.266
  -1   -2     16.518     -8.751     -1.097
 101  105      4.568     -6.682      7.266
  -1   -2     16.518     -8.751     -1.097
  -1   -2     16.518     -8.751     -1.097
  -1   -2     16.518     -8.751     -1.097
  -1   -2     16.518     -8.751     -1.097
  -1   -2     16.518     -8.751     -1.097
  -1   -2     16.518     -8.751     -1.097
  -1   -2     16.518     -8.751     -1.097
  -1   -2     16.518     -8.751     -1.097
  -1   -2     16.518     -8.751     -1.097
  -1   -2     16.518     -8.751     -1.097
 113  117     16.518     -8.751     -1.097
