77
   0    0      3.391     -9.059      4.105
  16   -2      1.844     -9.839      6.346
  44   42     11.307     -6.335      2.702
  36   -2     10.243    -10.795     -6.586
   4    5     -5.787     -9.061     -1.011
  41   -2     16.130     -6.487     -4.277
  66   -2     13.146     -3.233     -1.481
  23   -2     13.546     -7.294     -0.008
  -1   25      7.156    -11.115     -2.359
  11    9     10.700     -8.338     -1.435
  -1   43     10.834     -7.909     10.198
  -1   -2     12.624     -3.754      1.807
  29   -2     10.244     -9.233     -1.056
  46   29     13.373     -8.306     -4.932
  -1   -2     13.048     -6.349      1.279
  31   14      9.133     -8.108      9.987
  27    3     10.150    -10.636     -9.334
  -1   10      8.431    -10.720     -8.730
  37   23     10.086      1.297      6.284
   7   -2     19.281     -4.496     -8.536
  62   -2     13.045     -9.148     -5.782
  22   13     15.508     -6.742     -2.933
  25   34     10.368    -10.467     -1.898
  14   21      8.597     -7.722      0.262
   6    8     13.700     -7.592     -2.732
  -1   -2     16.187     -6.715     -5.280
  -1   35     17.134     -9.213     -9.962
  56    7     11.371     -1.652      2.978
  51   24     13.552     -4.984     -2.359
  19   27     15.186     -7.058     -3.288
  -1    2     10.706     -5.124     -0.469
  39   -2      7.034     -7.720      6.442
  24   -2     13.190     -7.068      0.451
  26   30     11.582     -6.345     -1.122
  -1   19      0.680     -9.803      7.814
  15   -2     13.659     -9.901     -7.670
  42   -2     14.414     -6.283     -1.335
  47   -2      9.851     -3.335      6.703
  45   -2      7.098     -8.290      9.937
   9   36      7.323    -10.937     -2.604
   3   -2     14.129     -6.134      2.245
  58   38      8.787     -7.720      5.186
  -1   32     12.337      3.173      0.745
  -1    6     12.378     -1.740      9.962
  -1   -2     16.701     -3.867      4.263
  49   47     22.460     -5.521     -8.116
  -1   -2     16.935     -6.970     -9.729
  -1   56     -0.132    -10.824     -3.245
  -1   -2     -5.192    -10.746     -2.347
  -1   20     13.496    -11.090     -9.770
  59   31     13.730     -3.966      4.169
  40   51     20.132     -4.153     -7.876
  34   -2      9.834     -7.380      6.614
  -1   28     13.425     -9.569    -11.311
  -1   -2     -4.028     -8.676     -9.416
  61   69     19.698      0.772     -6.545
  35   -2     -5.116     -7.755     -6.730
  57   45     -2.946     -7.138      7.291
  64   -2      9.413      2.534      4.439
  -1   11      4.682    -10.438      1.784
  -1   -2     22.817     -5.499    -12.144
  -1   26     15.384     -5.023     -6.322
  -1   -2     -5.556    -11.016      0.896
  -1   22      4.508     -7.380      8.450
  -1   33     -1.226    -10.691      2.436
  -1   44     16.502      3.502     -9.594
  -1   -2     15.543     -9.052      6.371
  28   -2     10.915     -2.176      4.149
  -1   17     13.746     -7.527      9.169
  -1   -2     20.359     -3.606     -5.701
  -1   61    -11.960    -10.502      1.453
  -1   40      8.632     -9.812      4.288
  -1   -2     -8.493    -10.379      7.554
  -1   -2     17.440     -7.437     10.621
  -1   55      6.630     -2.275      9.830
  -1   -2     -5.192    -10.746     -2.347
  69   -2     -5.192    -10.746     -2.347
