249
   2  213      1.566     -5.341      2.393
   4    4      0.979     -7.802     -0.440
   5    3      7.339     -2.852     -2.350
   1    1      4.514     -7.826      1.149
   7    5     -3.234     -4.332      6.837
  -1    6      1.659     -6.185      5.140
  78   -2     -3.807    -10.429     -8.044
   6    2      2.901     -6.994      2.422
   9    9     -4.783     -8.373      7.576
  10    8      1.987      1.817      6.681
  11   10      2.917     -9.413     -5.160
  13   12     -2.012     -4.103     -0.721
  18   14     -2.447     -8.371     -7.500
  -1   -2      8.037     -8.879     -2.247
  85   -2      0.572     -9.814     -5.787
  -1   67      7.948     -9.607     -0.588
  17   18     -5.901     -7.303      6.360
  -1   20     10.811     -0.763      5.754
  16   21     11.274     -7.920      4.462
 228  236      3.459     -3.280      1.934
  -1   23      2.224      1.407      6.640
  20   64     -3.279     -5.195      9.913
  47   32     -1.173     -9.089      0.208
  26   76      6.515     -8.714     -2.675
 180   58     -8.756     -7.667     -7.221
  66  122     12.557     -2.977      0.347
  24   68    -12.041     -4.157     -2.973
 112   -2      6.855     -8.023      6.153
  27   27     -7.937     -2.068     -1.678
  54   45     -1.104     -8.636      5.840
  28   -2     -8.475     -8.197      4.827
  29   34     -6.566     -8.328      6.331
  34   38     -0.881     -8.055     -6.996
  30   35      0.467      2.022      6.069
  81   -2     -0.068     -9.742     -1.264
  -1   -2      2.965     -7.747      3.292
 121   -2      8.802     -5.747     10.217
 131  119     -2.895     -9.506     -0.457
  31   48      7.379     -9.408      6.117
  -1  220      4.991     -6.379      4.200
  73   -2      8.835    -10.066     -3.327
  -1   -2      4.468     -8.572     -6.360
  -1  239      5.194     -3.576     -6.800
  38   -2      2.807     -8.643     -7.868
 136   -2     -5.219     -9.929      0.781
  42  222      6.430     -6.632      4.800
 142  156      4.485     -9.351      8.469
 177   78     18.330     -9.102     -1.440
 151   -2      8.516     -8.224      4.136
 219  138      4.937     -8.065     -7.123
  92   -2     17.751     -7.531      4.273
  71   36     -4.098     -8.523     -8.732
  45  139      1.310     -7.284      9.903
  -1   -2      1.083     -8.660     -6.484
  52   59      4.242     -8.940      6.152
  -1   -2     -6.357    -10.739      2.085
 210   61     10.361     -9.631     -5.359
  -1   19      5.938     -7.941     -7.592
  88   -2     17.697     -9.658     -5.199
 209   -2     -0.290     -9.820      2.835
  74   -2      0.093     -8.892      5.551
  -1   28      8.815     -8.096     -5.373
  72   93      1.105    -10.454      6.732
  -1   -2      0.857    -10.068      7.534
  -1   83      7.722    -10.529     -2.432
  64   66      0.212     -9.765      6.985
 162   71      7.834    -10.172     -0.454
  70   69     16.191     -6.436      2.321
  -1  120     -1.004     -9.986      7.720
  -1   89     11.885     -7.752     10.358
 114   63     -3.614     -8.390      4.834
  -1   -2      6.204     -9.297     -1.581
  68   73      9.681      3.259      8.907
  94   -2     -2.603      3.468      5.868
  -1   62     -4.466     -7.382     -9.080
  -1   -2      4.808    -10.575     -0.899
  -1   -2     -2.681     -8.398     -9.867
  61   -2      1.068    -10.323      4.430
  -1   -2     -6.872     -7.892     -0.708
  56   52     -4.469    -10.618     -8.729
  87  105     10.481     -8.134      8.066
  23   39     -0.390     -9.437     -2.773
  36   11     11.607     -8.507      8.517
  -1   -2    -11.818     -9.755     -8.224
  97   53     11.003     -3.475      3.821
 104   -2     -0.850    -10.316      6.581
  -1   -2      6.777     -8.554     -4.631
  -1  224      4.853     -9.256      4.273
  -1   -2      9.059     -9.222      5.897
 133  131     14.287     -2.488     -0.649
  -1   -2     -7.271     -9.349     -0.391
 153  118     18.816     -8.576      0.864
 117   33      6.126     -8.946     -1.425
  49   96      2.835     -9.807      8.415
  40  135      2.686     -9.924      9.729
 204   -2     10.860      0.960      4.331
  43  115     10.335      4.733      3.600
  -1  146     13.653     -8.627      9.136
  55  150      1.901    -10.592      2.531
  79  124     18.319     -4.102     -9.249
  -1   -2      9.238     -9.607      1.359
  60   22     -7.586    -10.299      0.038
  -1   -2     10.507    -10.003      4.283
 168   -2      2.882     -8.964      1.212
  50   25      7.711     -8.010      5.802
  39   -2     -2.830     -4.916    -10.619
 160   -2     13.434      0.153     -2.077
  -1  144     16.954      3.783    -10.800
 105   88     17.436    -10.357     -4.628
 130  107     19.308     -5.991     -6.986
  -1  114      9.095     -4.452     10.171
  93   -2      2.422    -10.673      4.841
 103   -2      8.923     -5.788      6.262
  -1  164     16.575      2.692     -9.869
 167  108     13.127     -1.670     -1.369
  -1   -2     13.951     -5.799      9.966
  -1   15     -0.860    -10.875     -3.003
  58  125     -2.240    -10.734      0.996
 110   -2    -12.315     -6.143     -8.411
 106   70     16.590     -3.710      3.801
  -1   74      0.953     -8.352      8.400
  48   -2     12.166     -9.992     -1.165
  -1   29    -11.474    -10.514      1.127
  96   -2      2.487     -6.741      3.195
  -1   -2     11.299     -0.610     -3.607
  -1   -2      7.754     -7.327     10.007
  76  168     -5.596     -4.427     -9.206
 171   -2     -3.931    -10.065      0.934
  -1   94      0.403     -9.130     10.642
  44   49      6.143     -7.720      8.708
 197   16     17.789    -10.101     -8.406
 192   -2     -7.357     -2.312     -4.979
 175  178      4.390     -0.422      8.196
 147  141     -4.905     -6.663     -7.701
 128  155      2.646    -10.421      1.263
  35   75      8.242     -9.715      2.433
  -1   54     -4.011    -10.661     -2.265
  90   -2     -3.529     -9.892      1.226
 125  206     18.502     -2.678     -1.851
  -1   -2     10.988     -3.562      8.948
 154   -2     14.746     -7.986      7.700
  -1  154     -5.091    -10.624     -8.596
 186  130    -11.783    -10.380     -7.700
  -1  212    -12.096     -2.902     -8.178
  -1   -2      7.849     -6.839     -2.352
  -1   -2     15.338     -5.603    -10.161
  -1    7      5.114     -8.735     -3.370
  -1  126     19.392     -0.851     -6.069
  -1   42     -6.453    -10.724      1.014
 202   26     -9.747     -5.506     -8.737
 137   -2      0.731     -8.500      4.361
  -1   -2     -1.379    -10.876      3.826
  -1   -2     -8.028     -8.536      1.619
 187  159      3.854     -2.794     -4.041
  -1  127     10.052     -7.037     10.480
  -1  104      2.098     -7.401      9.234
 123   -2    -11.877     -9.728     -2.156
  -1   30     -0.851     -9.854      9.143
 144  200     -3.055      1.979     -8.420
 108  149     -3.598     -7.768      8.634
  15   -2      0.709     -9.102     -4.252
  82   13     -0.737    -10.340      1.733
  59   -2      1.054    -10.091      4.379
  -1   -2     18.023     -7.327      3.378
  -1   -2     15.340     -8.262      6.794
 176  197     20.540      0.470     -3.129
 194   -2      9.958      1.172      3.067
  -1   -2      0.811     -6.112      3.664
 173   -2      5.363      2.664      2.616
 172   -2     17.487     -2.564      5.706
  -1  190      8.186      3.125     -0.692
  -1  187     -0.623     -3.242    -11.867
  -1   65      9.387     -5.506      7.717
  -1   -2     -9.022    -10.499     -9.399
  -1   -2      4.402     -0.675     -3.590
  -1   87     20.536    -10.483     -6.085
  -1   -2     21.536     -2.245      7.157
  -1  109     18.225     -6.932      1.246
  -1   -2      3.158      3.969     -6.671
 179   -2      4.004      0.927      9.447
 141   -2     17.367     -2.063    -10.915
  -1   -2     18.853     -9.904     -9.769
 200  192     -8.193     -1.173     -4.219
 165   -2     20.178     -4.316     -4.408
  -1   -2     -6.310     -4.645    -10.269
  -1   84     20.974     -4.824     -3.875
  -1  184     11.985     -2.433      8.585
 101  185     -5.342     -5.612     -5.305
  -1   -2      7.964     -0.499      9.757
  -1   -2     10.805      3.074     -4.099
 149   -2     18.433     -6.510     -0.450
  -1   -2     18.799     -4.215     -5.174
  -1   -2      8.299     -5.738     -3.712
  -1   -2     20.338     -8.729     -2.180
 157  182      7.392      6.683      3.724
  -1  195     -0.866     -3.594     -7.253
 195  174     14.982      0.756     -2.833
 191  196    -11.200     -6.581     -1.002
 118  160     -0.867     -2.628     -5.304
 196  166      3.611     -1.701      9.951
 111  143     16.022     -2.537    -10.421
  -1  179      2.913     -1.041      6.499
 203  191     -5.203      0.507      1.508
  -1   -2      1.153     -0.761     11.821
 143   -2    -11.106     -3.075     -6.438
  -1  103     -6.995     -2.898     -8.162
  -1  214      1.424     -6.833     -3.106
  -1   -2    -15.712      3.192      8.566
 184   -2      7.239      4.210      2.684
  -1   -2     13.445     -5.286     -9.520
 166   -2    -11.005    -10.540     -6.926
  -1   -2      0.299     -1.265      6.432
 183   -2      2.947     -6.992      2.270
  -1  228      1.541     -6.181      5.305
  12   -2     11.743     -7.684      9.897
 214  229     -1.939     -4.085     -0.997
  -1   -2      3.436     -3.276      2.002
  22   -2     10.812     -0.751      5.674
 231  238      2.928     -7.729      3.451
  -1   -2      2.937     -7.744      3.420
  -1   31      2.701     -8.667     -7.850
 223   -2      4.977     -6.371      4.193
  -1   51      4.481     -8.548     -6.233
  -1   -2      5.239     -3.566     -6.872
 221  223      6.450     -6.637      4.824
  -1   -2      0.277     -9.801      8.087
  80   -2     19.480     -5.944     -6.283
  -1   -2      7.468     -2.835     -2.739
 212   -2      1.541     -6.181      5.305
  -1   -2     11.171     -7.930      4.054
  -1   -2     11.171     -7.930      4.054
 215   -2      3.471     -3.264      1.910
  -1   -2      2.928     -7.729      3.451
  -1   -2      2.928     -7.729      3.451
  -1   -2      2.928     -7.729      3.451
  -1   -2      2.928     -7.729      3.451
 220   -2      4.512     -8.553     -6.324
  -1   -2      5.282     -3.555     -6.998
  -1    0      1.653     -5.331      2.333
 224  233      7.468     -2.835     -2.739
  -1   -2     11.171     -7.930      4.054
  -1   -2     11.171     -7.930      4.054
  -1   -2      2.928     -7.729      3.451
  -1   -2      2.928     -7.729      3.451
  -1   -2      2.928     -7.729      3.451
  32  219      2.993     -7.740      3.270
  41   47      5.239     -3.566     -6.872
  -1   -2     11.171     -7.930      4.054
 236  241     11.171     -7.930      4.054
