186
  -1   -2     -0.327     -2.200     -0.272
   2    1     -3.626     -6.861      3.591
  -1   -2      5.602     -3.076      2.878
   6    5     -0.892     -2.781      9.288
   4    4      3.072     -2.047     -0.815
   5    3      3.040     -3.380      1.304
  -1   -2      5.210      1.182      8.314
   8    7     -3.751     -0.237      1.985
  10    8     -5.311     -3.813     -7.383
  20   -2      9.427      1.996      7.964
  19   29     14.926     -3.316     -4.532
  13   18      7.435     -8.407     -1.258
  42    9     20.015     -8.077     -3.884
  14   12     10.102     -4.816     -5.659
  39  105      2.092     -8.539      7.538
  15   -2      9.363     -9.697     -1.109
  17   15      4.640     -6.037      8.991
  -1   -2      5.407     -7.935     -7.699
  26   16     10.960     -5.353     -2.081
  65   59     16.578    -10.122    -10.106
  64   20      8.245      0.661     -6.553
  82   72      4.095     -4.826      1.838
  28   19      9.647     -7.680     -4.918
  18   76      1.045     -4.958      7.886
  -1   68     -7.436    -10.279      2.992
   1   27     -5.403     -8.530      8.431
  -1   -2     16.600     -8.780     -1.281
 100   -2     -7.687     -9.484      6.431
  -1   11     10.717     -4.931     -4.352
 135   -2     -5.689     -8.524     -1.576
  44   31     -2.746     -7.337     -2.551
  -1   -2      8.795     -8.610     -7.628
  81   -2     13.199     -3.960     -1.663
  36   -2     16.401     -6.994      4.099
  -1   -2      9.658     -2.658      7.209
  -1   62     -5.674     -8.264     -8.467
  -1   -2     16.633      0.691      3.081
  -1   -2      0.235     -9.657      5.662
  79   -2     10.289     -8.448      0.127
 129   43      6.331     -1.202      2.739
 138   46      8.885     -7.674      3.922
  21   -2     18.072    -10.272     -7.097
 126   -2      9.095    -10.305     -4.355
  59   -2     16.625     -2.970     -9.498
  49   -2     -0.772     -8.097      0.610
  -1   61     18.618     -8.460      1.114
  86   -2      9.626     -5.853     -5.705
  74   -2    -11.947     -9.552     -6.599
  52   -2     16.536    -10.336      0.382
  -1   23     19.199     -6.082     -7.690
  12   -2     14.089     -8.378      7.891
  -1   41     14.759     -7.854      9.052
  75   39      9.591     -0.439      7.450
  -1   -2     20.420     -4.374     -3.443
  41   -2     -3.546     -8.179      1.300
  -1   33     -6.193    -10.418     -5.130
  -1   67     -6.876     -9.936     -2.198
 194   -2     17.708     -9.187     -3.487
  -1   -2     17.851     -7.513      4.759
 124   40     17.470     -7.886      6.352
  -1   54     19.042    -10.917     -6.552
  -1   48     -3.447     -9.477      0.040
  -1   -2     19.227     -5.317     -3.159
  93   -2     13.533      4.336     -6.566
  66   -2     16.881     -9.193      1.934
  23   25      4.451     -4.377      7.684
  76   24     13.627     -7.975      0.921
 145   64     16.581      2.688     -9.881
   9   14      2.163     -6.962      7.189
  29   22     18.222     -5.577      1.935
 121   -2     14.599     -1.816     -2.754
  38   42     -2.913     -6.326     -2.229
  -1   -2    -12.328     -6.898     -9.552
  48   -2      9.461     -6.784      1.560
 141   -2      2.455     -6.063     -9.166
  56   -2     20.022     -6.357     -3.982
  -1  141      1.403      0.815     -4.806
  62   -2     -7.631     -8.715     -8.174
 122  123     15.802      2.612      1.734
  53   -2     -7.911     -7.256     -3.229
  27   70      7.813     -5.734      1.053
  61  113     17.107      3.533     -7.828
  -1   -2    -11.816    -10.036     -6.059
  88   91     19.386     -0.851     -6.092
  -1   -2     -7.813     -5.391    -10.161
  -1   79     -7.025      2.239    -10.772
  -1   -2      8.862    -10.832      0.481
  -1   30      6.626    -10.235     -3.956
 115   -2    -10.956     -4.585      2.201
  60   -2      7.037     -8.357      1.161
 104   -2     14.667     -6.513      3.604
  -1   45     14.066     -0.435     -3.718
  69   57      0.048    -10.261     -0.631
  -1  103     -0.922      0.745      1.730
 120  134     12.810    -11.098     -3.499
  -1   -2     20.760     -4.805     -4.726
  99  139      6.366      6.980      9.737
  -1   -2     10.612     -5.933      3.659
  -1   84     -0.998     -8.586    -10.703
 101   88    -14.048     -2.474      8.667
 102   -2    -15.686      0.096      9.241
  -1   -2     19.099     -5.679      3.339
  -1   13     12.484      2.244      8.887
  -1   26    -13.077     -5.513     -5.643
 113  140     15.314      0.442      8.164
  92   -2      2.069    -10.626     -3.270
 133   -2     13.435     -9.806      1.458
 108   -2    -15.976     -9.424      6.902
  -1  110     -8.803      1.362     -6.026
  -1   53     17.038     -3.590      6.926
  -1   -2     -6.654     -8.635      2.477
  -1  119     11.210     -2.438      5.715
  -1   85     13.810     -0.638     -1.128
 130   58    -10.597     -2.987      1.765
  -1  127     10.660      3.857      9.053
 148   -2     -9.538     -1.459     -3.686
  -1  101      8.775    -10.960    -11.667
  89   -2     -3.606     -1.035     -4.905
  63   66     -6.201     -6.411     -9.737
  -1   -2     12.747     -5.232      0.161
 109   -2     -8.930     -6.206     -5.778
 149   37     -2.004     -4.166     -3.587
 105   -2     14.263     -2.129     -5.557
  -1   65     -6.265     -4.151     -7.448
  -1   -2     -6.855     -7.806     -0.375
 123   80    -14.684     -6.141      7.114
  -1   21     15.728    -10.503     -9.729
  -1  131     -0.978     -0.931     -6.276
  -1   -2      8.339      4.575     -4.542
  -1   -2      8.908      2.231      5.758
  96   69     17.317     -7.537      9.026
  -1  130     -1.328      3.060      0.399
  85   75     18.743     -3.434     -2.844
  -1   -2    -11.927     -9.206     -2.693
  -1   83     13.804      0.526      4.532
 116   -2      3.470      4.230      7.158
  83   56      5.272    -10.904     -2.539
 114   96      9.366     -7.702      7.026
  -1   49    -10.735    -10.509     -3.026
  -1   -2      1.186     -7.566      8.906
  -1   90      0.058      2.026     -1.537
  -1   -2     10.241     -5.698    -10.298
  -1   10     15.850    -10.659      1.380
  -1    0     -0.283     -2.192     -0.309
  -1   -2      5.614     -3.068      2.879
  -1   -2      5.210      1.182      8.314
  11   -2     10.734     -4.926     -4.431
  -1   -2      9.261     -9.674     -0.654
  30   -2     -7.421    -10.274      2.921
  -1   -2     16.555      0.683      3.262
 161  147     -6.654     -8.635      2.477
  16   -2      5.395     -7.909     -7.419
  -1  156      5.218     -7.965     -8.353
  97   17     14.956     -8.777      9.333
   0   -2     -0.286     -2.189     -0.275
 164  149      5.602     -3.076      2.878
  -1   -2      2.975     -3.362      1.689
 166   -2     -1.005     -2.773      9.713
  -1   -2      5.210      1.182      8.314
 174   -2     17.038     -3.590      6.926
  -1   -2      9.261     -9.674     -0.654
  25  165     16.507     -8.750     -1.067
  -1   -2     16.555      0.683      3.262
  -1   -2      2.975     -3.362      1.689
  -1   -2      5.210      1.182      8.314
  -1   -2     16.507     -8.750     -1.067
 188  161     16.555      0.683      3.262
 180   -2      5.218     -7.965     -8.353
 163  148     -3.726     -6.834      4.107
  -1   -2      2.975     -3.362      1.689
 201  170      9.261     -9.674     -0.654
  -1   -2     16.507     -8.750     -1.067
  -1  172      2.715     -8.617      5.809
  -1   -2      2.975     -3.362      1.689
   7  163      5.210      1.182      8.314
  -1   -2     16.507     -8.750     -1.067
  -1   -2      2.715     -8.617      5.809
  -1   -2      2.975     -3.362      1.689
  31   -2     16.507     -8.750     -1.067
 203   -2      2.715     -8.617      5.809
  -1   -2      2.975     -3.362      1.689
  -1   -2      2.975     -3.362      1.689
  -1   -2      2.975     -3.362      1.689
  -1   -2      2.975     -3.362      1.689
  -1   -2      2.975     -3.362      1.689
 181  173      2.975     -3.362      1.689
