117
  89    0      4.677     -5.870     10.144
   0    1     17.903     -5.296      0.432
   1    3      1.442     -3.584      6.436
 104  112      8.330      3.121      4.732
   3  115      6.104      3.327      6.952
   5    6    -11.223     -2.630     -8.257
  11   -2     16.876     -9.032     -2.516
   7    8     -9.015     -5.596     -6.139
  32   26     -6.916     -9.354      0.564
  26   17     -0.387     -9.710      1.745
  -1   -2     16.593     -8.780     -1.263
  -1   11      1.193     -4.836      2.976
  61   -2    -11.751     -6.863     -7.268
  13   13      9.635     -8.557    -10.417
  14   -2     15.590     -8.247      6.808
  66   -2     -2.743     -7.339     -2.561
  80  121     14.680     -6.862     -6.552
  15   -2     15.237     -6.790      6.893
  67   -2      2.131     -1.903      5.727
  -1   88     -5.628     -6.508    -10.213
  68   15     -0.819     -8.171     -0.006
  16   -2      1.175     -8.151      6.596
  20   18     15.672     -1.079      1.735
  19   19    -11.343     -3.187     -4.067
  23   40     20.425     -4.370     -3.413
  33   94     17.705     -9.188     -3.473
  -1   -2     -9.090    -10.503     -8.811
  28   28     16.581      2.689     -9.881
  31   27     19.313     -5.989     -6.971
  42   -2     16.463     -4.616     -9.877
  -1   -2      5.280     -7.739      8.719
  -1   73     16.654     -2.392     -9.951
  17   -2      0.196    -10.865     -3.052
  47   -2      5.104     -2.607      4.992
  37   39     11.073     -1.904      4.112
  40   -2      8.419     -7.785     10.184
  75   34     11.013     -2.473      5.826
  60   24     15.026     -3.616     -6.178
  35   -2     -3.956     -9.584      8.177
  41   -2     19.620     -7.898     -0.660
  39   36     19.388     -0.854     -6.077
  65   -2     11.453     -8.401      3.155
  77   58     11.937     -9.139     -3.264
  -1   12     16.955     -7.778      6.442
  -1   -2      7.843     -1.477     -0.986
  -1   38      8.017    -10.630      0.382
  -1   -2     11.789    -10.362      2.220
  49   -2     13.008     -6.848      1.491
  56   -2     10.543     -8.161     -1.758
  36   30      4.695     -4.801      7.341
  -1   -2     -1.472     -6.134     -7.864
  -1   -2    -11.909    -10.634      6.477
   8   66      3.934     -3.975     10.124
  -1   -2     11.497     -5.519     -4.111
  52   53     -0.990     -8.588    -10.679
  55   49     -5.602     -1.946     -9.997
  -1    5    -11.978     -9.569     -6.484
 108   -2     10.519      1.343      1.617
  -1   35     11.055    -10.097      4.659
  -1   -2     -3.220     -8.997     -8.278
  -1   57      9.267     -8.566      2.498
  -1   -2     14.064     -6.896     -7.011
  -1   -2     18.252      3.079     -3.929
  -1   22      9.429      0.193     -2.870
  -1   -2      8.325     -6.525     -3.787
  18   -2     -6.437     -6.516     -8.869
  -1   61      3.621     -8.988      5.607
  98   -2     17.233     -9.267      1.119
  -1   -2     20.889     -6.083     10.037
  99    9     13.809     -0.643     -1.138
  -1   42      1.123     -8.246      9.146
  -1   -2     -8.743    -10.992      1.453
  -1   -2      9.827     -3.589      6.727
  22   -2      6.655     -1.259      3.455
  -1   45      5.530     -6.291      5.252
  71   69     -4.655      2.223     -3.893
  74   71     -7.886    -11.822     -3.651
  73   -2     16.945     -2.078     -8.834
  88   81      3.838      1.452      0.960
  78   84     12.537     -4.816    -11.649
  -1   -2     15.826     -5.878     -8.192
  -1   -2     -9.801     -3.619      0.360
  -1   -2     15.160      3.695    -10.052
  -1   37     14.280     -3.389    -10.676
  84  100     13.875      2.552      7.605
  -1   -2      3.528    -10.142      5.946
  81   -2     19.400     -6.343     -4.859
  -1   21     19.574     -1.855     -2.725
  -1   -2     -7.840      4.253     -7.716
  62   -2     -4.134     -8.620     -0.704
  -1   43      5.872      1.048      2.637
  30   65     14.911     -0.129     -5.822
  -1   -2      8.299      3.129      4.857
  -1   -2      6.060      3.330      7.108
  12   -2      1.214     -4.863      2.698
  -1   25     14.386     -6.902     -5.839
  -1   -2     16.516     -8.751     -1.085
   6    7     16.778     -9.011     -2.486
  96   29     16.955     -7.778      6.442
  -1   -2    -11.909    -10.634      6.477
  -1   72     -9.289    -10.563     -8.406
  -1   -2     18.252      3.079     -3.929
 110  118      8.325     -6.525     -3.787
  -1   -2      8.299      3.129      4.857
  -1   -2      6.060      3.330      7.108
  -1   -2     14.386     -6.902     -5.839
  97   -2    -11.909    -10.634      6.477
 109  117     -9.289    -10.563     -8.406
 101  108     18.252      3.079     -3.929
  -1   -2      8.325     -6.525     -3.787
  -1   -2      8.299      3.129      4.857
  91   -2      8.299      3.129      4.857
  -1   -2      6.060      3.330      7.108
 106   -2      6.060      3.330      7.108
  -1   -2     14.386     -6.902     -5.839
  57   50      8.325     -6.525     -3.787
 113   -2     14.386     -6.902     -5.839
