205
  -1    8     16.608     -8.782     -1.304
   1   -2     15.590     -8.248      6.798
  61   -2      9.660     -2.660      7.203
   4    2     -2.742     -7.338     -2.558
  60   64     -5.623     -6.509    -10.193
  70   -2      2.302     -7.581     10.112
  27    5     20.420     -4.376     -3.447
  12    0     17.711     -9.189     -3.498
  13   -2      5.101     -2.607      5.006
  14   11     16.646    -10.175    -10.453
  -1   16     13.950     -4.002     -3.523
   8    7     17.853     -7.512      4.737
  11   52     16.574      2.691     -9.861
  37   12     15.722     -1.125      1.930
   6   13     16.602     -2.406     -9.808
  16   15     14.837    -10.103    -10.362
  67   40     11.011     -2.474      5.833
  20   -2     19.384     -0.851     -6.106
  -1   -2     -2.937     -8.807      7.414
  42    9     -7.448    -10.941      5.526
  19   54    -12.091     -5.612     -4.235
  43   -2     19.757     -5.765     -4.544
  -1   -2      7.839     -1.480     -0.973
  -1  104     16.957     -7.784      6.427
  -1   -2     20.761     -4.809     -4.729
  -1   -2     10.536     -8.165     -1.796
  71   62     -6.211    -11.502     -7.785
  -1   14      4.695     -4.801      7.339
  -1   -2     -1.475     -6.134     -7.863
  25   72     -6.239    -10.680      5.870
  75   -2     10.613     -5.933      3.651
  33   30     -0.999     -8.587    -10.711
  29   -2     14.287     -4.777      5.506
  -1   32      2.411     -1.993      4.884
  40   31     -5.600     -1.945     -9.996
  44   -2    -11.973     -9.567     -6.466
  10   -2     16.510     -2.975     -9.145
  77   34     10.518      1.344      1.619
  51    4      5.638     -8.510      6.196
  -1   38     18.723     -7.391     -1.317
  -1   -2      4.573     -6.683      7.278
  35   55     16.475    -10.935     -0.161
  -1   -2     15.052     -8.933      9.797
  -1   48      3.083    -10.456      6.264
  -1   77      9.265     -8.571      2.506
  63   -2     -9.449     -7.900      1.059
  -1   -2      9.428      0.192     -2.874
  53   46     10.844     -6.472      8.031
  54   49      3.623     -8.987      5.606
  55   47     17.235     -9.267      1.108
  -1   -2     15.831    -10.656     -9.444
  36   24     -8.168    -11.591    -10.170
  48  149     13.807     -0.641     -1.132
 125   -2     12.546     -6.949     -0.121
  15   10     16.674      3.690    -10.044
  -1   59    -10.461     -3.350     -8.780
  -1   -2     -6.733     -6.084     -8.082
  57   67     -4.648      2.224     -3.874
  -1   60      9.827     -3.592      6.726
  58   61     20.313    -10.426     -1.633
  68  112     -5.965     -7.023    -10.373
  18   65     16.931     -2.080     -8.885
  65   63     12.530     -4.817    -11.629
  26   -2      9.420    -10.406     -5.215
  -1   -2    -10.103    -10.691      2.138
   5   -2      2.407     -8.941      8.463
  -1   58     -2.934     -1.252     -3.096
  -1   -2     16.523     -8.753     -1.108
  -1   -2     16.957     -7.784      6.427
  -1   -2      7.839     -1.480     -0.973
  -1   17     20.761     -4.809     -4.729
  28   23      4.695     -4.801      7.339
  -1   27     10.536     -8.165     -1.796
  -1   -2     -1.475     -6.134     -7.863
  -1   -2      4.573     -6.683      7.278
  -1   -2     15.052     -8.933      9.797
  52  188      9.428      0.192     -2.874
  -1   -2      9.265     -8.571      2.506
  -1   -2     16.523     -8.753     -1.108
  -1   -2      7.839     -1.480     -0.973
  -1   -2     16.957     -7.784      6.427
  -1   -2     10.536     -8.165     -1.796
  -1   -2     -1.475     -6.134     -7.863
  -1   -2      4.573     -6.683      7.278
  -1   -2      9.265     -8.571      2.506
  -1   -2     15.052     -8.933      9.797
  -1   -2     16.523     -8.753     -1.108
  -1   -2      7.839     -1.480     -0.973
  -1   -2     16.957     -7.784      6.427
  -1   -2     10.536     -8.165     -1.796
  -1   -2     -1.475     -6.134     -7.863
  -1   -2     14.501     -0.679     -2.869
  -1   -2      4.573     -6.683      7.278
  -1   -2     15.052     -8.933      9.797
  80   -2      9.265     -8.571      2.506
  -1   -2     16.523     -8.753     -1.108
  50   -2     16.957     -7.784      6.427
  -1   -2      7.839     -1.480     -0.973
  -1   -2     10.536     -8.165     -1.796
  -1   -2     -1.475     -6.134     -7.863
  -1   -2     14.501     -0.679     -2.869
  -1   -2      4.573     -6.683      7.278
  -1    1     15.052     -8.933      9.797
  -1   -2     16.523     -8.753     -1.108
  -1   -2      7.839     -1.480     -0.973
  -1   -2     10.536     -8.165     -1.796
  -1   -2     -1.475     -6.134     -7.863
  -1   -2     14.501     -0.679     -2.869
  -1   -2      4.573     -6.683      7.278
  -1   -2     16.523     -8.753     -1.108
  -1   -2      7.839     -1.480     -0.973
  -1   -2     10.536     -8.165     -1.796
 106   26     -1.475     -6.134     -7.863
  -1   -2      4.573     -6.683      7.278
  -1   -2     16.523     -8.753     -1.108
  -1   -2      7.839     -1.480     -0.973
  66   21     10.536     -8.165     -1.796
  -1   -2     14.501     -0.679     -2.869
  -1   -2      4.573     -6.683      7.278
  -1   -2     16.523     -8.753     -1.108
  -1   -2      7.839     -1.480     -0.973
  -1   -2      4.573     -6.683      7.278
  -1   -2     16.523     -8.753     -1.108
  -1   -2      7.839     -1.480     -0.973
  -1   -2     14.501     -0.679     -2.869
  -1   -2      4.573     -6.683      7.278
  -1   -2     16.523     -8.753     -1.108
  -1   -2      7.839     -1.480     -0.973
  -1   -2     14.501     -0.679     -2.869
  -1   -2      4.573     -6.683      7.278
  -1   -2     16.523     -8.753     -1.108
  -1   -2      7.839     -1.480     -0.973
  -1   -2     16.523     -8.753     -1.108
  -1   -2      7.839     -1.480     -0.973
  -1   -2      4.573     -6.683      7.278
  -1   -2     16.523     -8.753     -1.108
  -1   -2      7.839     -1.480     -0.973
  -1   -2      4.573     -6.683      7.278
  -1   -2     16.523     -8.753     -1.108
  -1   -2      7.839     -1.480     -0.973
  -1   -2      4.573     -6.683      7.278
  -1   -2     16.523     -8.753     -1.108
  -1   -2      7.839     -1.480     -0.973
  -1   -2      4.573     -6.683      7.278
  -1   -2     16.523     -8.753     -1.108
  -1   -2      7.839     -1.480     -0.973
  -1   -2     14.501     -0.679     -2.869
  -1   -2      4.573     -6.683      7.278
  -1   -2     16.523     -8.753     -1.108
  -1   -2      7.839     -1.480     -0.973
  -1   -2      4.573     -6.683      7.278
  -1   -2     16.523     -8.753     -1.108
  -1   -2      7.839     -1.480     -0.973
  -1   -2     14.501     -0.679     -2.869
  -1   -2      4.573     -6.683      7.278
  -1   -2     16.523     -8.753     -1.108
  -1   -2      7.839     -1.480     -0.973
  -1   -2      4.573     -6.683      7.278
  -1   -2     16.523     -8.753     -1.108
  -1   -2      7.839     -1.480     -0.973
  -1   -2      4.573     -6.683      7.278
  -1   -2     16.523     -8.753     -1.108
  -1   -2      7.839     -1.480     -0.973
 143   75     14.501     -0.679     -2.869
  -1   -2      4.573     -6.683      7.278
  -1   -2     16.523     -8.753     -1.108
  -1   -2      7.839     -1.480     -0.973
  -1   -2      4.573     -6.683      7.278
  -1   -2     16.523     -8.753     -1.108
  -1   -2      7.839     -1.480     -0.973
  -1   -2      4.573     -6.683      7.278
  -1   -2     16.523     -8.753     -1.108
  -1   -2      7.839     -1.480     -0.973
  -1   -2      4.573     -6.683      7.278
  -1   -2     16.523     -8.753     -1.108
  -1   -2      7.839     -1.480     -0.973
  -1   -2      4.573     -6.683      7.278
  -1   -2     16.523     -8.753     -1.108
  -1   -2      7.839     -1.480     -0.973
  -1   -2      4.573     -6.683      7.278
  -1   -2     16.523     -8.753     -1.108
  81   -2      7.839     -1.480     -0.973
  -1   -2     16.523     -8.753     -1.108
  -1   -2      4.573     -6.683      7.278
  -1   -2     16.523     -8.753     -1.108
  -1   -2      4.573     -6.683      7.278
  -1   -2     16.523     -8.753     -1.108
  78  191      4.573     -6.683      7.278
  -1   -2     16.523     -8.753     -1.108
  -1   -2     16.523     -8.753     -1.108
  -1   -2     16.523     -8.753     -1.108
  -1   -2     16.523     -8.753     -1.108
  -1   -2     16.523     -8.753     -1.108
  -1   -2     16.523     -8.753     -1.108
  -1   -2     16.523     -8.753     -1.108
  -1   -2     16.523     -8.753     -1.108
  -1   -2     16.523     -8.753     -1.108
  -1   -2     16.523     -8.753     -1.108
  -1   -2     16.523     -8.753     -1.108
  -1   -2     16.523     -8.753     -1.108
  -1   -2     16.523     -8.753     -1.108
  -1   -2     16.523     -8.753     -1.108
  -1   -2     16.523     -8.753     -1.108
  -1   -2     16.523     -8.753     -1.108
 205  211     16.523     -8.753     -1.108
