103
   0    0      3.102     -6.080      9.928
   1    1     17.307     -5.948      1.005
   3    3     -0.384     -3.606      5.936
   2  100      7.180      2.937      5.520
   4    4      4.916      3.109      7.845
   6   81    -13.080     -3.310     -7.895
  26   28     -8.779     -9.908      1.498
   8    5    -11.097     -6.028     -7.333
  78   -2     11.051     -2.474      5.843
  -1   36     20.308     -8.730     -1.993
  -1   -2     14.382     -6.899     -5.837
  92   -2     16.595     -8.779     -1.266
  -1   -2     -5.779     -6.475    -10.396
  -1   -2      8.361     -9.118    -10.417
  12   -2     15.589     -8.246      6.815
  11   -2     -0.668     -5.246      4.365
  -1   12     -2.742     -7.338     -2.566
  14   -2     -0.817     -8.169      0.004
  16   15      2.026     -7.686      9.638
  31   59      5.012     -7.825      7.966
  -1   -2     15.672     -1.076      1.740
  -1   19     20.423     -4.371     -3.424
  -1   27     16.609     -2.968     -9.436
  -1    7     17.738     -9.188     -3.547
  10   66     13.939     -4.003     -3.495
  27   24     19.308     -5.989     -6.983
  28   23     16.585      2.688     -9.890
  76   46     13.377     -8.747      7.880
  22   -2      5.102     -2.604      4.995
  43   -2      5.185      0.678      4.506
  17   20     -1.961    -10.370      2.556
  34   33     10.804     -0.404      4.455
  25   16     12.455     -2.975      0.271
  42   80     -0.540     -8.786      4.912
  21   -2     20.015     -6.354     -3.977
  60    8     11.166     -8.805      3.256
  88   -2     -7.787     -7.170     -3.609
  20   -2     19.484     -7.931     -0.251
  36   -2     19.385     -0.849     -6.082
  67   -2     -9.590    -10.782      0.208
  -1   -2     11.941     -9.140     -3.276
  75   -2      7.840     -1.477     -0.983
  44   40     20.757     -4.799     -4.710
  -1   41      4.695     -4.799      7.342
  47   47     -0.999     -8.587    -10.709
  -1   -2     -9.759     -6.876      2.776
  48   -2     18.721     -7.391     -1.300
  -1   -2     14.278     -4.777      5.483
  -1   10     16.347     -7.735      4.253
  -1   26      2.412     -1.992      4.881
  71   30     -5.190    -10.744     -2.353
  49   49     -5.601     -1.946     -9.998
  46   -2      7.654    -10.022     -2.838
  83   45     -0.439      1.544     -8.494
  -1   -2     15.332      2.377      3.917
  -1   -2     -3.224     -9.000     -8.294
  -1   39      8.403     -0.421     -5.818
  -1   -2     18.253      3.079     -3.929
  13   -2      8.665     -8.638     -8.084
  -1   -2    -13.668     -8.910      0.344
  -1   -2      8.326     -6.527     -3.786
  -1   -2     17.434    -10.534     -0.276
  -1   17     13.815     -0.642     -1.116
  -1   -2     10.844     -6.472      8.031
  -1   -2      1.232     -9.828      9.028
  -1   56     -5.426    -10.809      7.896
  -1    9      0.503     -4.399      3.986
  37   71     16.549     -2.383     -9.535
  -1   -2    -12.043     -5.705     -3.162
  85   87      9.870      3.716      6.584
  69   68     -4.647      2.225     -3.867
  30   61      4.550      0.514      6.499
 117   86     -7.888    -11.822     -3.652
  84   70     12.535     -4.818    -11.647
  18   -2     16.155      0.265      1.769
  74  106     15.827     -5.881     -8.192
  -1   72      9.827     -3.591      6.727
  73   -2     16.948     -2.076     -8.828
  -1   53      3.857     -0.661     -5.016
  -1   22      3.429    -10.696     -9.718
  -1   32     11.140      1.608      3.692
  -1   -2     15.156      3.695    -10.044
  70   62     11.238     -6.970      6.859
  66   48      3.150     -3.898      7.960
  -1   84     -5.872     -5.563      5.403
  -1   79     16.008     -6.593     -6.061
  55   -2     -4.143     -8.620     -0.731
  80   -2     14.611     -3.309     -6.559
  -1   -2     -2.935     -1.250     -3.099
  -1   -2    -12.475      3.847     -0.580
  -1   13      4.143     -9.886      8.321
  53   52     -3.224     -9.000     -8.294
  -1   -2     18.253      3.079     -3.929
  -1   -2      8.326     -6.527     -3.786
 100   76     15.332      2.377      3.917
  -1   25     14.382     -6.899     -5.837
  -1   -2     18.253      3.079     -3.929
  -1   -2      8.326     -6.527     -3.786
  -1   -2     14.382     -6.899     -5.837
  98   96     18.253      3.079     -3.929
 118  103      8.326     -6.527     -3.786
  -1   -2     14.382     -6.899     -5.837
  38   18     14.382     -6.899     -5.837
