100
   1    2     16.717     -6.731      1.592
   2    1      6.037      2.616      6.301
   3    3     -2.189     -3.767      5.441
   0    0      1.508     -6.410      9.644
   4    4      3.749      2.753      8.727
   9    5     -2.328     -5.780      5.091
  26   -2     10.087     -3.269      5.178
 106   73     14.387     -6.901     -5.849
   7   -2     16.594     -8.780     -1.265
  10   -2     15.589     -8.246      6.810
  55   15      1.099     -7.927      7.221
  64   -2     10.632     -8.185     -1.464
  60   -2     -0.816     -8.169      0.007
  17   -2     15.673     -1.078      1.739
  85   41     11.446     -8.393      3.079
  19   17     20.423     -4.370     -3.422
  11   23      4.965     -7.813      7.825
  24   19     19.311     -5.987     -6.971
  -1   -2     -1.987     -8.635      9.791
  39   -2      5.093     -2.606      5.012
  23   -2     16.581      2.690     -9.883
  20   21     -3.679    -11.083      3.313
  72   -2      9.985     -3.369      6.381
  40   35     20.025     -6.354     -3.991
  36   -2     18.107     -8.165      2.503
  32    7     11.010     -2.472      5.832
  82   29     14.990     -3.607     -6.090
  28   80    -10.929    -10.726      2.402
  -1   33     19.383     -0.846     -6.123
  45   -2     -0.234      1.060     -4.093
  35   34      6.753     -9.565     10.204
  -1   -2      7.846     -1.478     -0.995
  -1   -2     -3.620     -9.536      7.508
  -1   -2     20.757     -4.800     -4.713
  -1   24      4.694     -4.801      7.339
   6   75     13.007     -6.851      1.480
  42   -2     14.933     -8.749      9.397
  -1    6      9.430     -9.864      4.030
  -1   85     14.283     -4.775      5.500
  47   46     -0.987     -8.584    -10.674
  29   -2     18.720     -7.391     -1.307
  -1    9     16.348     -7.734      4.249
  48   25      2.410     -1.991      4.881
  49   49     -5.601     -1.945     -9.998
  -1   -2     -5.190    -10.746     -2.358
  51   53    -11.974     -9.568     -6.473
  34   -2      6.232    -10.336     -2.478
  37   68     16.506     -2.976     -9.146
  -1   27     10.517      1.343      1.620
  -1   -2      0.163     -8.466      6.565
  -1   -2     18.250      3.079     -3.917
  -1    8     18.696     -8.117     -3.207
  -1   -2     11.717     -9.024      6.682
  -1   -2      9.269     -8.568      2.497
  -1   59     17.138    -10.535      0.409
  -1   -2     -3.231     -9.001     -8.309
  -1   -2      8.324     -6.526     -3.792
  -1   79      9.431      0.194     -2.871
  73   32      1.610     -0.627     -4.520
  -1   -2     -9.952     -3.312      3.658
  62   61     10.843     -6.469      8.032
  -1   57     17.229     -9.266      1.126
  25   31     13.814     -0.641     -1.107
  -1   -2     13.190     -9.010      7.353
  59   14      2.387     -9.915      3.130
  -1   -2     -8.936     -3.911     -2.755
   5   88    -10.473     -3.337     -8.819
  -1   74     15.159      3.695    -10.056
  71   71     16.947     -2.076     -8.830
  27   16     16.462     -2.445     -9.808
  70   70     12.533     -4.816    -11.639
  -1   64     16.186     -2.291      5.191
  74   -2     12.887     -4.073    -10.651
  -1   -2     23.762     -7.835     11.747
  76   20     17.284      2.142     -0.943
  -1   40     10.270     -0.755    -11.344
  -1   -2    -14.607      4.008     -1.254
  81   -2    -13.274     -6.625     -8.958
  56   10     -4.143     -8.621     -0.731
  -1   -2      6.372    -10.570      4.650
  -1   -2    -12.454     -4.479     -1.610
  86   66     -6.512    -11.013      6.817
  75   30     13.948     -0.215     -3.422
  -1   51     -7.109    -10.690     -8.003
  -1   97     14.375     -6.895     -5.819
  41   -2      4.694     -4.801      7.339
  46   13     14.283     -4.775      5.500
  -1   -2     -3.231     -9.001     -8.309
  -1   -2     18.250      3.079     -3.917
  -1   -2      8.324     -6.526     -3.792
  52   86     -3.231     -9.001     -8.309
  -1   -2     18.250      3.079     -3.917
  -1   -2      8.324     -6.526     -3.792
  -1   -2     14.375     -6.895     -5.819
  -1   -2     18.250      3.079     -3.917
  -1   -2      8.324     -6.526     -3.792
  -1   -2     14.375     -6.895     -5.819
  -1   -2     18.250      3.079     -3.917
 103   95      8.324     -6.526     -3.792
  79   38     14.375     -6.895     -5.819
