163
  -1  159     16.606     -8.781     -1.302
   2   24     15.590     -8.247      6.801
   3   21     -2.745     -7.338     -2.560
   5   -2      2.300     -7.582     10.108
   7   -2      1.104     -9.729      8.792
  -1   20     20.423     -4.375     -3.435
  54   -2      9.972     -3.376      6.414
  12   11     17.855     -7.512      4.759
  11   -2     16.638    -10.172    -10.427
  53   27     16.580      2.689     -9.879
  21   13     17.711     -9.188     -3.494
  37   -2      5.100     -2.609      5.002
  49   -2     14.342     -1.276     -4.391
  41    9     15.023     -3.611     -6.172
  -1    1     19.941     -9.194     -5.275
  -1   17     12.869     -9.660      3.031
  -1   15     -1.549     -8.817      2.230
  19    0     -5.243     -5.745      8.926
  10   -2     20.019     -6.352     -3.985
  22   19     11.015     -2.474      5.821
  23   23     19.766     -5.760     -4.509
  25   22     19.384     -0.853     -6.088
  18   -2      6.363     -9.488      8.520
  -1   -2      7.844     -1.479     -0.993
  27   76     16.934     -7.787      6.477
   4   70     -5.631     -6.521     -9.903
  29   28     20.761     -4.808     -4.730
  -1   87      4.695     -4.801      7.342
  -1   -2     10.542     -8.164     -1.772
  -1   -2     -1.476     -6.132     -7.855
  30   58     10.612     -5.934      3.651
  34   36     -0.987     -8.585    -10.669
  -1   -2     11.493     -5.523     -4.114
  -1   -2     14.510     -0.681     -2.838
  -1   39     -9.284    -10.563     -8.391
  -1   16      2.413     -1.994      4.880
  38   41     -5.601     -1.944     -9.993
  20   43     16.509     -2.979     -9.140
  40   42     18.723     -7.391     -1.313
  64   69     12.562    -11.435      2.507
  -1   -2      4.566     -6.685      7.260
  -1   -2     10.518      1.342      1.620
  -1   -2      5.636     -8.512      6.186
  -1   -2     -3.227     -9.001     -8.300
  -1   -2     15.051     -8.933      9.799
  74    3     -1.729     -8.000     -2.984
  -1   -2      9.428      0.193     -2.875
  50   51     10.843     -6.471      8.033
  -1   49    -10.572    -10.339     -4.770
  -1   14     16.472     -2.379     -9.815
  14   -2      3.624     -8.988      5.610
  62   78     12.544     -6.954     -0.118
  48   -2     15.831    -10.657     -9.437
  -1   -2     16.679      3.692    -10.057
  56    4     -7.898     -7.197     -3.533
  52   56     -4.645      2.228     -3.865
   0   -2     17.653    -10.505     -8.852
  -1   53      4.549    -10.782      9.508
  63   61     10.162     -3.559      5.949
  58   62      0.471     -9.149     -5.002
  46   10     15.683     -9.991     -6.756
  57   55    -10.462     -3.335     -8.786
  60   60     12.534     -4.817    -11.639
  59   64     16.936     -2.079     -8.874
  39    8     19.009    -10.543     -5.824
  -1   -2     22.141    -10.030      4.467
  55    6      3.351     -8.863      5.873
  -1   86      9.422    -10.410     -5.218
  65   -2     14.170     -9.972    -10.094
  -1   67     15.156      3.685    -10.036
  -1   71     -4.155     -8.619     -0.754
  -1   72     -2.933     -1.253     -3.087
   6   66     -4.230    -10.807     -5.446
  -1   -2     19.629     -6.848     -4.337
  68   -2      3.988     -1.578      2.103
  -1   -2     16.526     -8.753     -1.119
  -1   -2      7.844     -1.479     -0.993
  -1   -2      4.695     -4.801      7.342
  -1   31     10.542     -8.164     -1.772
  -1   -2     -1.476     -6.132     -7.855
  -1   12     10.518      1.342      1.620
  -1  144      4.566     -6.685      7.260
  -1   -2     -3.227     -9.001     -8.300
  -1   -2     15.051     -8.933      9.799
  -1   -2      9.428      0.193     -2.875
  -1   -2     16.526     -8.753     -1.119
  -1   -2      7.844     -1.479     -0.993
  73   -2      4.695     -4.801      7.342
  69   -2     10.542     -8.164     -1.772
  71   88     -1.476     -6.132     -7.855
  -1   -2     14.510     -0.681     -2.838
  -1   -2     10.518      1.342      1.620
  -1   -2     -3.227     -9.001     -8.300
  -1   -2      4.566     -6.685      7.260
  -1   -2      9.428      0.193     -2.875
  -1   -2     16.526     -8.753     -1.119
  -1   -2      7.844     -1.479     -0.993
  -1   -2      4.566     -6.685      7.260
  -1   -2     10.518      1.342      1.620
  -1   -2     -3.227     -9.001     -8.300
  -1   -2      9.428      0.193     -2.875
  -1   -2     16.526     -8.753     -1.119
  -1   -2      7.844     -1.479     -0.993
  43   46     10.518      1.342      1.620
  -1   -2     -3.227     -9.001     -8.300
  -1   -2      4.566     -6.685      7.260
  -1   -2     16.526     -8.753     -1.119
  -1   -2      7.844     -1.479     -0.993
  -1   -2     14.510     -0.681     -2.838
  -1   -2      4.566     -6.685      7.260
  -1   -2     16.526     -8.753     -1.119
  -1   -2      7.844     -1.479     -0.993
  -1   -2      4.566     -6.685      7.260
  -1   -2     -3.227     -9.001     -8.300
  -1   -2     16.526     -8.753     -1.119
  -1   -2      7.844     -1.479     -0.993
  -1   -2     14.510     -0.681     -2.838
  -1   -2      4.566     -6.685      7.260
  -1   -2     -3.227     -9.001     -8.300
  -1   -2     16.526     -8.753     -1.119
  -1   -2      7.844     -1.479     -0.993
  -1   -2     14.510     -0.681     -2.838
  -1   -2      4.566     -6.685      7.260
  -1   -2     16.526     -8.753     -1.119
  -1   -2      7.844     -1.479     -0.993
 117  123     14.510     -0.681     -2.838
  -1   -2      4.566     -6.685      7.260
  -1   -2     16.526     -8.753     -1.119
  -1   -2      7.844     -1.479     -0.993
  -1   -2      4.566     -6.685      7.260
  -1   -2     16.526     -8.753     -1.119
  -1   -2      7.844     -1.479     -0.993
  -1   -2     16.526     -8.753     -1.119
  -1   -2      7.844     -1.479     -0.993
  -1   -2      4.566     -6.685      7.260
  -1   -2     16.526     -8.753     -1.119
  -1   -2      7.844     -1.479     -0.993
  -1   -2      4.566     -6.685      7.260
  -1   -2     16.526     -8.753     -1.119
  84  138      7.844     -1.479     -0.993
  -1   -2      4.566     -6.685      7.260
  -1   -2     16.526     -8.753     -1.119
  -1   -2      4.566     -6.685      7.260
  -1   -2     16.526     -8.753     -1.119
  -1   -2      4.566     -6.685      7.260
  -1   -2     16.526     -8.753     -1.119
  -1   -2      4.566     -6.685      7.260
  -1   -2     16.526     -8.753     -1.119
  80   44      4.566     -6.685      7.260
  -1   -2     16.526     -8.753     -1.119
  -1   -2     16.526     -8.753     -1.119
  -1   -2     16.526     -8.753     -1.119
  -1   -2     16.526     -8.753     -1.119
  -1   -2     16.526     -8.753     -1.119
  -1   -2     16.526     -8.753     -1.119
  -1   -2     16.526     -8.753     -1.119
  -1   -2     16.526     -8.753     -1.119
  -1   -2     16.526     -8.753     -1.119
  -1   -2     16.526     -8.753     -1.119
  -1   -2     16.526     -8.753     -1.119
  -1   -2     16.526     -8.753     -1.119
  -1   -2     16.526     -8.753     -1.119
  66   -2     16.526     -8.753     -1.119
