203
  -1  205     16.608     -8.781     -1.307
  85    1     15.589     -8.248      6.800
   2   -2     -2.744     -7.339     -2.557
  30    3     -5.619     -6.511    -10.178
  -1    4     -0.817     -8.170      0.003
  42    5      2.300     -7.581     10.108
  26    7     20.424     -4.376     -3.440
  51   21     13.923     -4.003     -3.455
  56   14     16.646    -10.178    -10.451
  10   -2     16.579      2.690     -9.877
   9   -2     17.854     -7.513      4.744
  14   13      5.098     -2.606      5.001
   0   12     17.714     -9.187     -3.499
  -1   -2     15.708     -1.132      1.884
  15   11     16.951      3.780    -10.792
   6   20     19.389     -0.855     -6.082
  16   18     16.370     -2.451     -9.505
  62   48     11.015     -2.475      5.823
  20   -2     14.831    -10.105    -10.351
  -1   19    -12.068     -5.608     -4.172
  38   17     20.019     -6.353     -3.979
  19   22     19.762     -5.762     -4.528
  -1    6     16.638     -4.092    -10.037
  -1   -2     16.956     -7.784      6.426
  -1  182      7.838     -1.478     -0.975
  -1   -2     20.761     -4.809     -4.731
  27   -2      4.694     -4.800      7.337
  -1   -2     10.542     -8.164     -1.779
  -1   -2     -1.471     -6.133     -7.863
 125   37     13.017     -6.853      1.471
  29   61     10.611     -5.934      3.652
  34   33     -0.986     -8.587    -10.668
  31   10     11.496     -5.518     -4.117
  -1   58     22.346    -10.204      6.763
  -1   -2      2.411     -1.994      4.882
  36   40     -5.600     -1.945     -9.996
  -1   -2     -9.283    -10.563     -8.387
  -1   16     14.321    -10.939     -7.030
  -1   -2     16.508     -2.980     -9.144
  -1   -2     18.724     -7.390     -1.317
  -1   41    -11.973     -9.568     -6.463
  -1   -2      4.572     -6.684      7.274
  41   81     10.517      1.343      1.620
  18   47     -5.188    -10.742     -2.340
  47   -2      5.638     -8.511      6.189
  -1   -2     15.052     -8.934      9.794
  -1   -2     -3.230     -9.001     -8.310
  -1   52      9.430      0.192     -2.870
  -1   80      9.268     -8.571      2.496
  54   53     10.842     -6.471      8.033
  46   43     17.235     -9.267      1.108
  52   54      3.623     -8.987      5.606
  -1    9     13.812     -0.640     -1.123
  -1   32      9.827     -3.587      6.728
  -1   -2     15.832    -10.655     -9.442
  12   60     -7.899     -7.198     -3.532
  60   57     -4.653      2.221     -3.888
  39   34    -10.466     -3.334     -8.792
  -1   -2     15.157      3.693    -10.042
  63   65     12.530     -4.817    -11.632
  64   64     16.935     -2.076     -8.875
  65   -2    -11.365     -6.931     11.236
  11   51     14.183     -9.981     -3.216
  32   75      9.423    -10.408     -5.218
  -1    2     -4.151     -8.624     -0.751
  -1   -2      0.571    -10.812     -4.168
  67   -2     -2.936     -1.251     -3.089
  99   -2     -7.108    -10.690     -8.013
  -1   70      3.115    -10.355      6.031
  -1   -2     16.524     -8.753     -1.115
  -1   -2      7.838     -1.478     -0.975
  -1   -2     16.956     -7.784      6.426
  -1  125     10.542     -8.164     -1.779
  -1   -2     -1.471     -6.133     -7.863
  28   -2     22.346    -10.204      6.763
  -1   28      4.572     -6.684      7.274
  44   -2     -3.230     -9.001     -8.310
  -1   -2      9.268     -8.571      2.496
  -1  103     15.052     -8.934      9.794
  -1   -2     16.524     -8.753     -1.115
  -1   -2      7.838     -1.478     -0.975
  -1   -2     16.956     -7.784      6.426
  -1   -2     10.542     -8.164     -1.779
  -1   -2     -1.471     -6.133     -7.863
 137  143     14.504     -0.678     -2.859
  40   71     -9.283    -10.563     -8.387
  -1   -2      4.572     -6.684      7.274
  -1   -2     15.052     -8.934      9.794
  -1   -2      9.268     -8.571      2.496
  -1   -2     16.524     -8.753     -1.115
  -1   -2     16.956     -7.784      6.426
  -1   -2      7.838     -1.478     -0.975
  -1   -2     10.542     -8.164     -1.779
  -1   -2     -1.471     -6.133     -7.863
  -1   -2     14.504     -0.678     -2.859
  -1   -2      4.572     -6.684      7.274
  -1   -2     15.052     -8.934      9.794
  -1   -2     16.524     -8.753     -1.115
  -1   -2      7.838     -1.478     -0.975
  45    8     16.956     -7.784      6.426
  -1   -2     10.542     -8.164     -1.779
  -1   -2     -1.471     -6.133     -7.863
  -1   -2     14.504     -0.678     -2.859
  37   -2     -9.283    -10.563     -8.387
  -1   -2      4.572     -6.684      7.274
  -1   -2     16.524     -8.753     -1.115
  -1   -2      7.838     -1.478     -0.975
  -1   -2     10.542     -8.164     -1.779
  97  106     -1.471     -6.133     -7.863
  -1   -2      4.572     -6.684      7.274
  -1   -2     16.524     -8.753     -1.115
  -1   -2      7.838     -1.478     -0.975
  -1   -2     10.542     -8.164     -1.779
  -1   -2     14.504     -0.678     -2.859
  -1   -2      4.572     -6.684      7.274
  -1   -2     16.524     -8.753     -1.115
  -1   -2      7.838     -1.478     -0.975
  -1   -2      4.572     -6.684      7.274
  -1   -2     16.524     -8.753     -1.115
  -1   -2      7.838     -1.478     -0.975
  -1   -2     14.504     -0.678     -2.859
  -1   -2      4.572     -6.684      7.274
  -1   -2     16.524     -8.753     -1.115
  -1   -2      7.838     -1.478     -0.975
  -1   -2     14.504     -0.678     -2.859
  -1   -2      4.572     -6.684      7.274
  -1   -2     16.524     -8.753     -1.115
  -1   -2      7.838     -1.478     -0.975
  -1   -2     16.524     -8.753     -1.115
  -1   -2      7.838     -1.478     -0.975
  66   29     10.542     -8.164     -1.779
  -1   -2      4.572     -6.684      7.274
  -1   -2     16.524     -8.753     -1.115
  -1   -2      7.838     -1.478     -0.975
  -1   -2      4.572     -6.684      7.274
  -1   -2     16.524     -8.753     -1.115
  -1   -2      7.838     -1.478     -0.975
  -1   -2      4.572     -6.684      7.274
  -1   -2     16.524     -8.753     -1.115
  -1   -2      7.838     -1.478     -0.975
  -1   -2      4.572     -6.684      7.274
  -1   -2     16.524     -8.753     -1.115
  -1   -2      7.838     -1.478     -0.975
  -1   -2     14.504     -0.678     -2.859
  -1   -2      4.572     -6.684      7.274
  -1   -2     16.524     -8.753     -1.115
  -1   -2      7.838     -1.478     -0.975
  -1   -2      4.572     -6.684      7.274
  -1   -2     16.524     -8.753     -1.115
  -1   -2      7.838     -1.478     -0.975
  -1   -2     14.504     -0.678     -2.859
  -1   -2      4.572     -6.684      7.274
  -1   -2     16.524     -8.753     -1.115
  -1   -2      7.838     -1.478     -0.975
  -1   -2      4.572     -6.684      7.274
  -1   -2     16.524     -8.753     -1.115
  -1   -2      7.838     -1.478     -0.975
  -1   -2      4.572     -6.684      7.274
  -1   -2     16.524     -8.753     -1.115
  -1   -2      7.838     -1.478     -0.975
  -1   -2     14.504     -0.678     -2.859
  -1   -2      4.572     -6.684      7.274
  -1   -2     16.524     -8.753     -1.115
  -1   -2      7.838     -1.478     -0.975
  -1   -2      4.572     -6.684      7.274
  -1   -2     16.524     -8.753     -1.115
  -1   -2      7.838     -1.478     -0.975
  55   -2     14.504     -0.678     -2.859
  -1   -2      4.572     -6.684      7.274
  -1   -2     16.524     -8.753     -1.115
  -1   -2      7.838     -1.478     -0.975
  -1   -2      4.572     -6.684      7.274
  -1   -2     16.524     -8.753     -1.115
  -1   -2      7.838     -1.478     -0.975
  -1   -2      4.572     -6.684      7.274
  -1   -2     16.524     -8.753     -1.115
  -1   -2      7.838     -1.478     -0.975
  -1   -2      4.572     -6.684      7.274
  -1   -2     16.524     -8.753     -1.115
 176   -2      7.838     -1.478     -0.975
  -1   -2     16.524     -8.753     -1.115
  -1   -2      4.572     -6.684      7.274
  -1   -2     16.524     -8.753     -1.115
  -1   -2      4.572     -6.684      7.274
  -1   -2     16.524     -8.753     -1.115
  -1   -2      4.572     -6.684      7.274
  -1   -2     16.524     -8.753     -1.115
  -1   -2     16.524     -8.753     -1.115
  -1   -2     16.524     -8.753     -1.115
  -1   -2     16.524     -8.753     -1.115
  -1   -2     16.524     -8.753     -1.115
  -1   -2     16.524     -8.753     -1.115
  -1   -2     16.524     -8.753     -1.115
  -1   -2     16.524     -8.753     -1.115
  -1   -2     16.524     -8.753     -1.115
  -1   -2     16.524     -8.753     -1.115
  -1   -2     16.524     -8.753     -1.115
  -1   -2     16.524     -8.753     -1.115
  -1   -2     16.524     -8.753     -1.115
  -1   -2     16.524     -8.753     -1.115
  -1   -2     16.524     -8.753     -1.115
  -1   -2     16.524     -8.753     -1.115
 199   -2     16.524     -8.753     -1.115
