312
  -1   -2     16.609     -8.781     -1.312
   1   -2     15.591     -8.247      6.794
  -1    4     -2.744     -7.337     -2.561
   9    7     19.032     -7.579     -1.987
   2   15     13.617     -8.727      8.656
  61    6     -5.622     -6.512    -10.187
  82   -2      2.300     -7.582     10.105
  29   11     20.421     -4.374     -3.442
   3   10     -0.953     -8.144     -0.386
  59   -2     13.117     -7.377      7.834
  66   -2     14.319     -1.286     -4.336
  10   26     13.946     -4.012     -3.515
   4    3     17.709     -9.187     -3.497
  -1   66     16.580      2.690     -9.879
  -1   16     17.854     -7.512      4.740
  18   -2     16.655    -10.179    -10.474
  12   69     16.953      3.780    -10.796
   7   13      5.098     -2.604      5.009
  11   -2     20.023     -6.357     -3.990
   8   56     16.599     -2.407     -9.811
  -1   19     14.831    -10.106    -10.355
  -1   -2     17.816     -7.322     -7.717
  19   -2     19.400     -0.859     -6.048
  -1   -2     15.164     -3.438     -4.724
  -1   23     19.759     -5.764     -4.540
  15   24     16.958     -7.783      6.420
  -1  252      7.836     -1.478     -0.969
  -1   -2     -6.638    -12.266     -8.015
 211   -2     13.013     -6.848      1.468
 165   70      6.722     -9.529      9.758
  -1   -2     20.760     -4.806     -4.727
  -1  250      4.695     -4.801      7.338
  -1   -2     -1.474     -6.131     -7.859
  -1   59     10.611     -5.935      3.652
  38   36     -1.002     -8.589    -10.719
  -1   -2     14.280     -4.779      5.487
  -1   -2    -11.517     -9.616      2.441
  -1   -2     14.501     -0.678     -2.869
  -1   39      2.410     -1.994      4.882
  58   -2     -5.601     -1.946     -9.997
  -1    2     14.815     -8.533      8.937
  -1   -2     -5.188    -10.745     -2.346
  44   42    -11.977     -9.566     -6.476
  23   -2     16.510     -2.981     -9.136
  43   44     10.517      1.342      1.621
  -1   45     15.053     -8.934      9.794
  17   52     10.795     -2.425      4.384
  -1   -2      9.269     -8.567      2.492
  -1   -2      4.569     -6.684      7.267
  -1   -2     -3.227     -9.000     -8.296
  -1   -2     -9.282    -10.558     -8.390
  -1   -2      5.638     -8.510      6.187
  -1   -2      9.428      0.192     -2.876
  -1   -2      3.092    -10.458      6.231
  42   -2     17.221     -9.267      1.133
  -1   -2     10.841     -6.472      8.036
  55   -2      3.622     -8.987      5.606
  -1   -2     15.829    -10.654     -9.442
  34    5      9.826     -3.589      6.727
  -1   67     13.157     -9.712      2.323
  57   62    -10.469     -3.336     -8.801
  -1   60     -4.650      2.226     -3.884
  60   40     -7.899     -7.198     -3.535
  -1   28     12.338     -8.519     11.485
  -1   -2    -12.044     -5.708     -3.171
  67   64     12.542     -4.819    -11.670
  16   21     16.930     -2.080     -8.903
  -1   72     -4.145     -8.620     -0.731
  25   -2      5.554     -9.296     10.072
 108   -2     -7.104    -10.693     -8.020
 301    1     16.529     -8.753     -1.128
  -1   -2      6.722     -9.529      9.758
  -1   -2      7.836     -1.478     -0.969
  -1   -2     20.760     -4.806     -4.727
  47  105      4.695     -4.801      7.338
  -1  130     -1.474     -6.131     -7.859
  -1   -2     14.280     -4.779      5.487
  -1   -2    -11.517     -9.616      2.441
  -1   -2     -5.188    -10.745     -2.346
  -1   57      5.638     -8.510      6.187
  -1   -2      4.569     -6.684      7.267
  -1   -2     -3.227     -9.000     -8.296
  -1   -2     -9.282    -10.558     -8.390
  -1   -2      9.428      0.192     -2.876
  -1   -2      3.092    -10.458      6.231
  -1   -2      9.269     -8.567      2.492
  48  102     -6.638    -12.266     -8.015
  -1   61    -12.044     -5.708     -3.171
  -1   -2     16.529     -8.753     -1.128
  -1   -2      6.722     -9.529      9.758
  -1   -2      7.836     -1.478     -0.969
  -1  205     10.534     -8.163     -1.806
  -1   -2     -1.474     -6.131     -7.859
  -1   -2     14.280     -4.779      5.487
  -1   -2     -5.188    -10.745     -2.346
  -1   -2     -3.227     -9.000     -8.296
  -1   -2      4.569     -6.684      7.267
  -1   -2      5.638     -8.510      6.187
  -1   -2     -9.282    -10.558     -8.390
  98  113      3.092    -10.458      6.231
 279  100      9.428      0.192     -2.876
  -1   -2      9.269     -8.567      2.492
  -1   -2    -12.044     -5.708     -3.171
  -1   -2     16.529     -8.753     -1.128
  -1   -2    -11.517     -9.616      2.441
  -1   -2      7.836     -1.478     -0.969
  -1   -2     10.534     -8.163     -1.806
  -1   -2     -1.474     -6.131     -7.859
  -1   -2     14.280     -4.779      5.487
  -1   20     14.501     -0.678     -2.869
  -1   -2     -5.188    -10.745     -2.346
  -1   -2     -3.227     -9.000     -8.296
  79   73     -9.282    -10.558     -8.390
  -1   -2      4.569     -6.684      7.267
  51    8      5.638     -8.510      6.187
  -1   -2      9.269     -8.567      2.492
  -1   -2     16.529     -8.753     -1.128
  -1   -2      7.836     -1.478     -0.969
  -1   -2     10.534     -8.163     -1.806
 117   -2     -1.474     -6.131     -7.859
 106  120     14.280     -4.779      5.487
  -1   -2      4.569     -6.684      7.267
  -1   -2     -5.188    -10.745     -2.346
  -1   -2     -3.227     -9.000     -8.296
  -1   -2      9.269     -8.567      2.492
  -1   -2     16.529     -8.753     -1.128
  -1   -2    -11.517     -9.616      2.441
  -1   -2      7.836     -1.478     -0.969
  -1   -2     10.534     -8.163     -1.806
  -1   -2     -3.227     -9.000     -8.296
  -1   -2      4.569     -6.684      7.267
  -1   -2      9.269     -8.567      2.492
  -1   -2     16.529     -8.753     -1.128
  -1   -2      7.836     -1.478     -0.969
  -1   -2     10.534     -8.163     -1.806
  -1   -2     14.501     -0.678     -2.869
  -1   -2      4.569     -6.684      7.267
  -1   -2     -3.227     -9.000     -8.296
  -1   -2      9.269     -8.567      2.492
  -1   -2     16.529     -8.753     -1.128
 135  145    -11.517     -9.616      2.441
  -1   -2      7.836     -1.478     -0.969
  -1   -2     10.534     -8.163     -1.806
  -1   -2      6.722     -9.529      9.758
  -1   -2     14.501     -0.678     -2.869
  -1   -2      4.569     -6.684      7.267
  -1   -2     -3.227     -9.000     -8.296
  -1   -2      9.269     -8.567      2.492
  -1   -2     16.529     -8.753     -1.128
  -1   -2      6.722     -9.529      9.758
  -1   -2      7.836     -1.478     -0.969
  -1   -2     10.534     -8.163     -1.806
  -1   -2      4.569     -6.684      7.267
  -1   -2     -3.227     -9.000     -8.296
  -1   -2      9.269     -8.567      2.492
  -1   -2     16.529     -8.753     -1.128
  -1   -2      7.836     -1.478     -0.969
  -1   -2     10.534     -8.163     -1.806
  -1   -2     14.501     -0.678     -2.869
  -1   -2      4.569     -6.684      7.267
  -1   -2     -3.227     -9.000     -8.296
  -1   -2      9.269     -8.567      2.492
  -1   -2     16.529     -8.753     -1.128
  -1   -2      7.836     -1.478     -0.969
  -1   -2     10.534     -8.163     -1.806
  -1   -2     14.501     -0.678     -2.869
  49  158     -3.227     -9.000     -8.296
  -1   -2      4.569     -6.684      7.267
  -1   -2      9.269     -8.567      2.492
  -1   -2     16.529     -8.753     -1.128
  -1   -2      7.836     -1.478     -0.969
  -1   -2     10.534     -8.163     -1.806
  -1   -2     14.501     -0.678     -2.869
  -1   -2      4.569     -6.684      7.267
  -1   -2      9.269     -8.567      2.492
  -1   -2     16.529     -8.753     -1.128
  -1   -2      7.836     -1.478     -0.969
  -1   -2     10.534     -8.163     -1.806
  -1   -2     14.501     -0.678     -2.869
  -1   -2      4.569     -6.684      7.267
  -1   -2      9.269     -8.567      2.492
  -1   -2     16.529     -8.753     -1.128
  -1   -2      7.836     -1.478     -0.969
  -1   -2     10.534     -8.163     -1.806
  -1   -2      4.569     -6.684      7.267
  -1   -2      9.269     -8.567      2.492
  -1   -2     16.529     -8.753     -1.128
  -1   -2      7.836     -1.478     -0.969
  -1   -2     10.534     -8.163     -1.806
  -1   -2     14.501     -0.678     -2.869
  -1   -2      4.569     -6.684      7.267
  -1   -2      9.269     -8.567      2.492
  -1   -2     16.529     -8.753     -1.128
  -1   -2      7.836     -1.478     -0.969
  -1   -2     10.534     -8.163     -1.806
  -1   -2     14.501     -0.678     -2.869
  -1   -2      4.569     -6.684      7.267
  -1   -2      9.269     -8.567      2.492
  -1   -2     16.529     -8.753     -1.128
  -1   -2      7.836     -1.478     -0.969
  -1   -2     10.534     -8.163     -1.806
  -1   -2     14.501     -0.678     -2.869
  -1   -2      4.569     -6.684      7.267
  -1   -2      9.269     -8.567      2.492
  -1   -2     16.529     -8.753     -1.128
  -1   -2      7.836     -1.478     -0.969
  -1   -2     10.534     -8.163     -1.806
  -1   -2      4.569     -6.684      7.267
  -1   -2      9.269     -8.567      2.492
  -1   -2     16.529     -8.753     -1.128
  -1   -2      7.836     -1.478     -0.969
  -1   -2     10.534     -8.163     -1.806
  39  214     14.501     -0.678     -2.869
  -1   -2      4.569     -6.684      7.267
  -1   -2      9.269     -8.567      2.492
  -1   -2     16.529     -8.753     -1.128
  -1   -2      7.836     -1.478     -0.969
  -1   -2     10.534     -8.163     -1.806
  -1   -2      4.569     -6.684      7.267
  -1   -2     16.529     -8.753     -1.128
  -1   -2      7.836     -1.478     -0.969
  89   -2     10.534     -8.163     -1.806
  -1   -2      4.569     -6.684      7.267
  -1   -2     16.529     -8.753     -1.128
  -1   -2      7.836     -1.478     -0.969
  -1   -2      4.569     -6.684      7.267
  -1   -2     16.529     -8.753     -1.128
  -1   -2      7.836     -1.478     -0.969
  -1   -2      4.569     -6.684      7.267
  -1   -2     16.529     -8.753     -1.128
  -1   -2      7.836     -1.478     -0.969
  -1   -2      4.569     -6.684      7.267
  -1   -2     16.529     -8.753     -1.128
  -1   -2      7.836     -1.478     -0.969
  -1   -2      4.569     -6.684      7.267
  -1   -2     16.529     -8.753     -1.128
  -1   -2      7.836     -1.478     -0.969
  -1   -2      4.569     -6.684      7.267
  -1   -2     16.529     -8.753     -1.128
  -1   -2      7.836     -1.478     -0.969
  -1   -2      4.569     -6.684      7.267
  -1   -2     16.529     -8.753     -1.128
  -1   -2      7.836     -1.478     -0.969
  -1   -2      4.569     -6.684      7.267
  -1   -2     16.529     -8.753     -1.128
  -1   -2      7.836     -1.478     -0.969
  -1   -2     16.529     -8.753     -1.128
  -1   -2      7.836     -1.478     -0.969
  -1   -2      4.569     -6.684      7.267
  -1   -2     16.529     -8.753     -1.128
  -1   -2      7.836     -1.478     -0.969
  -1   -2      4.569     -6.684      7.267
  -1   -2     16.529     -8.753     -1.128
  -1   -2      7.836     -1.478     -0.969
  -1   -2      4.569     -6.684      7.267
  -1   -2     16.529     -8.753     -1.128
  -1   -2      7.836     -1.478     -0.969
  -1   -2      4.569     -6.684      7.267
  -1   -2     16.529     -8.753     -1.128
  -1   -2      7.836     -1.478     -0.969
  -1   -2      4.569     -6.684      7.267
  -1   -2     16.529     -8.753     -1.128
  -1   -2      7.836     -1.478     -0.969
  -1   -2      4.569     -6.684      7.267
  -1   -2     16.529     -8.753     -1.128
  -1   -2      7.836     -1.478     -0.969
  -1   -2      4.569     -6.684      7.267
  -1   -2     16.529     -8.753     -1.128
  -1   -2      7.836     -1.478     -0.969
  -1   -2      4.569     -6.684      7.267
  -1   -2     16.529     -8.753     -1.128
  -1   -2      7.836     -1.478     -0.969
  -1   -2      4.569     -6.684      7.267
  -1   -2     16.529     -8.753     -1.128
  -1   -2      7.836     -1.478     -0.969
  -1   -2      4.569     -6.684      7.267
  -1   -2     16.529     -8.753     -1.128
  -1   -2      7.836     -1.478     -0.969
 275   46      4.569     -6.684      7.267
  -1   -2     16.529     -8.753     -1.128
  -1   -2      7.836     -1.478     -0.969
  -1   -2     16.529     -8.753     -1.128
  -1   -2      7.836     -1.478     -0.969
  -1   -2     16.529     -8.753     -1.128
  -1   -2      7.836     -1.478     -0.969
  -1   -2     16.529     -8.753     -1.128
  -1   -2      7.836     -1.478     -0.969
  -1   -2     16.529     -8.753     -1.128
  27   -2      7.836     -1.478     -0.969
  -1   -2     16.529     -8.753     -1.128
  -1   -2     16.529     -8.753     -1.128
  -1   -2     16.529     -8.753     -1.128
  -1   -2     16.529     -8.753     -1.128
  -1   -2     16.529     -8.753     -1.128
  -1   -2     16.529     -8.753     -1.128
  -1   -2     16.529     -8.753     -1.128
  -1   -2     16.529     -8.753     -1.128
  -1   -2     16.529     -8.753     -1.128
  -1   -2     16.529     -8.753     -1.128
  -1   -2     16.529     -8.753     -1.128
  -1   -2     16.529     -8.753     -1.128
  -1   -2     16.529     -8.753     -1.128
  -1   -2     16.529     -8.753     -1.128
  -1   -2     16.529     -8.753     -1.128
  -1   -2     16.529     -8.753     -1.128
  -1   -2     16.529     -8.753     -1.128
  -1   -2     16.529     -8.753     -1.128
  -1   -2     16.529     -8.753     -1.128
  -1   -2     16.529     -8.753     -1.128
  -1   -2     16.529     -8.753     -1.128
  -1   -2     16.529     -8.753     -1.128
  71   12     16.529     -8.753     -1.128
