45
  -1   25     13.669     -9.192     -1.249
  -1   34     13.341     -9.380    -10.201
   3   -2     11.741     -9.685      4.881
   2    4     16.793     -8.072     -5.847
  -1    6      9.988     -9.674      5.734
  34   -2     11.452     -7.612      5.665
  16   -2      4.744     -6.743      4.513
  18   26     -7.556     -7.869      1.235
   1   -2     15.697     -8.786     -3.988
   6   -2     17.108    -10.473     -6.433
  22    0     16.013    -10.938     -2.751
  39   16      9.964     -3.375      6.435
  12   14     10.507     -4.948      1.537
  -1   -2     15.825    -11.199     -7.189
   7   -2     11.295     -8.541      7.658
  -1   -2      5.399     -3.850      3.799
  -1   -2      9.349     -4.752     -1.360
  -1   -2     -4.553     -9.514     -7.116
  32   22     20.038    -10.144     -4.719
  19   -2     18.259     -6.704     -9.667
   0    1     14.308     -8.360     -3.214
  -1    2     10.270    -10.289     -1.905
  -1   -2     18.716    -10.723      0.335
  28   21     -7.975     -4.531     -9.814
  20   47     -5.897     -9.816     -9.227
  37   13      1.605     -6.033     10.275
  -1   -2     -7.457     -4.052     -5.052
  36   41     11.444     -4.767      6.984
  30    9     17.563     -9.421     -8.055
  -1   38     15.669     -4.870     -3.778
  -1   -2     11.138     -8.345      5.458
  -1   10     17.046     -4.389     -6.054
  -1   -2     20.075     -9.184     -0.514
  24   12     17.745     -5.631     -5.927
  29    5     10.815     -7.829      9.991
  14   -2     11.660     -9.367      2.235
  -1    3     12.525    -11.492      0.534
  -1   43     -3.477     -8.601     -9.060
  -1   -2     18.791    -11.060      0.449
  23   45     -8.741    -10.833      0.116
  38   -2     18.602     -7.909     -0.192
  -1   -2     13.074     -7.622     -9.752
  -1   17     12.294     -5.588      4.584
  21   -2     -4.553     -9.514     -7.116
  40   48      5.399     -3.850      3.799
