234
   1   63      5.838     -8.266      4.338
   0   11     -0.811     -9.231     -7.594
   4    2      4.810     -6.657      1.308
  -1    1      3.883     -5.493      1.345
   5    3      2.458     -7.180     -2.461
   9    0      5.932     -7.256      0.356
  14  213     10.216     -8.646     -6.313
   8    4     -0.741     -4.798      5.960
   6   10      3.728      0.354      5.063
  -1   13      3.797     -9.712     -4.654
  10    8     -1.961     -7.921      6.449
  12    7      7.911     -3.662     -3.621
  -1    9      3.876     -6.267      3.556
  88   99     11.391     -9.138      1.382
  15  202     10.963     -7.138      6.574
 113   -2      4.055     -8.441     -6.502
  -1   -2      0.750     -9.079      3.195
  21   43      3.560    -10.383     -9.868
  18   17     10.604     -7.150      2.205
  90   98     -3.281     -9.427     -3.969
  50   -2      5.121     -9.594     -7.038
  20   70      1.682      2.890      7.806
  99   48      2.640    -10.265     -5.114
  25   20      0.098     -4.629     -2.107
  26   30     -0.100     -7.717     -6.701
  -1   22     -2.785     -7.389      4.692
 131   69     -1.196    -10.401     -6.078
  19   21      3.167     -8.827     -4.915
  29   26     -0.980     -5.437      8.370
  31   28      4.885     -3.489      1.209
  33   32     -5.412     -7.105     -6.731
  30   33      1.771     -8.704     -3.016
  36   37     -4.405     -3.008     -1.792
  -1   -2      3.474    -10.746     -8.147
  34   34     -5.578     -8.337      4.673
  35   40      2.271      0.593      4.735
  -1   -2      0.054    -10.514     -6.077
  32   36     10.292     -1.738      5.499
  40   41     -4.101     -8.452      5.917
  45   45      4.314     -7.418      1.206
  -1   47      5.238     -7.799     -6.630
  92   -2     -4.113     -9.782     -2.870
  89   -2     -2.927    -10.613     -8.974
  48  209      6.237     -3.767     -6.103
  68   -2     12.977     -2.857     -1.835
  -1   -2      2.947     -8.364     -6.574
  52   53      9.710      2.848      1.739
  24   -2     -4.219     -9.051      0.638
 155   57     -2.129     -7.521      8.634
  53   54     -0.295     -5.359     -8.843
  82   89      2.882    -10.381     -3.928
  47   55      4.865     -8.272     -7.888
  57  174      3.033      1.749      9.964
  56  142      2.078     -1.446      9.553
  -1   23      3.041    -10.776     -5.151
  38   -2      3.295     -9.698     -6.919
  65  141     -0.164      1.844      4.543
  -1   -2      4.156    -10.429     -8.332
 112   52      5.660     -6.745      4.471
  -1   24      0.954     -9.961     -2.159
 215  163     -0.376     -3.470     -0.056
  -1   -2      4.232    -10.786     -8.619
 169   -2     -7.703     -3.818     -6.599
 170   -2     -9.717     -4.181     -8.239
  -1   -2     -1.214     -8.107      9.768
  59   -2      5.887     -8.125     -1.717
  27   19     -2.546    -10.485    -10.062
  -1   -2     -6.038     -5.999     -6.871
 221   14     -6.028    -10.192     -6.512
  76   -2      2.522     -9.780      7.170
  -1   -2     14.379     -9.551     -9.357
 141  100      0.403    -10.510      0.655
 107   29     10.756     -8.636     -6.207
 193   76      1.532     -9.691      7.702
  71   -2      3.295     -9.923      4.503
 210   71     -9.978     -6.220     -2.079
  93   49      8.367     -7.921     -7.156
  -1   31     -3.576    -10.429     -9.861
  -1   79     14.257      0.880      9.753
 129   90     14.675      0.509     -5.207
  73   -2      4.457    -10.059      8.702
  95   -2      5.073     -9.355      6.826
  64   25     -7.859     -4.435     -3.973
 146  164     -2.479     -8.191     -5.122
 177   -2     10.446     -2.617      5.264
 100   -2     -4.097    -10.803     -3.952
  -1   -2      5.617     -9.157     10.188
  13  115     10.180     -9.657     -2.092
  -1   -2     -9.353    -10.487      1.255
 163  139      0.978    -10.363      6.310
  -1  107      6.519     -8.262      9.683
  67  127      6.719     -8.991      5.654
 203  154     16.357     -5.664     -8.188
 148   -2     -3.830     -9.533     -4.383
 201   -2    -10.322    -10.561     -4.330
 176   -2     13.466      3.002     -2.157
  -1   96     -8.601     -8.980     -1.245
 126   -2      4.974     -9.681      7.415
 151   58      1.038    -10.041      4.601
 116   -2     13.227     -7.941      0.837
  -1   -2      1.483     -3.988     -9.748
  51  102     17.856     -7.506      4.778
 142   84     15.472    -10.608     -8.474
  44   44      4.003     -7.814     -6.846
  91   68     13.517     -9.075     -4.026
 122   86     -5.887    -10.802     -6.359
 127   60     14.259     -8.918      5.322
 147   62     11.426     -1.688      2.849
  55   50      7.317     -6.969      6.554
 137  122     15.069      1.139     -9.755
 103   -2     -5.412    -10.645     -2.777
  86   74     -2.645    -10.679     -0.857
 168   72      2.941     -8.543      4.915
  -1   -2     20.539     -9.012     -2.716
 110   93      3.522     -9.304      9.105
  75  101     17.283     -4.575     -0.992
 198   -2     -7.385     -2.710     -7.373
  78   38      6.378     -9.415      8.748
  60   -2      4.937     -9.906     -7.368
  -1  114      2.169    -10.761      1.340
 162  155     -1.999     -7.759      3.041
 132  121      4.709     -9.914      5.314
 186   -2      4.079     -1.296      9.189
 124   -2     11.294     -3.458      3.088
  -1  212     10.351     -6.538      6.623
  -1   -2     -6.455     -9.138     -5.448
 183   -2     19.382     -9.172     -4.194
 156  111     11.298     -3.800      9.563
 181   -2     -9.756     -9.271    -10.429
 226   -2      5.810    -10.087     -2.143
  -1   -2     19.653     -8.013     -2.280
 138  116     18.743     -7.299     -4.126
 165   81     -1.731     -2.688    -10.082
 136  133     -0.432      3.461      4.512
 121   78      8.975     -4.397      9.018
  -1   -2      4.749     -8.603      2.184
  -1  192      6.569     -9.838    -10.276
 167   -2      1.503    -11.108     -2.294
  -1  179     20.630     -9.700     -6.694
  97  165      4.666    -10.197     -8.742
  -1  113      6.466     -8.798      9.124
  -1   -2     19.235     -7.435     -0.502
  66  147      0.410     -4.413      9.587
  94   27     -1.545     -8.631      2.468
  -1   -2      2.203      0.173     10.421
  -1  103     18.553     -1.805     -8.524
  -1   -2      4.676     -6.863      5.447
 108   -2     17.943     -8.973     -3.792
  16   75      8.494     -8.142      6.893
  -1   73     12.928     -0.038     -5.950
  -1   -2      3.858     -9.133      0.544
 216   -2     11.793      0.228      8.198
  -1   -2      2.087     -7.553     -6.830
 161   18      1.788     -8.833      0.773
  80  143     -7.045     -6.554     -6.606
 157  162     -6.208     -7.906     -2.544
  63  123      6.840     -9.941    -10.468
  -1   -2     -3.135     -6.173     -2.634
  -1   -2      4.839     -0.505      8.652
  -1   -2     -2.320     -7.295      9.107
 225  110      3.568     -6.263     -6.589
  -1   65     -4.836    -10.656      1.201
  -1   -2     10.379     -9.736     -9.155
 166   -2      8.659     -1.319      9.563
 172   -2      1.459     -4.468     -4.743
 171  130     -8.473     -6.702     -3.666
  -1   -2     18.861     -6.061      3.094
  39   -2     -0.580     -9.721     -7.384
 194  156     -6.266      2.197     -8.213
  -1  126     -9.296     -6.148     -1.078
  -1  189      0.307     -1.267     10.167
  -1   -2    -10.622     -3.357     -8.227
  -1  182    -10.512     -5.509     -8.989
 207   -2     12.857     -5.581      6.355
  -1   -2     11.191     -2.099     11.845
 111   -2     16.010     -1.637     -8.082
  -1   -2     19.004     -4.028     -8.637
  -1  112      6.708     -0.346      9.869
  -1   -2     10.883     -0.563      4.247
  -1  197    -13.221      3.091      4.968
  -1  158     -5.252     -1.638     -9.165
  -1   -2     -0.177     -6.326     -4.305
 180   -2     19.643     -7.624      8.908
 192   61     19.611     -7.664      2.667
  -1  185     22.208      0.149      8.016
  -1   -2     -6.397     -7.551     -5.374
  -1  177     17.108     -8.595      4.458
 188  117     13.728      4.250     -6.517
 173   39     13.297     -8.512      7.467
 211   -2      5.514      3.295      5.563
  -1   -2     11.702     -0.216      4.214
  -1   -2    -11.601     -7.713      8.943
  -1   -2     23.030     -0.150      8.818
 123   -2     13.479     -6.757      2.898
  -1  170      0.453     -2.836     -1.802
  -1   -2      4.858      2.108      7.892
 150   35      7.551      0.517      4.795
  -1   -2     13.418     -0.007     11.784
  -1   -2     -0.543     -4.944     10.672
  -1   -2     17.474     -5.538      2.488
  -1   -2     13.019     -1.203    -10.462
  -1   -2     -3.331     -4.719     -3.534
  -1   -2    -15.534     -3.511      5.130
  -1  191     12.777      0.904      0.316
  -1  148     11.264      0.672      6.569
  -1  161     17.784      2.008     -1.879
 144  128    -12.050    -10.463     -0.597
  42  151      0.396     -3.311     -7.738
  -1  186      5.473      4.055      9.324
  -1   -2     -8.683      1.151     -4.768
  -1   -2     -4.625     -2.832     -4.684
  -1   -2    -13.519     -8.179      5.410
 120   -2     12.241    -10.082    -11.755
 114  140     17.394     -5.126      2.195
  -1   59     -8.326     -3.403     -9.311
  -1   -2     20.687     -8.545     -3.012
 205   -2     12.707     -5.297      0.665
   2   -2      3.934     -5.504      1.326
   7   -2      3.849     -9.697     -4.666
  -1  199      8.123     -3.645     -4.302
  -1   -2     10.265     -8.649     -6.425
  -1   -2     10.618     -7.139      2.145
  -1   -2     10.539     -7.164      1.964
  -1   -2      0.122     -4.652     -2.160
  -1   -2      4.370     -7.415      1.118
  -1   -2      6.379     -3.745     -6.541
  -1   -2     10.688     -9.683     -0.013
  -1  105      2.314    -10.260     -1.199
  -1   -2     10.265     -8.649     -6.425
 227  216     10.688     -9.683     -0.013
  -1   -2      3.775     -5.468      1.429
 158  159     11.027     -7.133      6.637
  -1   -2     10.657     -7.140      2.268
 224  217     10.539     -7.164      1.964
