90
   9    0      2.015     -8.719      4.730
  26    6      0.436    -10.798     -4.118
   2    3      4.447     -1.637     -4.668
   3    5      2.245     -4.748      2.617
  71   19      8.445     -7.477      1.627
  53   10      8.477     -8.554      1.622
  72   -2      4.824    -10.384      5.725
   0   -2     -4.713    -10.959      2.419
  36   22      4.941     -9.673      9.638
   8   50      2.894    -10.587     -5.810
  -1   69      8.439     -6.674      9.994
   7   13      4.276    -10.975     -7.224
  10   35      4.658     -9.714      4.470
  73   21     10.941     -7.069     -1.271
  34   11      2.797    -10.266     10.341
  32   -2      5.860     -9.994      6.347
  14   36    -10.861    -10.690     -2.456
  13   24      4.239     -5.976      9.740
  -1   83      4.361     -9.316     -7.223
  79   46      9.657     -3.468      7.135
  37   40     18.574     -7.603      0.035
  61   37     -5.514    -10.858     -2.300
  -1   -2      8.976     -8.077     -3.790
  -1   12     18.160     -8.311     -9.976
  46   -2     10.854     -4.310      4.134
  28   88     17.819     -4.540     -2.517
  -1   72     13.836     -5.865      9.668
  -1   -2      9.040     -2.640      8.743
  22    1      3.139    -10.129     -1.151
  56   44      6.063     -6.871      6.374
  35    7     -0.284     -0.980      1.005
  78   29     -0.546     -9.934     -0.047
  -1   -2      2.325     -6.504      9.435
  16   18      2.401    -10.688      6.334
  -1   -2      2.236    -10.245     -0.805
  18   52      4.373     -9.832      9.675
  62   47     -2.339      4.281      4.023
  -1    4     -1.992    -10.782     -9.583
  54   -2    -12.347     -9.339     -3.039
  -1   25      4.798    -10.255      8.522
  -1   -2     16.896     -4.590    -10.951
  25   38     17.528     -8.431     -8.294
  -1   -2     12.512     -9.299     -8.260
  42   76     15.858     -8.876      7.663
  23   -2      3.624    -10.987     -3.597
  58   -2      8.822     -1.576      9.556
  -1   -2      4.434     -3.424     -6.213
  48   34      4.950     -4.695      9.438
  -1   80     10.820     -9.124    -11.798
  15   41      8.509     -7.899     10.170
  49    2      9.535     -6.906      3.840
  -1   58     16.001     -9.280      2.315
  -1   -2      8.455     -6.103     10.263
  -1   54     20.518     -4.277     -3.425
  -1   31      5.945     -6.975     10.075
  -1   28     17.836     -7.911      1.349
  50   74     19.760     -5.073     -8.777
  -1   -2     13.880     -8.701      9.593
  -1   -2      9.162     -5.692      9.346
  -1   -2     11.575     -8.377    -12.402
  81   -2     14.939     -7.955    -10.363
  -1   -2      9.913     -4.713      3.012
  -1   26     14.537     -6.524     -9.623
  -1   63     20.365     -6.449     -4.670
  -1   -2    -10.266    -10.435     -1.055
  -1   77     -5.752     -4.375     -9.182
  -1   16     -3.725     -9.564     -3.989
  84   -2      3.380      1.126      7.692
  -1   -2      2.867     -2.276      7.619
  -1   -2    -11.379     -9.246     -7.998
  -1   -2     -4.563      2.197     -4.086
  -1   65     -7.610     -6.885     -3.052
  -1   15      9.054     -0.611      8.757
  65   -2     23.033     -6.426     11.267
  -1   -2     20.459      0.491     -3.476
  -1   -2      0.146     -5.617      6.112
  -1   -2     19.121     -0.947     -6.918
  76   -2     -6.487     -9.450     -0.942
  43   14     19.212     -5.973     -7.313
  19   49     10.159     -3.565      5.962
  -1   -2     15.747      3.461     -8.047
  83   -2    -10.246     -9.542      3.124
  -1   -2     17.852     -7.429    -10.278
  -1   -2     -4.590     -8.336    -10.160
  -1   43      9.203     -9.777    -10.989
  82   -2     -6.844     -7.805     -0.399
   1   45     11.219     -4.258      1.536
  -1   -2      8.772     -3.816      9.765
   4    8     -4.592     -8.358     -9.833
  63   -2     -5.752     -4.375     -9.182
