242
  -1   14     14.945     -3.367     -5.018
  -1  232     16.606     -8.781     -1.304
   1   -2     15.589     -8.248      6.798
   2   -2     -2.791     -7.342     -2.484
  27   58     -5.617     -6.512    -10.175
  46   -2     -0.816     -8.170      0.001
  -1    4      2.298     -7.581     10.102
  14   -2     16.613     -2.970     -9.460
   6    6     20.422     -4.376     -3.443
  62   35     13.947     -3.999     -3.512
 104    9     17.855     -7.514      4.746
  52   12     16.640    -10.171    -10.439
   0    8     17.713     -9.187     -3.501
  31   -2     14.361     -1.277     -4.436
  34    7      5.096     -2.606      5.012
  64   41     16.615     -2.401     -9.857
  -1   34     20.027     -6.354     -3.990
  65   -2     14.828    -10.104    -10.338
  63   18     19.389     -0.855     -6.070
  18   17     19.767     -5.759     -4.505
  36   56    -11.443     -6.738     -7.182
  -1    1     16.957     -7.784      6.422
  -1   -2      7.835     -1.477     -0.966
  12   -2     14.079      3.072     -3.658
  -1   -2     16.907     -5.341     -9.841
  -1   21     20.761     -4.810     -4.731
 106  103      4.695     -4.800      7.342
 140   -2     13.012     -6.850      1.469
  -1   26     10.543     -8.164     -1.774
 214   -2      6.727     -9.533      9.757
  -1   13     19.179      1.480      1.540
  -1  143     -1.474     -6.132     -7.864
  25   16     10.612     -5.934      3.652
  29   71     14.287     -4.777      5.516
   3   -2     -0.998     -8.587    -10.706
  -1   -2     14.505     -0.679     -2.851
  -1   28      2.412     -1.992      4.884
  67   75     -5.187    -10.744     -2.339
  35   30     -5.601     -1.945     -9.996
  -1   50     15.071    -10.979     -8.917
  -1   -2     -9.282    -10.561     -8.388
  16   -2     18.723     -7.390     -1.315
  -1   32    -11.977     -9.565     -6.474
  -1  214      4.574     -6.684      7.283
  -1  193     10.518      1.342      1.627
  -1   11     10.795     -2.422      4.384
  -1   -2     -3.225     -9.000     -8.296
  -1   -2      9.273     -8.569      2.483
  -1   -2      5.638     -8.511      6.190
 131  101     15.053     -8.934      9.795
  -1   37      9.429      0.193     -2.875
  58   -2     -9.853     -6.840     -8.490
  50   47     10.845     -6.472      8.027
  -1   -2      8.108     -6.473     -3.179
  53   48      3.623     -8.988      5.606
  32   -2     17.239     -9.267      1.096
  56   55     -4.650      2.227     -3.880
  -1   15     15.831    -10.656     -9.439
  -1   27      0.473     -9.152     -5.002
  -1   -2    -10.472     -3.335     -8.811
  -1   -2    -12.043     -5.702     -3.167
  -1   60     10.160     -3.565      5.956
  -1    3     -5.965     -7.020    -10.380
   5   61     16.944     -2.078     -8.854
  -1   53     15.157      3.694    -10.044
  66   63      0.572    -10.816     -4.184
  -1   -2    -11.368    -10.250     -6.777
  61   59     12.552     -4.820    -11.683
  -1   -2      9.421    -10.405     -5.220
  68    2     -4.147     -8.619     -0.732
  -1   52    -10.019     -9.448     -8.054
  69   64     -2.932     -1.253     -3.100
  70   62    -10.985     -1.404     -7.153
  -1   -2     16.519     -8.753     -1.105
  -1   -2     16.957     -7.784      6.422
  -1  208      7.835     -1.477     -0.966
  -1   -2     10.543     -8.164     -1.774
  38   -2      4.695     -4.800      7.342
  -1   -2     -1.474     -6.132     -7.864
  -1   -2     14.505     -0.679     -2.851
  -1   -2     -9.282    -10.561     -8.388
  42   -2     10.518      1.342      1.627
  78   -2      5.638     -8.511      6.190
  -1   -2      4.574     -6.684      7.283
  43   36     -3.225     -9.000     -8.296
  -1   38      9.273     -8.569      2.483
  -1   -2     15.053     -8.934      9.795
  47   78      9.429      0.193     -2.875
  -1   -2    -12.043     -5.702     -3.167
  -1   -2     16.519     -8.753     -1.105
  -1   -2      7.835     -1.477     -0.966
  -1   -2     16.957     -7.784      6.422
  -1   -2     20.761     -4.810     -4.731
  -1   -2     10.543     -8.164     -1.774
  -1   -2     -1.474     -6.132     -7.864
  -1   -2     14.505     -0.679     -2.851
  41   85     -9.282    -10.561     -8.388
  -1   -2      4.574     -6.684      7.283
  -1   -2      9.273     -8.569      2.483
  -1   -2     15.053     -8.934      9.795
  -1   -2     16.519     -8.753     -1.105
  -1   -2     16.957     -7.784      6.422
  -1   -2      7.835     -1.477     -0.966
  -1   -2     20.761     -4.810     -4.731
  -1   -2     10.543     -8.164     -1.774
  -1   -2     -1.474     -6.132     -7.864
  -1   -2      4.574     -6.684      7.283
  -1   -2     15.053     -8.934      9.795
  -1   -2      9.273     -8.569      2.483
  -1   -2     16.519     -8.753     -1.105
  -1   -2     16.957     -7.784      6.422
  -1   -2      7.835     -1.477     -0.966
  -1   -2     10.543     -8.164     -1.774
  -1   -2     -1.474     -6.132     -7.864
  -1   -2     14.505     -0.679     -2.851
  -1   -2      4.574     -6.684      7.283
  -1   -2     15.053     -8.934      9.795
  -1   -2      9.273     -8.569      2.483
  -1   -2     16.519     -8.753     -1.105
  -1   -2      7.835     -1.477     -0.966
  -1   -2     16.957     -7.784      6.422
  -1   -2     10.543     -8.164     -1.774
  -1   -2     -1.474     -6.132     -7.864
  -1   -2      4.574     -6.684      7.283
  -1   -2     15.053     -8.934      9.795
 111  114      9.273     -8.569      2.483
  -1   -2     16.519     -8.753     -1.105
  -1   -2      7.835     -1.477     -0.966
  -1   -2     16.957     -7.784      6.422
  -1   -2     10.543     -8.164     -1.774
  -1   -2     -1.474     -6.132     -7.864
  -1   -2      4.574     -6.684      7.283
  -1   -2     15.053     -8.934      9.795
  -1   -2     16.519     -8.753     -1.105
  44   -2     16.957     -7.784      6.422
  -1   -2      7.835     -1.477     -0.966
  -1   -2     10.543     -8.164     -1.774
  -1   -2     -1.474     -6.132     -7.864
  -1   -2      4.574     -6.684      7.283
  -1   76     15.053     -8.934      9.795
  -1   -2     16.519     -8.753     -1.105
  -1   -2      7.835     -1.477     -0.966
  -1   -2     10.543     -8.164     -1.774
  -1   -2      4.574     -6.684      7.283
  -1   -2     16.519     -8.753     -1.105
  -1   -2      7.835     -1.477     -0.966
  -1   -2     10.543     -8.164     -1.774
  -1   -2     14.505     -0.679     -2.851
  -1   -2      4.574     -6.684      7.283
  -1   -2     16.519     -8.753     -1.105
  -1   -2      7.835     -1.477     -0.966
  -1   -2     10.543     -8.164     -1.774
  -1   -2      4.574     -6.684      7.283
  -1   -2     16.519     -8.753     -1.105
  -1   -2      7.835     -1.477     -0.966
  48  137     10.543     -8.164     -1.774
  -1   -2      4.574     -6.684      7.283
  -1   -2     16.519     -8.753     -1.105
  -1   -2      7.835     -1.477     -0.966
  -1   -2      4.574     -6.684      7.283
  -1   -2     16.519     -8.753     -1.105
  -1   -2      7.835     -1.477     -0.966
  -1   -2      4.574     -6.684      7.283
  -1   -2     16.519     -8.753     -1.105
  -1   -2      7.835     -1.477     -0.966
  -1   -2     16.519     -8.753     -1.105
  -1   -2      7.835     -1.477     -0.966
  -1   -2     14.505     -0.679     -2.851
  -1   -2      4.574     -6.684      7.283
  -1   -2     16.519     -8.753     -1.105
  -1   -2      7.835     -1.477     -0.966
  -1   -2     14.505     -0.679     -2.851
  -1   -2      4.574     -6.684      7.283
  -1   -2     16.519     -8.753     -1.105
  -1   -2      7.835     -1.477     -0.966
  -1   -2      4.574     -6.684      7.283
  -1   -2     16.519     -8.753     -1.105
  -1   -2      7.835     -1.477     -0.966
  -1   -2     14.505     -0.679     -2.851
  -1   -2      4.574     -6.684      7.283
  -1   -2     16.519     -8.753     -1.105
  -1   -2      7.835     -1.477     -0.966
  -1   -2      4.574     -6.684      7.283
  -1   -2     16.519     -8.753     -1.105
  -1   -2      7.835     -1.477     -0.966
  -1   -2      4.574     -6.684      7.283
  -1   -2     16.519     -8.753     -1.105
  -1   -2      7.835     -1.477     -0.966
  -1   -2      4.574     -6.684      7.283
  -1   -2     16.519     -8.753     -1.105
  -1   -2      7.835     -1.477     -0.966
  -1   -2      4.574     -6.684      7.283
  -1   -2     16.519     -8.753     -1.105
  -1   -2      7.835     -1.477     -0.966
  -1   -2      4.574     -6.684      7.283
  -1   -2     16.519     -8.753     -1.105
  -1   -2      7.835     -1.477     -0.966
  -1   -2      4.574     -6.684      7.283
  -1   -2     16.519     -8.753     -1.105
  -1   -2      7.835     -1.477     -0.966
  -1   -2      4.574     -6.684      7.283
  -1   -2     16.519     -8.753     -1.105
  -1   -2      7.835     -1.477     -0.966
  -1   -2      4.574     -6.684      7.283
  -1   -2     16.519     -8.753     -1.105
  -1   -2      7.835     -1.477     -0.966
  -1   -2      4.574     -6.684      7.283
  -1   -2     16.519     -8.753     -1.105
  -1   -2      7.835     -1.477     -0.966
  -1   -2      4.574     -6.684      7.283
  -1   -2     16.519     -8.753     -1.105
  -1   -2      7.835     -1.477     -0.966
  -1   -2      4.574     -6.684      7.283
  -1   -2     16.519     -8.753     -1.105
  -1   -2      7.835     -1.477     -0.966
  -1   -2      4.574     -6.684      7.283
  -1   -2     16.519     -8.753     -1.105
 206   -2      7.835     -1.477     -0.966
  -1   -2      4.574     -6.684      7.283
  -1   -2     16.519     -8.753     -1.105
  74   -2      4.574     -6.684      7.283
  -1   -2     16.519     -8.753     -1.105
  -1   -2     16.519     -8.753     -1.105
  -1   -2     16.519     -8.753     -1.105
  -1   -2     16.519     -8.753     -1.105
  -1   -2     16.519     -8.753     -1.105
  -1   -2     16.519     -8.753     -1.105
  -1   -2     16.519     -8.753     -1.105
  -1   -2     16.519     -8.753     -1.105
  -1   -2     16.519     -8.753     -1.105
  -1   -2     16.519     -8.753     -1.105
  -1   -2     16.519     -8.753     -1.105
  -1   -2     16.519     -8.753     -1.105
  -1   -2     16.519     -8.753     -1.105
  -1   -2     16.519     -8.753     -1.105
  -1   -2     16.519     -8.753     -1.105
  -1   -2     16.519     -8.753     -1.105
  -1   -2     16.519     -8.753     -1.105
  -1   -2     16.519     -8.753     -1.105
  -1   -2     16.519     -8.753     -1.105
  -1   -2     16.519     -8.753     -1.105
 231   46     16.519     -8.753     -1.105
