124
   0   -2     -6.980     -6.749     -1.009
  74   -2      8.274     -5.319      6.724
  -1   -2     14.389     -6.902     -5.857
  -1   -2     16.600     -8.780     -1.279
  88   -2     15.589     -8.247      6.810
  -1   -2     -2.744     -7.337     -2.558
  33   -2     -0.378     -8.234      1.242
  -1   -2     -5.613     -6.512    -10.160
  -1   -2      2.301     -7.581     10.114
  13   -2     15.673     -1.076      1.746
  12   -2      5.100     -7.823      8.193
  -1   -2     -1.478     -8.800      2.403
  -1   -2     20.421     -4.373     -3.434
  81   -2     13.937     -4.004     -3.488
  -1   -2     16.639    -10.176    -10.433
   6   -2     17.707     -9.187     -3.477
  64   -2     -3.024    -10.284      7.363
  21   -2     16.578      2.690     -9.872
  19   -2     19.310     -5.992     -6.985
  24   -2     16.531     -2.409     -9.886
  46   -2      5.104     -2.607      4.988
  17   -2     15.570    -10.332     -3.942
  90   -2     10.791     -0.407      4.487
  35   -2     20.021     -6.352     -3.982
  -1   -2     -1.860    -10.703      3.584
  42   -2     -0.298     -9.426     -1.482
  -1   -2     -3.931     -9.204      5.281
  26   -2     -6.085     -7.903     -2.945
  29   -2     -8.160     -9.602     -0.238
  -1   -2     11.012     -2.474      5.831
  28   -2      3.904    -10.069      7.312
  31   -2     19.390     -0.853     -6.074
  32   -2     11.942     -9.140     -3.273
  -1   -2     -5.426     -8.921     -5.284
  -1   -2     16.962     -7.779      6.420
  -1   -2      7.844     -1.478     -0.984
  -1   -2     10.558     -8.160     -1.732
  -1   -2      2.325     -5.988     -9.839
  -1   -2     13.013     -6.852      1.479
  39   -2     20.758     -4.802     -4.720
  -1   -2     10.751     -9.821      8.244
  -1   -2     14.937     -8.748      9.384
  43   -2     -1.475     -6.133     -7.853
  -1   -2     14.291     -4.776      5.502
  66   -2    -14.082     -9.292    -11.502
  10   -2     -0.986     -8.585    -10.667
  -1   -2     10.826     -6.448      8.065
  -1   -2     18.723     -7.391     -1.310
  -1   -2      2.412     -1.993      4.884
  47   -2     -5.600     -1.944     -9.996
  50   -2     16.507     -2.975     -9.145
  -1   -2     -3.231     -9.000     -8.296
  -1   -2      9.267     -8.568      2.510
  -1   -2     10.518      1.342      1.622
  -1   -2     18.254      3.081     -3.933
  67   -2     -2.606     -1.254     -2.194
  -1   -2      9.364     -5.895     -5.028
  54   -2     -7.219     -1.920      2.126
  83   -2     17.620     -7.579      4.377
  18   -2     16.132    -10.507     -8.247
   7   -2     17.232     -9.267      1.119
  -1   -2     11.722     -9.018      6.678
  -1   -2      8.326     -6.525     -3.783
  -1   -2      2.293    -10.546      8.350
  -1   -2     13.809     -0.638     -1.131
  -1   -2     -7.898     -7.197     -3.535
  -1   -2      8.960    -10.057     -4.242
 101   -2      9.827     -3.586      6.732
  65   -2     -4.657      2.228     -3.897
  -1   -2    -10.465     -3.338     -8.799
  -1   -2    -12.041     -5.704     -3.165
  70   -2     16.942     -2.076     -8.853
  -1   -2     -1.058    -10.098      4.602
   1   -2      4.310     -8.204      9.518
  71   -2     12.535     -4.817    -11.646
  -1   -2    -11.674    -10.744      5.272
  -1   -2     -4.149     -8.620     -0.731
  -1   -2     14.607     -3.310     -6.547
  78   -2    -13.195      1.849     -0.634
  -1   -2     14.389     -6.902     -5.857
  -1   -2     16.519     -8.751     -1.094
  -1   -2     16.962     -7.779      6.420
  -1   -2      7.844     -1.478     -0.984
  -1   -2     13.013     -6.852      1.479
  -1   -2     10.558     -8.160     -1.732
  -1   -2     14.937     -8.748      9.384
  53   -2     -3.231     -9.000     -8.296
  -1   -2     10.518      1.342      1.622
  -1   -2     18.254      3.081     -3.933
  69   -2    -12.041     -5.704     -3.165
  -1   -2     14.389     -6.902     -5.857
  -1   -2     16.519     -8.751     -1.094
  -1   -2     16.962     -7.779      6.420
  -1   -2      7.844     -1.478     -0.984
  -1   -2     13.013     -6.852      1.479
  -1   -2     10.558     -8.160     -1.732
  -1   -2     14.937     -8.748      9.384
  -1   -2     10.518      1.342      1.622
  -1   -2     14.389     -6.902     -5.857
  -1   -2     16.519     -8.751     -1.094
  -1   -2     10.558     -8.160     -1.732
  -1   -2      7.844     -1.478     -0.984
  -1   -2     14.937     -8.748      9.384
  -1   -2     14.389     -6.902     -5.857
  -1   -2     16.519     -8.751     -1.094
  60   -2      7.844     -1.478     -0.984
 114   -2     14.937     -8.748      9.384
  86   -2     13.013     -6.852      1.479
  -1   -2     14.389     -6.902     -5.857
  -1   -2     16.519     -8.751     -1.094
  -1   -2      7.972     -5.295      7.809
  14   -2     10.558     -8.160     -1.732
  -1   -2     14.389     -6.902     -5.857
  -1   -2     16.519     -8.751     -1.094
 117   -2      7.972     -5.295      7.809
  -1   -2     14.389     -6.902     -5.857
  -1   -2     16.519     -8.751     -1.094
  -1   -2     14.389     -6.902     -5.857
 121   -2     16.519     -8.751     -1.094
  -1   -2     14.389     -6.902     -5.857
  -1   -2     14.389     -6.902     -5.857
  -1   -2     14.389     -6.902     -5.857
  -1   -2     14.389     -6.902     -5.857
  20   -2     14.389     -6.902     -5.857
