217
  -1  226     16.608     -8.781     -1.311
   1    1     15.589     -8.248      6.798
  -1    8      9.679     -2.654      7.154
  43    2     -2.742     -7.336     -2.554
   3   -2     -0.821     -8.168     -0.001
  77   -2      2.299     -7.582     10.103
  22    5     20.424     -4.375     -3.439
  -1   -2     16.643    -10.172    -10.445
  60   67      9.977     -3.373      6.402
 149   -2     14.331     -1.279     -4.366
  70   10     17.853     -7.512      4.744
  10    9     16.575      2.691     -9.870
  -1   52     -7.866    -10.607      2.541
  61    6     19.161    -11.008     -6.224
   8   11     17.710     -9.186     -3.495
   9   17     -7.503    -10.953      5.606
  -1   53     16.990      3.794    -10.887
  14    7      5.098     -2.605      5.004
  -1   48      2.556    -10.061      5.830
  53   15     14.835    -10.104    -10.358
  -1   33     20.029     -6.357     -4.002
  -1   16     11.010     -2.473      5.827
  17   18     19.763     -5.760     -4.524
  -1   19     19.379     -0.852     -6.123
  -1   -2     16.957     -7.783      6.423
  80  201      7.843     -1.477     -0.984
  -1   -2     -5.632     -6.521     -9.904
  -1   76     20.760     -4.808     -4.731
  -1   -2     10.538     -8.164     -1.791
  -1   -2      4.696     -4.800      7.341
  -1   -2     -1.475     -6.133     -7.857
  28  148     13.013     -6.851      1.472
  -1   -2     10.611     -5.934      3.651
  21   -2     14.296     -4.772      5.545
  29   40     -0.995     -8.588    -10.698
  -1   -2     14.498     -0.678     -2.869
  32   -2      2.411     -1.993      4.880
  31   32     -5.601     -1.944     -9.996
  35   70     -9.283    -10.559     -8.384
  -1   -2      4.575     -6.684      7.282
  38   -2     18.723     -7.390     -1.317
  51   88     -9.187     -6.348     -2.851
  34   -2     10.039      1.315      0.071
  -1   81    -11.974     -9.566     -6.467
  18   -2     16.510     -2.975     -9.137
  44    4      5.636     -8.510      6.186
  68   -2     -3.225     -9.000     -8.291
 102  122     15.051     -8.934      9.794
  -1   -2      9.267     -8.570      2.501
  -1   -2      3.088    -10.458      6.251
  -1   -2      9.430      0.192     -2.876
  46   49     10.843     -6.474      8.032
  47   47     17.232     -9.267      1.113
  49   -2      3.624     -8.987      5.609
  -1   12     15.832    -10.655     -9.439
  -1   75      8.109     -6.472     -3.178
  -1   -2     13.148     -9.710      2.345
  58   54     -4.651      2.225     -3.879
  -1   55     -7.899     -7.197     -3.535
  59   61    -10.470     -3.335     -8.808
  -1   -2    -12.045     -5.704     -3.178
  27   -2     10.157     -3.560      5.956
  55   58     16.640    -10.911     -0.525
  65   60     16.942     -2.080     -8.859
  52   66     15.159      3.695    -10.050
  37   59     16.459     -2.450     -9.806
  -1   -2      9.419    -10.405     -5.212
  63   63     12.540     -4.817    -11.660
  -1   -2     -4.146     -8.619     -0.731
  -1   72    -10.374    -10.711      3.870
  67   69     -2.930     -1.250     -3.097
  33    3     -7.499     -9.127     -9.201
  -1   -2     16.524     -8.753     -1.116
  -1   -2      7.843     -1.477     -0.984
  -1   -2     16.957     -7.783      6.423
  -1   -2     10.538     -8.164     -1.791
  -1   -2      4.696     -4.800      7.341
  -1   -2     -1.475     -6.133     -7.857
  -1   77      4.575     -6.684      7.282
  -1   -2     15.051     -8.934      9.794
  48   -2      3.088    -10.458      6.251
 131   83      9.267     -8.570      2.501
  -1   -2      9.430      0.192     -2.876
  -1   -2     16.524     -8.753     -1.116
  -1   -2     16.957     -7.783      6.423
  -1   -2      7.843     -1.477     -0.984
  23   -2      4.696     -4.800      7.341
  -1   -2     10.538     -8.164     -1.791
  -1   -2     -1.475     -6.133     -7.857
  -1   -2      4.575     -6.684      7.282
  -1   -2     15.051     -8.934      9.794
  20   98      9.430      0.192     -2.876
  -1   -2      9.267     -8.570      2.501
  -1   -2     16.524     -8.753     -1.116
  -1   -2      7.843     -1.477     -0.984
  -1   -2     16.957     -7.783      6.423
  -1   -2     10.538     -8.164     -1.791
  -1   -2     -1.475     -6.133     -7.857
  -1   -2      4.575     -6.684      7.282
  -1   -2      9.267     -8.570      2.501
  -1   -2     15.051     -8.934      9.794
  -1   -2     16.524     -8.753     -1.116
  -1   -2      7.843     -1.477     -0.984
  78   -2     16.957     -7.783      6.423
  -1   -2     10.538     -8.164     -1.791
  -1   -2     -1.475     -6.133     -7.857
  -1   -2     14.498     -0.678     -2.869
  -1   -2      4.575     -6.684      7.282
  -1   -2     15.051     -8.934      9.794
  66   26      9.267     -8.570      2.501
  -1   -2     16.524     -8.753     -1.116
  -1   -2      7.843     -1.477     -0.984
  -1   -2     10.538     -8.164     -1.791
  -1   -2     -1.475     -6.133     -7.857
  -1   -2     14.498     -0.678     -2.869
  -1   -2      4.575     -6.684      7.282
  -1   84     15.051     -8.934      9.794
  -1   -2     16.524     -8.753     -1.116
  -1   -2      7.843     -1.477     -0.984
  -1   -2     10.538     -8.164     -1.791
  -1   -2     -1.475     -6.133     -7.857
  -1   -2     14.498     -0.678     -2.869
  -1   -2      4.575     -6.684      7.282
  -1   -2     16.524     -8.753     -1.116
  -1   -2      7.843     -1.477     -0.984
  25   24     10.538     -8.164     -1.791
  26  125     -1.475     -6.133     -7.857
  -1   -2      4.575     -6.684      7.282
  -1   -2     16.524     -8.753     -1.116
  -1   -2      7.843     -1.477     -0.984
  -1   -2     14.498     -0.678     -2.869
  -1   -2      4.575     -6.684      7.282
  -1   -2     16.524     -8.753     -1.116
  -1   -2      7.843     -1.477     -0.984
  -1   -2      4.575     -6.684      7.282
  -1   -2     16.524     -8.753     -1.116
  -1   -2      7.843     -1.477     -0.984
  -1   -2     14.498     -0.678     -2.869
  -1   -2      4.575     -6.684      7.282
  -1   -2     16.524     -8.753     -1.116
  -1   -2      7.843     -1.477     -0.984
  -1   -2     14.498     -0.678     -2.869
  -1   -2      4.575     -6.684      7.282
  -1   -2     16.524     -8.753     -1.116
  -1   -2      7.843     -1.477     -0.984
  -1   -2     16.524     -8.753     -1.116
  -1   -2      7.843     -1.477     -0.984
  -1   -2      4.575     -6.684      7.282
  -1   -2     16.524     -8.753     -1.116
  -1   -2      7.843     -1.477     -0.984
  -1   -2      4.575     -6.684      7.282
  -1   -2     16.524     -8.753     -1.116
  -1   -2      7.843     -1.477     -0.984
  -1   -2      4.575     -6.684      7.282
  -1   -2     16.524     -8.753     -1.116
  -1   -2      7.843     -1.477     -0.984
  -1   -2      4.575     -6.684      7.282
  -1   -2     16.524     -8.753     -1.116
  -1   -2      7.843     -1.477     -0.984
  -1   -2     14.498     -0.678     -2.869
  -1   -2      4.575     -6.684      7.282
  -1   -2     16.524     -8.753     -1.116
  -1   -2      7.843     -1.477     -0.984
  -1   -2      4.575     -6.684      7.282
  -1   -2     16.524     -8.753     -1.116
  -1   -2      7.843     -1.477     -0.984
  -1   -2     14.498     -0.678     -2.869
  -1   -2      4.575     -6.684      7.282
  -1   -2     16.524     -8.753     -1.116
  -1   -2      7.843     -1.477     -0.984
  -1   -2      4.575     -6.684      7.282
  -1   -2     16.524     -8.753     -1.116
  -1   -2      7.843     -1.477     -0.984
  -1   -2      4.575     -6.684      7.282
  -1   -2     16.524     -8.753     -1.116
  -1   -2      7.843     -1.477     -0.984
  75   13     14.498     -0.678     -2.869
  -1   -2      4.575     -6.684      7.282
  -1   -2     16.524     -8.753     -1.116
  -1   -2      7.843     -1.477     -0.984
  -1   -2      4.575     -6.684      7.282
  -1   -2     16.524     -8.753     -1.116
  -1   -2      7.843     -1.477     -0.984
  -1   -2      4.575     -6.684      7.282
  -1   -2     16.524     -8.753     -1.116
  -1   -2      7.843     -1.477     -0.984
  -1   -2      4.575     -6.684      7.282
  -1   -2     16.524     -8.753     -1.116
  -1   -2      7.843     -1.477     -0.984
  -1   -2      4.575     -6.684      7.282
  -1   -2     16.524     -8.753     -1.116
 188   -2      7.843     -1.477     -0.984
  -1   -2      4.575     -6.684      7.282
  -1   -2     16.524     -8.753     -1.116
  -1   -2     16.524     -8.753     -1.116
  -1   -2      4.575     -6.684      7.282
  -1   -2     16.524     -8.753     -1.116
  -1   -2      4.575     -6.684      7.282
  -1   -2     16.524     -8.753     -1.116
  39  206      4.575     -6.684      7.282
  -1   -2     16.524     -8.753     -1.116
  -1   -2     16.524     -8.753     -1.116
  -1   -2     16.524     -8.753     -1.116
  -1   -2     16.524     -8.753     -1.116
  -1   -2     16.524     -8.753     -1.116
  -1   -2     16.524     -8.753     -1.116
  -1   -2     16.524     -8.753     -1.116
  -1   -2     16.524     -8.753     -1.116
  -1   -2     16.524     -8.753     -1.116
  -1   -2     16.524     -8.753     -1.116
  -1   -2     16.524     -8.753     -1.116
  -1   -2     16.524     -8.753     -1.116
  -1   -2     16.524     -8.753     -1.116
  -1   -2     16.524     -8.753     -1.116
  -1   -2     16.524     -8.753     -1.116
  -1   -2     16.524     -8.753     -1.116
   0   -2     16.524     -8.753     -1.116
