57
  35   -2     18.737    -10.775     -8.748
  58   27     16.622     -6.767      3.997
  19   17      9.467     -8.449     -2.803
   1   -2     10.431     -9.240     -4.620
   4   -2      5.097    -10.272     -6.680
  33   11      7.897     -9.647      1.690
  29   -2     19.673     -6.938     -3.493
  -1   30     11.426    -10.771      2.859
  30   18     18.880    -11.113     -5.681
  18   -2      9.548    -10.199     -4.555
  -1    7      5.764    -10.869     -7.745
   5   23      5.682     -9.280      6.075
  39   19      5.650     -6.624      4.422
   9   -2     20.217     -7.401     -3.499
  -1   -2     13.736     -9.233      4.234
  11   29     12.266     -7.772     -9.303
  47   -2      9.169    -10.514     -6.706
  -1    0      6.522     -9.740      7.268
  17    2      4.807     -5.404      0.680
  22    3     -6.861     -7.665     -8.720
  -1   32     -6.440     -7.862     -1.756
  -1   53      7.793     -8.758     -8.154
  23   25     -5.066     -6.712      9.487
  12    1     19.688     -9.426     -6.060
  25   -2     12.160     -7.471     -8.872
  10   45      9.420     -9.096      0.654
  26   31     -2.743     -4.061      1.434
  20   44     12.656     -6.970     -9.255
  -1   21     17.793    -10.407    -10.471
  -1    5     16.678     -7.960     -2.997
  27   36     -4.587     -7.429      3.017
  -1   39     12.942     -6.544    -12.305
  36   -2     17.796     -5.944     -0.054
  -1   -2      9.133     -7.671     -3.966
  -1   -2      6.278     -3.834      6.840
  57   24     13.994     -6.612    -10.318
  31   38     -2.741     -4.049      2.563
  38   54     13.872     -6.728    -10.986
  -1    4      6.211    -11.118      3.583
  -1   -2     -7.706    -11.172      8.151
  -1   -2     -0.433    -10.332      7.244
   2   43     17.174     -7.426     -0.430
  -1   -2     18.266     -5.082      2.298
  44    8      6.149     -5.764      5.274
  -1   -2     -5.190    -10.751     -2.345
  41   12     17.899    -11.273     -7.902
  55   20      9.826     -3.588      6.725
  15   10     13.256    -10.686     -3.406
  -1   26     20.280     -6.735     -3.032
  -1   42     15.757     -4.448     -9.310
  -1   -2    -11.387     -5.736     -5.661
  -1   -2     14.723     -9.807      6.418
  -1   50     18.453     -6.517     -2.872
  -1   55      0.118     -5.656      6.012
  -1   -2     -4.127     -9.087     -5.281
  -1   -2     15.531    -11.147     -3.157
  50    9      7.988     -9.067     -3.376
