244
  -1   -2      6.364     -2.830     -0.191
   1    1     -2.400     -6.344      4.091
   4    2      4.465     -5.559     -4.347
   3    3     -7.447     -4.846      8.308
   6    4      4.203     -6.487     -0.095
  -1   -2     -2.257     -7.343      7.980
   7    5      6.548     -7.121      0.690
  -1    8     -5.637     -4.258      1.643
  60   94      0.587     -8.985      7.269
  -1   -2     -0.196      2.077      9.433
 128   15     -4.087     -8.631      2.967
  -1   -2     11.736     -0.572      6.338
  16   11      6.519     -4.752     -0.607
  13   13      6.682     -4.473     -1.525
  14    9      4.267     -4.972      3.060
  17   16      4.042     -3.652     -0.275
 122   68     15.446     -8.216      6.850
  18   19      6.725     -2.791     -5.555
  99   21     -0.919     -7.354      6.001
  19   20      6.567     -3.971      7.512
 222  230      4.856     -8.522      4.717
  -1   -2      1.021     -4.032      2.899
  -1   70      6.862     -8.675      8.317
  -1   -2     11.272     -6.406      9.241
  -1  112      1.152     -8.146      6.529
 134   38     -1.151     -7.954      1.294
  54   47     -2.679     -7.343     -2.317
  22   -2     -0.506     -8.194      6.429
  -1   32      5.493     -9.859     -6.835
  -1   -2      6.754     -7.077     10.052
  26   24      3.026     -4.824     -4.391
  -1   -2      4.052     -6.338      4.245
  71  144     -3.019     -8.950     -6.989
  24   34      6.979     -0.874      8.221
   9  133     -4.660     -7.781      6.186
  33   40     11.671     -3.089      2.523
  -1   36      5.513     -6.854      1.898
 107  121      1.717     -8.608     -1.382
  44   -2      4.783     -9.890     -6.607
 187   -2     -9.509     -9.620     -2.170
 116   48      7.397     -5.772      2.109
 197   -2     -6.961    -10.335      0.562
  38   49      8.942     -6.976      6.201
 124  125     -1.701     -4.969     -5.029
 201   -2      1.172     -9.563      7.620
  42   35     17.423     -8.710     -7.692
 191   51      5.755     -7.475     -8.469
  15  131      2.699     -8.465      9.624
  89   -2     18.821     -9.957     -3.581
  45   50     11.127     -7.733     10.034
 111   -2     -8.173     -7.309     -5.687
  40   12      8.543     -7.833      8.947
 132  155     10.784     -9.556     -6.155
 130  132     18.947      1.852     -5.982
  -1   27      9.646     -9.167      5.310
  25   -2     -4.865     -7.911     -0.394
  -1   23      4.457     -8.058      5.871
 138  142      2.206     -9.209     -9.459
  56   -2     19.831     -6.356     -3.478
  -1   -2      6.223     -7.295     -6.906
  41   22     -3.599     -7.187      4.909
 144   -2     17.141     -9.321      1.581
  50   61     -0.973      2.956      9.537
 118  124     -8.563    -10.417     -2.364
 156   82      9.537     -1.503      9.959
 133   91      9.918    -10.661     -8.583
  28   79     14.058    -10.024    -10.682
 154   80      4.579    -10.697     -3.345
 150   -2     -6.278    -10.735     -8.775
  -1   31     -1.931     -8.075      4.704
  73   89     -9.395     -1.628     -2.892
  -1   66     19.961     -8.624     -1.956
  -1   29     16.332     -3.217      1.405
  -1  107     -9.585     -9.223      3.717
  -1   86     11.683     -1.701      2.194
  -1   81     -5.614     -6.512    -10.159
  -1   -2      8.181     -9.327      1.183
  -1   87     -4.681    -10.789     -4.236
  70   99     -2.378    -10.192     -9.369
  90   -2     10.629     -5.942      3.826
  -1  114     11.326     -3.634      6.968
  72   -2     -2.573      3.060      8.460
  64   85     19.341     -8.970      1.694
 189  103     16.458     -8.851     -0.174
 125   -2     18.928     -8.188     -2.457
  91  194     19.776     -5.768     -4.445
 114   -2     12.983     -3.892     -1.151
  46   -2     17.779     -7.365      1.119
  -1  128     13.211    -10.014     -1.035
 112   -2     -8.942     -9.757      0.758
 123    6     -0.638     -9.877      7.491
 167   -2      8.816     -1.656     -3.400
  -1   -2     11.687     -5.396     -4.875
 100   -2     11.438     -4.601     -3.709
  -1  105     20.426     -4.372     -3.419
 148   88      2.863     -9.883      4.478
 195   26     14.807     -8.301      2.835
  -1   97    -10.775     -8.596     -8.792
 169  110    -11.362     -2.875     -4.763
 140   -2     16.552     -3.179     -8.182
  -1  102     -5.826     -5.344      2.716
 121   -2     -0.657     -8.590     -9.731
  -1   37     -3.616     -8.116     -6.950
  -1   -2     -8.001     -8.626      1.538
  -1   -2      3.636     -4.584     -7.977
  83   -2     -2.837     -8.667     -4.946
  -1   -2      5.316     -9.744     -9.183
  88   54     -6.636     -9.371      1.157
  -1   -2      7.875     -7.404      1.219
 105   -2     16.581      2.690     -9.883
  96   33      4.292     -9.891     -4.504
  55   55     12.464     -7.952      3.047
  -1   -2      7.434     -5.083      1.034
  82   39     15.783     -6.611     -8.288
 145   -2     -5.772    -10.497     -4.527
  34   -2      6.532     -9.556      9.349
  31   -2      9.208     -7.830      3.861
  -1  127      9.175     -7.600      2.728
 146   74    -10.414    -10.052     -3.819
 161  151     -7.080     -3.891     -4.892
 110   -2     -2.688     -5.301     -0.487
 151   -2     13.806     -6.473      9.210
  -1   43      0.766     -9.035      5.737
  -1   57     -5.838     -8.427     -4.694
  -1  119     16.993     -4.589      1.555
  -1  126      9.202     -3.682      3.334
 104   -2     -6.781    -10.355      3.040
 158   67     12.482     -9.194      5.951
  -1  178     19.392     -0.852     -6.090
 152   -2      0.156     -6.995      3.950
  92   -2     -4.032     -9.361      3.884
  -1   -2     -4.002     -8.636     -9.413
  81   41     -2.262     -5.056     -5.445
  -1  157      5.713     -6.955      9.707
  -1   90     17.166     -2.162     -8.009
  30   98     -7.512    -10.056     -1.832
  74   46     -2.073     -9.057     -7.414
  -1  120      1.238     -9.057     -8.392
 106  137    -10.246    -10.584      0.613
  53   -2     10.841    -10.170     -2.678
 120   83     12.296     -5.645      4.724
  -1   -2     -2.045     -4.933      0.641
  -1  201     13.087     -6.039      2.470
  -1   62     17.657    -10.305     -1.929
  -1   -2     -4.456     -7.519      4.886
  -1  139      1.153     -6.079      6.562
  -1   -2     14.676    -10.704    -10.812
  57  145     14.296     -7.788     -0.828
 149  206      5.655    -10.492     -2.527
  -1   25     19.227     -9.523     -0.792
 131  148     -6.834     -9.305     -7.651
 174   -2     19.773     -8.076     -0.882
  -1   65     10.001     -1.494     11.957
  -1   -2     18.995     -7.906     10.678
 173  177      8.807      6.161      9.588
  -1   56     16.953      3.649     -9.003
  -1   -2     20.759     -4.804     -4.719
  -1  190      1.331    -10.645     -1.005
  -1   -2      0.039      3.249      7.294
 127   -2     19.490      0.898     -7.468
  80  163     17.366     -1.567     -9.320
  -1  113     14.756      3.675     -9.056
  -1  136      7.755     -1.568      6.785
 186   42     -0.248     -9.654     11.112
 165  170    -13.742     -1.757     -1.388
 168  166     11.389      6.451      7.150
  -1   -2     16.192    -10.719    -10.310
 190   -2     15.218     -6.281      9.086
 178  202     13.003      2.221     -0.251
 198  141      1.649      1.679      2.840
  -1   -2      7.294      0.637      9.831
  -1  203      7.012      0.131     -5.871
  -1   92     11.694     -8.099     -2.304
 101   -2     19.191     -6.808      0.150
  -1   -2      2.431     -4.655      8.984
 188   -2     13.433      0.479      5.155
 176   -2     15.758     -0.973     -5.965
  -1   45    -10.868    -11.298      0.899
 163   -2     10.881      1.732      4.334
  -1   59     14.362     -5.843      9.598
  -1  167     -0.763      5.465     -5.724
  -1   -2    -12.589      0.457     -5.946
  -1   30      0.051     -9.261     11.647
 183   -2      2.997      0.319     -3.680
 200  215     -6.571     -4.241     -8.151
 180   -2     -1.207     -1.298    -11.463
  -1   -2     -9.574    -11.873     -5.228
  -1  199      5.140      4.895      8.757
  -1   -2      1.903     -3.193     -4.604
 192   -2      3.157     -0.418     11.409
  -1   75    -12.701     -7.039    -11.244
 129   -2      4.439     -1.696      1.782
  -1  187      4.520      2.211      6.721
  -1   -2      5.410     -5.188     -6.738
  -1   -2      2.890     -6.852      6.782
 170   -2      6.613      3.743      1.603
  -1   -2      2.015      2.844      8.178
  -1  158     13.401     -5.131     -4.407
  -1   -2      3.700      4.815     -9.306
  -1   53     17.318    -11.081    -10.051
  94   -2      8.978    -10.248    -10.767
  -1  213      8.821     -7.408     -0.827
  -1  251      6.396     -2.820     -0.187
 203  217     -7.485     -4.864      8.344
  -1    7     -2.271     -7.371      8.044
  -1   -2     -5.603     -4.250      1.607
  -1   -2      6.752     -7.115     -0.008
  -1  243     11.703     -0.576      6.157
  -1   -2     -0.216      2.082      9.492
 208  210      0.955     -4.014      3.202
  -1   14      1.011     -4.050      2.954
  -1   -2      4.042     -6.334      4.290
 212  249      3.728     -4.553     -7.845
 103  104      7.434     -5.083      1.034
 172  214     14.756      3.675     -9.056
  -1   -2     -5.671     -4.240      1.827
  -1   -2     11.703     -0.576      6.157
 218  237     -0.225      2.077      9.514
  -1   -2      4.042     -6.334      4.290
  -1   -2      5.488     -6.832      2.046
  35  212      5.499     -6.864      1.810
  -1   -2     -5.671     -4.240      1.827
 239   -2     11.733     -0.568      6.255
  -1   -2      0.955     -4.014      3.202
  -1   -2      1.078     -4.037      2.770
 224   -2     16.332     -3.217      1.405
  -1   -2     -2.327     -6.355      3.887
  -1   -2     -2.327     -6.355      3.887
  -1   -2      6.396     -2.820     -0.187
  -1   -2     -5.671     -4.240      1.827
  -1   -2     -5.603     -4.250      1.607
  -1   -2      0.955     -4.014      3.202
  -1   -2      1.078     -4.037      2.770
 225  239      4.052     -6.338      4.245
  -1   -2      6.396     -2.820     -0.187
 204   -2     -2.171     -7.363      7.749
 237  241     -5.671     -4.240      1.827
  -1   -2      0.955     -4.014      3.202
  -1   -2      1.078     -4.037      2.770
 248   -2      6.396     -2.820     -0.187
  -1   -2      0.955     -4.014      3.202
  -1   -2      1.078     -4.037      2.770
  -1   -2      0.955     -4.014      3.202
  20   -2      1.078     -4.037      2.770
