65
   0    1      8.400     -9.590      5.052
   1   24     14.892    -10.171     -8.794
   3   70      7.716    -10.051      8.039
   5    4     -0.336     -6.644     -0.110
  23    8     14.476    -10.463     -7.203
  27    6      5.539    -10.224     -6.940
  11   -2     12.823     -9.962     -6.954
  39   55      4.903    -10.612     -2.578
  45   -2     19.651     -4.341     -6.461
  20   -2     19.095     -6.267     -1.890
  -1    5     13.918    -10.847     -7.981
  19   -2     13.337     -9.640     -2.759
   8   -2      4.491    -10.157     -2.437
  44   27     19.693     -6.296     -5.841
  -1   -2      2.190     -9.726      8.700
  13    9     10.784    -10.689     -2.999
  43   48      3.057    -10.995     -5.934
  -1   -2      9.810    -10.203     -3.693
  -1   59     12.529     -6.888      0.128
  -1   35     18.398     -7.792     -7.867
  -1    2     13.718    -11.005     -6.925
  16   32     14.356    -10.984    -10.696
  -1   69     19.066     -6.294     -5.865
  51   -2      5.957    -10.273     -1.877
  -1   -2     15.834     -3.705     -8.212
  25   -2      9.838     -3.334      6.742
  28   10     16.620     -8.445    -10.599
  41   31     11.939     -7.800      9.238
  22   -2      9.277     -7.665      7.690
  18   -2     17.397     -8.722     -3.840
  -1   21     16.997     -2.650    -10.794
  -1    0     13.898    -10.880     -2.447
  -1   -2     16.436     -6.025     -8.494
  56   63     13.146     -7.966      2.869
  -1    7     14.916    -10.136     -5.370
  -1   -2     -1.172    -11.018      0.572
  36   44      4.258     -5.996     -0.062
  17   50     20.177     -5.289     -3.752
  34   41    -10.665     -5.128      0.848
  -1   42      3.613     -9.047     -3.038
  37   -2      5.827     -8.701     -7.852
  47   37     17.059     -3.670     -2.562
  -1   16     15.575     -2.247     -7.584
  -1   -2     20.254     -4.927     -6.422
  -1   14      9.882    -10.746     -3.010
  -1   -2      4.349     -8.695     -7.646
  -1   49     -5.190    -10.752     -2.355
  -1   34     16.035     -1.114     -8.539
   4   -2     17.097     -9.710     -3.019
  -1   -2      0.016     -5.533      5.793
  -1   -2     -4.168     -7.618     -9.869
  40   54      8.918     -4.279      2.867
  50   43     10.060     -8.009     -5.248
  -1   65     13.039     -5.765      3.497
  49   20     15.765     -7.715     -5.331
  -1   57     15.366      0.358     -7.072
  -1   -2     15.198     -4.015      7.980
  -1   -2     22.903     -7.701      8.878
  54   -2     14.767     -9.574      9.513
  -1   22     13.106     -5.855      5.958
  48   33    -12.327     -9.526     -5.461
  -1   64    -10.936     -8.175      9.545
  -1   29      2.469    -11.051     -1.357
  35   -2     -2.483     -6.845     -2.911
  29   15     18.307     -5.408     -4.769
