194
 186   11     16.608     -8.781     -1.309
   1    1     15.589     -8.248      6.799
  23    2     -2.793     -7.341     -2.487
  59    3     -5.622     -6.509    -10.191
  44   -2      2.299     -7.582     10.107
   8   -2     20.422     -4.375     -3.434
  14   10     16.572      2.689     -9.860
  -1   -2     15.716     -1.126      1.920
  13   -2     17.715     -9.187     -3.503
  10   13     16.653    -10.180    -10.473
  11   -2     17.852     -7.513      4.737
  19    7     13.942     -4.000     -3.501
  63   16     16.525     -2.411     -9.873
  -1   -2     15.564    -10.331     -3.931
  64   12     16.952      3.780    -10.790
  -1   -2      5.105     -2.606      4.984
  24   17     20.023     -6.354     -3.984
   4   -2     -2.319     -8.002     -4.586
  45   -2     11.014     -2.474      5.829
  -1   44     19.033     -9.836     -2.943
  -1   38     19.766     -5.761     -4.517
  40   -2    -11.241     -6.759     -6.602
  -1   40     19.385     -0.848     -6.094
  -1   -2     18.312     -8.672     -9.224
  -1   -2     16.954     -7.784      6.432
  -1  180      7.842     -1.478     -0.982
  -1    5     20.761     -4.809     -4.729
  -1   31     10.539     -8.165     -1.788
  -1   -2      4.695     -4.801      7.341
  -1   -2     -1.473     -6.134     -7.860
  72   96     14.281     -4.775      5.489
  70   57     10.611     -5.934      3.652
  35   33     -0.999     -8.587    -10.711
  -1   14      2.411     -1.994      4.883
 112   -2      9.845     -8.442      4.311
  38   36     -5.601     -1.945     -9.995
  -1   73     -9.281    -10.561     -8.383
  -1   48    -11.978     -9.565     -6.477
  20   -2     18.724     -7.391     -1.318
  -1   -2     10.517      1.343      1.622
   6   -2     16.510     -2.979     -9.138
  60   43     -5.188    -10.746     -2.344
  47   -2      5.635     -8.510      6.184
  -1   -2      4.575     -6.683      7.284
   3   37     -3.220     -8.999     -8.284
  -1   -2      9.430      0.192     -2.873
  49   61     10.842     -6.471      8.036
  -1   55     14.825     -3.538     -5.729
  50   51      3.623     -8.988      5.608
  53   58     15.610    -10.817    -10.332
  -1    6     13.812     -0.641     -1.123
  -1  138     12.543     -6.949     -0.117
  -1   74     -5.780    -10.488     -4.578
  56   63     -4.653      2.223     -3.890
  -1   70    -12.040     -5.702     -3.171
  -1   18      9.828     -3.592      6.728
  -1    4      1.313     -8.214      9.675
  54   62    -10.467     -3.341     -8.799
  17   69     16.935     -2.080     -8.882
  -1   60    -10.192     -6.066     -4.050
  -1   50     -5.964     -7.023    -10.374
  61   68     12.530     -4.816    -11.640
  25   71      9.420    -10.407     -5.220
  -1   54     19.869    -11.103     -5.037
  -1   -2     -2.936     -1.251     -3.092
  -1   -2     16.527     -8.753     -1.123
  12   -2      5.235     -2.578      4.629
  -1    8     16.954     -7.784      6.432
  -1   -2      7.842     -1.478     -0.982
  -1  124      4.695     -4.801      7.341
  -1   -2     10.539     -8.165     -1.788
  -1   -2     -1.473     -6.134     -7.860
  -1   -2     14.502     -0.677     -2.853
  39   86     -9.281    -10.561     -8.383
  83  106     10.517      1.343      1.622
  -1   -2      4.575     -6.683      7.284
  -1   -2      9.430      0.192     -2.873
  48   29     12.543     -6.949     -0.117
  -1   -2     16.527     -8.753     -1.123
  -1   -2     16.954     -7.784      6.432
  -1   -2      7.842     -1.478     -0.982
  -1   -2     10.539     -8.165     -1.788
  -1   -2      4.695     -4.801      7.341
  15   95     -1.473     -6.134     -7.860
  -1   -2      4.575     -6.683      7.284
  -1   -2      9.430      0.192     -2.873
  -1   -2     16.527     -8.753     -1.123
  -1   -2      7.842     -1.478     -0.982
  68   -2     16.954     -7.784      6.432
  -1   -2      4.695     -4.801      7.341
  -1   -2     10.539     -8.165     -1.788
  -1   -2      4.575     -6.683      7.284
  -1   -2      9.430      0.192     -2.873
  -1   -2     16.527     -8.753     -1.123
  -1   -2      7.842     -1.478     -0.982
  -1   -2      4.695     -4.801      7.341
  -1   -2      4.575     -6.683      7.284
  90  107      9.430      0.192     -2.873
  -1   -2     16.527     -8.753     -1.123
  -1   -2      7.842     -1.478     -0.982
  -1   -2      4.695     -4.801      7.341
  -1   -2      4.575     -6.683      7.284
  -1   -2     16.527     -8.753     -1.123
  -1   -2      7.842     -1.478     -0.982
  -1   -2      4.695     -4.801      7.341
  -1   -2     10.539     -8.165     -1.788
  -1   -2     16.527     -8.753     -1.123
  -1   -2      7.842     -1.478     -0.982
  -1   -2      4.695     -4.801      7.341
  -1   -2     14.502     -0.677     -2.853
  -1   -2      4.575     -6.683      7.284
  -1   -2     16.527     -8.753     -1.123
  -1   -2      7.842     -1.478     -0.982
  -1   -2     10.539     -8.165     -1.788
  -1   -2      4.695     -4.801      7.341
  -1   -2     14.502     -0.677     -2.853
  -1   -2      4.575     -6.683      7.284
  -1   -2     16.527     -8.753     -1.123
  -1   -2      7.842     -1.478     -0.982
  -1   -2      4.695     -4.801      7.341
  -1   -2      4.575     -6.683      7.284
  -1   -2     16.527     -8.753     -1.123
  -1   -2      7.842     -1.478     -0.982
  -1   -2      4.695     -4.801      7.341
 122   -2     10.539     -8.165     -1.788
  -1   -2     14.502     -0.677     -2.853
  -1   -2      4.575     -6.683      7.284
  -1   -2     16.527     -8.753     -1.123
  -1   -2      7.842     -1.478     -0.982
 106   -2      4.695     -4.801      7.341
  -1   -2     14.502     -0.677     -2.853
  -1   -2      4.575     -6.683      7.284
  -1   -2     16.527     -8.753     -1.123
  -1   -2      7.842     -1.478     -0.982
   9  166     14.502     -0.677     -2.853
  -1   -2      4.575     -6.683      7.284
  -1   -2     16.527     -8.753     -1.123
  -1   -2      7.842     -1.478     -0.982
  -1   -2      4.575     -6.683      7.284
  -1   -2     16.527     -8.753     -1.123
  -1   -2      7.842     -1.478     -0.982
  -1   -2      4.575     -6.683      7.284
  -1   -2     16.527     -8.753     -1.123
  -1   -2      7.842     -1.478     -0.982
  -1   -2      4.575     -6.683      7.284
  -1   -2     16.527     -8.753     -1.123
  -1   -2      7.842     -1.478     -0.982
  -1   -2      4.575     -6.683      7.284
  -1   -2     16.527     -8.753     -1.123
  -1   -2      7.842     -1.478     -0.982
  -1   -2      4.575     -6.683      7.284
  -1   -2     16.527     -8.753     -1.123
  -1   -2      7.842     -1.478     -0.982
  -1   -2      4.575     -6.683      7.284
  -1   -2     16.527     -8.753     -1.123
  -1   -2      7.842     -1.478     -0.982
  -1   -2      4.575     -6.683      7.284
  -1   -2     16.527     -8.753     -1.123
  -1   -2      7.842     -1.478     -0.982
  -1   -2      4.575     -6.683      7.284
  -1   -2     16.527     -8.753     -1.123
  -1   -2      7.842     -1.478     -0.982
  -1   -2      4.575     -6.683      7.284
  -1   -2     16.527     -8.753     -1.123
  -1   -2      7.842     -1.478     -0.982
  -1   -2      4.575     -6.683      7.284
  -1   -2     16.527     -8.753     -1.123
  -1   -2      7.842     -1.478     -0.982
  -1   -2      4.575     -6.683      7.284
  -1   -2     16.527     -8.753     -1.123
  26   -2      7.842     -1.478     -0.982
  -1   -2      4.575     -6.683      7.284
  -1   -2     16.527     -8.753     -1.123
  42  185      4.575     -6.683      7.284
  -1   -2     16.527     -8.753     -1.123
  -1   -2     16.527     -8.753     -1.123
  -1   -2     16.527     -8.753     -1.123
  -1   -2     16.527     -8.753     -1.123
  -1   -2     16.527     -8.753     -1.123
  -1   -2     16.527     -8.753     -1.123
  -1   -2     16.527     -8.753     -1.123
  -1   -2     16.527     -8.753     -1.123
  -1   -2     16.527     -8.753     -1.123
  -1   -2     16.527     -8.753     -1.123
  -1   -2     16.527     -8.753     -1.123
  -1   -2     16.527     -8.753     -1.123
  -1   -2     16.527     -8.753     -1.123
  -1   -2     16.527     -8.753     -1.123
  -1   -2     16.527     -8.753     -1.123
  -1   -2     16.527     -8.753     -1.123
  -1   -2     16.527     -8.753     -1.123
  -1   -2     16.527     -8.753     -1.123
  -1   -2     16.527     -8.753     -1.123
   0  202     16.527     -8.753     -1.123
