130
  -1   -2     -9.455     -6.885      3.003
   1    2      4.549     -8.232     -2.109
   3    1      4.458     -4.391      8.635
   5    6      3.428     -5.654      7.671
   7   26      1.521     -8.872     -5.187
 104   28     17.633     -9.219     -3.495
  45   47     11.119     -2.445      5.488
   0    9     -4.162     -9.178      3.364
  -1  124     16.603     -8.781     -1.290
  44   98     18.963     -8.948      0.306
  15   21     16.795    -10.449     -0.193
  -1   -2     -0.217     -9.489      1.237
  -1   43     -2.746     -7.337     -2.555
  36   30     16.205     -7.628      4.314
  59   13     10.374     -8.114     -2.500
  20   -2     -0.814     -8.168      0.017
  -1   27      2.300     -7.583     10.111
  22   41     -5.206     -9.813     -8.083
 102   67     16.302     -4.273     -9.832
  -1   -2      1.453     -7.997     -3.744
  -1  110      7.360     -1.510      0.286
  26    3     20.423     -4.375     -3.438
  -1   29      8.937     -8.097      9.352
   4   -2      0.595     -9.712     -0.268
  81   81     13.933     -4.008     -3.485
  -1   -2      1.990     -7.055      7.396
  27    7    -11.134     -2.320      1.055
  28   -2     17.852     -7.513      4.761
  85   15      5.811      3.199      8.760
  31   36     16.585      2.689     -9.893
  -1   72     18.008     -9.433     -9.325
  -1   70     18.447    -11.160     -9.658
  77   34     16.526     -2.411     -9.877
  -1   -2     15.708     -1.132      1.885
  93   42      5.103     -2.605      4.989
  -1   10      6.063     -9.531      3.895
  11   19     10.014    -10.069     -3.476
   8    5     -6.699      0.103      2.305
  -1   50     10.798     -8.077      6.971
  53   -2      7.391      0.787      9.628
  41   -2     20.020     -6.355     -3.977
 103   23     -3.967     -8.847    -10.126
  -1   46     17.001      3.796    -10.916
  -1   25      1.512     -9.842      8.162
  64   -2     19.330     -0.853     -5.965
  38   51     19.765     -5.758     -4.500
  -1   76      7.347      0.778     -9.222
  42   24      8.205     -8.017      6.651
  -1   39      3.197     -8.648      6.472
  23   40     11.462     -8.427      3.437
  -1   -2     -3.162     -9.441      6.582
  57   12     15.409     -8.273      7.013
  74   -2     11.882      5.932      1.868
  -1   -2    -10.101     -3.307      4.165
  70   88     16.210     -3.190    -10.292
  25   -2     19.300     -3.236     -0.655
  51   90     14.393      4.849    -11.103
  92   55     14.513      4.228     -8.499
  65   16      0.190    -10.897     -0.030
  -1   49     20.761     -4.806     -4.725
  37   83     -7.490     -9.271     -9.139
  -1   -2     10.613     -5.934      3.657
 106   -2      7.736     -3.226      2.452
  84   -2     -9.740     -4.944     -9.445
  -1   60     11.494     -5.516     -4.122
  -1   -2    -11.962     -9.109     -4.527
  62   66     -5.600     -1.942     -9.994
  -1   -2     18.722     -7.389     -1.308
  95   65     -6.097    -10.503    -11.797
  96   92     15.345      4.921     -8.545
  -1   -2     17.422     -4.168      3.792
  69   68      6.129      3.111     11.524
  21   -2      1.736     -8.898      0.527
  24   71      4.582     -6.682      7.309
  13   -2     -3.458     -5.574     -1.455
  75   80    -11.972     -7.760     10.481
  -1   -2     -9.210     -9.333     -5.043
  34   -2     10.843     -6.472      8.034
  -1   17     17.239     -9.268      1.108
  -1   -2     -7.759    -10.565      2.118
  76   32      9.365     -5.896     -5.033
  -1   -2     13.811     -0.640     -1.118
  -1   -2      2.579    -10.428      7.569
  -1   -2     -1.244     -1.041     -8.477
  -1   91      9.827     -3.587      6.727
  61   14     -0.816     -5.816      3.523
  -1  102     -4.654      2.226     -3.890
  83   22     10.768     -2.510     11.239
  94   -2    -12.041     -5.706     -3.156
  91   73      5.299     -5.807      4.233
  -1   -2     -3.550      1.108     -2.079
  -1   44      7.959     -7.118     11.316
 100   -2     -2.769     -4.138     -3.651
  89   89     12.533     -4.816    -11.643
  48   -2     -5.179     -2.483      7.377
  -1   99     -8.550     -9.741     -5.992
  -1   54     16.938     -2.079     -8.872
  32    4     16.484     -5.492     -8.802
  -1   -2     20.987     -6.035     -2.152
   6   74     13.129     -9.963      9.156
  54   86    -12.249     -7.849      8.356
  -1  101      1.235     -1.965      8.126
  14   84     14.751     -8.169      8.084
  88   75     10.641     -5.239      7.099
  49   18     -0.447     -7.649     -1.925
  29   -2     17.851    -10.001     -5.832
  -1   93    -12.371     -8.243     -8.906
  -1   58     -8.357     -4.233     -4.920
  -1   -2     16.519     -8.752     -1.096
  72   -2      7.843     -1.478     -0.986
  60  108     14.504     -0.677     -2.853
  -1   -2     16.519     -8.752     -1.096
  -1   -2     16.519     -8.752     -1.096
  -1   -2     16.519     -8.752     -1.096
  -1   -2     16.519     -8.752     -1.096
  -1   -2     -9.413     -6.913      3.291
  -1   -2     16.519     -8.752     -1.096
  -1   -2     -9.413     -6.913      3.291
  -1   -2     16.519     -8.752     -1.096
  -1   -2      4.183     -4.375      9.669
 114    0     -9.413     -6.913      3.291
  -1   -2     16.519     -8.752     -1.096
  -1   -2      4.183     -4.375      9.669
  -1   -2      4.183     -4.375      9.669
  -1   -2     16.519     -8.752     -1.096
  -1   -2      4.183     -4.375      9.669
  -1   -2     16.519     -8.752     -1.096
  -1   -2     16.519     -8.752     -1.096
 122  123      4.183     -4.375      9.669
 123   -2     16.519     -8.752     -1.096
