119
   0    1     18.068     -7.206     -9.423
   1    0      0.416     -3.131      9.687
  79   41     16.499     -7.942      2.121
   3    4     11.523     -8.589     10.014
   4    3    -10.663     -6.110     -2.542
   5    6      5.682     -4.338      9.942
   6    5      0.865     -5.160      5.352
  46   -2     16.353     -4.378     -9.444
  16   -2     14.938     -3.372     -5.012
  -1   -2     16.605     -8.782     -1.295
  45    2     15.591     -8.248      6.801
  26   -2     -2.747     -7.337     -2.564
  11   11     -5.615     -6.513    -10.162
  72   89     11.803      1.655      2.042
  12   14      2.300     -7.583     10.111
  18    9     16.717     -9.939     -9.097
  14   16     20.421     -4.374     -3.435
  50   48     14.318     -1.286     -4.333
  56   -2     17.853     -7.512      4.765
  17   18     17.710     -9.186     -3.487
  -1   -2      4.060     -6.680      5.826
  -1   22     16.528     -2.410     -9.880
  -1   -2     13.222     -4.246      6.460
  81   -2      5.104     -2.609      4.989
  29   -2     19.302     -5.996     -7.018
  27   -2     20.016     -6.353     -3.975
  -1   -2     19.395     -0.852     -6.070
  -1   15     14.824    -10.104    -10.323
  -1   -2     16.678     -4.107    -10.113
  71   25     13.302     -9.666      1.995
  -1   99      7.842     -1.478     -0.982
  -1   -2     -3.047     -7.735      8.773
  -1   -2     20.760     -4.806     -4.725
  48   76      4.695     -4.800      7.341
  -1   96     10.554     -8.162     -1.730
  -1   -2     19.185      1.482      1.542
  -1   -2      5.985    -10.690      5.724
  -1   17     16.883     -7.799      6.583
  -1   -2     14.287     -4.775      5.505
  38   57     10.612     -5.934      3.655
  36   71     -1.474     -6.134     -7.864
  90   87     14.506     -0.679     -2.852
  -1   -2     -0.986     -8.586    -10.670
  -1   24      2.412     -1.993      4.885
  -1   -2     18.723     -7.390     -1.308
  76   29     -6.524    -10.628      5.159
  52   -2     -4.944     -9.183     -0.966
  -1   47    -11.981     -9.567     -6.475
  69   23     16.509     -2.972     -9.135
  -1   12     -3.227     -9.000     -8.297
  54   52      5.637     -8.512      6.184
  92   -2      9.432      0.194     -2.874
  40   -2     17.081    -10.261    -11.517
  55   49      9.273     -8.568      2.489
  -1   73    -16.818     -9.687      7.270
  67   28     11.210     -2.438      5.724
  30   -2     10.845     -6.469      8.028
  57   -2     -1.720     -8.001     -2.963
  24   72      3.623     -8.988      5.612
  74   40     12.546     -6.952     -0.120
  23   20     16.675      3.691    -10.050
  63   60     -4.649      2.226     -3.878
  65   63      0.472     -9.151     -5.002
  66   65     -5.968     -7.022    -10.368
  73   66     12.527     -4.815    -11.623
  -1   27      6.934     -9.496     10.339
  21   21     16.946     -2.078     -8.841
  10   -2     15.777     -8.221      3.545
  -1   -2      9.421    -10.410     -5.219
  -1   19     10.160     -3.561      5.960
  70   64    -10.466     -3.333     -8.801
  -1    8     14.467     -8.676      7.709
  77   70     -0.172    -10.778      0.996
  -1   51      9.928      3.641      6.744
  -1   -2     -2.932     -1.248     -3.104
  32   -2    -11.338     -8.345     -6.366
  -1   -2     16.524     -8.754     -1.108
  -1   -2      7.842     -1.478     -0.982
  -1   -2     10.554     -8.162     -1.730
  -1   -2     16.883     -7.799      6.583
  41   42     14.506     -0.679     -2.852
  35  107      4.580     -6.683      7.297
  -1   -2     16.524     -8.754     -1.108
  -1   -2      7.842     -1.478     -0.982
  -1   -2     16.883     -7.799      6.583
  -1   -2      4.580     -6.683      7.297
  -1   -2     16.524     -8.754     -1.108
  -1   -2      7.842     -1.478     -0.982
  -1   -2     16.883     -7.799      6.583
  -1   -2      4.580     -6.683      7.297
  -1   -2     16.524     -8.754     -1.108
  -1   -2      7.842     -1.478     -0.982
  -1   -2     10.554     -8.162     -1.730
  -1   -2      4.580     -6.683      7.297
  -1   -2     16.524     -8.754     -1.108
  -1   -2      4.580     -6.683      7.297
  -1   -2     16.524     -8.754     -1.108
  -1   -2     10.554     -8.162     -1.730
  -1   -2      4.580     -6.683      7.297
  -1   -2     16.524     -8.754     -1.108
  25   46     10.554     -8.162     -1.730
  -1   -2      4.580     -6.683      7.297
  -1   -2     16.524     -8.754     -1.108
  -1   -2      4.580     -6.683      7.297
  -1   -2     16.524     -8.754     -1.108
  -1   -2      4.580     -6.683      7.297
  -1   -2     16.524     -8.754     -1.108
  -1   -2      4.580     -6.683      7.297
  -1   -2     16.524     -8.754     -1.108
  -1   -2     16.524     -8.754     -1.108
  -1   -2     16.524     -8.754     -1.108
  -1   -2     16.524     -8.754     -1.108
  -1   -2     16.524     -8.754     -1.108
  -1   -2     16.524     -8.754     -1.108
  -1   -2     16.524     -8.754     -1.108
  -1   -2     16.524     -8.754     -1.108
  -1   -2     16.524     -8.754     -1.108
  -1   -2     16.524     -8.754     -1.108
   7  120     16.524     -8.754     -1.108
