273
  -1   -2     16.609     -8.781     -1.311
   1    1     15.588     -8.248      6.800
   5    2     -2.743     -7.339     -2.558
  -1   -2    -10.205     -8.455      3.012
  28   -2      2.299     -7.583     10.103
  -1   40     16.636     -2.971     -9.491
  -1    7     20.420     -4.375     -3.448
  71    8     17.708     -9.187     -3.489
  54   11     16.624    -10.167    -10.394
  12   12     13.932     -4.007     -3.477
   9   -2     16.576      2.689     -9.867
 146   10     17.855     -7.513      4.744
  86   13     14.325     -1.284     -4.349
  36   -2      5.102     -2.605      4.997
  17   64     16.526     -2.409     -9.872
  41   -2     -4.135     -7.608     -8.425
  16   15      1.840     -9.953     10.449
  26   18     19.388     -0.855     -6.088
  24   19     20.023     -6.354     -3.988
  22   -2     15.170     -3.439     -4.733
   8   20     19.764     -5.760     -4.514
  -1  129      6.745     -9.569     10.188
  -1   46     14.152     -3.257     -3.986
  -1  154     16.959     -7.784      6.420
  -1   -2      7.841     -1.478     -0.980
  -1   -2     -5.631     -6.522     -9.902
  -1   -2     20.761     -4.808     -4.730
  40   -2      4.696     -4.800      7.343
  -1   -2     10.538     -8.164     -1.795
  50   -2     13.016     -6.850      1.480
  -1   -2     -1.474     -6.138     -7.866
  -1   50     16.793    -10.460     -0.354
  33   -2     10.613     -5.935      3.651
  -1   -2     14.500     -0.675     -2.875
   4   -2     -0.995     -8.587    -10.702
  35   76     14.292     -4.772      5.515
  37   33     -5.600     -1.946     -9.998
  -1   14      2.412     -1.993      4.883
  -1   51      5.636     -8.510      6.187
  39   39    -11.973     -9.569     -6.466
  18   38     10.517      1.341      1.620
  42   36     18.724     -7.391     -1.319
  -1   -2      4.569     -6.683      7.265
  -1   82     -9.283    -10.561     -8.389
  43   78     -5.189    -10.746     -2.351
  -1   -2     10.794     -2.424      4.386
  -1   -2     -3.226     -9.000     -8.299
  -1   -2     15.051     -8.935      9.796
  38   49      9.431      0.194     -2.872
  57   53     10.843     -6.471      8.031
  -1   -2     -1.722     -8.001     -2.968
  -1  102      9.269     -8.571      2.495
  52   71     17.236     -9.267      1.102
  -1   54     15.832    -10.654     -9.435
  51   -2      3.623     -8.988      5.607
  55    9     16.675      3.693    -10.047
  61   84     13.153     -9.712      2.335
  60   56     -4.654      2.225     -3.891
  47    4     -5.776    -10.490     -4.570
  59   63    -10.467     -3.340     -8.800
  65   16     16.934     -2.081     -8.877
  64   65     12.526     -4.817    -11.623
  -1    3     -5.967     -7.022    -10.368
  66   67      5.555     -9.294     10.062
  70   70     -9.097    -11.080      0.675
  -1   -2     16.527     -8.752     -1.122
  -1   -2    -10.200     -8.441      2.999
  -1   -2     16.959     -7.784      6.420
  -1   -2      7.841     -1.478     -0.980
  -1   24     20.761     -4.808     -4.730
  68   29     10.538     -8.164     -1.795
  -1   -2      6.721     -9.536      9.760
  76   90     -1.474     -6.138     -7.866
 129  143     15.051     -8.935      9.796
  -1   -2     -3.226     -9.000     -8.299
  -1   -2      4.569     -6.683      7.265
  -1   -2      9.269     -8.571      2.495
  81    6      5.636     -8.510      6.187
  -1   -2     16.527     -8.752     -1.122
  -1   -2     16.959     -7.784      6.420
  -1   -2      7.841     -1.478     -0.980
  -1   -2     10.538     -8.164     -1.795
  -1   -2     -3.226     -9.000     -8.299
  -1   -2      4.569     -6.683      7.265
  -1   -2     15.051     -8.935      9.796
  -1   -2      9.269     -8.571      2.495
  -1   -2     16.527     -8.752     -1.122
  -1   -2     16.959     -7.784      6.420
  -1   -2      7.841     -1.478     -0.980
  -1   -2      6.721     -9.536      9.760
  -1   -2     10.538     -8.164     -1.795
  -1   -2     -3.226     -9.000     -8.299
  -1   -2      4.569     -6.683      7.265
  -1   -2     15.051     -8.935      9.796
  -1   -2      9.269     -8.571      2.495
  -1   -2     16.527     -8.752     -1.122
  72  107    -10.200     -8.441      2.999
  -1   -2      7.841     -1.478     -0.980
  -1   -2     16.959     -7.784      6.420
  -1   -2     10.538     -8.164     -1.795
  -1   -2      6.721     -9.536      9.760
  -1   -2     14.500     -0.675     -2.875
  -1   -2      4.569     -6.683      7.265
  -1   -2     -3.226     -9.000     -8.299
  -1   -2     15.051     -8.935      9.796
  -1   -2      9.269     -8.571      2.495
  -1   -2     16.527     -8.752     -1.122
  27   -2     16.959     -7.784      6.420
  -1   -2      7.841     -1.478     -0.980
  -1   -2      6.721     -9.536      9.760
  -1   -2     10.538     -8.164     -1.795
  -1   -2     14.500     -0.675     -2.875
  -1   -2      4.569     -6.683      7.265
  79  141     -3.226     -9.000     -8.299
  -1   -2     15.051     -8.935      9.796
  -1   -2      9.269     -8.571      2.495
  -1   -2     16.527     -8.752     -1.122
  -1   -2      7.841     -1.478     -0.980
  -1   -2     10.538     -8.164     -1.795
  -1   -2      4.569     -6.683      7.265
  -1   -2     15.051     -8.935      9.796
  -1   -2      9.269     -8.571      2.495
  -1   -2     16.527     -8.752     -1.122
  -1   -2      7.841     -1.478     -0.980
  -1   -2      6.721     -9.536      9.760
  -1   -2     10.538     -8.164     -1.795
  -1   -2     14.500     -0.675     -2.875
  -1   -2      4.569     -6.683      7.265
  -1   80     15.051     -8.935      9.796
  -1   -2      9.269     -8.571      2.495
  -1   -2     16.527     -8.752     -1.122
  -1   -2      7.841     -1.478     -0.980
  -1   -2      6.721     -9.536      9.760
  -1   -2     10.538     -8.164     -1.795
  -1   -2      4.569     -6.683      7.265
  -1   -2      9.269     -8.571      2.495
  -1   -2     16.527     -8.752     -1.122
  -1   -2      7.841     -1.478     -0.980
  77   -2      6.721     -9.536      9.760
  -1   -2     10.538     -8.164     -1.795
  -1   -2      9.269     -8.571      2.495
  -1   -2      4.569     -6.683      7.265
  -1   -2     16.527     -8.752     -1.122
  -1   -2      7.841     -1.478     -0.980
  -1   -2     10.538     -8.164     -1.795
  -1   -2      4.569     -6.683      7.265
  -1   -2      9.269     -8.571      2.495
  -1   -2     16.527     -8.752     -1.122
  -1   -2      7.841     -1.478     -0.980
  -1   -2     10.538     -8.164     -1.795
  -1   -2     14.500     -0.675     -2.875
  -1   -2      4.569     -6.683      7.265
  -1   -2      9.269     -8.571      2.495
  -1   -2     16.527     -8.752     -1.122
  -1   -2      7.841     -1.478     -0.980
  -1   -2     10.538     -8.164     -1.795
  -1   -2      4.569     -6.683      7.265
  -1   -2      9.269     -8.571      2.495
  -1   -2     16.527     -8.752     -1.122
  -1   -2      7.841     -1.478     -0.980
  -1   -2     10.538     -8.164     -1.795
  -1   -2     14.500     -0.675     -2.875
  -1   -2      4.569     -6.683      7.265
  -1   -2      9.269     -8.571      2.495
  -1   -2     16.527     -8.752     -1.122
  -1   -2      7.841     -1.478     -0.980
  -1   -2     10.538     -8.164     -1.795
  -1   -2      4.569     -6.683      7.265
  -1   -2      9.269     -8.571      2.495
  -1   -2     16.527     -8.752     -1.122
  -1   -2      7.841     -1.478     -0.980
  -1   -2     10.538     -8.164     -1.795
  -1   -2      4.569     -6.683      7.265
  -1   -2     16.527     -8.752     -1.122
  -1   -2      7.841     -1.478     -0.980
  -1   -2     10.538     -8.164     -1.795
  -1   -2      4.569     -6.683      7.265
  -1   -2     16.527     -8.752     -1.122
  -1   -2      7.841     -1.478     -0.980
  75  204     10.538     -8.164     -1.795
  -1   -2     14.500     -0.675     -2.875
  -1   -2      4.569     -6.683      7.265
  -1   -2     16.527     -8.752     -1.122
  -1   -2      7.841     -1.478     -0.980
  -1   -2     14.500     -0.675     -2.875
  -1   -2      4.569     -6.683      7.265
  -1   -2     16.527     -8.752     -1.122
  -1   -2      7.841     -1.478     -0.980
  -1   -2     14.500     -0.675     -2.875
  -1   -2      4.569     -6.683      7.265
  -1   -2     16.527     -8.752     -1.122
  -1   -2      7.841     -1.478     -0.980
  -1   -2      4.569     -6.683      7.265
  -1   -2     16.527     -8.752     -1.122
  -1   -2      7.841     -1.478     -0.980
  -1   -2     14.500     -0.675     -2.875
  -1   -2      4.569     -6.683      7.265
  -1   -2     16.527     -8.752     -1.122
  -1   -2      7.841     -1.478     -0.980
  -1   -2      4.569     -6.683      7.265
  -1   -2     16.527     -8.752     -1.122
  -1   -2      7.841     -1.478     -0.980
  -1   -2     14.500     -0.675     -2.875
  -1   -2      4.569     -6.683      7.265
  -1   -2     16.527     -8.752     -1.122
  -1   -2      7.841     -1.478     -0.980
  13   -2     14.500     -0.675     -2.875
  -1   -2      4.569     -6.683      7.265
  -1   -2     16.527     -8.752     -1.122
  -1   -2      7.841     -1.478     -0.980
  -1   -2     16.527     -8.752     -1.122
  -1   -2      7.841     -1.478     -0.980
  -1   -2      4.569     -6.683      7.265
  -1   -2     16.527     -8.752     -1.122
  -1   -2      7.841     -1.478     -0.980
  -1   -2      4.569     -6.683      7.265
  -1   -2     16.527     -8.752     -1.122
  -1   -2      7.841     -1.478     -0.980
  -1   -2      4.569     -6.683      7.265
  -1   -2     16.527     -8.752     -1.122
  -1   -2      7.841     -1.478     -0.980
  -1   -2      4.569     -6.683      7.265
  -1   -2     16.527     -8.752     -1.122
  -1   -2      7.841     -1.478     -0.980
  -1   -2      4.569     -6.683      7.265
  -1   -2     16.527     -8.752     -1.122
  -1   -2      7.841     -1.478     -0.980
  -1   -2      4.569     -6.683      7.265
  -1   -2     16.527     -8.752     -1.122
  -1   -2      7.841     -1.478     -0.980
  -1   -2      4.569     -6.683      7.265
  -1   -2     16.527     -8.752     -1.122
  -1   -2      7.841     -1.478     -0.980
  -1   -2      4.569     -6.683      7.265
  -1   -2     16.527     -8.752     -1.122
  -1   -2      7.841     -1.478     -0.980
  -1   -2      4.569     -6.683      7.265
  -1   -2     16.527     -8.752     -1.122
  -1   -2      7.841     -1.478     -0.980
  -1   -2      4.569     -6.683      7.265
  -1   -2     16.527     -8.752     -1.122
  -1   -2      7.841     -1.478     -0.980
  -1   -2      4.569     -6.683      7.265
  -1   -2     16.527     -8.752     -1.122
  -1   -2      7.841     -1.478     -0.980
  80   26      4.569     -6.683      7.265
  -1   -2     16.527     -8.752     -1.122
  -1   -2      7.841     -1.478     -0.980
  -1   -2     16.527     -8.752     -1.122
  -1   -2      7.841     -1.478     -0.980
  -1   -2     16.527     -8.752     -1.122
  74   -2      7.841     -1.478     -0.980
  -1   -2     16.527     -8.752     -1.122
  -1   -2     16.527     -8.752     -1.122
  -1   -2     16.527     -8.752     -1.122
  -1   -2     16.527     -8.752     -1.122
  -1   -2     16.527     -8.752     -1.122
  -1   -2     16.527     -8.752     -1.122
  -1   -2     16.527     -8.752     -1.122
  -1   -2     16.527     -8.752     -1.122
  -1   -2     16.527     -8.752     -1.122
  -1   -2     16.527     -8.752     -1.122
  -1   -2     16.527     -8.752     -1.122
  -1   -2     16.527     -8.752     -1.122
  -1   -2     16.527     -8.752     -1.122
  -1   -2     16.527     -8.752     -1.122
  -1   -2     16.527     -8.752     -1.122
  -1   -2     16.527     -8.752     -1.122
  -1   -2     16.527     -8.752     -1.122
  -1   -2     16.527     -8.752     -1.122
  -1   -2     16.527     -8.752     -1.122
  -1   -2     16.527     -8.752     -1.122
   0  294     16.527     -8.752     -1.122
