136
  -1   -2     16.604     -8.780     -1.294
  48   -2     15.588     -8.247      6.808
  46   -2     -2.743     -7.338     -2.551
  -1   13     14.940      0.509     -5.862
   4   -2     -0.827     -8.170     -0.022
   5    4     -5.618     -6.512    -10.174
   6    5      2.298     -7.582     10.100
  23   -2     16.607     -2.967     -9.454
  10   15     19.685     -7.573     -3.504
  -1    7     20.427     -4.373     -3.423
  -1   -2     17.855     -7.513      4.760
  11   -2     16.576      2.690     -9.872
   8   10     16.627    -10.168    -10.401
  68    8     17.708     -9.187     -3.488
  -1  114     15.711     -1.130      1.898
  29    3      9.980     -3.370      6.402
  15   14    -11.983     -7.363     -8.040
  -1   -2     12.823     -9.652      3.144
  -1   -2     -5.146     -8.557     -2.993
   7   -2     20.022     -6.354     -3.986
   0   41     15.037     -3.622     -6.206
  19   22     -9.138    -10.561     -1.389
  20   21     19.385     -0.853     -6.083
  21   20     19.761     -5.763     -4.530
  51   12     11.011     -2.474      5.834
   3   -2     19.630    -11.258     -6.767
  -1  120      7.829     -1.477     -0.951
  -1   -2     -9.819     -9.153     -6.642
  -1   -2     20.761     -4.807     -4.728
  -1    9     16.909     -7.794      6.528
  -1   82     10.545     -8.164     -1.759
 120   26      4.696     -4.801      7.343
  65   -2     14.279     -4.777      5.492
  32   -2     10.612     -5.933      3.656
  -1   84     -1.473     -6.134     -7.855
  18   -2     14.354    -10.108     -9.416
  30   94     -0.987     -8.587    -10.679
  26   -2     12.771     -8.538      2.128
  -1   -2     -9.283    -10.561     -8.382
  -1   11      2.412     -1.992      4.884
  34   37     -5.600     -1.944     -9.996
  35   59      5.225     -2.574      4.650
  33   -2    -13.821     -8.142     10.042
  37   -2    -11.979     -9.567     -6.474
  39   67      5.637     -8.512      6.188
  -1   -2      4.579     -6.682      7.293
  38   -2     10.518      1.344      1.619
  -1   -2     -3.231     -9.001     -8.305
  -1   16     10.346    -11.116      2.938
  45   44      9.266     -8.572      2.505
  -1   -2      9.429      0.193     -2.876
  13    6     12.544     -6.954     -0.122
  49   47     10.843     -6.473      8.032
  47   78     15.830    -10.657     -9.438
  62    1     17.234     -9.268      1.112
  50   52      3.622     -8.986      5.608
  -1   46     16.555     -2.381     -9.520
  41   60     10.093     -5.785     -6.763
  -1   -2     13.808     -0.641     -1.131
  -1   -2     -7.898     -7.197     -3.534
  -1   -2     16.677      3.692    -10.052
  54   54     -4.649      2.227     -3.876
  56   56      0.471     -9.149     -5.000
  57   -2    -10.463     -3.347     -8.792
  -1   -2    -12.040     -5.706     -3.159
  64   -2     12.535     -4.818    -11.647
  -1   -2     11.186     -3.774      9.204
  12   61     16.934     -2.078     -8.885
  -1   88     12.223      4.209     -6.455
  61   -2     -9.184     -8.645     -8.119
  -1   -2     15.162      3.694    -10.053
  -1    2     -2.622    -10.721      5.442
  73   -2     -7.294     -9.614     -9.431
  -1   -2     16.523     -8.752     -1.106
  -1   -2      7.829     -1.477     -0.951
  -1   -2     10.545     -8.164     -1.759
  -1   -2     16.909     -7.794      6.528
  -1   -2     14.502     -0.675     -2.871
  72   -2     -1.473     -6.134     -7.855
  31   17     -9.283    -10.561     -8.382
  -1  130      4.579     -6.682      7.293
  40   18     -3.231     -9.001     -8.305
  84   -2      9.429      0.193     -2.876
  60   89    -12.040     -5.706     -3.159
  -1   -2     16.523     -8.752     -1.106
  43   31     10.545     -8.164     -1.759
  -1   -2      7.829     -1.477     -0.951
  80   -2     16.909     -7.794      6.528
  -1   -2     14.502     -0.675     -2.871
  -1   -2      4.579     -6.682      7.293
  -1   -2     16.523     -8.752     -1.106
  -1   -2      7.829     -1.477     -0.951
  -1   -2     14.502     -0.675     -2.871
  -1   -2      4.579     -6.682      7.293
  -1   -2     16.523     -8.752     -1.106
  -1   -2      7.829     -1.477     -0.951
  -1   -2     14.502     -0.675     -2.871
  -1   -2      4.579     -6.682      7.293
  -1   -2     16.523     -8.752     -1.106
  -1   -2      7.829     -1.477     -0.951
  53   -2     14.502     -0.675     -2.871
  -1   -2     16.523     -8.752     -1.106
  -1   -2      7.829     -1.477     -0.951
  -1   -2      4.579     -6.682      7.293
  -1   -2     16.523     -8.752     -1.106
  -1   -2      7.829     -1.477     -0.951
  -1   -2      4.579     -6.682      7.293
  -1   -2     16.523     -8.752     -1.106
  -1   -2      7.829     -1.477     -0.951
  -1   -2      4.579     -6.682      7.293
  -1   -2     16.523     -8.752     -1.106
 112   69      7.829     -1.477     -0.951
  -1   -2      4.579     -6.682      7.293
  -1   -2     16.523     -8.752     -1.106
  -1   -2      4.579     -6.682      7.293
  -1   -2     16.523     -8.752     -1.106
  -1   -2      4.579     -6.682      7.293
  -1   -2     16.523     -8.752     -1.106
  -1   -2      4.579     -6.682      7.293
  -1   -2     16.523     -8.752     -1.106
  -1   -2      4.579     -6.682      7.293
  -1   -2     16.523     -8.752     -1.106
  -1   -2      4.579     -6.682      7.293
  -1   -2     16.523     -8.752     -1.106
  -1   40      4.579     -6.682      7.293
  -1   -2     16.523     -8.752     -1.106
  -1   -2     16.523     -8.752     -1.106
  -1   -2     16.523     -8.752     -1.106
  -1   -2     16.523     -8.752     -1.106
  -1   -2     16.523     -8.752     -1.106
  -1   -2     16.523     -8.752     -1.106
  -1   -2     16.523     -8.752     -1.106
  -1   -2     16.523     -8.752     -1.106
  -1   -2     16.523     -8.752     -1.106
  -1   -2     16.523     -8.752     -1.106
   1  143     16.523     -8.752     -1.106
