153
   8    1      5.562     -9.085     -6.761
  21   -2      9.122     -8.338     -2.284
  33   -2      6.126     -8.756     -3.719
  25  125      8.328     -8.891     -5.970
  -1  101      2.666    -10.961     -9.690
   1    3      7.075     -8.656     -8.785
  -1   10      9.472     -7.544     -0.133
  -1   -2      7.746     -9.191    -10.301
   3   -2     -1.712     -9.262      3.959
  16    4      6.175     -8.531     -7.911
  22   -2      5.076     -9.649     -5.035
  48   22      8.692     -8.835     -1.794
  76   59      8.782     -7.403     -2.506
 106   41      8.694     -6.510      0.887
  50   -2      9.497     -8.125     -4.208
  -1   -2      7.559     -7.123     -2.966
  18   87      1.234     -9.636      6.929
  -1   61      4.310     -9.934     -3.376
  -1   80      9.786     -9.094     -9.836
   0   -2      8.264     -8.521      0.207
  26   -2      7.229     -8.650     -6.591
  -1   -2      4.685     -7.825     -6.143
  -1   -2      6.329     -8.568      1.419
  28   -2      8.698     -7.869     -6.757
  70   48      7.513     -7.488      3.667
  60   37      3.467    -10.666     -7.505
  49   34     -4.229     -0.015      9.731
  -1  146     -5.119    -10.699     -2.518
  -1   97     16.072     -8.918    -10.371
  -1   35      6.574     -8.888     -3.008
   4   90      2.039     -9.960     -9.695
  19   44      5.528     -9.551     -4.438
  20  104      7.099     -7.686     -4.375
  -1   -2      6.998     -8.522     -7.972
  59   -2      3.011     -9.925      2.983
   7  141      9.421     -9.462     -5.420
  -1   33      7.800     -7.656     -1.257
  -1  112      4.554     -8.953     -5.481
   5   53      8.990     -8.877     -7.020
  73   27      8.521     -9.102     -6.773
  14   -2      9.125     -7.351     -0.208
  65   -2      4.231    -10.316     -8.413
  74   60      6.749     -6.275     -0.525
  27   52     -5.554     -1.833     -2.623
  46    6      4.844    -10.123     -7.347
  -1  118      1.615     -0.705     -7.189
  23   75      4.155    -10.832     -5.231
 113  167     -2.454     -6.105     -0.660
  12   -2      7.539     -7.997     -8.418
  -1    7      8.670     -7.116     -1.090
  -1   17      8.723     -9.839     -9.542
  -1   24      6.464     -7.836     -7.788
  71  134     19.022     -0.998     -6.178
  -1   99      8.531     -9.912      8.390
  -1   -2      7.086     -9.903      3.162
  40  126     11.172     -8.435      2.339
  -1   42      9.543    -10.511     -6.807
  45   -2      9.439     -9.431      9.393
  -1   92     15.855     -8.649    -10.337
  -1   70     -8.688    -10.870    -10.733
  -1   32      6.661    -10.023      5.175
  -1   38      3.950     -7.490     -5.338
  -1   83      6.674     -7.260     -3.412
  -1   14     -0.858     -8.838      9.818
  51  119      9.844     -9.371      2.776
  13   69      4.121     -9.103     -3.356
  -1  100      7.196     -9.978      5.556
  -1   -2     11.443     -8.522      0.649
  81   36      6.660     -6.032      3.267
  66   -2      7.185     -9.957     -1.039
 111  162     11.869     -6.696     10.054
  -1    9     12.609     -8.999     -5.676
  79   62      8.500     -8.350      3.856
 100  130      6.723    -10.399     -1.374
  -1   -2      8.032     -8.853      1.118
  -1   49      7.060     -7.329     -7.869
  36   91      6.967     -9.997      1.662
  -1   28      9.221     -7.281      8.140
  54   -2     17.004     -7.573      4.152
  38  103     -2.613     -7.699     -3.347
  -1   58      5.076     -7.667     -4.215
  58   -2      9.529     -8.843     -0.958
  55   26      7.404     -8.342     -3.308
  -1   30      9.468     -6.771      4.208
  -1   95      5.477     -7.546     -1.338
  68   -2     -1.693     -9.447      1.353
  41   -2      8.851     -2.317      9.271
  -1   25     14.415     -9.473     -7.525
  -1   16      4.333     -8.350     -7.502
  37   -2      8.028     -9.317     -2.613
 101   11      1.576     -9.651      3.880
  -1   -2      6.845    -10.551      4.168
  61  152      9.844     -3.333      6.723
  85   93     -9.978    -10.666     -5.560
  -1  114     11.853     -9.229     -0.726
  -1   12      7.608     -9.814     -9.453
  -1  172     -8.470      4.098      0.584
  -1   -2      8.759     -8.963      8.381
  11    2      7.559     -9.028     -8.755
  47   55     -0.928     -9.337     -0.562
  -1   54     10.491     -8.454     -3.463
  -1   39      7.940     -6.759     -0.541
  -1   43      8.693     -4.765      0.360
  -1   -2      2.385     -6.297     -2.542
  -1   98      9.579     -1.087      7.486
  34   94      7.444     -9.595     -4.445
   9   -2     10.925     -7.546     -2.675
  69  140      6.770     -7.625     -8.035
  -1   47      9.312     -9.853     -7.955
  -1  106      7.633     -4.959     -6.388
  94   -2     19.547     -5.353      0.754
  53  107     -3.922     -9.804      2.553
 109   -2      3.184    -10.580      0.894
  -1  136      3.158     -6.579     -8.818
  78  116      9.793     -5.555      6.400
  -1   67      2.790     -8.525      8.251
  -1    0      8.846     -9.163     -9.617
  -1   -2     21.781     -5.623     11.148
  -1   74      6.267     -7.767     10.872
  -1  165     23.151     -6.430     11.193
  -1   -2     -2.087     -2.094    -10.363
  -1   19      3.384     -9.235     11.559
  91  155     -5.753     -4.373     -9.179
  63  120     17.299     -7.745     -4.576
 114  124      7.657     -0.992      4.239
  86  157     20.015     -7.949      0.008
  -1  151      1.457     -5.854     -2.055
  -1   -2     -4.810    -12.731    -10.276
 102  105      9.169     -3.226      2.833
  -1   65     12.021     -5.465      3.648
  -1   79      9.826     -3.588      6.728
  -1   -2      8.485     -0.157     10.261
  -1   -2    -12.681     -9.277     -3.844
  92   -2     -9.977     -9.149     -7.233
 108   -2     -0.788     -2.414     -4.132
  -1   -2      9.969     -1.761      7.209
  44   23     12.067     -7.179     -4.400
  35   -2     -5.080    -12.287    -10.115
  -1  102    -10.297    -10.658      4.557
  -1   -2    -11.005     -7.646     -2.714
  97  158     15.512     -1.851     -4.459
  -1   -2      8.304      6.376      7.757
  99  138     18.726     -7.449      5.711
  -1  166      7.464      0.550      9.326
  -1   -2      0.419     -3.653     -8.407
  -1  154     20.128     -1.997     -2.941
  96  147     19.706     -5.427     -4.193
  57   -2     -6.845     -7.801     -0.403
  84  169     20.201     -3.395     -3.859
  93   88      6.630     -5.295      6.512
  29  144      7.194     -8.659     -9.360
  64   -2      1.511     -0.683     -7.133
  80   -2     -8.511      4.083      0.222
